sales_ship_number,customer_S.NO.,product_S.NO.,sales_order_date,sales_ship_date,sales_due_date,sales,quantity,sales_price
SO43697,10769,99,2010-12-29,2011-01-05,2011-01-10,3578.0,1,3578.0
SO43698,17390,135,2010-12-29,2011-01-05,2011-01-10,3400.0,1,3400.0
SO43699,14864,135,2010-12-29,2011-01-05,2011-01-10,3400.0,1,3400.0
SO43700,3502,125,2010-12-29,2011-01-05,2011-01-10,699.0,1,699.0
SO43700,3502,126,2010-12-29,2011-01-05,2011-01-10,699.0,1,699.0
SO43701,4,135,2010-12-29,2011-01-05,2011-01-10,3400.0,1,3400.0
SO43702,16646,100,2010-12-30,2011-01-06,2011-01-11,3578.0,1,3578.0
SO43703,5625,99,2010-12-30,2011-01-06,2011-01-11,3578.0,1,3578.0
SO43704,6,140,2010-12-30,2011-01-06,2011-01-11,3375.0,1,3375.0
SO43705,12,133,2010-12-30,2011-01-06,2011-01-11,3400.0,1,3400.0
SO43706,16622,101,2010-12-31,2011-01-07,2011-01-12,3578.0,1,3578.0
SO43707,16617,101,2010-12-31,2011-01-07,2011-01-12,3578.0,1,3578.0
SO43708,9043,119,2010-12-31,2011-01-07,2011-01-12,699.0,1,699.0
SO43708,9043,120,2010-12-31,2011-01-07,2011-01-12,699.0,1,699.0
SO43709,5352,102,2010-12-31,2011-01-07,2011-01-12,3578.0,1,3578.0
SO43710,5518,103,2010-12-31,2011-01-07,2011-01-12,3578.0,1,3578.0
SO43711,16607,103,2011-01-01,2011-01-08,2011-01-13,3578.0,1,3578.0
SO43712,2514,100,2011-01-01,2011-01-08,2011-01-13,3578.0,1,3578.0
SO43713,16602,99,2011-01-02,2011-01-09,2011-01-14,3578.0,1,3578.0
SO43714,2592,100,2011-01-02,2011-01-09,2011-01-14,3578.0,1,3578.0
SO43715,5484,103,2011-01-02,2011-01-09,2011-01-14,3578.0,1,3578.0
SO43716,5530,100,2011-01-02,2011-01-09,2011-01-14,3578.0,1,3578.0
SO43717,14250,125,2011-01-02,2011-01-09,2011-01-14,699.0,1,699.0
SO43717,14250,126,2011-01-02,2011-01-09,2011-01-14,699.0,1,699.0
SO43718,16669,100,2011-01-03,2011-01-10,2011-01-15,3578.0,1,3578.0
SO43719,16613,101,2011-01-03,2011-01-10,2011-01-15,3578.0,1,3578.0
SO43720,2265,100,2011-01-03,2011-01-10,2011-01-15,3578.0,1,3578.0
SO43721,2591,99,2011-01-03,2011-01-10,2011-01-15,3578.0,1,3578.0
SO43722,2582,101,2011-01-04,2011-01-11,2011-01-16,3578.0,1,3578.0
SO43723,3521,121,2011-01-04,2011-01-11,2011-01-16,699.0,1,699.0
SO43723,3521,122,2011-01-04,2011-01-11,2011-01-16,699.0,1,699.0
SO43724,5521,100,2011-01-04,2011-01-11,2011-01-16,3578.0,1,3578.0
SO43725,2259,100,2011-01-05,2011-01-12,2011-01-17,3578.0,1,3578.0
SO43726,3561,121,2011-01-05,2011-01-12,2011-01-17,699.0,1,699.0
SO43726,3561,122,2011-01-05,2011-01-12,2011-01-17,699.0,1,699.0
SO43727,5608,100,2011-01-05,2011-01-12,2011-01-17,3578.0,1,3578.0
SO43728,16667,102,2011-01-06,2011-01-13,2011-01-18,3578.0,1,3578.0
SO43729,239,135,2011-01-06,2011-01-13,2011-01-18,3400.0,1,3400.0
SO43730,14862,135,2011-01-06,2011-01-13,2011-01-18,3400.0,1,3400.0
SO43731,5630,103,2011-01-06,2011-01-13,2011-01-18,3578.0,1,3578.0
SO43732,26,139,2011-01-06,2011-01-13,2011-01-18,3375.0,1,3375.0
SO43733,16578,101,2011-01-06,2011-01-13,2011-01-18,3578.0,1,3578.0
SO43734,16605,101,2011-01-07,2011-01-14,2011-01-19,3578.0,1,3578.0
SO43735,5523,99,2011-01-07,2011-01-14,2011-01-19,3578.0,1,3578.0
SO43736,3,135,2011-01-07,2011-01-14,2011-01-19,3400.0,1,3400.0
SO43737,2262,100,2011-01-08,2011-01-15,2011-01-20,3578.0,1,3578.0
SO43738,607,101,2011-01-08,2011-01-15,2011-01-20,3578.0,1,3578.0
SO43739,2564,99,2011-01-08,2011-01-15,2011-01-20,3578.0,1,3578.0
SO43740,5528,101,2011-01-08,2011-01-15,2011-01-20,3578.0,1,3578.0
SO43741,16672,99,2011-01-09,2011-01-16,2011-01-21,3578.0,1,3578.0
SO43742,2577,103,2011-01-09,2011-01-16,2011-01-21,3578.0,1,3578.0
SO43743,8,136,2011-01-09,2011-01-16,2011-01-21,3400.0,1,3400.0
SO43744,5632,102,2011-01-09,2011-01-16,2011-01-21,3578.0,1,3578.0
SO43745,5515,100,2011-01-10,2011-01-17,2011-01-22,3578.0,1,3578.0
SO43746,5617,101,2011-01-10,2011-01-17,2011-01-22,3578.0,1,3578.0
SO43747,16624,103,2011-01-11,2011-01-18,2011-01-23,3578.0,1,3578.0
SO43748,16626,102,2011-01-11,2011-01-18,2011-01-23,3578.0,1,3578.0
SO43749,16637,103,2011-01-11,2011-01-18,2011-01-23,3578.0,1,3578.0
SO43750,592,100,2011-01-11,2011-01-18,2011-01-23,3578.0,1,3578.0
SO43751,593,102,2011-01-11,2011-01-18,2011-01-23,3578.0,1,3578.0
SO43752,2266,100,2011-01-11,2011-01-18,2011-01-23,3578.0,1,3578.0
SO43753,5483,99,2011-01-11,2011-01-18,2011-01-23,3578.0,1,3578.0
SO43754,16618,101,2011-01-12,2011-01-19,2011-01-24,3578.0,1,3578.0
SO43755,16671,100,2011-01-12,2011-01-19,2011-01-24,3578.0,1,3578.0
SO43756,8942,121,2011-01-12,2011-01-19,2011-01-24,699.0,1,699.0
SO43756,8942,122,2011-01-12,2011-01-19,2011-01-24,699.0,1,699.0
SO43757,18,139,2011-01-12,2011-01-19,2011-01-24,3375.0,1,3375.0
SO43758,16647,99,2011-01-13,2011-01-20,2011-01-25,3578.0,1,3578.0
SO43759,2258,99,2011-01-13,2011-01-20,2011-01-25,3578.0,1,3578.0
SO43760,5353,103,2011-01-13,2011-01-20,2011-01-25,3578.0,1,3578.0
SO43761,5494,99,2011-01-13,2011-01-20,2011-01-25,3578.0,1,3578.0
SO43762,16579,103,2011-01-14,2011-01-21,2011-01-26,3578.0,1,3578.0
SO43763,5526,102,2011-01-14,2011-01-21,2011-01-26,3578.0,1,3578.0
SO43764,5613,99,2011-01-14,2011-01-21,2011-01-26,3578.0,1,3578.0
SO43765,11,135,2011-01-14,2011-01-21,2011-01-26,3400.0,1,3400.0
SO43766,5519,102,2011-01-15,2011-01-22,2011-01-27,3578.0,1,3578.0
SO43767,2,139,2011-01-15,2011-01-22,2011-01-27,3375.0,1,3375.0
SO43768,16650,101,2011-01-16,2011-01-23,2011-01-28,3578.0,1,3578.0
SO43769,10660,101,2011-01-16,2011-01-23,2011-01-28,3578.0,1,3578.0
SO43770,16615,101,2011-01-16,2011-01-23,2011-01-28,3578.0,1,3578.0
SO43771,3560,119,2011-01-16,2011-01-23,2011-01-28,699.0,1,699.0
SO43771,3560,120,2011-01-16,2011-01-23,2011-01-28,699.0,1,699.0
SO43772,5525,101,2011-01-16,2011-01-23,2011-01-28,3578.0,1,3578.0
SO43773,5527,103,2011-01-16,2011-01-23,2011-01-28,3578.0,1,3578.0
SO43774,5349,102,2011-01-16,2011-01-23,2011-01-28,3578.0,1,3578.0
SO43775,28,136,2011-01-16,2011-01-23,2011-01-28,3400.0,1,3400.0
SO43776,2261,103,2011-01-17,2011-01-24,2011-01-29,3578.0,1,3578.0
SO43777,5516,100,2011-01-17,2011-01-24,2011-01-29,3578.0,1,3578.0
SO43778,19,134,2011-01-17,2011-01-24,2011-01-29,3400.0,1,3400.0
SO43779,14253,115,2011-01-17,2011-01-24,2011-01-29,699.0,1,699.0
SO43779,14253,116,2011-01-17,2011-01-24,2011-01-29,699.0,1,699.0
SO43780,600,100,2011-01-18,2011-01-25,2011-01-30,3578.0,1,3578.0
SO43781,5496,101,2011-01-18,2011-01-25,2011-01-30,3578.0,1,3578.0
SO43782,5517,101,2011-01-18,2011-01-25,2011-01-30,3578.0,1,3578.0
SO43783,5621,101,2011-01-18,2011-01-25,2011-01-30,3578.0,1,3578.0
SO43784,16668,99,2011-01-19,2011-01-26,2011-01-31,3578.0,1,3578.0
SO43785,602,100,2011-01-19,2011-01-26,2011-01-31,3578.0,1,3578.0
SO43786,608,100,2011-01-19,2011-01-26,2011-01-31,3578.0,1,3578.0
SO43787,18386,133,2011-01-19,2011-01-26,2011-01-31,3400.0,1,3400.0
SO43788,240,140,2011-01-19,2011-01-26,2011-01-31,3375.0,1,3375.0
SO43789,14866,140,2011-01-19,2011-01-26,2011-01-31,3375.0,1,3375.0
SO43790,14858,133,2011-01-19,2011-01-26,2011-01-31,3400.0,1,3400.0
SO43791,5485,103,2011-01-19,2011-01-26,2011-01-31,3578.0,1,3578.0
SO43792,5624,101,2011-01-19,2011-01-26,2011-01-31,3578.0,1,3578.0
SO43793,1,133,2011-01-19,2011-01-26,2011-01-31,3400.0,1,3400.0
SO43794,30,136,2011-01-19,2011-01-26,2011-01-31,3400.0,1,3400.0
SO43795,16616,101,2011-01-20,2011-01-27,2011-02-01,3578.0,1,3578.0
SO43796,6957,131,2011-01-20,2011-01-27,2011-02-01,699.0,1,699.0
SO43796,6957,132,2011-01-20,2011-01-27,2011-02-01,699.0,1,699.0
SO43797,5346,101,2011-01-20,2011-01-27,2011-02-01,3578.0,1,3578.0
SO43798,5522,99,2011-01-20,2011-01-27,2011-02-01,3578.0,1,3578.0
SO43799,5637,101,2011-01-20,2011-01-27,2011-02-01,3578.0,1,3578.0
SO43800,10711,100,2011-01-21,2011-01-28,2011-02-02,3578.0,1,3578.0
SO43801,2584,100,2011-01-21,2011-01-28,2011-02-02,3578.0,1,3578.0
SO43802,594,101,2011-01-21,2011-01-28,2011-02-02,3578.0,1,3578.0
SO43803,10742,103,2011-01-22,2011-01-29,2011-02-03,3578.0,1,3578.0
SO43804,2586,99,2011-01-22,2011-01-29,2011-02-03,3578.0,1,3578.0
SO43805,3511,117,2011-01-22,2011-01-29,2011-02-03,699.0,1,699.0
SO43805,3511,118,2011-01-22,2011-01-29,2011-02-03,699.0,1,699.0
SO43806,5524,101,2011-01-22,2011-01-29,2011-02-03,3578.0,1,3578.0
SO43807,612,101,2011-01-23,2011-01-30,2011-02-04,3578.0,1,3578.0
SO43808,2260,102,2011-01-23,2011-01-30,2011-02-04,3578.0,1,3578.0
SO43809,5351,99,2011-01-23,2011-01-30,2011-02-04,3578.0,1,3578.0
SO43810,5,134,2011-01-23,2011-01-30,2011-02-04,3400.0,1,3400.0
SO43811,27,135,2011-01-23,2011-01-30,2011-02-04,3400.0,1,3400.0
SO43812,16663,101,2011-01-24,2011-01-31,2011-02-05,3578.0,1,3578.0
SO43813,17391,139,2011-01-24,2011-01-31,2011-02-05,3375.0,1,3375.0
SO43814,14867,139,2011-01-24,2011-01-31,2011-02-05,3375.0,1,3375.0
SO43815,5495,100,2011-01-24,2011-01-31,2011-02-05,3578.0,1,3578.0
SO43816,5497,103,2011-01-24,2011-01-31,2011-02-05,3578.0,1,3578.0
SO43817,5520,99,2011-01-24,2011-01-31,2011-02-05,3578.0,1,3578.0
SO43818,5529,101,2011-01-24,2011-01-31,2011-02-05,3578.0,1,3578.0
SO43819,7,135,2011-01-24,2011-01-31,2011-02-05,3400.0,1,3400.0
SO43820,16652,101,2011-01-25,2011-02-01,2011-02-06,3578.0,1,3578.0
SO43821,16664,99,2011-01-25,2011-02-01,2011-02-06,3578.0,1,3578.0
SO43822,16670,102,2011-01-25,2011-02-01,2011-02-06,3578.0,1,3578.0
SO43823,8943,131,2011-01-25,2011-02-01,2011-02-06,699.0,1,699.0
SO43823,8943,132,2011-01-25,2011-02-01,2011-02-06,699.0,1,699.0
SO43824,3559,127,2011-01-25,2011-02-01,2011-02-06,699.0,1,699.0
SO43824,3559,128,2011-01-25,2011-02-01,2011-02-06,699.0,1,699.0
SO43825,5350,102,2011-01-25,2011-02-01,2011-02-06,3578.0,1,3578.0
SO43826,9,137,2011-01-25,2011-02-01,2011-02-06,3375.0,1,3375.0
SO43827,14251,127,2011-01-25,2011-02-01,2011-02-06,699.0,1,699.0
SO43827,14251,128,2011-01-25,2011-02-01,2011-02-06,699.0,1,699.0
SO43828,16606,99,2011-01-26,2011-02-02,2011-02-07,3578.0,1,3578.0
SO43829,16612,99,2011-01-26,2011-02-02,2011-02-07,3578.0,1,3578.0
SO43830,5348,100,2011-01-26,2011-02-02,2011-02-07,3578.0,1,3578.0
SO43831,29,138,2011-01-26,2011-02-02,2011-02-07,3375.0,1,3375.0
SO43832,2585,99,2011-01-26,2011-02-02,2011-02-07,3578.0,1,3578.0
SO43833,10728,99,2011-01-27,2011-02-03,2011-02-08,3578.0,1,3578.0
SO43834,17394,137,2011-01-27,2011-02-03,2011-02-08,3375.0,1,3375.0
SO43835,8803,137,2011-01-27,2011-02-03,2011-02-08,3375.0,1,3375.0
SO43836,15621,113,2011-01-27,2011-02-03,2011-02-08,699.0,1,699.0
SO43836,15621,114,2011-01-27,2011-02-03,2011-02-08,699.0,1,699.0
SO43837,10,139,2011-01-27,2011-02-03,2011-02-08,3375.0,1,3375.0
SO43838,16642,102,2011-01-28,2011-02-04,2011-02-09,3578.0,1,3578.0
SO43839,16674,100,2011-01-28,2011-02-04,2011-02-09,3578.0,1,3578.0
SO43840,6958,115,2011-01-28,2011-02-04,2011-02-09,699.0,1,699.0
SO43840,6958,116,2011-01-28,2011-02-04,2011-02-09,699.0,1,699.0
SO43841,2407,103,2011-01-28,2011-02-04,2011-02-09,3578.0,1,3578.0
SO43842,5631,101,2011-01-28,2011-02-04,2011-02-09,3578.0,1,3578.0
SO43918,11042,102,2011-01-29,2011-02-05,2011-02-10,3578.0,1,3578.0
SO43919,1125,103,2011-01-29,2011-02-05,2011-02-10,3578.0,1,3578.0
SO43920,17067,102,2011-01-29,2011-02-05,2011-02-10,3578.0,1,3578.0
SO43921,5744,102,2011-01-29,2011-02-05,2011-02-10,3578.0,1,3578.0
SO43922,2547,99,2011-01-29,2011-02-05,2011-02-10,3578.0,1,3578.0
SO43923,17019,101,2011-01-30,2011-02-06,2011-02-11,3578.0,1,3578.0
SO43924,1133,99,2011-01-30,2011-02-06,2011-02-11,3578.0,1,3578.0
SO43925,5662,103,2011-01-30,2011-02-06,2011-02-11,3578.0,1,3578.0
SO43926,56,140,2011-01-31,2011-02-07,2011-02-12,3375.0,1,3375.0
SO43927,5663,103,2011-01-31,2011-02-07,2011-02-12,3578.0,1,3578.0
SO43928,5741,102,2011-01-31,2011-02-07,2011-02-12,3578.0,1,3578.0
SO43929,14271,111,2011-01-31,2011-02-07,2011-02-12,699.0,1,699.0
SO43929,14271,112,2011-01-31,2011-02-07,2011-02-12,699.0,1,699.0
SO43930,17039,101,2011-02-01,2011-02-08,2011-02-13,3578.0,1,3578.0
SO43931,2549,102,2011-02-01,2011-02-08,2011-02-13,3578.0,1,3578.0
SO43932,5742,103,2011-02-01,2011-02-08,2011-02-13,3578.0,1,3578.0
SO43933,32,136,2011-02-01,2011-02-08,2011-02-13,3400.0,1,3400.0
SO43934,35,135,2011-02-01,2011-02-08,2011-02-13,3400.0,1,3400.0
SO43935,9049,123,2011-02-02,2011-02-09,2011-02-14,699.0,1,699.0
SO43935,9049,124,2011-02-02,2011-02-09,2011-02-14,699.0,1,699.0
SO43936,17066,100,2011-02-02,2011-02-09,2011-02-14,3578.0,1,3578.0
SO43937,6048,101,2011-02-02,2011-02-09,2011-02-14,3578.0,1,3578.0
SO43938,5687,99,2011-02-02,2011-02-09,2011-02-14,3578.0,1,3578.0
SO43939,5660,101,2011-02-02,2011-02-09,2011-02-14,3578.0,1,3578.0
SO43940,14295,125,2011-02-02,2011-02-09,2011-02-14,699.0,1,699.0
SO43940,14295,126,2011-02-02,2011-02-09,2011-02-14,699.0,1,699.0
SO43941,2601,103,2011-02-03,2011-02-10,2011-02-15,3578.0,1,3578.0
SO43942,6052,99,2011-02-03,2011-02-10,2011-02-15,3578.0,1,3578.0
SO43943,3566,127,2011-02-03,2011-02-10,2011-02-15,699.0,1,699.0
SO43943,3566,128,2011-02-03,2011-02-10,2011-02-15,699.0,1,699.0
SO43944,55,133,2011-02-03,2011-02-10,2011-02-15,3400.0,1,3400.0
SO43945,5676,99,2011-02-03,2011-02-10,2011-02-15,3578.0,1,3578.0
SO43946,5688,102,2011-02-03,2011-02-10,2011-02-15,3578.0,1,3578.0
SO43947,5713,99,2011-02-03,2011-02-10,2011-02-15,3578.0,1,3578.0
SO43948,48,134,2011-02-03,2011-02-10,2011-02-15,3400.0,1,3400.0
SO43949,16727,99,2011-02-04,2011-02-11,2011-02-16,3578.0,1,3578.0
SO43950,17015,100,2011-02-04,2011-02-11,2011-02-16,3578.0,1,3578.0
SO43951,5697,100,2011-02-04,2011-02-11,2011-02-16,3578.0,1,3578.0
SO43952,5640,101,2011-02-04,2011-02-11,2011-02-16,3578.0,1,3578.0
SO43953,9050,131,2011-02-05,2011-02-12,2011-02-17,699.0,1,699.0
SO43953,9050,132,2011-02-05,2011-02-12,2011-02-17,699.0,1,699.0
SO43954,2603,100,2011-02-05,2011-02-12,2011-02-17,3578.0,1,3578.0
SO43955,2662,103,2011-02-05,2011-02-12,2011-02-17,3578.0,1,3578.0
SO43956,31,133,2011-02-05,2011-02-12,2011-02-17,3400.0,1,3400.0
SO43957,17069,102,2011-02-06,2011-02-13,2011-02-18,3578.0,1,3578.0
SO43958,5659,101,2011-02-06,2011-02-13,2011-02-18,3578.0,1,3578.0
SO43959,36,137,2011-02-06,2011-02-13,2011-02-18,3375.0,1,3375.0
SO43960,47,138,2011-02-06,2011-02-13,2011-02-18,3375.0,1,3375.0
SO43961,17032,100,2011-02-07,2011-02-14,2011-02-19,3578.0,1,3578.0
SO43962,17077,101,2011-02-07,2011-02-14,2011-02-19,3578.0,1,3578.0
SO43963,5686,103,2011-02-07,2011-02-14,2011-02-19,3578.0,1,3578.0
SO43964,5746,101,2011-02-07,2011-02-14,2011-02-19,3578.0,1,3578.0
SO43965,39,140,2011-02-07,2011-02-14,2011-02-19,3375.0,1,3375.0
SO43966,40,136,2011-02-07,2011-02-14,2011-02-19,3400.0,1,3400.0
SO43967,17041,102,2011-02-08,2011-02-15,2011-02-20,3578.0,1,3578.0
SO43968,17068,102,2011-02-08,2011-02-15,2011-02-20,3578.0,1,3578.0
SO43969,17072,99,2011-02-08,2011-02-15,2011-02-20,3578.0,1,3578.0
SO43970,5685,100,2011-02-08,2011-02-15,2011-02-20,3578.0,1,3578.0
SO43971,5658,103,2011-02-08,2011-02-15,2011-02-20,3578.0,1,3578.0
SO43972,10940,103,2011-02-09,2011-02-16,2011-02-21,3578.0,1,3578.0
SO43973,17040,101,2011-02-09,2011-02-16,2011-02-21,3578.0,1,3578.0
SO43974,2688,101,2011-02-09,2011-02-16,2011-02-21,3578.0,1,3578.0
SO43975,2541,101,2011-02-09,2011-02-16,2011-02-21,3578.0,1,3578.0
SO43976,17064,99,2011-02-09,2011-02-16,2011-02-21,3578.0,1,3578.0
SO43977,5704,101,2011-02-09,2011-02-16,2011-02-21,3578.0,1,3578.0
SO43978,17031,99,2011-02-10,2011-02-17,2011-02-22,3578.0,1,3578.0
SO43979,3577,111,2011-02-10,2011-02-17,2011-02-22,699.0,1,699.0
SO43979,3577,112,2011-02-10,2011-02-17,2011-02-22,699.0,1,699.0
SO43980,49,140,2011-02-10,2011-02-17,2011-02-22,3375.0,1,3375.0
SO43981,5665,103,2011-02-10,2011-02-17,2011-02-22,3578.0,1,3578.0
SO43982,14272,131,2011-02-10,2011-02-17,2011-02-22,699.0,1,699.0
SO43982,14272,132,2011-02-10,2011-02-17,2011-02-22,699.0,1,699.0
SO43983,17018,103,2011-02-11,2011-02-18,2011-02-23,3578.0,1,3578.0
SO43984,2546,100,2011-02-11,2011-02-18,2011-02-23,3578.0,1,3578.0
SO43985,2516,102,2011-02-11,2011-02-18,2011-02-23,3578.0,1,3578.0
SO43986,17071,99,2011-02-11,2011-02-18,2011-02-23,3578.0,1,3578.0
SO43987,17043,99,2011-02-12,2011-02-19,2011-02-24,3578.0,1,3578.0
SO43988,245,133,2011-02-12,2011-02-19,2011-02-24,3400.0,1,3400.0
SO43989,17084,101,2011-02-12,2011-02-19,2011-02-24,3578.0,1,3578.0
SO43990,14873,133,2011-02-12,2011-02-19,2011-02-24,3400.0,1,3400.0
SO43991,5661,99,2011-02-12,2011-02-19,2011-02-24,3578.0,1,3578.0
SO43992,5639,100,2011-02-12,2011-02-19,2011-02-24,3578.0,1,3578.0
SO43993,5930,103,2011-02-14,2011-02-21,2011-02-26,3578.0,1,3578.0
SO43994,16682,103,2011-02-15,2011-02-22,2011-02-27,3578.0,1,3578.0
SO43995,10814,101,2011-02-15,2011-02-22,2011-02-27,3578.0,1,3578.0
SO43996,16921,99,2011-02-15,2011-02-22,2011-02-27,3578.0,1,3578.0
SO43997,17023,99,2011-02-15,2011-02-22,2011-02-27,3578.0,1,3578.0
SO43998,34,137,2011-02-15,2011-02-22,2011-02-27,3375.0,1,3375.0
SO43999,17048,100,2011-02-15,2011-02-22,2011-02-27,3578.0,1,3578.0
SO44000,16919,100,2011-02-16,2011-02-23,2011-02-28,3578.0,1,3578.0
SO44001,17045,102,2011-02-16,2011-02-23,2011-02-28,3578.0,1,3578.0
SO44002,3573,125,2011-02-16,2011-02-23,2011-02-28,699.0,1,699.0
SO44002,3573,126,2011-02-16,2011-02-23,2011-02-28,699.0,1,699.0
SO44003,8326,131,2011-02-16,2011-02-23,2011-02-28,699.0,1,699.0
SO44003,8326,132,2011-02-16,2011-02-23,2011-02-28,699.0,1,699.0
SO44004,17062,99,2011-02-16,2011-02-23,2011-02-28,3578.0,1,3578.0
SO44005,15630,123,2011-02-16,2011-02-23,2011-02-28,699.0,1,699.0
SO44005,15630,124,2011-02-16,2011-02-23,2011-02-28,699.0,1,699.0
SO44006,5745,99,2011-02-16,2011-02-23,2011-02-28,3578.0,1,3578.0
SO44007,14556,109,2011-02-16,2011-02-23,2011-02-28,699.0,1,699.0
SO44007,14556,110,2011-02-16,2011-02-23,2011-02-28,699.0,1,699.0
SO44008,16679,101,2011-02-17,2011-02-24,2011-03-01,3578.0,1,3578.0
SO44009,16760,103,2011-02-17,2011-02-24,2011-03-01,3578.0,1,3578.0
SO44010,2681,99,2011-02-17,2011-02-24,2011-03-01,3578.0,1,3578.0
SO44011,2515,99,2011-02-17,2011-02-24,2011-03-01,3578.0,1,3578.0
SO44012,53,138,2011-02-17,2011-02-24,2011-03-01,3375.0,1,3375.0
SO44013,5929,101,2011-02-17,2011-02-24,2011-03-01,3578.0,1,3578.0
SO44014,16918,102,2011-02-18,2011-02-25,2011-03-02,3578.0,1,3578.0
SO44015,2694,100,2011-02-18,2011-02-25,2011-03-02,3578.0,1,3578.0
SO44016,248,139,2011-02-18,2011-02-25,2011-03-02,3375.0,1,3375.0
SO44017,17079,99,2011-02-18,2011-02-25,2011-03-02,3578.0,1,3578.0
SO44018,14877,139,2011-02-18,2011-02-25,2011-03-02,3375.0,1,3375.0
SO44019,5702,99,2011-02-18,2011-02-25,2011-03-02,3578.0,1,3578.0
SO44020,5932,100,2011-02-18,2011-02-25,2011-03-02,3578.0,1,3578.0
SO44021,33,137,2011-02-18,2011-02-25,2011-03-02,3375.0,1,3375.0
SO44022,11009,102,2011-02-19,2011-02-26,2011-03-03,3578.0,1,3578.0
SO44023,8831,138,2011-02-19,2011-02-26,2011-03-03,3375.0,1,3375.0
SO44024,5664,103,2011-02-19,2011-02-26,2011-03-03,3578.0,1,3578.0
SO44025,5709,103,2011-02-19,2011-02-26,2011-03-03,3578.0,1,3578.0
SO44026,6046,99,2011-02-19,2011-02-26,2011-03-03,3578.0,1,3578.0
SO44027,10922,99,2011-02-20,2011-02-27,2011-03-04,3578.0,1,3578.0
SO44028,6049,101,2011-02-20,2011-02-27,2011-03-04,3578.0,1,3578.0
SO44029,51,139,2011-02-20,2011-02-27,2011-03-04,3375.0,1,3375.0
SO44030,1132,100,2011-02-21,2011-02-28,2011-03-05,3578.0,1,3578.0
SO44031,2690,102,2011-02-21,2011-02-28,2011-03-05,3578.0,1,3578.0
SO44032,244,133,2011-02-21,2011-02-28,2011-03-05,3400.0,1,3400.0
SO44033,5694,103,2011-02-21,2011-02-28,2011-03-05,3578.0,1,3578.0
SO44034,5703,102,2011-02-21,2011-02-28,2011-03-05,3578.0,1,3578.0
SO44035,5708,101,2011-02-21,2011-02-28,2011-03-05,3578.0,1,3578.0
SO44036,6047,99,2011-02-21,2011-02-28,2011-03-05,3578.0,1,3578.0
SO44037,14273,117,2011-02-21,2011-02-28,2011-03-05,699.0,1,699.0
SO44037,14273,118,2011-02-21,2011-02-28,2011-03-05,699.0,1,699.0
SO44038,14869,133,2011-02-21,2011-02-28,2011-03-05,3400.0,1,3400.0
SO44039,6972,131,2011-02-22,2011-03-01,2011-03-06,699.0,1,699.0
SO44039,6972,132,2011-02-22,2011-03-01,2011-03-06,699.0,1,699.0
SO44040,58,140,2011-02-22,2011-03-01,2011-03-06,3375.0,1,3375.0
SO44041,5743,102,2011-02-22,2011-03-01,2011-03-06,3578.0,1,3578.0
SO44042,2679,102,2011-02-23,2011-03-02,2011-03-07,3578.0,1,3578.0
SO44043,2680,100,2011-02-23,2011-03-02,2011-03-07,3578.0,1,3578.0
SO44044,2691,103,2011-02-23,2011-03-02,2011-03-07,3578.0,1,3578.0
SO44045,17395,133,2011-02-23,2011-03-02,2011-03-07,3400.0,1,3400.0
SO44046,17065,102,2011-02-23,2011-03-02,2011-03-07,3578.0,1,3578.0
SO44047,14879,133,2011-02-23,2011-03-02,2011-03-07,3400.0,1,3400.0
SO44048,5714,103,2011-02-23,2011-03-02,2011-03-07,3578.0,1,3578.0
SO44049,2539,103,2011-02-24,2011-03-03,2011-03-08,3578.0,1,3578.0
SO44050,6051,99,2011-02-24,2011-03-03,2011-03-08,3578.0,1,3578.0
SO44051,2692,99,2011-02-25,2011-03-04,2011-03-09,3578.0,1,3578.0
SO44052,5638,103,2011-02-25,2011-03-04,2011-03-09,3578.0,1,3578.0
SO44053,8330,127,2011-02-26,2011-03-05,2011-03-10,699.0,1,699.0
SO44053,8330,128,2011-02-26,2011-03-05,2011-03-10,699.0,1,699.0
SO44054,2543,103,2011-02-26,2011-03-05,2011-03-10,3578.0,1,3578.0
SO44055,2544,99,2011-02-26,2011-03-05,2011-03-10,3578.0,1,3578.0
SO44056,2560,103,2011-02-26,2011-03-05,2011-03-10,3578.0,1,3578.0
SO44057,3578,127,2011-02-26,2011-03-05,2011-03-10,699.0,1,699.0
SO44057,3578,128,2011-02-26,2011-03-05,2011-03-10,699.0,1,699.0
SO44058,57,139,2011-02-26,2011-03-05,2011-03-10,3375.0,1,3375.0
SO44059,5689,102,2011-02-26,2011-03-05,2011-03-10,3578.0,1,3578.0
SO44060,14274,131,2011-02-26,2011-03-05,2011-03-10,699.0,1,699.0
SO44060,14274,132,2011-02-26,2011-03-05,2011-03-10,699.0,1,699.0
SO44061,16920,99,2011-02-27,2011-03-06,2011-03-11,3578.0,1,3578.0
SO44062,17042,99,2011-02-27,2011-03-06,2011-03-11,3578.0,1,3578.0
SO44063,241,133,2011-02-27,2011-03-06,2011-03-11,3400.0,1,3400.0
SO44064,11051,99,2011-02-27,2011-03-06,2011-03-11,3578.0,1,3578.0
SO44065,17063,99,2011-02-27,2011-03-06,2011-03-11,3578.0,1,3578.0
SO44066,14868,133,2011-02-27,2011-03-06,2011-03-11,3400.0,1,3400.0
SO44067,6050,99,2011-02-27,2011-03-06,2011-03-11,3578.0,1,3578.0
SO44068,2542,102,2011-02-28,2011-03-07,2011-03-12,3578.0,1,3578.0
SO44069,17396,138,2011-02-28,2011-03-07,2011-03-12,3375.0,1,3375.0
SO44070,8830,138,2011-02-28,2011-03-07,2011-03-12,3375.0,1,3375.0
SO44071,5692,102,2011-02-28,2011-03-07,2011-03-12,3578.0,1,3578.0
SO44072,5657,100,2011-02-28,2011-03-07,2011-03-12,3578.0,1,3578.0
SO44073,45,140,2011-02-28,2011-03-07,2011-03-12,3375.0,1,3375.0
SO44134,2822,99,2011-03-01,2011-03-08,2011-03-13,3578.0,1,3578.0
SO44135,17157,99,2011-03-01,2011-03-08,2011-03-13,3578.0,1,3578.0
SO44136,11115,100,2011-03-01,2011-03-08,2011-03-13,3578.0,1,3578.0
SO44137,6329,103,2011-03-01,2011-03-08,2011-03-13,3578.0,1,3578.0
SO44138,2766,99,2011-03-02,2011-03-09,2011-03-14,3578.0,1,3578.0
SO44139,2793,100,2011-03-02,2011-03-09,2011-03-14,3578.0,1,3578.0
SO44140,1222,100,2011-03-02,2011-03-09,2011-03-14,3578.0,1,3578.0
SO44141,2573,102,2011-03-02,2011-03-09,2011-03-14,3578.0,1,3578.0
SO44142,11059,102,2011-03-02,2011-03-09,2011-03-14,3578.0,1,3578.0
SO44143,17146,102,2011-03-02,2011-03-09,2011-03-14,3578.0,1,3578.0
SO44144,6072,101,2011-03-02,2011-03-09,2011-03-14,3578.0,1,3578.0
SO44145,6310,99,2011-03-02,2011-03-09,2011-03-14,3578.0,1,3578.0
SO44146,6311,102,2011-03-02,2011-03-09,2011-03-14,3578.0,1,3578.0
SO44147,6321,99,2011-03-02,2011-03-09,2011-03-14,3578.0,1,3578.0
SO44148,17173,99,2011-03-03,2011-03-10,2011-03-15,3578.0,1,3578.0
SO44149,6243,101,2011-03-03,2011-03-10,2011-03-15,3578.0,1,3578.0
SO44150,6316,101,2011-03-03,2011-03-10,2011-03-15,3578.0,1,3578.0
SO44151,14559,117,2011-03-03,2011-03-10,2011-03-15,699.0,1,699.0
SO44151,14559,118,2011-03-03,2011-03-10,2011-03-15,699.0,1,699.0
SO44152,335,135,2011-03-04,2011-03-11,2011-03-16,3400.0,1,3400.0
SO44153,17169,101,2011-03-04,2011-03-11,2011-03-16,3578.0,1,3578.0
SO44154,17182,100,2011-03-04,2011-03-11,2011-03-16,3578.0,1,3578.0
SO44155,17132,102,2011-03-04,2011-03-11,2011-03-16,3578.0,1,3578.0
SO44156,14888,135,2011-03-04,2011-03-11,2011-03-16,3400.0,1,3400.0
SO44157,6056,103,2011-03-04,2011-03-11,2011-03-16,3578.0,1,3578.0
SO44158,2568,100,2011-03-05,2011-03-12,2011-03-17,3578.0,1,3578.0
SO44159,17183,100,2011-03-05,2011-03-12,2011-03-17,3578.0,1,3578.0
SO44160,17187,101,2011-03-05,2011-03-12,2011-03-17,3578.0,1,3578.0
SO44161,2773,103,2011-03-06,2011-03-13,2011-03-18,3578.0,1,3578.0
SO44162,17186,100,2011-03-06,2011-03-13,2011-03-18,3578.0,1,3578.0
SO44163,17194,103,2011-03-06,2011-03-13,2011-03-18,3578.0,1,3578.0
SO44164,17089,99,2011-03-06,2011-03-13,2011-03-18,3578.0,1,3578.0
SO44165,6066,102,2011-03-06,2011-03-13,2011-03-18,3578.0,1,3578.0
SO44166,3582,127,2011-03-06,2011-03-13,2011-03-18,699.0,1,699.0
SO44166,3582,128,2011-03-06,2011-03-13,2011-03-18,699.0,1,699.0
SO44167,6309,103,2011-03-06,2011-03-13,2011-03-18,3578.0,1,3578.0
SO44168,1212,102,2011-03-07,2011-03-14,2011-03-19,3578.0,1,3578.0
SO44169,17180,100,2011-03-07,2011-03-14,2011-03-19,3578.0,1,3578.0
SO44170,17184,103,2011-03-07,2011-03-14,2011-03-19,3578.0,1,3578.0
SO44171,17113,102,2011-03-07,2011-03-14,2011-03-19,3578.0,1,3578.0
SO44172,3585,127,2011-03-07,2011-03-14,2011-03-19,699.0,1,699.0
SO44172,3585,128,2011-03-07,2011-03-14,2011-03-19,699.0,1,699.0
SO44173,2785,101,2011-03-08,2011-03-15,2011-03-20,3578.0,1,3578.0
SO44174,6230,100,2011-03-08,2011-03-15,2011-03-20,3578.0,1,3578.0
SO44175,6247,102,2011-03-08,2011-03-15,2011-03-20,3578.0,1,3578.0
SO44176,1221,103,2011-03-09,2011-03-16,2011-03-21,3578.0,1,3578.0
SO44177,338,139,2011-03-09,2011-03-16,2011-03-21,3375.0,1,3375.0
SO44178,17098,101,2011-03-09,2011-03-16,2011-03-21,3578.0,1,3578.0
SO44179,14889,139,2011-03-09,2011-03-16,2011-03-21,3375.0,1,3375.0
SO44180,59,136,2011-03-09,2011-03-16,2011-03-21,3400.0,1,3400.0
SO44181,6295,101,2011-03-09,2011-03-16,2011-03-21,3578.0,1,3578.0
SO44182,6300,99,2011-03-09,2011-03-16,2011-03-21,3578.0,1,3578.0
SO44183,17159,99,2011-03-10,2011-03-17,2011-03-22,3578.0,1,3578.0
SO44184,6248,103,2011-03-10,2011-03-17,2011-03-22,3578.0,1,3578.0
SO44185,6281,99,2011-03-10,2011-03-17,2011-03-22,3578.0,1,3578.0
SO44186,14890,136,2011-03-12,2011-03-19,2011-03-24,3400.0,1,3400.0
SO44187,6070,102,2011-03-12,2011-03-19,2011-03-24,3578.0,1,3578.0
SO44188,9053,123,2011-03-13,2011-03-20,2011-03-25,699.0,1,699.0
SO44188,9053,124,2011-03-13,2011-03-20,2011-03-25,699.0,1,699.0
SO44189,9055,111,2011-03-13,2011-03-20,2011-03-25,699.0,1,699.0
SO44189,9055,112,2011-03-13,2011-03-20,2011-03-25,699.0,1,699.0
SO44190,62,137,2011-03-13,2011-03-20,2011-03-25,3375.0,1,3375.0
SO44191,6249,99,2011-03-13,2011-03-20,2011-03-25,3578.0,1,3578.0
SO44192,2571,101,2011-03-14,2011-03-21,2011-03-26,3578.0,1,3578.0
SO44193,17165,101,2011-03-14,2011-03-21,2011-03-26,3578.0,1,3578.0
SO44194,6065,99,2011-03-14,2011-03-21,2011-03-26,3578.0,1,3578.0
SO44195,6250,102,2011-03-14,2011-03-21,2011-03-26,3578.0,1,3578.0
SO44196,6296,103,2011-03-14,2011-03-21,2011-03-26,3578.0,1,3578.0
SO44197,17097,101,2011-03-15,2011-03-22,2011-03-27,3578.0,1,3578.0
SO44198,17151,99,2011-03-15,2011-03-22,2011-03-27,3578.0,1,3578.0
SO44199,6260,102,2011-03-15,2011-03-22,2011-03-27,3578.0,1,3578.0
SO44200,6313,100,2011-03-15,2011-03-22,2011-03-27,3578.0,1,3578.0
SO44201,1255,102,2011-03-16,2011-03-23,2011-03-28,3578.0,1,3578.0
SO44202,17160,100,2011-03-16,2011-03-23,2011-03-28,3578.0,1,3578.0
SO44203,17150,101,2011-03-16,2011-03-23,2011-03-28,3578.0,1,3578.0
SO44204,3581,125,2011-03-16,2011-03-23,2011-03-28,699.0,1,699.0
SO44204,3581,126,2011-03-16,2011-03-23,2011-03-28,699.0,1,699.0
SO44205,6286,101,2011-03-16,2011-03-23,2011-03-28,3578.0,1,3578.0
SO44206,251,136,2011-03-17,2011-03-24,2011-03-29,3400.0,1,3400.0
SO44207,17163,102,2011-03-17,2011-03-24,2011-03-29,3578.0,1,3578.0
SO44208,14880,136,2011-03-17,2011-03-24,2011-03-29,3400.0,1,3400.0
SO44209,6258,100,2011-03-17,2011-03-24,2011-03-29,3578.0,1,3578.0
SO44210,2784,99,2011-03-18,2011-03-25,2011-03-30,3578.0,1,3578.0
SO44211,17155,102,2011-03-18,2011-03-25,2011-03-30,3578.0,1,3578.0
SO44212,17171,101,2011-03-18,2011-03-25,2011-03-30,3578.0,1,3578.0
SO44213,6352,99,2011-03-18,2011-03-25,2011-03-30,3578.0,1,3578.0
SO44214,6333,100,2011-03-18,2011-03-25,2011-03-30,3578.0,1,3578.0
SO44215,17181,101,2011-03-19,2011-03-26,2011-03-31,3578.0,1,3578.0
SO44216,2561,103,2011-03-19,2011-03-26,2011-03-31,3578.0,1,3578.0
SO44217,17149,99,2011-03-19,2011-03-26,2011-03-31,3578.0,1,3578.0
SO44218,11110,100,2011-03-19,2011-03-26,2011-03-31,3578.0,1,3578.0
SO44219,3591,127,2011-03-19,2011-03-26,2011-03-31,699.0,1,699.0
SO44219,3591,128,2011-03-19,2011-03-26,2011-03-31,699.0,1,699.0
SO44220,61,134,2011-03-19,2011-03-26,2011-03-31,3400.0,1,3400.0
SO44221,6256,103,2011-03-19,2011-03-26,2011-03-31,3578.0,1,3578.0
SO44222,6259,100,2011-03-19,2011-03-26,2011-03-31,3578.0,1,3578.0
SO44223,2848,99,2011-03-20,2011-03-27,2011-04-01,3578.0,1,3578.0
SO44224,17167,103,2011-03-20,2011-03-27,2011-04-01,3578.0,1,3578.0
SO44225,9061,111,2011-03-21,2011-03-28,2011-04-02,699.0,1,699.0
SO44225,9061,112,2011-03-21,2011-03-28,2011-04-02,699.0,1,699.0
SO44226,1256,102,2011-03-21,2011-03-28,2011-04-02,3578.0,1,3578.0
SO44227,17402,138,2011-03-21,2011-03-28,2011-04-02,3375.0,1,3375.0
SO44228,334,133,2011-03-21,2011-03-28,2011-04-02,3400.0,1,3400.0
SO44229,14887,133,2011-03-21,2011-03-28,2011-04-02,3400.0,1,3400.0
SO44230,6242,101,2011-03-21,2011-03-28,2011-04-02,3578.0,1,3578.0
SO44231,6974,123,2011-03-21,2011-03-28,2011-04-02,699.0,1,699.0
SO44231,6974,124,2011-03-21,2011-03-28,2011-04-02,699.0,1,699.0
SO44232,6335,101,2011-03-21,2011-03-28,2011-04-02,3578.0,1,3578.0
SO44233,2842,99,2011-03-22,2011-03-29,2011-04-03,3578.0,1,3578.0
SO44234,17185,101,2011-03-22,2011-03-29,2011-04-03,3578.0,1,3578.0
SO44235,11118,102,2011-03-22,2011-03-29,2011-04-03,3578.0,1,3578.0
SO44236,17192,101,2011-03-22,2011-03-29,2011-04-03,3578.0,1,3578.0
SO44237,6057,99,2011-03-22,2011-03-29,2011-04-03,3578.0,1,3578.0
SO44238,6080,100,2011-03-22,2011-03-29,2011-04-03,3578.0,1,3578.0
SO44239,1218,100,2011-03-23,2011-03-30,2011-04-04,3578.0,1,3578.0
SO44240,2581,100,2011-03-23,2011-03-30,2011-04-04,3578.0,1,3578.0
SO44241,17156,102,2011-03-23,2011-03-30,2011-04-04,3578.0,1,3578.0
SO44242,17164,102,2011-03-23,2011-03-30,2011-04-04,3578.0,1,3578.0
SO44243,6279,101,2011-03-23,2011-03-30,2011-04-04,3578.0,1,3578.0
SO44244,6330,101,2011-03-23,2011-03-30,2011-04-04,3578.0,1,3578.0
SO44245,14557,119,2011-03-23,2011-03-30,2011-04-04,699.0,1,699.0
SO44245,14557,120,2011-03-23,2011-03-30,2011-04-04,699.0,1,699.0
SO44246,1220,101,2011-03-24,2011-03-31,2011-04-05,3578.0,1,3578.0
SO44247,6234,99,2011-03-24,2011-03-31,2011-04-05,3578.0,1,3578.0
SO44248,6241,102,2011-03-24,2011-03-31,2011-04-05,3578.0,1,3578.0
SO44249,2846,102,2011-03-25,2011-04-01,2011-04-06,3578.0,1,3578.0
SO44250,17168,101,2011-03-25,2011-04-01,2011-04-06,3578.0,1,3578.0
SO44251,17191,100,2011-03-25,2011-04-01,2011-04-06,3578.0,1,3578.0
SO44252,2778,101,2011-03-26,2011-04-02,2011-04-07,3578.0,1,3578.0
SO44253,17100,99,2011-03-26,2011-04-02,2011-04-07,3578.0,1,3578.0
SO44254,17143,103,2011-03-26,2011-04-02,2011-04-07,3578.0,1,3578.0
SO44255,3586,129,2011-03-26,2011-04-02,2011-04-07,699.0,1,699.0
SO44255,3586,130,2011-03-26,2011-04-02,2011-04-07,699.0,1,699.0
SO44256,6233,101,2011-03-26,2011-04-02,2011-04-07,3578.0,1,3578.0
SO44257,1213,102,2011-03-27,2011-04-03,2011-04-08,3578.0,1,3578.0
SO44258,2580,99,2011-03-27,2011-04-03,2011-04-08,3578.0,1,3578.0
SO44259,17172,101,2011-03-27,2011-04-03,2011-04-08,3578.0,1,3578.0
SO44260,17195,101,2011-03-27,2011-04-03,2011-04-08,3578.0,1,3578.0
SO44261,11113,101,2011-03-27,2011-04-03,2011-04-08,3578.0,1,3578.0
SO44262,9150,111,2011-03-27,2011-04-03,2011-04-08,699.0,1,699.0
SO44262,9150,112,2011-03-27,2011-04-03,2011-04-08,699.0,1,699.0
SO44263,6280,99,2011-03-27,2011-04-03,2011-04-08,3578.0,1,3578.0
SO44264,6287,102,2011-03-27,2011-04-03,2011-04-08,3578.0,1,3578.0
SO44265,14558,109,2011-03-27,2011-04-03,2011-04-08,699.0,1,699.0
SO44265,14558,110,2011-03-27,2011-04-03,2011-04-08,699.0,1,699.0
SO44266,14560,125,2011-03-27,2011-04-03,2011-04-08,699.0,1,699.0
SO44266,14560,126,2011-03-27,2011-04-03,2011-04-08,699.0,1,699.0
SO44267,8340,125,2011-03-28,2011-04-04,2011-04-09,699.0,1,699.0
SO44267,8340,126,2011-03-28,2011-04-04,2011-04-09,699.0,1,699.0
SO44268,2821,101,2011-03-28,2011-04-04,2011-04-09,3578.0,1,3578.0
SO44269,3590,115,2011-03-29,2011-04-05,2011-04-10,699.0,1,699.0
SO44269,3590,116,2011-03-29,2011-04-05,2011-04-10,699.0,1,699.0
SO44270,2795,103,2011-03-30,2011-04-06,2011-04-11,3578.0,1,3578.0
SO44271,2847,103,2011-03-30,2011-04-06,2011-04-11,3578.0,1,3578.0
SO44272,1257,100,2011-03-30,2011-04-06,2011-04-11,3578.0,1,3578.0
SO44273,17148,100,2011-03-30,2011-04-06,2011-04-11,3578.0,1,3578.0
SO44274,17153,103,2011-03-30,2011-04-06,2011-04-11,3578.0,1,3578.0
SO44275,6257,100,2011-03-30,2011-04-06,2011-04-11,3578.0,1,3578.0
SO44276,6278,102,2011-03-30,2011-04-06,2011-04-11,3578.0,1,3578.0
SO44277,6289,100,2011-03-30,2011-04-06,2011-04-11,3578.0,1,3578.0
SO44278,6294,99,2011-03-30,2011-04-06,2011-04-11,3578.0,1,3578.0
SO44279,6327,102,2011-03-30,2011-04-06,2011-04-11,3578.0,1,3578.0
SO44320,3430,103,2011-03-31,2011-04-07,2011-04-12,3578.0,1,3578.0
SO44321,17223,100,2011-03-31,2011-04-07,2011-04-12,3578.0,1,3578.0
SO44322,6976,117,2011-03-31,2011-04-07,2011-04-12,699.0,1,699.0
SO44322,6976,118,2011-03-31,2011-04-07,2011-04-12,699.0,1,699.0
SO44323,73,133,2011-03-31,2011-04-07,2011-04-12,3400.0,1,3400.0
SO44324,1268,100,2011-04-01,2011-04-08,2011-04-13,3578.0,1,3578.0
SO44325,96,140,2011-04-01,2011-04-08,2011-04-13,3375.0,1,3375.0
SO44326,6729,101,2011-04-01,2011-04-08,2011-04-13,3578.0,1,3578.0
SO44327,17599,103,2011-04-02,2011-04-09,2011-04-14,3578.0,1,3578.0
SO44328,6922,99,2011-04-02,2011-04-09,2011-04-14,3578.0,1,3578.0
SO44329,6905,100,2011-04-02,2011-04-09,2011-04-14,3578.0,1,3578.0
SO44330,17200,101,2011-04-02,2011-04-09,2011-04-14,3578.0,1,3578.0
SO44331,17258,100,2011-04-03,2011-04-10,2011-04-15,3578.0,1,3578.0
SO44332,6511,99,2011-04-03,2011-04-10,2011-04-15,3578.0,1,3578.0
SO44333,344,134,2011-04-04,2011-04-11,2011-04-16,3400.0,1,3400.0
SO44334,17274,100,2011-04-04,2011-04-11,2011-04-16,3578.0,1,3578.0
SO44335,9166,113,2011-04-04,2011-04-11,2011-04-16,699.0,1,699.0
SO44335,9166,114,2011-04-04,2011-04-11,2011-04-16,699.0,1,699.0
SO44336,14896,134,2011-04-04,2011-04-11,2011-04-16,3400.0,1,3400.0
SO44337,98,140,2011-04-04,2011-04-11,2011-04-16,3375.0,1,3375.0
SO44338,7189,103,2011-04-04,2011-04-11,2011-04-16,3578.0,1,3578.0
SO44339,7190,100,2011-04-04,2011-04-11,2011-04-16,3578.0,1,3578.0
SO44340,6355,103,2011-04-04,2011-04-11,2011-04-16,3578.0,1,3578.0
SO44341,14906,137,2011-04-05,2011-04-12,2011-04-17,3375.0,1,3375.0
SO44342,3611,109,2011-04-05,2011-04-12,2011-04-17,699.0,1,699.0
SO44342,3611,110,2011-04-05,2011-04-12,2011-04-17,699.0,1,699.0
SO44343,6921,103,2011-04-05,2011-04-12,2011-04-17,3578.0,1,3578.0
SO44344,3428,99,2011-04-06,2011-04-13,2011-04-18,3578.0,1,3578.0
SO44345,17201,102,2011-04-06,2011-04-13,2011-04-18,3578.0,1,3578.0
SO44346,3603,125,2011-04-06,2011-04-13,2011-04-18,699.0,1,699.0
SO44346,3603,126,2011-04-06,2011-04-13,2011-04-18,699.0,1,699.0
SO44347,6912,101,2011-04-06,2011-04-13,2011-04-18,3578.0,1,3578.0
SO44348,3160,102,2011-04-07,2011-04-14,2011-04-19,3578.0,1,3578.0
SO44349,17244,100,2011-04-07,2011-04-14,2011-04-19,3578.0,1,3578.0
SO44350,17245,101,2011-04-07,2011-04-14,2011-04-19,3578.0,1,3578.0
SO44351,17272,103,2011-04-07,2011-04-14,2011-04-19,3578.0,1,3578.0
SO44352,17298,100,2011-04-07,2011-04-14,2011-04-19,3578.0,1,3578.0
SO44353,3592,115,2011-04-07,2011-04-14,2011-04-19,699.0,1,699.0
SO44353,3592,116,2011-04-07,2011-04-14,2011-04-19,699.0,1,699.0
SO44354,3604,125,2011-04-07,2011-04-14,2011-04-19,699.0,1,699.0
SO44354,3604,126,2011-04-07,2011-04-14,2011-04-19,699.0,1,699.0
SO44355,94,136,2011-04-07,2011-04-14,2011-04-19,3400.0,1,3400.0
SO44356,100,134,2011-04-07,2011-04-14,2011-04-19,3400.0,1,3400.0
SO44357,6512,99,2011-04-07,2011-04-14,2011-04-19,3578.0,1,3578.0
SO44358,6733,99,2011-04-07,2011-04-14,2011-04-19,3578.0,1,3578.0
SO44359,3526,100,2011-04-08,2011-04-15,2011-04-20,3578.0,1,3578.0
SO44360,3159,100,2011-04-08,2011-04-15,2011-04-20,3578.0,1,3578.0
SO44361,2687,99,2011-04-08,2011-04-15,2011-04-20,3578.0,1,3578.0
SO44362,17260,99,2011-04-08,2011-04-15,2011-04-20,3578.0,1,3578.0
SO44363,17286,101,2011-04-08,2011-04-15,2011-04-20,3578.0,1,3578.0
SO44364,93,137,2011-04-08,2011-04-15,2011-04-20,3375.0,1,3375.0
SO44365,6913,102,2011-04-08,2011-04-15,2011-04-20,3578.0,1,3578.0
SO44366,6503,102,2011-04-08,2011-04-15,2011-04-20,3578.0,1,3578.0
SO44367,14563,117,2011-04-08,2011-04-15,2011-04-20,699.0,1,699.0
SO44367,14563,118,2011-04-08,2011-04-15,2011-04-20,699.0,1,699.0
SO44368,3151,103,2011-04-09,2011-04-16,2011-04-21,3578.0,1,3578.0
SO44369,17251,99,2011-04-09,2011-04-16,2011-04-21,3578.0,1,3578.0
SO44370,7194,102,2011-04-09,2011-04-16,2011-04-21,3578.0,1,3578.0
SO44371,6515,100,2011-04-09,2011-04-16,2011-04-21,3578.0,1,3578.0
SO44372,6737,99,2011-04-09,2011-04-16,2011-04-21,3578.0,1,3578.0
SO44373,2768,99,2011-04-10,2011-04-17,2011-04-22,3578.0,1,3578.0
SO44374,3158,99,2011-04-10,2011-04-17,2011-04-22,3578.0,1,3578.0
SO44375,3184,99,2011-04-10,2011-04-17,2011-04-22,3578.0,1,3578.0
SO44376,18400,138,2011-04-10,2011-04-17,2011-04-22,3375.0,1,3375.0
SO44377,17235,99,2011-04-10,2011-04-17,2011-04-22,3578.0,1,3578.0
SO44378,14904,138,2011-04-10,2011-04-17,2011-04-22,3375.0,1,3375.0
SO44379,81,140,2011-04-10,2011-04-17,2011-04-22,3375.0,1,3375.0
SO44380,6916,99,2011-04-10,2011-04-17,2011-04-22,3578.0,1,3578.0
SO44381,3192,102,2011-04-11,2011-04-18,2011-04-23,3578.0,1,3578.0
SO44382,342,136,2011-04-11,2011-04-18,2011-04-23,3400.0,1,3400.0
SO44383,17269,99,2011-04-11,2011-04-18,2011-04-23,3578.0,1,3578.0
SO44384,17297,100,2011-04-11,2011-04-18,2011-04-23,3578.0,1,3578.0
SO44385,17299,103,2011-04-11,2011-04-18,2011-04-23,3578.0,1,3578.0
SO44386,17588,101,2011-04-11,2011-04-18,2011-04-23,3578.0,1,3578.0
SO44387,97,140,2011-04-11,2011-04-18,2011-04-23,3375.0,1,3375.0
SO44388,6925,99,2011-04-11,2011-04-18,2011-04-23,3578.0,1,3578.0
SO44389,6926,102,2011-04-11,2011-04-18,2011-04-23,3578.0,1,3578.0
SO44390,6354,103,2011-04-11,2011-04-18,2011-04-23,3578.0,1,3578.0
SO44391,6731,102,2011-04-11,2011-04-18,2011-04-23,3578.0,1,3578.0
SO44392,6911,103,2011-04-11,2011-04-18,2011-04-23,3578.0,1,3578.0
SO44393,18399,134,2011-04-12,2011-04-19,2011-04-24,3400.0,1,3400.0
SO44394,17247,102,2011-04-12,2011-04-19,2011-04-24,3578.0,1,3578.0
SO44395,17340,103,2011-04-12,2011-04-19,2011-04-24,3578.0,1,3578.0
SO44396,14902,134,2011-04-12,2011-04-19,2011-04-24,3400.0,1,3400.0
SO44397,3597,119,2011-04-12,2011-04-19,2011-04-24,699.0,1,699.0
SO44397,3597,120,2011-04-12,2011-04-19,2011-04-24,699.0,1,699.0
SO44398,6734,101,2011-04-12,2011-04-19,2011-04-24,3578.0,1,3578.0
SO44399,17241,100,2011-04-13,2011-04-20,2011-04-25,3578.0,1,3578.0
SO44400,17589,101,2011-04-13,2011-04-20,2011-04-25,3578.0,1,3578.0
SO44401,6516,101,2011-04-13,2011-04-20,2011-04-25,3578.0,1,3578.0
SO44402,2667,103,2011-04-14,2011-04-21,2011-04-26,3578.0,1,3578.0
SO44403,8845,139,2011-04-14,2011-04-21,2011-04-26,3375.0,1,3375.0
SO44404,17222,103,2011-04-15,2011-04-22,2011-04-27,3578.0,1,3578.0
SO44405,17225,99,2011-04-15,2011-04-22,2011-04-27,3578.0,1,3578.0
SO44406,17300,102,2011-04-15,2011-04-22,2011-04-27,3578.0,1,3578.0
SO44407,78,140,2011-04-15,2011-04-22,2011-04-27,3375.0,1,3375.0
SO44408,104,140,2011-04-15,2011-04-22,2011-04-27,3375.0,1,3375.0
SO44409,14564,109,2011-04-15,2011-04-22,2011-04-27,699.0,1,699.0
SO44409,14564,110,2011-04-15,2011-04-22,2011-04-27,699.0,1,699.0
SO44410,17224,99,2011-04-16,2011-04-23,2011-04-28,3578.0,1,3578.0
SO44411,17585,101,2011-04-16,2011-04-23,2011-04-28,3578.0,1,3578.0
SO44412,101,138,2011-04-16,2011-04-23,2011-04-28,3375.0,1,3375.0
SO44413,2607,99,2011-04-17,2011-04-24,2011-04-29,3578.0,1,3578.0
SO44414,17341,100,2011-04-17,2011-04-24,2011-04-29,3578.0,1,3578.0
SO44415,17356,101,2011-04-17,2011-04-24,2011-04-29,3578.0,1,3578.0
SO44416,70,134,2011-04-17,2011-04-24,2011-04-29,3400.0,1,3400.0
SO44417,6918,100,2011-04-17,2011-04-24,2011-04-29,3578.0,1,3578.0
SO44418,6920,100,2011-04-17,2011-04-24,2011-04-29,3578.0,1,3578.0
SO44419,6353,99,2011-04-17,2011-04-24,2011-04-29,3578.0,1,3578.0
SO44420,6513,100,2011-04-17,2011-04-24,2011-04-29,3578.0,1,3578.0
SO44421,2608,102,2011-04-18,2011-04-25,2011-04-30,3578.0,1,3578.0
SO44422,8354,115,2011-04-18,2011-04-25,2011-04-30,699.0,1,699.0
SO44422,8354,116,2011-04-18,2011-04-25,2011-04-30,699.0,1,699.0
SO44423,17587,102,2011-04-18,2011-04-25,2011-04-30,3578.0,1,3578.0
SO44424,6917,101,2011-04-18,2011-04-25,2011-04-30,3578.0,1,3578.0
SO44425,6505,100,2011-04-18,2011-04-25,2011-04-30,3578.0,1,3578.0
SO44426,2771,103,2011-04-19,2011-04-26,2011-05-01,3578.0,1,3578.0
SO44427,3147,103,2011-04-19,2011-04-26,2011-05-01,3578.0,1,3578.0
SO44428,17363,102,2011-04-19,2011-04-26,2011-05-01,3578.0,1,3578.0
SO44429,17584,103,2011-04-19,2011-04-26,2011-05-01,3578.0,1,3578.0
SO44430,6928,102,2011-04-19,2011-04-26,2011-05-01,3578.0,1,3578.0
SO44431,6726,101,2011-04-19,2011-04-26,2011-05-01,3578.0,1,3578.0
SO44432,3166,103,2011-04-20,2011-04-27,2011-05-02,3578.0,1,3578.0
SO44433,17271,101,2011-04-20,2011-04-27,2011-05-02,3578.0,1,3578.0
SO44434,17581,99,2011-04-20,2011-04-27,2011-05-02,3578.0,1,3578.0
SO44435,17574,101,2011-04-21,2011-04-28,2011-05-03,3578.0,1,3578.0
SO44436,15631,111,2011-04-21,2011-04-28,2011-05-03,699.0,1,699.0
SO44436,15631,112,2011-04-21,2011-04-28,2011-05-03,699.0,1,699.0
SO44437,77,133,2011-04-21,2011-04-28,2011-05-03,3400.0,1,3400.0
SO44438,6910,101,2011-04-21,2011-04-28,2011-05-03,3578.0,1,3578.0
SO44439,3196,99,2011-04-22,2011-04-29,2011-05-04,3578.0,1,3578.0
SO44440,1262,101,2011-04-22,2011-04-29,2011-05-04,3578.0,1,3578.0
SO44441,11119,101,2011-04-22,2011-04-29,2011-05-04,3578.0,1,3578.0
SO44442,3600,123,2011-04-22,2011-04-29,2011-05-04,699.0,1,699.0
SO44442,3600,124,2011-04-22,2011-04-29,2011-05-04,699.0,1,699.0
SO44443,6371,99,2011-04-22,2011-04-29,2011-05-04,3578.0,1,3578.0
SO44444,2698,100,2011-04-24,2011-05-01,2011-05-06,3578.0,1,3578.0
SO44445,6479,103,2011-04-25,2011-05-02,2011-05-07,3578.0,1,3578.0
SO44446,6915,102,2011-04-25,2011-05-02,2011-05-07,3578.0,1,3578.0
SO44447,1266,101,2011-04-26,2011-05-03,2011-05-08,3578.0,1,3578.0
SO44448,17265,100,2011-04-26,2011-05-03,2011-05-08,3578.0,1,3578.0
SO44449,17294,101,2011-04-26,2011-05-03,2011-05-08,3578.0,1,3578.0
SO44450,17295,99,2011-04-26,2011-05-03,2011-05-08,3578.0,1,3578.0
SO44451,17296,102,2011-04-26,2011-05-03,2011-05-08,3578.0,1,3578.0
SO44452,9165,121,2011-04-26,2011-05-03,2011-05-08,699.0,1,699.0
SO44452,9165,122,2011-04-26,2011-05-03,2011-05-08,699.0,1,699.0
SO44453,6924,99,2011-04-26,2011-05-03,2011-05-08,3578.0,1,3578.0
SO44454,6927,99,2011-04-26,2011-05-03,2011-05-08,3578.0,1,3578.0
SO44455,6514,101,2011-04-26,2011-05-03,2011-05-08,3578.0,1,3578.0
SO44456,14561,109,2011-04-26,2011-05-03,2011-05-08,699.0,1,699.0
SO44456,14561,110,2011-04-26,2011-05-03,2011-05-08,699.0,1,699.0
SO44457,17197,100,2011-04-27,2011-05-04,2011-05-09,3578.0,1,3578.0
SO44458,17248,103,2011-04-27,2011-05-04,2011-05-09,3578.0,1,3578.0
SO44459,17289,103,2011-04-27,2011-05-04,2011-05-09,3578.0,1,3578.0
SO44460,9151,123,2011-04-27,2011-05-04,2011-05-09,699.0,1,699.0
SO44460,9151,124,2011-04-27,2011-05-04,2011-05-09,699.0,1,699.0
SO44461,6919,102,2011-04-27,2011-05-04,2011-05-09,3578.0,1,3578.0
SO44462,3156,100,2011-04-28,2011-05-05,2011-05-10,3578.0,1,3578.0
SO44463,8341,121,2011-04-28,2011-05-05,2011-05-10,699.0,1,699.0
SO44463,8341,122,2011-04-28,2011-05-05,2011-05-10,699.0,1,699.0
SO44464,11121,103,2011-04-28,2011-05-05,2011-05-10,3578.0,1,3578.0
SO44465,3614,109,2011-04-28,2011-05-05,2011-05-10,699.0,1,699.0
SO44465,3614,110,2011-04-28,2011-05-05,2011-05-10,699.0,1,699.0
SO44466,15641,123,2011-04-28,2011-05-05,2011-05-10,699.0,1,699.0
SO44466,15641,124,2011-04-28,2011-05-05,2011-05-10,699.0,1,699.0
SO44467,71,135,2011-04-28,2011-05-05,2011-05-10,3400.0,1,3400.0
SO44468,76,140,2011-04-28,2011-05-05,2011-05-10,3375.0,1,3375.0
SO44469,6735,103,2011-04-28,2011-05-05,2011-05-10,3578.0,1,3578.0
SO44470,6736,102,2011-04-28,2011-05-05,2011-05-10,3578.0,1,3578.0
SO44471,14562,111,2011-04-28,2011-05-05,2011-05-10,699.0,1,699.0
SO44471,14562,112,2011-04-28,2011-05-05,2011-05-10,699.0,1,699.0
SO44472,2686,101,2011-04-29,2011-05-06,2011-05-11,3578.0,1,3578.0
SO44473,17256,101,2011-04-29,2011-05-06,2011-05-11,3578.0,1,3578.0
SO44474,3602,119,2011-04-29,2011-05-06,2011-05-11,699.0,1,699.0
SO44474,3602,120,2011-04-29,2011-05-06,2011-05-11,699.0,1,699.0
SO44475,102,134,2011-04-29,2011-05-06,2011-05-11,3400.0,1,3400.0
SO44476,6914,103,2011-04-29,2011-05-06,2011-05-11,3578.0,1,3578.0
SO44477,6923,99,2011-04-29,2011-05-06,2011-05-11,3578.0,1,3578.0
SO44478,6727,103,2011-04-29,2011-05-06,2011-05-11,3578.0,1,3578.0
SO44479,18392,139,2011-04-30,2011-05-07,2011-05-12,3375.0,1,3375.0
SO44480,14892,139,2011-04-30,2011-05-07,2011-05-12,3375.0,1,3375.0
SO44571,18449,136,2011-05-01,2011-05-08,2011-05-13,3400.0,1,3400.0
SO44572,17665,103,2011-05-01,2011-05-08,2011-05-13,3578.0,1,3578.0
SO44573,14918,136,2011-05-01,2011-05-08,2011-05-13,3400.0,1,3400.0
SO44574,108,138,2011-05-01,2011-05-08,2011-05-13,3375.0,1,3375.0
SO44575,111,133,2011-05-01,2011-05-08,2011-05-13,3400.0,1,3400.0
SO44576,17661,102,2011-05-01,2011-05-08,2011-05-13,3578.0,1,3578.0
SO44577,17668,103,2011-05-02,2011-05-09,2011-05-14,3578.0,1,3578.0
SO44578,17654,103,2011-05-02,2011-05-09,2011-05-14,3578.0,1,3578.0
SO44579,17663,101,2011-05-02,2011-05-09,2011-05-14,3578.0,1,3578.0
SO44580,2783,103,2011-05-03,2011-05-10,2011-05-15,3578.0,1,3578.0
SO44581,109,137,2011-05-03,2011-05-10,2011-05-15,3375.0,1,3375.0
SO44582,135,135,2011-05-03,2011-05-10,2011-05-15,3400.0,1,3400.0
SO44583,7211,99,2011-05-03,2011-05-10,2011-05-15,3578.0,1,3578.0
SO44584,17672,102,2011-05-04,2011-05-11,2011-05-16,3578.0,1,3578.0
SO44585,17791,101,2011-05-04,2011-05-11,2011-05-16,3578.0,1,3578.0
SO44586,17795,103,2011-05-04,2011-05-11,2011-05-16,3578.0,1,3578.0
SO44587,17628,100,2011-05-04,2011-05-11,2011-05-16,3578.0,1,3578.0
SO44588,15684,131,2011-05-04,2011-05-11,2011-05-16,699.0,1,699.0
SO44588,15684,132,2011-05-04,2011-05-11,2011-05-16,699.0,1,699.0
SO44589,105,135,2011-05-04,2011-05-11,2011-05-16,3400.0,1,3400.0
SO44590,2796,99,2011-05-05,2011-05-12,2011-05-17,3578.0,1,3578.0
SO44591,6988,119,2011-05-05,2011-05-12,2011-05-17,699.0,1,699.0
SO44591,6988,120,2011-05-05,2011-05-12,2011-05-17,699.0,1,699.0
SO44592,17762,103,2011-05-05,2011-05-12,2011-05-17,3578.0,1,3578.0
SO44593,17646,102,2011-05-05,2011-05-12,2011-05-17,3578.0,1,3578.0
SO44594,7251,99,2011-05-05,2011-05-12,2011-05-17,3578.0,1,3578.0
SO44595,125,134,2011-05-05,2011-05-12,2011-05-17,3400.0,1,3400.0
SO44596,7239,102,2011-05-05,2011-05-12,2011-05-17,3578.0,1,3578.0
SO44597,1291,99,2011-05-06,2011-05-13,2011-05-18,3578.0,1,3578.0
SO44598,18401,137,2011-05-06,2011-05-13,2011-05-18,3375.0,1,3375.0
SO44599,17793,99,2011-05-06,2011-05-13,2011-05-18,3578.0,1,3578.0
SO44600,7244,103,2011-05-06,2011-05-13,2011-05-18,3578.0,1,3578.0
SO44601,118,134,2011-05-06,2011-05-13,2011-05-18,3400.0,1,3400.0
SO44602,3703,103,2011-05-07,2011-05-14,2011-05-19,3578.0,1,3578.0
SO44603,9168,131,2011-05-07,2011-05-14,2011-05-19,699.0,1,699.0
SO44603,9168,132,2011-05-07,2011-05-14,2011-05-19,699.0,1,699.0
SO44604,8365,111,2011-05-07,2011-05-14,2011-05-19,699.0,1,699.0
SO44604,8365,112,2011-05-07,2011-05-14,2011-05-19,699.0,1,699.0
SO44605,17673,103,2011-05-07,2011-05-14,2011-05-19,3578.0,1,3578.0
SO44606,17773,102,2011-05-07,2011-05-14,2011-05-19,3578.0,1,3578.0
SO44607,17775,99,2011-05-07,2011-05-14,2011-05-19,3578.0,1,3578.0
SO44608,7201,102,2011-05-07,2011-05-14,2011-05-19,3578.0,1,3578.0
SO44609,7221,100,2011-05-07,2011-05-14,2011-05-19,3578.0,1,3578.0
SO44610,7242,102,2011-05-07,2011-05-14,2011-05-19,3578.0,1,3578.0
SO44611,2779,103,2011-05-08,2011-05-15,2011-05-20,3578.0,1,3578.0
SO44612,17676,100,2011-05-08,2011-05-15,2011-05-20,3578.0,1,3578.0
SO44613,17629,102,2011-05-08,2011-05-15,2011-05-20,3578.0,1,3578.0
SO44614,17651,101,2011-05-08,2011-05-15,2011-05-20,3578.0,1,3578.0
SO44615,17655,103,2011-05-08,2011-05-15,2011-05-20,3578.0,1,3578.0
SO44616,17656,103,2011-05-08,2011-05-15,2011-05-20,3578.0,1,3578.0
SO44617,17667,102,2011-05-08,2011-05-15,2011-05-20,3578.0,1,3578.0
SO44618,7206,103,2011-05-08,2011-05-15,2011-05-20,3578.0,1,3578.0
SO44619,2790,101,2011-05-09,2011-05-16,2011-05-21,3578.0,1,3578.0
SO44620,7205,101,2011-05-09,2011-05-16,2011-05-21,3578.0,1,3578.0
SO44621,7218,102,2011-05-09,2011-05-16,2011-05-21,3578.0,1,3578.0
SO44622,2772,100,2011-05-09,2011-05-16,2011-05-21,3578.0,1,3578.0
SO44623,1302,101,2011-05-10,2011-05-17,2011-05-22,3578.0,1,3578.0
SO44624,8358,131,2011-05-10,2011-05-17,2011-05-22,699.0,1,699.0
SO44624,8358,132,2011-05-10,2011-05-17,2011-05-22,699.0,1,699.0
SO44625,17659,103,2011-05-10,2011-05-17,2011-05-22,3578.0,1,3578.0
SO44626,7273,102,2011-05-10,2011-05-17,2011-05-22,3578.0,1,3578.0
SO44627,110,138,2011-05-10,2011-05-17,2011-05-22,3375.0,1,3375.0
SO44628,357,137,2011-05-10,2011-05-17,2011-05-22,3375.0,1,3375.0
SO44629,7210,100,2011-05-10,2011-05-17,2011-05-22,3578.0,1,3578.0
SO44630,17766,101,2011-05-11,2011-05-18,2011-05-23,3578.0,1,3578.0
SO44631,17630,99,2011-05-11,2011-05-18,2011-05-23,3578.0,1,3578.0
SO44632,7197,103,2011-05-11,2011-05-18,2011-05-23,3578.0,1,3578.0
SO44633,7204,99,2011-05-11,2011-05-18,2011-05-23,3578.0,1,3578.0
SO44634,7214,100,2011-05-11,2011-05-18,2011-05-23,3578.0,1,3578.0
SO44635,7219,99,2011-05-11,2011-05-18,2011-05-23,3578.0,1,3578.0
SO44636,3706,103,2011-05-12,2011-05-19,2011-05-24,3578.0,1,3578.0
SO44637,17645,100,2011-05-12,2011-05-19,2011-05-24,3578.0,1,3578.0
SO44638,17652,99,2011-05-12,2011-05-19,2011-05-24,3578.0,1,3578.0
SO44639,3618,119,2011-05-12,2011-05-19,2011-05-24,699.0,1,699.0
SO44639,3618,120,2011-05-12,2011-05-19,2011-05-24,699.0,1,699.0
SO44640,7247,102,2011-05-12,2011-05-19,2011-05-24,3578.0,1,3578.0
SO44641,7256,102,2011-05-12,2011-05-19,2011-05-24,3578.0,1,3578.0
SO44642,14568,119,2011-05-12,2011-05-19,2011-05-24,699.0,1,699.0
SO44642,14568,120,2011-05-12,2011-05-19,2011-05-24,699.0,1,699.0
SO44643,1281,103,2011-05-13,2011-05-20,2011-05-25,3578.0,1,3578.0
SO44644,1280,100,2011-05-13,2011-05-20,2011-05-25,3578.0,1,3578.0
SO44645,345,133,2011-05-13,2011-05-20,2011-05-25,3400.0,1,3400.0
SO44646,18450,133,2011-05-13,2011-05-20,2011-05-25,3400.0,1,3400.0
SO44647,17771,101,2011-05-13,2011-05-20,2011-05-25,3578.0,1,3578.0
SO44648,14917,133,2011-05-13,2011-05-20,2011-05-25,3400.0,1,3400.0
SO44649,14925,133,2011-05-13,2011-05-20,2011-05-25,3400.0,1,3400.0
SO44650,148,140,2011-05-13,2011-05-20,2011-05-25,3375.0,1,3375.0
SO44651,3721,102,2011-05-14,2011-05-21,2011-05-26,3578.0,1,3578.0
SO44652,17408,139,2011-05-14,2011-05-21,2011-05-26,3375.0,1,3375.0
SO44653,9171,115,2011-05-14,2011-05-21,2011-05-26,699.0,1,699.0
SO44653,9171,116,2011-05-14,2011-05-21,2011-05-26,699.0,1,699.0
SO44654,17620,102,2011-05-14,2011-05-21,2011-05-26,3578.0,1,3578.0
SO44655,106,135,2011-05-14,2011-05-21,2011-05-26,3400.0,1,3400.0
SO44656,7276,100,2011-05-14,2011-05-21,2011-05-26,3578.0,1,3578.0
SO44657,121,139,2011-05-14,2011-05-21,2011-05-26,3375.0,1,3375.0
SO44658,7202,101,2011-05-14,2011-05-21,2011-05-26,3578.0,1,3578.0
SO44659,7209,102,2011-05-14,2011-05-21,2011-05-26,3578.0,1,3578.0
SO44660,17776,99,2011-05-15,2011-05-22,2011-05-27,3578.0,1,3578.0
SO44661,3640,125,2011-05-15,2011-05-22,2011-05-27,699.0,1,699.0
SO44661,3640,126,2011-05-15,2011-05-22,2011-05-27,699.0,1,699.0
SO44662,152,138,2011-05-15,2011-05-22,2011-05-27,3375.0,1,3375.0
SO44663,7213,102,2011-05-15,2011-05-22,2011-05-27,3578.0,1,3578.0
SO44664,7223,100,2011-05-15,2011-05-22,2011-05-27,3578.0,1,3578.0
SO44665,14565,123,2011-05-15,2011-05-22,2011-05-27,699.0,1,699.0
SO44665,14565,124,2011-05-15,2011-05-22,2011-05-27,699.0,1,699.0
SO44666,17764,102,2011-05-16,2011-05-23,2011-05-28,3578.0,1,3578.0
SO44667,17796,99,2011-05-16,2011-05-23,2011-05-28,3578.0,1,3578.0
SO44668,17622,102,2011-05-16,2011-05-23,2011-05-28,3578.0,1,3578.0
SO44669,14943,139,2011-05-16,2011-05-23,2011-05-28,3375.0,1,3375.0
SO44670,7246,102,2011-05-16,2011-05-23,2011-05-28,3578.0,1,3578.0
SO44671,7269,100,2011-05-16,2011-05-23,2011-05-28,3578.0,1,3578.0
SO44672,7208,99,2011-05-16,2011-05-23,2011-05-28,3578.0,1,3578.0
SO44673,2791,103,2011-05-17,2011-05-24,2011-05-29,3578.0,1,3578.0
SO44674,17636,103,2011-05-17,2011-05-24,2011-05-29,3578.0,1,3578.0
SO44675,14567,125,2011-05-17,2011-05-24,2011-05-29,699.0,1,699.0
SO44675,14567,126,2011-05-17,2011-05-24,2011-05-29,699.0,1,699.0
SO44676,7199,101,2011-05-17,2011-05-24,2011-05-29,3578.0,1,3578.0
SO44677,11234,99,2011-05-18,2011-05-25,2011-05-30,3578.0,1,3578.0
SO44678,11122,99,2011-05-18,2011-05-25,2011-05-30,3578.0,1,3578.0
SO44679,107,135,2011-05-18,2011-05-25,2011-05-30,3400.0,1,3400.0
SO44680,1297,101,2011-05-19,2011-05-26,2011-05-31,3578.0,1,3578.0
SO44681,6983,131,2011-05-19,2011-05-26,2011-05-31,699.0,1,699.0
SO44681,6983,132,2011-05-19,2011-05-26,2011-05-31,699.0,1,699.0
SO44682,17798,99,2011-05-19,2011-05-26,2011-05-31,3578.0,1,3578.0
SO44683,17800,101,2011-05-19,2011-05-26,2011-05-31,3578.0,1,3578.0
SO44684,17644,99,2011-05-19,2011-05-26,2011-05-31,3578.0,1,3578.0
SO44685,7250,99,2011-05-19,2011-05-26,2011-05-31,3578.0,1,3578.0
SO44686,3713,102,2011-05-20,2011-05-27,2011-06-01,3578.0,1,3578.0
SO44687,9173,131,2011-05-20,2011-05-27,2011-06-01,699.0,1,699.0
SO44687,9173,132,2011-05-20,2011-05-27,2011-06-01,699.0,1,699.0
SO44688,7245,99,2011-05-20,2011-05-27,2011-06-01,3578.0,1,3578.0
SO44689,7270,99,2011-05-20,2011-05-27,2011-06-01,3578.0,1,3578.0
SO44690,112,133,2011-05-20,2011-05-27,2011-06-01,3400.0,1,3400.0
SO44691,17415,135,2011-05-21,2011-05-28,2011-06-02,3400.0,1,3400.0
SO44692,17671,100,2011-05-21,2011-05-28,2011-06-02,3578.0,1,3578.0
SO44693,17677,100,2011-05-21,2011-05-28,2011-06-02,3578.0,1,3578.0
SO44694,11233,100,2011-05-21,2011-05-28,2011-06-02,3578.0,1,3578.0
SO44695,8856,135,2011-05-21,2011-05-28,2011-06-02,3400.0,1,3400.0
SO44696,7255,102,2011-05-21,2011-05-28,2011-06-02,3578.0,1,3578.0
SO44697,7220,99,2011-05-22,2011-05-29,2011-06-03,3578.0,1,3578.0
SO44698,14566,115,2011-05-22,2011-05-29,2011-06-03,699.0,1,699.0
SO44698,14566,116,2011-05-22,2011-05-29,2011-06-03,699.0,1,699.0
SO44699,11235,102,2011-05-23,2011-05-30,2011-06-04,3578.0,1,3578.0
SO44700,17770,103,2011-05-23,2011-05-30,2011-06-04,3578.0,1,3578.0
SO44701,3637,125,2011-05-23,2011-05-30,2011-06-04,699.0,1,699.0
SO44701,3637,126,2011-05-23,2011-05-30,2011-06-04,699.0,1,699.0
SO44702,7261,103,2011-05-23,2011-05-30,2011-06-04,3578.0,1,3578.0
SO44703,1301,100,2011-05-24,2011-05-31,2011-06-05,3578.0,1,3578.0
SO44704,18404,139,2011-05-24,2011-05-31,2011-06-05,3375.0,1,3375.0
SO44705,17679,100,2011-05-24,2011-05-31,2011-06-05,3578.0,1,3578.0
SO44706,17619,100,2011-05-24,2011-05-31,2011-06-05,3578.0,1,3578.0
SO44707,17650,100,2011-05-24,2011-05-31,2011-06-05,3578.0,1,3578.0
SO44708,14910,139,2011-05-24,2011-05-31,2011-06-05,3375.0,1,3375.0
SO44709,7241,100,2011-05-24,2011-05-31,2011-06-05,3578.0,1,3578.0
SO44710,17675,102,2011-05-25,2011-06-01,2011-06-06,3578.0,1,3578.0
SO44711,7249,99,2011-05-25,2011-06-01,2011-06-06,3578.0,1,3578.0
SO44712,113,137,2011-05-25,2011-06-01,2011-06-06,3375.0,1,3375.0
SO44713,11129,102,2011-05-26,2011-06-02,2011-06-07,3578.0,1,3578.0
SO44714,17658,102,2011-05-26,2011-06-02,2011-06-07,3578.0,1,3578.0
SO44715,11183,103,2011-05-26,2011-06-02,2011-06-07,3578.0,1,3578.0
SO44716,11231,103,2011-05-26,2011-06-02,2011-06-07,3578.0,1,3578.0
SO44717,3617,125,2011-05-26,2011-06-02,2011-06-07,699.0,1,699.0
SO44717,3617,126,2011-05-26,2011-06-02,2011-06-07,699.0,1,699.0
SO44718,7240,103,2011-05-26,2011-06-02,2011-06-07,3578.0,1,3578.0
SO44719,3701,102,2011-05-27,2011-06-03,2011-06-08,3578.0,1,3578.0
SO44720,17626,100,2011-05-27,2011-06-03,2011-06-08,3578.0,1,3578.0
SO44721,15644,131,2011-05-27,2011-06-03,2011-06-08,699.0,1,699.0
SO44721,15644,132,2011-05-27,2011-06-03,2011-06-08,699.0,1,699.0
SO44722,2775,99,2011-05-28,2011-06-04,2011-06-09,3578.0,1,3578.0
SO44723,18411,134,2011-05-28,2011-06-04,2011-06-09,3400.0,1,3400.0
SO44724,17666,103,2011-05-28,2011-06-04,2011-06-09,3578.0,1,3578.0
SO44725,14911,134,2011-05-28,2011-06-04,2011-06-09,3400.0,1,3400.0
SO44726,3615,121,2011-05-28,2011-06-04,2011-06-09,699.0,1,699.0
SO44726,3615,122,2011-05-28,2011-06-04,2011-06-09,699.0,1,699.0
SO44727,7274,102,2011-05-28,2011-06-04,2011-06-09,3578.0,1,3578.0
SO44728,127,133,2011-05-28,2011-06-04,2011-06-09,3400.0,1,3400.0
SO44729,1308,99,2011-05-29,2011-06-05,2011-06-10,3578.0,1,3578.0
SO44730,3698,100,2011-05-29,2011-06-05,2011-06-10,3578.0,1,3578.0
SO44731,17662,101,2011-05-29,2011-06-05,2011-06-10,3578.0,1,3578.0
SO44732,7252,101,2011-05-29,2011-06-05,2011-06-10,3578.0,1,3578.0
SO44733,7215,102,2011-05-29,2011-06-05,2011-06-10,3578.0,1,3578.0
SO44734,1286,102,2011-05-30,2011-06-06,2011-06-11,3578.0,1,3578.0
SO44735,17674,100,2011-05-30,2011-06-06,2011-06-11,3578.0,1,3578.0
SO44736,3635,117,2011-05-30,2011-06-06,2011-06-11,699.0,1,699.0
SO44736,3635,118,2011-05-30,2011-06-06,2011-06-11,699.0,1,699.0
SO44737,7243,103,2011-05-30,2011-06-06,2011-06-11,3578.0,1,3578.0
SO44738,7253,102,2011-05-30,2011-06-06,2011-06-11,3578.0,1,3578.0
SO44739,7203,101,2011-05-30,2011-06-06,2011-06-11,3578.0,1,3578.0
SO44803,1384,99,2011-05-31,2011-06-07,2011-06-12,3578.0,1,3578.0
SO44804,17830,99,2011-05-31,2011-06-07,2011-06-12,3578.0,1,3578.0
SO44805,18012,103,2011-05-31,2011-06-07,2011-06-12,3578.0,1,3578.0
SO44806,7453,100,2011-05-31,2011-06-07,2011-06-12,3578.0,1,3578.0
SO44807,366,139,2011-05-31,2011-06-07,2011-06-12,3375.0,1,3375.0
SO44808,2837,100,2011-06-01,2011-06-08,2011-06-13,3578.0,1,3578.0
SO44809,9553,131,2011-06-01,2011-06-08,2011-06-13,699.0,1,699.0
SO44809,9553,132,2011-06-01,2011-06-08,2011-06-13,699.0,1,699.0
SO44810,18127,100,2011-06-01,2011-06-08,2011-06-13,3578.0,1,3578.0
SO44811,11733,100,2011-06-01,2011-06-08,2011-06-13,3578.0,1,3578.0
SO44812,17989,103,2011-06-01,2011-06-08,2011-06-13,3578.0,1,3578.0
SO44813,7696,101,2011-06-01,2011-06-08,2011-06-13,3578.0,1,3578.0
SO44814,7282,102,2011-06-01,2011-06-08,2011-06-13,3578.0,1,3578.0
SO44815,445,140,2011-06-01,2011-06-08,2011-06-13,3375.0,1,3375.0
SO44816,1322,101,2011-06-02,2011-06-09,2011-06-14,3578.0,1,3578.0
SO44817,3778,101,2011-06-02,2011-06-09,2011-06-14,3578.0,1,3578.0
SO44818,17828,102,2011-06-02,2011-06-09,2011-06-14,3578.0,1,3578.0
SO44819,17854,102,2011-06-02,2011-06-09,2011-06-14,3578.0,1,3578.0
SO44820,14973,139,2011-06-02,2011-06-09,2011-06-14,3375.0,1,3375.0
SO44821,14976,134,2011-06-02,2011-06-09,2011-06-14,3400.0,1,3400.0
SO44822,7487,100,2011-06-02,2011-06-09,2011-06-14,3578.0,1,3578.0
SO44823,7489,102,2011-06-02,2011-06-09,2011-06-14,3578.0,1,3578.0
SO44824,7695,101,2011-06-02,2011-06-09,2011-06-14,3578.0,1,3578.0
SO44825,7310,101,2011-06-02,2011-06-09,2011-06-14,3578.0,1,3578.0
SO44826,1309,103,2011-06-03,2011-06-10,2011-06-15,3578.0,1,3578.0
SO44827,14974,133,2011-06-03,2011-06-10,2011-06-15,3400.0,1,3400.0
SO44828,17998,101,2011-06-03,2011-06-10,2011-06-15,3578.0,1,3578.0
SO44829,3644,123,2011-06-03,2011-06-10,2011-06-15,699.0,1,699.0
SO44829,3644,124,2011-06-03,2011-06-10,2011-06-15,699.0,1,699.0
SO44830,7338,103,2011-06-03,2011-06-10,2011-06-15,3578.0,1,3578.0
SO44831,18468,139,2011-06-04,2011-06-11,2011-06-16,3375.0,1,3375.0
SO44832,17805,100,2011-06-04,2011-06-11,2011-06-16,3578.0,1,3578.0
SO44833,17843,99,2011-06-04,2011-06-11,2011-06-16,3578.0,1,3578.0
SO44834,14953,139,2011-06-04,2011-06-11,2011-06-16,3375.0,1,3375.0
SO44835,7339,100,2011-06-04,2011-06-11,2011-06-16,3578.0,1,3578.0
SO44836,7466,103,2011-06-04,2011-06-11,2011-06-16,3578.0,1,3578.0
SO44837,2809,101,2011-06-05,2011-06-12,2011-06-17,3578.0,1,3578.0
SO44838,3139,100,2011-06-05,2011-06-12,2011-06-17,3578.0,1,3578.0
SO44839,17826,103,2011-06-05,2011-06-12,2011-06-17,3578.0,1,3578.0
SO44840,17858,103,2011-06-05,2011-06-12,2011-06-17,3578.0,1,3578.0
SO44841,7336,103,2011-06-05,2011-06-12,2011-06-17,3578.0,1,3578.0
SO44842,3141,99,2011-06-06,2011-06-13,2011-06-18,3578.0,1,3578.0
SO44843,18059,101,2011-06-06,2011-06-13,2011-06-18,3578.0,1,3578.0
SO44844,18140,103,2011-06-06,2011-06-13,2011-06-18,3578.0,1,3578.0
SO44845,17846,102,2011-06-06,2011-06-13,2011-06-18,3578.0,1,3578.0
SO44846,7335,103,2011-06-06,2011-06-13,2011-06-18,3578.0,1,3578.0
SO44847,446,135,2011-06-06,2011-06-13,2011-06-18,3400.0,1,3400.0
SO44848,17419,137,2011-06-07,2011-06-14,2011-06-19,3375.0,1,3375.0
SO44849,6997,111,2011-06-07,2011-06-14,2011-06-19,699.0,1,699.0
SO44849,6997,112,2011-06-07,2011-06-14,2011-06-19,699.0,1,699.0
SO44850,8418,125,2011-06-07,2011-06-14,2011-06-19,699.0,1,699.0
SO44850,8418,126,2011-06-07,2011-06-14,2011-06-19,699.0,1,699.0
SO44851,11300,99,2011-06-07,2011-06-14,2011-06-19,3578.0,1,3578.0
SO44852,18129,100,2011-06-07,2011-06-14,2011-06-19,3578.0,1,3578.0
SO44853,8875,137,2011-06-07,2011-06-14,2011-06-19,3375.0,1,3375.0
SO44854,18005,100,2011-06-07,2011-06-14,2011-06-19,3578.0,1,3578.0
SO44855,15693,109,2011-06-07,2011-06-14,2011-06-19,699.0,1,699.0
SO44855,15693,110,2011-06-07,2011-06-14,2011-06-19,699.0,1,699.0
SO44856,3652,117,2011-06-07,2011-06-14,2011-06-19,699.0,1,699.0
SO44856,3652,118,2011-06-07,2011-06-14,2011-06-19,699.0,1,699.0
SO44857,7485,99,2011-06-07,2011-06-14,2011-06-19,3578.0,1,3578.0
SO44858,7488,101,2011-06-07,2011-06-14,2011-06-19,3578.0,1,3578.0
SO44859,7496,99,2011-06-07,2011-06-14,2011-06-19,3578.0,1,3578.0
SO44860,7694,99,2011-06-07,2011-06-14,2011-06-19,3578.0,1,3578.0
SO44861,7289,103,2011-06-07,2011-06-14,2011-06-19,3578.0,1,3578.0
SO44862,7458,102,2011-06-07,2011-06-14,2011-06-19,3578.0,1,3578.0
SO44863,7468,99,2011-06-07,2011-06-14,2011-06-19,3578.0,1,3578.0
SO44864,365,137,2011-06-07,2011-06-14,2011-06-19,3375.0,1,3375.0
SO44865,373,140,2011-06-07,2011-06-14,2011-06-19,3375.0,1,3375.0
SO44866,444,139,2011-06-07,2011-06-14,2011-06-19,3375.0,1,3375.0
SO44867,3794,102,2011-06-08,2011-06-15,2011-06-20,3578.0,1,3578.0
SO44868,17853,102,2011-06-08,2011-06-15,2011-06-20,3578.0,1,3578.0
SO44869,7701,101,2011-06-08,2011-06-15,2011-06-20,3578.0,1,3578.0
SO44870,7302,100,2011-06-08,2011-06-15,2011-06-20,3578.0,1,3578.0
SO44871,364,134,2011-06-08,2011-06-15,2011-06-20,3400.0,1,3400.0
SO44872,18112,101,2011-06-09,2011-06-16,2011-06-21,3578.0,1,3578.0
SO44873,17829,101,2011-06-09,2011-06-16,2011-06-21,3578.0,1,3578.0
SO44874,7005,109,2011-06-10,2011-06-17,2011-06-22,699.0,1,699.0
SO44874,7005,110,2011-06-10,2011-06-17,2011-06-22,699.0,1,699.0
SO44875,18049,102,2011-06-10,2011-06-17,2011-06-22,3578.0,1,3578.0
SO44876,18057,101,2011-06-10,2011-06-17,2011-06-22,3578.0,1,3578.0
SO44877,18137,100,2011-06-10,2011-06-17,2011-06-22,3578.0,1,3578.0
SO44878,17808,100,2011-06-10,2011-06-17,2011-06-22,3578.0,1,3578.0
SO44879,17834,99,2011-06-10,2011-06-17,2011-06-22,3578.0,1,3578.0
SO44880,7471,100,2011-06-10,2011-06-17,2011-06-22,3578.0,1,3578.0
SO44881,7497,102,2011-06-10,2011-06-17,2011-06-22,3578.0,1,3578.0
SO44882,7704,100,2011-06-10,2011-06-17,2011-06-22,3578.0,1,3578.0
SO44883,7297,103,2011-06-10,2011-06-17,2011-06-22,3578.0,1,3578.0
SO44884,7309,101,2011-06-10,2011-06-17,2011-06-22,3578.0,1,3578.0
SO44885,3834,99,2011-06-11,2011-06-18,2011-06-23,3578.0,1,3578.0
SO44886,18109,103,2011-06-11,2011-06-18,2011-06-23,3578.0,1,3578.0
SO44887,17822,99,2011-06-11,2011-06-18,2011-06-23,3578.0,1,3578.0
SO44888,17839,99,2011-06-11,2011-06-18,2011-06-23,3578.0,1,3578.0
SO44889,352,137,2011-06-12,2011-06-19,2011-06-24,3375.0,1,3375.0
SO44890,382,135,2011-06-12,2011-06-19,2011-06-24,3400.0,1,3400.0
SO44891,17848,99,2011-06-12,2011-06-19,2011-06-24,3578.0,1,3578.0
SO44892,11268,102,2011-06-12,2011-06-19,2011-06-24,3578.0,1,3578.0
SO44893,17857,103,2011-06-12,2011-06-19,2011-06-24,3578.0,1,3578.0
SO44894,14944,137,2011-06-12,2011-06-19,2011-06-24,3375.0,1,3375.0
SO44895,14952,140,2011-06-12,2011-06-19,2011-06-24,3375.0,1,3375.0
SO44896,14965,135,2011-06-12,2011-06-19,2011-06-24,3400.0,1,3400.0
SO44897,7697,103,2011-06-12,2011-06-19,2011-06-24,3578.0,1,3578.0
SO44898,7308,99,2011-06-12,2011-06-19,2011-06-24,3578.0,1,3578.0
SO44899,354,140,2011-06-12,2011-06-19,2011-06-24,3375.0,1,3375.0
SO44900,3779,103,2011-06-13,2011-06-20,2011-06-25,3578.0,1,3578.0
SO44901,1333,102,2011-06-13,2011-06-20,2011-06-25,3578.0,1,3578.0
SO44902,2830,103,2011-06-13,2011-06-20,2011-06-25,3578.0,1,3578.0
SO44903,7285,102,2011-06-13,2011-06-20,2011-06-25,3578.0,1,3578.0
SO44904,360,139,2011-06-13,2011-06-20,2011-06-25,3375.0,1,3375.0
SO44905,2823,101,2011-06-14,2011-06-21,2011-06-26,3578.0,1,3578.0
SO44906,3833,100,2011-06-14,2011-06-21,2011-06-26,3578.0,1,3578.0
SO44907,8416,113,2011-06-14,2011-06-21,2011-06-26,699.0,1,699.0
SO44907,8416,114,2011-06-14,2011-06-21,2011-06-26,699.0,1,699.0
SO44908,18033,103,2011-06-14,2011-06-21,2011-06-26,3578.0,1,3578.0
SO44909,17841,99,2011-06-14,2011-06-21,2011-06-26,3578.0,1,3578.0
SO44910,14970,133,2011-06-14,2011-06-21,2011-06-26,3400.0,1,3400.0
SO44911,14977,138,2011-06-14,2011-06-21,2011-06-26,3375.0,1,3375.0
SO44912,17967,99,2011-06-14,2011-06-21,2011-06-26,3578.0,1,3578.0
SO44913,7469,100,2011-06-14,2011-06-21,2011-06-26,3578.0,1,3578.0
SO44914,7492,100,2011-06-14,2011-06-21,2011-06-26,3578.0,1,3578.0
SO44915,7462,101,2011-06-14,2011-06-21,2011-06-26,3578.0,1,3578.0
SO44916,7464,100,2011-06-14,2011-06-21,2011-06-26,3578.0,1,3578.0
SO44917,2843,99,2011-06-15,2011-06-22,2011-06-27,3578.0,1,3578.0
SO44918,18467,139,2011-06-15,2011-06-22,2011-06-27,3375.0,1,3375.0
SO44919,18018,99,2011-06-15,2011-06-22,2011-06-27,3578.0,1,3578.0
SO44920,3649,127,2011-06-15,2011-06-22,2011-06-27,699.0,1,699.0
SO44920,3649,128,2011-06-15,2011-06-22,2011-06-27,699.0,1,699.0
SO44921,7490,101,2011-06-15,2011-06-22,2011-06-27,3578.0,1,3578.0
SO44922,7278,103,2011-06-15,2011-06-22,2011-06-27,3578.0,1,3578.0
SO44923,7337,101,2011-06-15,2011-06-22,2011-06-27,3578.0,1,3578.0
SO44924,17831,99,2011-06-16,2011-06-23,2011-06-28,3578.0,1,3578.0
SO44925,7494,102,2011-06-16,2011-06-23,2011-06-28,3578.0,1,3578.0
SO44926,14707,117,2011-06-16,2011-06-23,2011-06-28,699.0,1,699.0
SO44926,14707,118,2011-06-16,2011-06-23,2011-06-28,699.0,1,699.0
SO44927,449,137,2011-06-16,2011-06-23,2011-06-28,3375.0,1,3375.0
SO44928,3844,103,2011-06-17,2011-06-24,2011-06-29,3578.0,1,3578.0
SO44929,1399,101,2011-06-17,2011-06-24,2011-06-29,3578.0,1,3578.0
SO44930,18111,101,2011-06-17,2011-06-24,2011-06-29,3578.0,1,3578.0
SO44931,17850,101,2011-06-17,2011-06-24,2011-06-29,3578.0,1,3578.0
SO44932,7304,101,2011-06-17,2011-06-24,2011-06-29,3578.0,1,3578.0
SO44933,7277,101,2011-06-17,2011-06-24,2011-06-29,3578.0,1,3578.0
SO44934,3772,101,2011-06-18,2011-06-25,2011-06-30,3578.0,1,3578.0
SO44935,1334,101,2011-06-18,2011-06-25,2011-06-30,3578.0,1,3578.0
SO44936,18045,101,2011-06-18,2011-06-25,2011-06-30,3578.0,1,3578.0
SO44937,11252,100,2011-06-18,2011-06-25,2011-06-30,3578.0,1,3578.0
SO44938,17852,103,2011-06-18,2011-06-25,2011-06-30,3578.0,1,3578.0
SO44939,17994,103,2011-06-18,2011-06-25,2011-06-30,3578.0,1,3578.0
SO44940,7491,100,2011-06-18,2011-06-25,2011-06-30,3578.0,1,3578.0
SO44941,7698,99,2011-06-18,2011-06-25,2011-06-30,3578.0,1,3578.0
SO44942,7702,99,2011-06-18,2011-06-25,2011-06-30,3578.0,1,3578.0
SO44943,14569,119,2011-06-18,2011-06-25,2011-06-30,699.0,1,699.0
SO44943,14569,120,2011-06-18,2011-06-25,2011-06-30,699.0,1,699.0
SO44944,14708,121,2011-06-18,2011-06-25,2011-06-30,699.0,1,699.0
SO44944,14708,122,2011-06-18,2011-06-25,2011-06-30,699.0,1,699.0
SO44945,14711,111,2011-06-18,2011-06-25,2011-06-30,699.0,1,699.0
SO44945,14711,112,2011-06-18,2011-06-25,2011-06-30,699.0,1,699.0
SO44946,358,138,2011-06-18,2011-06-25,2011-06-30,3375.0,1,3375.0
SO44947,447,135,2011-06-18,2011-06-25,2011-06-30,3400.0,1,3400.0
SO44948,1396,101,2011-06-19,2011-06-26,2011-07-01,3578.0,1,3578.0
SO44949,18475,138,2011-06-19,2011-06-26,2011-07-01,3375.0,1,3375.0
SO44950,17836,102,2011-06-19,2011-06-26,2011-07-01,3578.0,1,3578.0
SO44951,17844,100,2011-06-19,2011-06-26,2011-07-01,3578.0,1,3578.0
SO44952,14956,138,2011-06-19,2011-06-26,2011-07-01,3375.0,1,3375.0
SO44953,17860,101,2011-06-19,2011-06-26,2011-07-01,3578.0,1,3578.0
SO44954,17991,99,2011-06-19,2011-06-26,2011-07-01,3578.0,1,3578.0
SO44955,14710,131,2011-06-19,2011-06-26,2011-07-01,699.0,1,699.0
SO44955,14710,132,2011-06-19,2011-06-26,2011-07-01,699.0,1,699.0
SO44956,450,140,2011-06-19,2011-06-26,2011-07-01,3375.0,1,3375.0
SO44957,11248,99,2011-06-20,2011-06-27,2011-07-02,3578.0,1,3578.0
SO44958,9174,121,2011-06-20,2011-06-27,2011-07-02,699.0,1,699.0
SO44958,9174,122,2011-06-20,2011-06-27,2011-07-02,699.0,1,699.0
SO44959,18020,101,2011-06-20,2011-06-27,2011-07-02,3578.0,1,3578.0
SO44960,11374,103,2011-06-20,2011-06-27,2011-07-02,3578.0,1,3578.0
SO44961,18061,102,2011-06-20,2011-06-27,2011-07-02,3578.0,1,3578.0
SO44962,17832,99,2011-06-20,2011-06-27,2011-07-02,3578.0,1,3578.0
SO44963,14975,135,2011-06-20,2011-06-27,2011-07-02,3400.0,1,3400.0
SO44964,3648,123,2011-06-20,2011-06-27,2011-07-02,699.0,1,699.0
SO44964,3648,124,2011-06-20,2011-06-27,2011-07-02,699.0,1,699.0
SO44965,3650,121,2011-06-20,2011-06-27,2011-07-02,699.0,1,699.0
SO44965,3650,122,2011-06-20,2011-06-27,2011-07-02,699.0,1,699.0
SO44966,7459,103,2011-06-20,2011-06-27,2011-07-02,3578.0,1,3578.0
SO44967,3795,99,2011-06-21,2011-06-28,2011-07-03,3578.0,1,3578.0
SO44968,8366,131,2011-06-21,2011-06-28,2011-07-03,699.0,1,699.0
SO44968,8366,132,2011-06-21,2011-06-28,2011-07-03,699.0,1,699.0
SO44969,11714,101,2011-06-21,2011-06-28,2011-07-03,3578.0,1,3578.0
SO44970,17821,101,2011-06-21,2011-06-28,2011-07-03,3578.0,1,3578.0
SO44971,17990,102,2011-06-21,2011-06-28,2011-07-03,3578.0,1,3578.0
SO44972,18017,100,2011-06-21,2011-06-28,2011-07-03,3578.0,1,3578.0
SO44973,7483,103,2011-06-21,2011-06-28,2011-07-03,3578.0,1,3578.0
SO44974,3777,101,2011-06-22,2011-06-29,2011-07-04,3578.0,1,3578.0
SO44975,17824,100,2011-06-22,2011-06-29,2011-07-04,3578.0,1,3578.0
SO44976,17825,100,2011-06-22,2011-06-29,2011-07-04,3578.0,1,3578.0
SO44977,18011,102,2011-06-22,2011-06-29,2011-07-04,3578.0,1,3578.0
SO44978,3653,111,2011-06-22,2011-06-29,2011-07-04,699.0,1,699.0
SO44978,3653,112,2011-06-22,2011-06-29,2011-07-04,699.0,1,699.0
SO44979,7470,99,2011-06-22,2011-06-29,2011-07-04,3578.0,1,3578.0
SO44980,7700,99,2011-06-22,2011-06-29,2011-07-04,3578.0,1,3578.0
SO44981,7463,99,2011-06-22,2011-06-29,2011-07-04,3578.0,1,3578.0
SO44982,18133,101,2011-06-23,2011-06-30,2011-07-05,3578.0,1,3578.0
SO44983,11253,99,2011-06-23,2011-06-30,2011-07-05,3578.0,1,3578.0
SO44984,18009,103,2011-06-23,2011-06-30,2011-07-05,3578.0,1,3578.0
SO44985,7693,100,2011-06-23,2011-06-30,2011-07-05,3578.0,1,3578.0
SO44986,14709,117,2011-06-23,2011-06-30,2011-07-05,699.0,1,699.0
SO44986,14709,118,2011-06-23,2011-06-30,2011-07-05,699.0,1,699.0
SO44987,1324,103,2011-06-24,2011-07-01,2011-07-06,3578.0,1,3578.0
SO44988,7000,127,2011-06-24,2011-07-01,2011-07-06,699.0,1,699.0
SO44988,7000,128,2011-06-24,2011-07-01,2011-07-06,699.0,1,699.0
SO44989,17855,100,2011-06-24,2011-07-01,2011-07-06,3578.0,1,3578.0
SO44990,3646,127,2011-06-24,2011-07-01,2011-07-06,699.0,1,699.0
SO44990,3646,128,2011-06-24,2011-07-01,2011-07-06,699.0,1,699.0
SO44991,7699,103,2011-06-24,2011-07-01,2011-07-06,3578.0,1,3578.0
SO44992,7465,100,2011-06-24,2011-07-01,2011-07-06,3578.0,1,3578.0
SO44993,369,139,2011-06-24,2011-07-01,2011-07-06,3375.0,1,3375.0
SO44994,17806,100,2011-06-25,2011-07-02,2011-07-07,3578.0,1,3578.0
SO44995,17842,102,2011-06-25,2011-07-02,2011-07-07,3578.0,1,3578.0
SO44996,14971,138,2011-06-25,2011-07-02,2011-07-07,3375.0,1,3375.0
SO44997,17871,99,2011-06-25,2011-07-02,2011-07-07,3578.0,1,3578.0
SO44998,3647,129,2011-06-25,2011-07-02,2011-07-07,699.0,1,699.0
SO44998,3647,130,2011-06-25,2011-07-02,2011-07-07,699.0,1,699.0
SO44999,7486,100,2011-06-25,2011-07-02,2011-07-07,3578.0,1,3578.0
SO45000,7298,101,2011-06-25,2011-07-02,2011-07-07,3578.0,1,3578.0
SO45001,7303,101,2011-06-25,2011-07-02,2011-07-07,3578.0,1,3578.0
SO45002,2845,101,2011-06-26,2011-07-03,2011-07-08,3578.0,1,3578.0
SO45003,18060,103,2011-06-26,2011-07-03,2011-07-08,3578.0,1,3578.0
SO45004,18107,103,2011-06-26,2011-07-03,2011-07-08,3578.0,1,3578.0
SO45005,17845,101,2011-06-26,2011-07-03,2011-07-08,3578.0,1,3578.0
SO45006,1374,101,2011-06-27,2011-07-04,2011-07-09,3578.0,1,3578.0
SO45007,3138,99,2011-06-27,2011-07-04,2011-07-09,3578.0,1,3578.0
SO45008,3832,102,2011-06-27,2011-07-04,2011-07-09,3578.0,1,3578.0
SO45009,8388,127,2011-06-27,2011-07-04,2011-07-09,699.0,1,699.0
SO45009,8388,128,2011-06-27,2011-07-04,2011-07-09,699.0,1,699.0
SO45010,17870,102,2011-06-27,2011-07-04,2011-07-09,3578.0,1,3578.0
SO45011,11269,102,2011-06-27,2011-07-04,2011-07-09,3578.0,1,3578.0
SO45012,3651,131,2011-06-27,2011-07-04,2011-07-09,699.0,1,699.0
SO45012,3651,132,2011-06-27,2011-07-04,2011-07-09,699.0,1,699.0
SO45013,7484,99,2011-06-27,2011-07-04,2011-07-09,3578.0,1,3578.0
SO45014,14706,111,2011-06-27,2011-07-04,2011-07-09,699.0,1,699.0
SO45014,14706,112,2011-06-27,2011-07-04,2011-07-09,699.0,1,699.0
SO45015,361,135,2011-06-27,2011-07-04,2011-07-09,3400.0,1,3400.0
SO45016,3771,99,2011-06-28,2011-07-05,2011-07-10,3578.0,1,3578.0
SO45017,17827,101,2011-06-28,2011-07-05,2011-07-10,3578.0,1,3578.0
SO45018,7495,102,2011-06-28,2011-07-05,2011-07-10,3578.0,1,3578.0
SO45019,7692,102,2011-06-28,2011-07-05,2011-07-10,3578.0,1,3578.0
SO45020,7333,100,2011-06-28,2011-07-05,2011-07-10,3578.0,1,3578.0
SO45021,359,137,2011-06-28,2011-07-05,2011-07-10,3375.0,1,3375.0
SO45022,448,139,2011-06-28,2011-07-05,2011-07-10,3375.0,1,3375.0
SO45023,2808,99,2011-06-28,2011-07-05,2011-07-10,3578.0,1,3578.0
SO45024,18476,133,2011-06-29,2011-07-06,2011-07-11,3400.0,1,3400.0
SO45025,18071,100,2011-06-29,2011-07-06,2011-07-11,3578.0,1,3578.0
SO45026,14963,133,2011-06-29,2011-07-06,2011-07-11,3400.0,1,3400.0
SO45027,17872,103,2011-06-29,2011-07-06,2011-07-11,3578.0,1,3578.0
SO45028,7703,103,2011-06-29,2011-07-06,2011-07-11,3578.0,1,3578.0
SO45029,7332,100,2011-06-29,2011-07-06,2011-07-11,3578.0,1,3578.0
SO45030,451,137,2011-06-29,2011-07-06,2011-07-11,3375.0,1,3375.0
SO45031,3793,102,2011-06-30,2011-07-07,2011-07-12,3578.0,1,3578.0
SO45032,3140,100,2011-06-30,2011-07-07,2011-07-12,3578.0,1,3578.0
SO45033,18139,101,2011-06-30,2011-07-07,2011-07-12,3578.0,1,3578.0
SO45034,17823,99,2011-06-30,2011-07-07,2011-07-12,3578.0,1,3578.0
SO45035,17840,99,2011-06-30,2011-07-07,2011-07-12,3578.0,1,3578.0
SO45036,17847,100,2011-06-30,2011-07-07,2011-07-12,3578.0,1,3578.0
SO45037,14705,121,2011-06-30,2011-07-07,2011-07-12,699.0,1,699.0
SO45037,14705,122,2011-06-30,2011-07-07,2011-07-12,699.0,1,699.0
SO45078,1495,102,2011-07-01,2011-07-08,2011-07-13,3578.0,1,3578.0
SO45079,18256,101,2011-07-01,2011-07-08,2011-07-13,3578.0,1,3578.0
SO45080,3658,121,2011-07-01,2011-07-08,2011-07-13,699.0,1,699.0
SO45080,3658,122,2011-07-01,2011-07-08,2011-07-13,699.0,1,699.0
SO45081,15783,127,2011-07-01,2011-07-08,2011-07-13,699.0,1,699.0
SO45081,15783,128,2011-07-01,2011-07-08,2011-07-13,699.0,1,699.0
SO45082,456,139,2011-07-01,2011-07-08,2011-07-13,3375.0,1,3375.0
SO45083,3948,101,2011-07-02,2011-07-09,2011-07-14,3578.0,1,3578.0
SO45084,18144,99,2011-07-02,2011-07-09,2011-07-14,3578.0,1,3578.0
SO45085,7747,101,2011-07-02,2011-07-09,2011-07-14,3578.0,1,3578.0
SO45086,7748,103,2011-07-02,2011-07-09,2011-07-14,3578.0,1,3578.0
SO45087,389,139,2011-07-03,2011-07-10,2011-07-15,3375.0,1,3375.0
SO45088,399,134,2011-07-03,2011-07-10,2011-07-15,3400.0,1,3400.0
SO45089,14978,140,2011-07-03,2011-07-10,2011-07-15,3375.0,1,3375.0
SO45090,18171,99,2011-07-03,2011-07-10,2011-07-15,3578.0,1,3578.0
SO45091,7910,103,2011-07-03,2011-07-10,2011-07-15,3578.0,1,3578.0
SO45092,7900,102,2011-07-03,2011-07-10,2011-07-15,3578.0,1,3578.0
SO45093,7907,101,2011-07-03,2011-07-10,2011-07-15,3578.0,1,3578.0
SO45094,11786,99,2011-07-03,2011-07-10,2011-07-15,3578.0,1,3578.0
SO45095,395,133,2011-07-04,2011-07-11,2011-07-16,3400.0,1,3400.0
SO45096,1484,101,2011-07-04,2011-07-11,2011-07-16,3578.0,1,3578.0
SO45097,18152,102,2011-07-04,2011-07-11,2011-07-16,3578.0,1,3578.0
SO45098,18168,99,2011-07-04,2011-07-11,2011-07-16,3578.0,1,3578.0
SO45099,18175,101,2011-07-04,2011-07-11,2011-07-16,3578.0,1,3578.0
SO45100,8429,115,2011-07-05,2011-07-12,2011-07-17,699.0,1,699.0
SO45100,8429,116,2011-07-05,2011-07-12,2011-07-17,699.0,1,699.0
SO45101,11749,102,2011-07-05,2011-07-12,2011-07-17,3578.0,1,3578.0
SO45102,18275,99,2011-07-05,2011-07-12,2011-07-17,3578.0,1,3578.0
SO45103,18141,99,2011-07-06,2011-07-13,2011-07-18,3578.0,1,3578.0
SO45104,18143,99,2011-07-06,2011-07-13,2011-07-18,3578.0,1,3578.0
SO45105,11766,101,2011-07-06,2011-07-13,2011-07-18,3578.0,1,3578.0
SO45106,8988,137,2011-07-06,2011-07-13,2011-07-18,3375.0,1,3375.0
SO45107,18276,101,2011-07-06,2011-07-13,2011-07-18,3578.0,1,3578.0
SO45108,11976,99,2011-07-06,2011-07-13,2011-07-18,3578.0,1,3578.0
SO45109,3938,100,2011-07-07,2011-07-14,2011-07-19,3578.0,1,3578.0
SO45110,7711,100,2011-07-07,2011-07-14,2011-07-19,3578.0,1,3578.0
SO45111,14714,115,2011-07-07,2011-07-14,2011-07-19,699.0,1,699.0
SO45111,14714,116,2011-07-07,2011-07-14,2011-07-19,699.0,1,699.0
SO45112,9559,113,2011-07-07,2011-07-14,2011-07-19,699.0,1,699.0
SO45112,9559,114,2011-07-07,2011-07-14,2011-07-19,699.0,1,699.0
SO45113,18142,102,2011-07-08,2011-07-15,2011-07-20,3578.0,1,3578.0
SO45114,18147,99,2011-07-08,2011-07-15,2011-07-20,3578.0,1,3578.0
SO45115,14985,137,2011-07-08,2011-07-15,2011-07-20,3375.0,1,3375.0
SO45116,18205,100,2011-07-08,2011-07-15,2011-07-20,3578.0,1,3578.0
SO45117,3728,131,2011-07-08,2011-07-15,2011-07-20,699.0,1,699.0
SO45117,3728,132,2011-07-08,2011-07-15,2011-07-20,699.0,1,699.0
SO45118,7723,103,2011-07-08,2011-07-15,2011-07-20,3578.0,1,3578.0
SO45119,7741,103,2011-07-08,2011-07-15,2011-07-20,3578.0,1,3578.0
SO45120,752,133,2011-07-08,2011-07-15,2011-07-20,3400.0,1,3400.0
SO45121,18170,99,2011-07-09,2011-07-16,2011-07-21,3578.0,1,3578.0
SO45122,18237,103,2011-07-09,2011-07-16,2011-07-21,3578.0,1,3578.0
SO45123,11972,100,2011-07-09,2011-07-16,2011-07-21,3578.0,1,3578.0
SO45124,7726,102,2011-07-09,2011-07-16,2011-07-21,3578.0,1,3578.0
SO45125,7709,101,2011-07-09,2011-07-16,2011-07-21,3578.0,1,3578.0
SO45126,1481,100,2011-07-10,2011-07-17,2011-07-22,3578.0,1,3578.0
SO45127,18159,102,2011-07-10,2011-07-17,2011-07-22,3578.0,1,3578.0
SO45128,7727,99,2011-07-10,2011-07-17,2011-07-22,3578.0,1,3578.0
SO45129,760,139,2011-07-10,2011-07-17,2011-07-22,3375.0,1,3375.0
SO45130,3976,102,2011-07-11,2011-07-18,2011-07-23,3578.0,1,3578.0
SO45131,14980,133,2011-07-11,2011-07-18,2011-07-23,3400.0,1,3400.0
SO45132,14986,139,2011-07-11,2011-07-18,2011-07-23,3375.0,1,3375.0
SO45133,18164,103,2011-07-11,2011-07-18,2011-07-23,3578.0,1,3578.0
SO45134,11896,103,2011-07-11,2011-07-18,2011-07-23,3578.0,1,3578.0
SO45135,18265,99,2011-07-11,2011-07-18,2011-07-23,3578.0,1,3578.0
SO45136,8085,101,2011-07-11,2011-07-18,2011-07-23,3578.0,1,3578.0
SO45137,7736,99,2011-07-11,2011-07-18,2011-07-23,3578.0,1,3578.0
SO45138,453,138,2011-07-11,2011-07-18,2011-07-23,3375.0,1,3375.0
SO45139,1469,103,2011-07-12,2011-07-19,2011-07-24,3578.0,1,3578.0
SO45140,1486,101,2011-07-12,2011-07-19,2011-07-24,3578.0,1,3578.0
SO45141,18223,101,2011-07-12,2011-07-19,2011-07-24,3578.0,1,3578.0
SO45142,11902,100,2011-07-12,2011-07-19,2011-07-24,3578.0,1,3578.0
SO45143,18279,99,2011-07-12,2011-07-19,2011-07-24,3578.0,1,3578.0
SO45144,8094,100,2011-07-12,2011-07-19,2011-07-24,3578.0,1,3578.0
SO45145,7717,103,2011-07-12,2011-07-19,2011-07-24,3578.0,1,3578.0
SO45146,3951,99,2011-07-13,2011-07-20,2011-07-25,3578.0,1,3578.0
SO45147,18167,101,2011-07-13,2011-07-20,2011-07-25,3578.0,1,3578.0
SO45148,3657,131,2011-07-13,2011-07-20,2011-07-25,699.0,1,699.0
SO45148,3657,132,2011-07-13,2011-07-20,2011-07-25,699.0,1,699.0
SO45149,3942,103,2011-07-14,2011-07-21,2011-07-26,3578.0,1,3578.0
SO45150,14981,135,2011-07-14,2011-07-21,2011-07-26,3400.0,1,3400.0
SO45151,18203,103,2011-07-14,2011-07-21,2011-07-26,3578.0,1,3578.0
SO45152,18277,99,2011-07-14,2011-07-21,2011-07-26,3578.0,1,3578.0
SO45153,8090,99,2011-07-14,2011-07-21,2011-07-26,3578.0,1,3578.0
SO45154,7768,102,2011-07-14,2011-07-21,2011-07-26,3578.0,1,3578.0
SO45155,7901,101,2011-07-14,2011-07-21,2011-07-26,3578.0,1,3578.0
SO45156,466,133,2011-07-14,2011-07-21,2011-07-26,3400.0,1,3400.0
SO45157,751,133,2011-07-14,2011-07-21,2011-07-26,3400.0,1,3400.0
SO45158,17420,133,2011-07-15,2011-07-22,2011-07-27,3400.0,1,3400.0
SO45159,401,138,2011-07-15,2011-07-22,2011-07-27,3375.0,1,3375.0
SO45160,3985,99,2011-07-15,2011-07-22,2011-07-27,3578.0,1,3578.0
SO45161,14979,138,2011-07-15,2011-07-22,2011-07-27,3375.0,1,3375.0
SO45162,7722,101,2011-07-15,2011-07-22,2011-07-27,3578.0,1,3578.0
SO45163,14715,117,2011-07-15,2011-07-22,2011-07-27,699.0,1,699.0
SO45163,14715,118,2011-07-15,2011-07-22,2011-07-27,699.0,1,699.0
SO45164,454,138,2011-07-15,2011-07-22,2011-07-27,3375.0,1,3375.0
SO45165,11882,102,2011-07-16,2011-07-23,2011-07-28,3578.0,1,3578.0
SO45166,8084,101,2011-07-16,2011-07-23,2011-07-28,3578.0,1,3578.0
SO45167,7707,100,2011-07-16,2011-07-23,2011-07-28,3578.0,1,3578.0
SO45168,7739,101,2011-07-16,2011-07-23,2011-07-28,3578.0,1,3578.0
SO45169,7767,103,2011-07-16,2011-07-23,2011-07-28,3578.0,1,3578.0
SO45170,463,140,2011-07-16,2011-07-23,2011-07-28,3375.0,1,3375.0
SO45171,755,134,2011-07-16,2011-07-23,2011-07-28,3400.0,1,3400.0
SO45172,7009,123,2011-07-17,2011-07-24,2011-07-29,699.0,1,699.0
SO45172,7009,124,2011-07-17,2011-07-24,2011-07-29,699.0,1,699.0
SO45173,18158,103,2011-07-17,2011-07-24,2011-07-29,3578.0,1,3578.0
SO45174,18199,102,2011-07-17,2011-07-24,2011-07-29,3578.0,1,3578.0
SO45175,18239,102,2011-07-17,2011-07-24,2011-07-29,3578.0,1,3578.0
SO45176,18255,102,2011-07-17,2011-07-24,2011-07-29,3578.0,1,3578.0
SO45177,7904,103,2011-07-17,2011-07-24,2011-07-29,3578.0,1,3578.0
SO45178,457,136,2011-07-17,2011-07-24,2011-07-29,3400.0,1,3400.0
SO45179,458,140,2011-07-17,2011-07-24,2011-07-29,3375.0,1,3375.0
SO45180,4047,100,2011-07-18,2011-07-25,2011-07-30,3578.0,1,3578.0
SO45181,3930,99,2011-07-18,2011-07-25,2011-07-30,3578.0,1,3578.0
SO45182,7770,101,2011-07-18,2011-07-25,2011-07-30,3578.0,1,3578.0
SO45183,14712,123,2011-07-18,2011-07-25,2011-07-30,699.0,1,699.0
SO45183,14712,124,2011-07-18,2011-07-25,2011-07-30,699.0,1,699.0
SO45184,14718,109,2011-07-18,2011-07-25,2011-07-30,699.0,1,699.0
SO45184,14718,110,2011-07-18,2011-07-25,2011-07-30,699.0,1,699.0
SO45185,3950,99,2011-07-18,2011-07-25,2011-07-30,3578.0,1,3578.0
SO45186,3992,102,2011-07-19,2011-07-26,2011-07-31,3578.0,1,3578.0
SO45187,4048,99,2011-07-19,2011-07-26,2011-07-31,3578.0,1,3578.0
SO45188,3862,100,2011-07-19,2011-07-26,2011-07-31,3578.0,1,3578.0
SO45189,18146,99,2011-07-19,2011-07-26,2011-07-31,3578.0,1,3578.0
SO45190,7932,102,2011-07-19,2011-07-26,2011-07-31,3578.0,1,3578.0
SO45191,3661,117,2011-07-19,2011-07-26,2011-07-31,699.0,1,699.0
SO45191,3661,118,2011-07-19,2011-07-26,2011-07-31,699.0,1,699.0
SO45192,3847,103,2011-07-20,2011-07-27,2011-08-01,3578.0,1,3578.0
SO45193,11890,99,2011-07-20,2011-07-27,2011-08-01,3578.0,1,3578.0
SO45194,18222,102,2011-07-20,2011-07-27,2011-08-01,3578.0,1,3578.0
SO45195,7930,102,2011-07-20,2011-07-27,2011-08-01,3578.0,1,3578.0
SO45196,7740,100,2011-07-20,2011-07-27,2011-08-01,3578.0,1,3578.0
SO45197,7903,103,2011-07-20,2011-07-27,2011-08-01,3578.0,1,3578.0
SO45198,3848,102,2011-07-21,2011-07-28,2011-08-02,3578.0,1,3578.0
SO45199,18477,135,2011-07-21,2011-07-28,2011-08-02,3400.0,1,3400.0
SO45200,18149,100,2011-07-21,2011-07-28,2011-08-02,3578.0,1,3578.0
SO45201,18169,101,2011-07-21,2011-07-28,2011-08-02,3578.0,1,3578.0
SO45202,8095,103,2011-07-21,2011-07-28,2011-08-02,3578.0,1,3578.0
SO45203,7908,103,2011-07-21,2011-07-28,2011-08-02,3578.0,1,3578.0
SO45204,461,134,2011-07-21,2011-07-28,2011-08-02,3400.0,1,3400.0
SO45205,17421,133,2011-07-22,2011-07-29,2011-08-03,3400.0,1,3400.0
SO45206,1475,102,2011-07-22,2011-07-29,2011-08-03,3578.0,1,3578.0
SO45207,18157,101,2011-07-22,2011-07-29,2011-08-03,3578.0,1,3578.0
SO45208,8885,133,2011-07-22,2011-07-29,2011-08-03,3400.0,1,3400.0
SO45209,18202,103,2011-07-22,2011-07-29,2011-08-03,3578.0,1,3578.0
SO45210,18240,100,2011-07-22,2011-07-29,2011-08-03,3578.0,1,3578.0
SO45211,7725,100,2011-07-22,2011-07-29,2011-08-03,3578.0,1,3578.0
SO45212,7730,103,2011-07-22,2011-07-29,2011-08-03,3578.0,1,3578.0
SO45213,465,138,2011-07-22,2011-07-29,2011-08-03,3375.0,1,3375.0
SO45214,1465,99,2011-07-23,2011-07-30,2011-08-04,3578.0,1,3578.0
SO45215,18209,101,2011-07-23,2011-07-30,2011-08-04,3578.0,1,3578.0
SO45216,18262,102,2011-07-23,2011-07-30,2011-08-04,3578.0,1,3578.0
SO45217,18145,103,2011-07-24,2011-07-31,2011-08-05,3578.0,1,3578.0
SO45218,14983,134,2011-07-24,2011-07-31,2011-08-05,3400.0,1,3400.0
SO45219,11894,102,2011-07-24,2011-07-31,2011-08-05,3578.0,1,3578.0
SO45220,18208,101,2011-07-24,2011-07-31,2011-08-05,3578.0,1,3578.0
SO45221,11904,103,2011-07-24,2011-07-31,2011-08-05,3578.0,1,3578.0
SO45222,3729,119,2011-07-24,2011-07-31,2011-08-05,699.0,1,699.0
SO45222,3729,120,2011-07-24,2011-07-31,2011-08-05,699.0,1,699.0
SO45223,7931,101,2011-07-24,2011-07-31,2011-08-05,3578.0,1,3578.0
SO45224,7724,100,2011-07-24,2011-07-31,2011-08-05,3578.0,1,3578.0
SO45225,3654,127,2011-07-25,2011-08-01,2011-08-06,699.0,1,699.0
SO45225,3654,128,2011-07-25,2011-08-01,2011-08-06,699.0,1,699.0
SO45226,3663,131,2011-07-25,2011-08-01,2011-08-06,699.0,1,699.0
SO45226,3663,132,2011-07-25,2011-08-01,2011-08-06,699.0,1,699.0
SO45227,3727,111,2011-07-25,2011-08-01,2011-08-06,699.0,1,699.0
SO45227,3727,112,2011-07-25,2011-08-01,2011-08-06,699.0,1,699.0
SO45228,7769,103,2011-07-25,2011-08-01,2011-08-06,3578.0,1,3578.0
SO45229,388,138,2011-07-26,2011-08-02,2011-08-07,3375.0,1,3375.0
SO45230,18243,102,2011-07-26,2011-08-02,2011-08-07,3578.0,1,3578.0
SO45231,7909,103,2011-07-26,2011-08-02,2011-08-07,3578.0,1,3578.0
SO45232,7737,99,2011-07-26,2011-08-02,2011-08-07,3578.0,1,3578.0
SO45233,473,133,2011-07-26,2011-08-02,2011-08-07,3400.0,1,3400.0
SO45234,7010,117,2011-07-27,2011-08-03,2011-08-08,699.0,1,699.0
SO45234,7010,118,2011-07-27,2011-08-03,2011-08-08,699.0,1,699.0
SO45235,18148,103,2011-07-27,2011-08-03,2011-08-08,3578.0,1,3578.0
SO45236,7732,101,2011-07-27,2011-08-03,2011-08-08,3578.0,1,3578.0
SO45237,7738,103,2011-07-27,2011-08-03,2011-08-08,3578.0,1,3578.0
SO45238,460,135,2011-07-27,2011-08-03,2011-08-08,3400.0,1,3400.0
SO45239,8421,117,2011-07-28,2011-08-04,2011-08-09,699.0,1,699.0
SO45239,8421,118,2011-07-28,2011-08-04,2011-08-09,699.0,1,699.0
SO45240,18156,99,2011-07-28,2011-08-04,2011-08-09,3578.0,1,3578.0
SO45241,18204,100,2011-07-28,2011-08-04,2011-08-09,3578.0,1,3578.0
SO45242,18224,100,2011-07-28,2011-08-04,2011-08-09,3578.0,1,3578.0
SO45243,14716,123,2011-07-28,2011-08-04,2011-08-09,699.0,1,699.0
SO45243,14716,124,2011-07-28,2011-08-04,2011-08-09,699.0,1,699.0
SO45244,757,139,2011-07-28,2011-08-04,2011-08-09,3375.0,1,3375.0
SO45245,7929,99,2011-07-29,2011-08-05,2011-08-10,3578.0,1,3578.0
SO45246,7710,99,2011-07-29,2011-08-05,2011-08-10,3578.0,1,3578.0
SO45247,14717,123,2011-07-29,2011-08-05,2011-08-10,699.0,1,699.0
SO45247,14717,124,2011-07-29,2011-08-05,2011-08-10,699.0,1,699.0
SO45248,452,133,2011-07-29,2011-08-05,2011-08-10,3400.0,1,3400.0
SO45249,3929,99,2011-07-30,2011-08-06,2011-08-11,3578.0,1,3578.0
SO45250,3148,99,2011-07-30,2011-08-06,2011-08-11,3578.0,1,3578.0
SO45251,8423,123,2011-07-30,2011-08-06,2011-08-11,699.0,1,699.0
SO45251,8423,124,2011-07-30,2011-08-06,2011-08-11,699.0,1,699.0
SO45252,11878,101,2011-07-30,2011-08-06,2011-08-11,3578.0,1,3578.0
SO45253,18238,103,2011-07-30,2011-08-06,2011-08-11,3578.0,1,3578.0
SO45254,18253,103,2011-07-30,2011-08-06,2011-08-11,3578.0,1,3578.0
SO45255,18259,103,2011-07-30,2011-08-06,2011-08-11,3578.0,1,3578.0
SO45256,3665,125,2011-07-30,2011-08-06,2011-08-11,699.0,1,699.0
SO45256,3665,126,2011-07-30,2011-08-06,2011-08-11,699.0,1,699.0
SO45257,7719,103,2011-07-30,2011-08-06,2011-08-11,3578.0,1,3578.0
SO45258,14713,129,2011-07-30,2011-08-06,2011-08-11,699.0,1,699.0
SO45258,14713,130,2011-07-30,2011-08-06,2011-08-11,699.0,1,699.0
SO45259,18226,103,2011-07-31,2011-08-07,2011-08-12,3578.0,1,3578.0
SO45260,18151,99,2011-07-31,2011-08-07,2011-08-12,3578.0,1,3578.0
SO45261,18176,101,2011-07-31,2011-08-07,2011-08-12,3578.0,1,3578.0
SO45262,18266,102,2011-07-31,2011-08-07,2011-08-12,3578.0,1,3578.0
SO45263,3723,129,2011-07-31,2011-08-07,2011-08-12,699.0,1,699.0
SO45263,3723,130,2011-07-31,2011-08-07,2011-08-12,699.0,1,699.0
SO45264,455,138,2011-07-31,2011-08-07,2011-08-12,3375.0,1,3375.0
SO45265,462,139,2011-07-31,2011-08-07,2011-08-12,3375.0,1,3375.0
SO45345,4049,102,2011-08-01,2011-08-08,2011-08-13,3578.0,1,3578.0
SO45346,17649,101,2011-08-01,2011-08-08,2011-08-13,3578.0,1,3578.0
SO45347,3734,131,2011-08-01,2011-08-08,2011-08-13,699.0,1,699.0
SO45347,3734,132,2011-08-01,2011-08-08,2011-08-13,699.0,1,699.0
SO45348,8563,100,2011-08-01,2011-08-08,2011-08-13,3578.0,1,3578.0
SO45349,8569,101,2011-08-01,2011-08-08,2011-08-13,3578.0,1,3578.0
SO45350,8614,100,2011-08-01,2011-08-08,2011-08-13,3578.0,1,3578.0
SO45351,1521,102,2011-08-02,2011-08-09,2011-08-14,3578.0,1,3578.0
SO45352,4082,102,2011-08-02,2011-08-09,2011-08-14,3578.0,1,3578.0
SO45353,17631,99,2011-08-02,2011-08-09,2011-08-14,3578.0,1,3578.0
SO45354,8433,129,2011-08-02,2011-08-09,2011-08-14,699.0,1,699.0
SO45354,8433,130,2011-08-02,2011-08-09,2011-08-14,699.0,1,699.0
SO45355,17779,101,2011-08-02,2011-08-09,2011-08-14,3578.0,1,3578.0
SO45356,8097,102,2011-08-02,2011-08-09,2011-08-14,3578.0,1,3578.0
SO45357,17444,140,2011-08-03,2011-08-10,2011-08-15,3375.0,1,3375.0
SO45358,12173,101,2011-08-03,2011-08-10,2011-08-15,3578.0,1,3578.0
SO45359,228,102,2011-08-03,2011-08-10,2011-08-15,3578.0,1,3578.0
SO45360,17037,102,2011-08-03,2011-08-10,2011-08-15,3578.0,1,3578.0
SO45361,12058,101,2011-08-03,2011-08-10,2011-08-15,3578.0,1,3578.0
SO45362,8272,102,2011-08-03,2011-08-10,2011-08-15,3578.0,1,3578.0
SO45363,8566,101,2011-08-03,2011-08-10,2011-08-15,3578.0,1,3578.0
SO45364,3162,100,2011-08-04,2011-08-11,2011-08-16,3578.0,1,3578.0
SO45365,4079,102,2011-08-04,2011-08-11,2011-08-16,3578.0,1,3578.0
SO45366,7012,119,2011-08-04,2011-08-11,2011-08-16,699.0,1,699.0
SO45366,7012,120,2011-08-04,2011-08-11,2011-08-16,699.0,1,699.0
SO45367,9562,117,2011-08-04,2011-08-11,2011-08-16,699.0,1,699.0
SO45367,9562,118,2011-08-04,2011-08-11,2011-08-16,699.0,1,699.0
SO45368,3733,117,2011-08-04,2011-08-11,2011-08-16,699.0,1,699.0
SO45368,3733,118,2011-08-04,2011-08-11,2011-08-16,699.0,1,699.0
SO45369,8270,103,2011-08-04,2011-08-11,2011-08-16,3578.0,1,3578.0
SO45370,8271,101,2011-08-04,2011-08-11,2011-08-16,3578.0,1,3578.0
SO45371,4063,99,2011-08-05,2011-08-12,2011-08-17,3578.0,1,3578.0
SO45372,17450,137,2011-08-05,2011-08-12,2011-08-17,3375.0,1,3375.0
SO45373,14995,138,2011-08-05,2011-08-12,2011-08-17,3375.0,1,3375.0
SO45374,11997,101,2011-08-05,2011-08-12,2011-08-17,3578.0,1,3578.0
SO45375,8597,102,2011-08-05,2011-08-12,2011-08-17,3578.0,1,3578.0
SO45376,762,133,2011-08-05,2011-08-12,2011-08-17,3400.0,1,3400.0
SO45377,4078,102,2011-08-06,2011-08-13,2011-08-18,3578.0,1,3578.0
SO45378,17179,99,2011-08-06,2011-08-13,2011-08-18,3578.0,1,3578.0
SO45379,17364,102,2011-08-06,2011-08-13,2011-08-18,3578.0,1,3578.0
SO45380,7011,113,2011-08-06,2011-08-13,2011-08-18,699.0,1,699.0
SO45380,7011,114,2011-08-06,2011-08-13,2011-08-18,699.0,1,699.0
SO45381,8989,133,2011-08-06,2011-08-13,2011-08-18,3400.0,1,3400.0
SO45382,130,102,2011-08-06,2011-08-13,2011-08-18,3578.0,1,3578.0
SO45383,3735,121,2011-08-06,2011-08-13,2011-08-18,699.0,1,699.0
SO45383,3735,122,2011-08-06,2011-08-13,2011-08-18,699.0,1,699.0
SO45384,15790,127,2011-08-06,2011-08-13,2011-08-18,699.0,1,699.0
SO45384,15790,128,2011-08-06,2011-08-13,2011-08-18,699.0,1,699.0
SO45385,3736,123,2011-08-06,2011-08-13,2011-08-18,699.0,1,699.0
SO45385,3736,124,2011-08-06,2011-08-13,2011-08-18,699.0,1,699.0
SO45386,8608,101,2011-08-06,2011-08-13,2011-08-18,3578.0,1,3578.0
SO45387,225,99,2011-08-07,2011-08-14,2011-08-19,3578.0,1,3578.0
SO45388,14987,139,2011-08-07,2011-08-14,2011-08-19,3375.0,1,3375.0
SO45389,91,99,2011-08-07,2011-08-14,2011-08-19,3578.0,1,3578.0
SO45390,8561,99,2011-08-07,2011-08-14,2011-08-19,3578.0,1,3578.0
SO45391,8589,102,2011-08-07,2011-08-14,2011-08-19,3578.0,1,3578.0
SO45392,763,133,2011-08-07,2011-08-14,2011-08-19,3400.0,1,3400.0
SO45393,3172,101,2011-08-08,2011-08-15,2011-08-20,3578.0,1,3578.0
SO45394,469,137,2011-08-08,2011-08-15,2011-08-20,3375.0,1,3375.0
SO45395,18353,102,2011-08-08,2011-08-15,2011-08-20,3578.0,1,3578.0
SO45396,8595,101,2011-08-08,2011-08-15,2011-08-20,3578.0,1,3578.0
SO45397,4052,102,2011-08-09,2011-08-16,2011-08-21,3578.0,1,3578.0
SO45398,4060,101,2011-08-09,2011-08-16,2011-08-21,3578.0,1,3578.0
SO45399,8599,100,2011-08-09,2011-08-16,2011-08-21,3578.0,1,3578.0
SO45400,3163,102,2011-08-10,2011-08-17,2011-08-22,3578.0,1,3578.0
SO45401,4059,99,2011-08-10,2011-08-17,2011-08-22,3578.0,1,3578.0
SO45402,414,133,2011-08-10,2011-08-17,2011-08-22,3400.0,1,3400.0
SO45403,12115,103,2011-08-10,2011-08-17,2011-08-22,3578.0,1,3578.0
SO45404,218,99,2011-08-10,2011-08-17,2011-08-22,3578.0,1,3578.0
SO45405,12210,101,2011-08-10,2011-08-17,2011-08-22,3578.0,1,3578.0
SO45406,14988,140,2011-08-10,2011-08-17,2011-08-22,3375.0,1,3375.0
SO45407,18286,103,2011-08-10,2011-08-17,2011-08-22,3578.0,1,3578.0
SO45408,18327,103,2011-08-10,2011-08-17,2011-08-22,3578.0,1,3578.0
SO45409,8613,101,2011-08-10,2011-08-17,2011-08-22,3578.0,1,3578.0
SO45410,3150,99,2011-08-11,2011-08-18,2011-08-23,3578.0,1,3578.0
SO45411,17198,102,2011-08-11,2011-08-18,2011-08-23,3578.0,1,3578.0
SO45412,12138,99,2011-08-11,2011-08-18,2011-08-23,3578.0,1,3578.0
SO45413,192,101,2011-08-11,2011-08-18,2011-08-23,3578.0,1,3578.0
SO45414,7039,119,2011-08-11,2011-08-18,2011-08-23,699.0,1,699.0
SO45414,7039,120,2011-08-11,2011-08-18,2011-08-23,699.0,1,699.0
SO45415,17093,101,2011-08-11,2011-08-18,2011-08-23,3578.0,1,3578.0
SO45416,17162,99,2011-08-11,2011-08-18,2011-08-23,3578.0,1,3578.0
SO45417,17621,99,2011-08-11,2011-08-18,2011-08-23,3578.0,1,3578.0
SO45418,8265,100,2011-08-11,2011-08-18,2011-08-23,3578.0,1,3578.0
SO45419,8556,103,2011-08-11,2011-08-18,2011-08-23,3578.0,1,3578.0
SO45420,8562,102,2011-08-11,2011-08-18,2011-08-23,3578.0,1,3578.0
SO45421,8577,102,2011-08-11,2011-08-18,2011-08-23,3578.0,1,3578.0
SO45422,17199,99,2011-08-12,2011-08-19,2011-08-24,3578.0,1,3578.0
SO45423,8998,137,2011-08-12,2011-08-19,2011-08-24,3375.0,1,3375.0
SO45424,17166,100,2011-08-12,2011-08-19,2011-08-24,3578.0,1,3578.0
SO45425,4057,99,2011-08-13,2011-08-20,2011-08-25,3578.0,1,3578.0
SO45426,3165,101,2011-08-13,2011-08-20,2011-08-25,3578.0,1,3578.0
SO45427,18482,138,2011-08-13,2011-08-20,2011-08-25,3375.0,1,3375.0
SO45428,415,135,2011-08-13,2011-08-20,2011-08-25,3400.0,1,3400.0
SO45429,17130,99,2011-08-13,2011-08-20,2011-08-25,3578.0,1,3578.0
SO45430,17177,101,2011-08-13,2011-08-20,2011-08-25,3578.0,1,3578.0
SO45431,17014,100,2011-08-13,2011-08-20,2011-08-25,3578.0,1,3578.0
SO45432,3168,101,2011-08-14,2011-08-21,2011-08-26,3578.0,1,3578.0
SO45433,1548,99,2011-08-14,2011-08-21,2011-08-26,3578.0,1,3578.0
SO45434,253,100,2011-08-14,2011-08-21,2011-08-26,3578.0,1,3578.0
SO45435,9563,125,2011-08-14,2011-08-21,2011-08-26,699.0,1,699.0
SO45435,9563,126,2011-08-14,2011-08-21,2011-08-26,699.0,1,699.0
SO45436,17131,101,2011-08-14,2011-08-21,2011-08-26,3578.0,1,3578.0
SO45437,17170,101,2011-08-14,2011-08-21,2011-08-26,3578.0,1,3578.0
SO45438,18335,99,2011-08-14,2011-08-21,2011-08-26,3578.0,1,3578.0
SO45439,14824,115,2011-08-14,2011-08-21,2011-08-26,699.0,1,699.0
SO45439,14824,116,2011-08-14,2011-08-21,2011-08-26,699.0,1,699.0
SO45440,3199,101,2011-08-15,2011-08-22,2011-08-27,3578.0,1,3578.0
SO45441,217,101,2011-08-15,2011-08-22,2011-08-27,3578.0,1,3578.0
SO45442,18336,103,2011-08-15,2011-08-22,2011-08-27,3578.0,1,3578.0
SO45443,18351,102,2011-08-15,2011-08-22,2011-08-27,3578.0,1,3578.0
SO45444,8103,99,2011-08-15,2011-08-22,2011-08-27,3578.0,1,3578.0
SO45445,8106,99,2011-08-15,2011-08-22,2011-08-27,3578.0,1,3578.0
SO45446,14991,134,2011-08-16,2011-08-23,2011-08-28,3400.0,1,3400.0
SO45447,8559,102,2011-08-16,2011-08-23,2011-08-28,3578.0,1,3578.0
SO45448,14719,113,2011-08-16,2011-08-23,2011-08-28,699.0,1,699.0
SO45448,14719,114,2011-08-16,2011-08-23,2011-08-28,699.0,1,699.0
SO45449,3190,99,2011-08-17,2011-08-24,2011-08-29,3578.0,1,3578.0
SO45450,17625,101,2011-08-17,2011-08-24,2011-08-29,3578.0,1,3578.0
SO45451,18280,100,2011-08-17,2011-08-24,2011-08-29,3578.0,1,3578.0
SO45452,8560,103,2011-08-17,2011-08-24,2011-08-29,3578.0,1,3578.0
SO45453,1550,100,2011-08-18,2011-08-25,2011-08-30,3578.0,1,3578.0
SO45454,12075,101,2011-08-18,2011-08-25,2011-08-30,3578.0,1,3578.0
SO45455,3164,99,2011-08-19,2011-08-26,2011-08-31,3578.0,1,3578.0
SO45456,12114,101,2011-08-19,2011-08-26,2011-08-31,3578.0,1,3578.0
SO45457,16753,102,2011-08-19,2011-08-26,2011-08-31,3578.0,1,3578.0
SO45458,8600,100,2011-08-19,2011-08-26,2011-08-31,3578.0,1,3578.0
SO45459,8606,99,2011-08-19,2011-08-26,2011-08-31,3578.0,1,3578.0
SO45460,14823,123,2011-08-19,2011-08-26,2011-08-31,699.0,1,699.0
SO45460,14823,124,2011-08-19,2011-08-26,2011-08-31,699.0,1,699.0
SO45461,17647,100,2011-08-20,2011-08-27,2011-09-01,3578.0,1,3578.0
SO45462,17648,99,2011-08-20,2011-08-27,2011-09-01,3578.0,1,3578.0
SO45463,172,101,2011-08-20,2011-08-27,2011-09-01,3578.0,1,3578.0
SO45464,8587,103,2011-08-20,2011-08-27,2011-09-01,3578.0,1,3578.0
SO45465,14820,131,2011-08-20,2011-08-27,2011-09-01,699.0,1,699.0
SO45465,14820,132,2011-08-20,2011-08-27,2011-09-01,699.0,1,699.0
SO45466,8612,100,2011-08-21,2011-08-28,2011-09-02,3578.0,1,3578.0
SO45467,423,134,2011-08-22,2011-08-29,2011-09-03,3400.0,1,3400.0
SO45468,12165,100,2011-08-22,2011-08-29,2011-09-03,3578.0,1,3578.0
SO45469,8990,139,2011-08-22,2011-08-29,2011-09-03,3375.0,1,3375.0
SO45470,17178,101,2011-08-22,2011-08-29,2011-09-03,3578.0,1,3578.0
SO45471,18281,102,2011-08-22,2011-08-29,2011-09-03,3578.0,1,3578.0
SO45472,8096,102,2011-08-22,2011-08-29,2011-09-03,3578.0,1,3578.0
SO45473,8593,99,2011-08-22,2011-08-29,2011-09-03,3578.0,1,3578.0
SO45474,8596,99,2011-08-22,2011-08-29,2011-09-03,3578.0,1,3578.0
SO45475,8602,102,2011-08-22,2011-08-29,2011-09-03,3578.0,1,3578.0
SO45476,8615,103,2011-08-22,2011-08-29,2011-09-03,3578.0,1,3578.0
SO45477,3161,102,2011-08-23,2011-08-30,2011-09-04,3578.0,1,3578.0
SO45478,18355,102,2011-08-23,2011-08-30,2011-09-04,3578.0,1,3578.0
SO45479,8100,102,2011-08-23,2011-08-30,2011-09-04,3578.0,1,3578.0
SO45480,8565,102,2011-08-23,2011-08-30,2011-09-04,3578.0,1,3578.0
SO45481,8564,102,2011-08-23,2011-08-30,2011-09-04,3578.0,1,3578.0
SO45482,1523,99,2011-08-24,2011-08-31,2011-09-05,3578.0,1,3578.0
SO45483,3182,103,2011-08-24,2011-08-31,2011-09-05,3578.0,1,3578.0
SO45484,12268,102,2011-08-24,2011-08-31,2011-09-05,3578.0,1,3578.0
SO45485,258,101,2011-08-24,2011-08-31,2011-09-05,3578.0,1,3578.0
SO45486,3738,113,2011-08-24,2011-08-31,2011-09-05,699.0,1,699.0
SO45486,3738,114,2011-08-24,2011-08-31,2011-09-05,699.0,1,699.0
SO45487,8557,102,2011-08-24,2011-08-31,2011-09-05,3578.0,1,3578.0
SO45488,8578,100,2011-08-24,2011-08-31,2011-09-05,3578.0,1,3578.0
SO45489,8603,99,2011-08-24,2011-08-31,2011-09-05,3578.0,1,3578.0
SO45490,11977,102,2011-08-24,2011-08-31,2011-09-05,3578.0,1,3578.0
SO45491,16673,100,2011-08-25,2011-09-01,2011-09-06,3578.0,1,3578.0
SO45492,8430,119,2011-08-25,2011-09-01,2011-09-06,699.0,1,699.0
SO45492,8430,120,2011-08-25,2011-09-01,2011-09-06,699.0,1,699.0
SO45493,3732,109,2011-08-25,2011-09-01,2011-09-06,699.0,1,699.0
SO45493,3732,110,2011-08-25,2011-09-01,2011-09-06,699.0,1,699.0
SO45494,8610,99,2011-08-25,2011-09-01,2011-09-06,3578.0,1,3578.0
SO45495,14822,131,2011-08-25,2011-09-01,2011-09-06,699.0,1,699.0
SO45495,14822,132,2011-08-25,2011-09-01,2011-09-06,699.0,1,699.0
SO45496,18341,103,2011-08-26,2011-09-02,2011-09-07,3578.0,1,3578.0
SO45497,17355,100,2011-08-26,2011-09-02,2011-09-07,3578.0,1,3578.0
SO45498,17575,101,2011-08-26,2011-09-02,2011-09-07,3578.0,1,3578.0
SO45499,17627,103,2011-08-26,2011-09-02,2011-09-07,3578.0,1,3578.0
SO45500,190,101,2011-08-26,2011-09-02,2011-09-07,3578.0,1,3578.0
SO45501,14994,139,2011-08-26,2011-09-02,2011-09-07,3375.0,1,3375.0
SO45502,17174,103,2011-08-26,2011-09-02,2011-09-07,3578.0,1,3578.0
SO45503,11996,103,2011-08-26,2011-09-02,2011-09-07,3578.0,1,3578.0
SO45504,3731,129,2011-08-26,2011-09-02,2011-09-07,699.0,1,699.0
SO45504,3731,130,2011-08-26,2011-09-02,2011-09-07,699.0,1,699.0
SO45505,8594,102,2011-08-26,2011-09-02,2011-09-07,3578.0,1,3578.0
SO45506,8616,100,2011-08-26,2011-09-02,2011-09-07,3578.0,1,3578.0
SO45507,8617,103,2011-08-26,2011-09-02,2011-09-07,3578.0,1,3578.0
SO45508,1511,99,2011-08-27,2011-09-03,2011-09-08,3578.0,1,3578.0
SO45509,3149,99,2011-08-27,2011-09-03,2011-09-08,3578.0,1,3578.0
SO45510,11999,99,2011-08-27,2011-09-03,2011-09-08,3578.0,1,3578.0
SO45511,1524,100,2011-08-28,2011-09-04,2011-09-09,3578.0,1,3578.0
SO45512,176,101,2011-08-28,2011-09-04,2011-09-09,3578.0,1,3578.0
SO45513,14997,137,2011-08-28,2011-09-04,2011-09-09,3375.0,1,3375.0
SO45514,17052,103,2011-08-28,2011-09-04,2011-09-09,3578.0,1,3578.0
SO45515,8558,99,2011-08-28,2011-09-04,2011-09-09,3578.0,1,3578.0
SO45580,3429,99,2011-08-29,2011-09-05,2011-09-10,3578.0,1,3578.0
SO45581,264,102,2011-08-29,2011-09-05,2011-09-10,3578.0,1,3578.0
SO45582,17657,101,2011-08-29,2011-09-05,2011-09-10,3578.0,1,3578.0
SO45583,275,100,2011-08-29,2011-09-05,2011-09-10,3578.0,1,3578.0
SO45584,14829,125,2011-08-29,2011-09-05,2011-09-10,699.0,1,699.0
SO45584,14829,126,2011-08-29,2011-09-05,2011-09-10,699.0,1,699.0
SO45585,906,140,2011-08-29,2011-09-05,2011-09-10,3375.0,1,3375.0
SO45586,1614,100,2011-08-30,2011-09-06,2011-09-11,3578.0,1,3578.0
SO45587,532,99,2011-08-30,2011-09-06,2011-09-11,3578.0,1,3578.0
SO45588,276,102,2011-08-30,2011-09-06,2011-09-11,3578.0,1,3578.0
SO45589,8785,103,2011-08-30,2011-09-06,2011-09-11,3578.0,1,3578.0
SO45590,8764,100,2011-08-30,2011-09-06,2011-09-11,3578.0,1,3578.0
SO45591,14832,115,2011-08-30,2011-09-06,2011-09-11,699.0,1,699.0
SO45591,14832,116,2011-08-30,2011-09-06,2011-09-11,699.0,1,699.0
SO45592,898,134,2011-08-30,2011-09-06,2011-09-11,3400.0,1,3400.0
SO45593,4119,99,2011-08-31,2011-09-07,2011-09-12,3578.0,1,3578.0
SO45594,283,101,2011-08-31,2011-09-07,2011-09-12,3578.0,1,3578.0
SO45595,516,103,2011-08-31,2011-09-07,2011-09-12,3578.0,1,3578.0
SO45596,9565,121,2011-08-31,2011-09-07,2011-09-12,699.0,1,699.0
SO45596,9565,122,2011-08-31,2011-09-07,2011-09-12,699.0,1,699.0
SO45597,3741,117,2011-08-31,2011-09-07,2011-09-12,699.0,1,699.0
SO45597,3741,118,2011-08-31,2011-09-07,2011-09-12,699.0,1,699.0
SO45598,3745,129,2011-08-31,2011-09-07,2011-09-12,699.0,1,699.0
SO45598,3745,130,2011-08-31,2011-09-07,2011-09-12,699.0,1,699.0
SO45599,8795,101,2011-08-31,2011-09-07,2011-09-12,3578.0,1,3578.0
SO45600,8629,102,2011-08-31,2011-09-07,2011-09-12,3578.0,1,3578.0
SO45601,894,137,2011-08-31,2011-09-07,2011-09-12,3375.0,1,3375.0
SO45602,1608,101,2011-09-01,2011-09-08,2011-09-13,3578.0,1,3578.0
SO45603,297,101,2011-09-01,2011-09-08,2011-09-13,3578.0,1,3578.0
SO45604,318,103,2011-09-01,2011-09-08,2011-09-13,3578.0,1,3578.0
SO45605,627,100,2011-09-01,2011-09-08,2011-09-13,3578.0,1,3578.0
SO45606,8968,101,2011-09-01,2011-09-08,2011-09-13,3578.0,1,3578.0
SO45607,14831,119,2011-09-01,2011-09-08,2011-09-13,699.0,1,699.0
SO45607,14831,120,2011-09-01,2011-09-08,2011-09-13,699.0,1,699.0
SO45608,897,138,2011-09-01,2011-09-08,2011-09-13,3375.0,1,3375.0
SO45609,3775,100,2011-09-01,2011-09-08,2011-09-13,3578.0,1,3578.0
SO45610,304,99,2011-09-02,2011-09-09,2011-09-14,3578.0,1,3578.0
SO45611,536,99,2011-09-02,2011-09-09,2011-09-14,3578.0,1,3578.0
SO45612,3796,101,2011-09-02,2011-09-09,2011-09-14,3578.0,1,3578.0
SO45613,523,103,2011-09-03,2011-09-10,2011-09-15,3578.0,1,3578.0
SO45614,12386,101,2011-09-03,2011-09-10,2011-09-15,3578.0,1,3578.0
SO45615,7138,131,2011-09-03,2011-09-10,2011-09-15,699.0,1,699.0
SO45615,7138,132,2011-09-03,2011-09-10,2011-09-15,699.0,1,699.0
SO45616,3801,103,2011-09-03,2011-09-10,2011-09-15,3578.0,1,3578.0
SO45617,4355,100,2011-09-03,2011-09-10,2011-09-15,3578.0,1,3578.0
SO45618,1619,100,2011-09-03,2011-09-10,2011-09-15,3578.0,1,3578.0
SO45619,8788,100,2011-09-03,2011-09-10,2011-09-15,3578.0,1,3578.0
SO45620,8952,103,2011-09-03,2011-09-10,2011-09-15,3578.0,1,3578.0
SO45621,769,135,2011-09-03,2011-09-10,2011-09-15,3400.0,1,3400.0
SO45622,17471,133,2011-09-04,2011-09-11,2011-09-16,3400.0,1,3400.0
SO45623,3770,100,2011-09-04,2011-09-11,2011-09-16,3578.0,1,3578.0
SO45624,292,102,2011-09-04,2011-09-11,2011-09-16,3578.0,1,3578.0
SO45625,308,103,2011-09-04,2011-09-11,2011-09-16,3578.0,1,3578.0
SO45626,260,99,2011-09-04,2011-09-11,2011-09-16,3578.0,1,3578.0
SO45627,7040,113,2011-09-04,2011-09-11,2011-09-16,699.0,1,699.0
SO45627,7040,114,2011-09-04,2011-09-11,2011-09-16,699.0,1,699.0
SO45628,8796,103,2011-09-04,2011-09-11,2011-09-16,3578.0,1,3578.0
SO45629,893,136,2011-09-04,2011-09-11,2011-09-16,3400.0,1,3400.0
SO45630,900,140,2011-09-04,2011-09-11,2011-09-16,3375.0,1,3375.0
SO45631,238,139,2011-09-05,2011-09-12,2011-09-17,3375.0,1,3375.0
SO45632,3776,103,2011-09-05,2011-09-12,2011-09-17,3578.0,1,3578.0
SO45633,15012,140,2011-09-05,2011-09-12,2011-09-17,3375.0,1,3375.0
SO45634,8767,103,2011-09-05,2011-09-12,2011-09-17,3578.0,1,3578.0
SO45635,12352,102,2011-09-06,2011-09-13,2011-09-18,3578.0,1,3578.0
SO45636,303,100,2011-09-06,2011-09-13,2011-09-18,3578.0,1,3578.0
SO45637,526,103,2011-09-06,2011-09-13,2011-09-18,3578.0,1,3578.0
SO45638,3747,113,2011-09-06,2011-09-13,2011-09-18,699.0,1,699.0
SO45638,3747,114,2011-09-06,2011-09-13,2011-09-18,699.0,1,699.0
SO45639,8783,100,2011-09-06,2011-09-13,2011-09-18,3578.0,1,3578.0
SO45640,8965,100,2011-09-06,2011-09-13,2011-09-18,3578.0,1,3578.0
SO45641,12307,100,2011-09-07,2011-09-14,2011-09-19,3578.0,1,3578.0
SO45642,624,102,2011-09-07,2011-09-14,2011-09-19,3578.0,1,3578.0
SO45643,3542,99,2011-09-08,2011-09-15,2011-09-20,3578.0,1,3578.0
SO45644,17459,139,2011-09-08,2011-09-15,2011-09-20,3375.0,1,3375.0
SO45645,483,140,2011-09-08,2011-09-15,2011-09-20,3375.0,1,3375.0
SO45646,290,101,2011-09-08,2011-09-15,2011-09-20,3578.0,1,3578.0
SO45647,14998,136,2011-09-08,2011-09-15,2011-09-20,3400.0,1,3400.0
SO45648,8792,101,2011-09-08,2011-09-15,2011-09-20,3578.0,1,3578.0
SO45649,320,99,2011-09-09,2011-09-16,2011-09-21,3578.0,1,3578.0
SO45650,17653,101,2011-09-09,2011-09-16,2011-09-21,3578.0,1,3578.0
SO45651,8772,100,2011-09-09,2011-09-16,2011-09-21,3578.0,1,3578.0
SO45652,14827,123,2011-09-09,2011-09-16,2011-09-21,699.0,1,699.0
SO45652,14827,124,2011-09-09,2011-09-16,2011-09-21,699.0,1,699.0
SO45653,765,136,2011-09-09,2011-09-16,2011-09-21,3400.0,1,3400.0
SO45654,17479,137,2011-09-10,2011-09-17,2011-09-22,3375.0,1,3375.0
SO45655,324,101,2011-09-10,2011-09-17,2011-09-22,3578.0,1,3578.0
SO45656,618,102,2011-09-10,2011-09-17,2011-09-22,3578.0,1,3578.0
SO45657,267,100,2011-09-10,2011-09-17,2011-09-22,3578.0,1,3578.0
SO45658,271,101,2011-09-10,2011-09-17,2011-09-22,3578.0,1,3578.0
SO45659,15004,138,2011-09-10,2011-09-17,2011-09-22,3375.0,1,3375.0
SO45660,8798,101,2011-09-10,2011-09-17,2011-09-22,3578.0,1,3578.0
SO45661,14828,131,2011-09-10,2011-09-17,2011-09-22,699.0,1,699.0
SO45661,14828,132,2011-09-10,2011-09-17,2011-09-22,699.0,1,699.0
SO45662,907,139,2011-09-10,2011-09-17,2011-09-22,3375.0,1,3375.0
SO45663,902,136,2011-09-10,2011-09-17,2011-09-22,3400.0,1,3400.0
SO45664,3714,101,2011-09-11,2011-09-18,2011-09-23,3578.0,1,3578.0
SO45665,15005,135,2011-09-11,2011-09-18,2011-09-23,3400.0,1,3400.0
SO45666,3739,115,2011-09-11,2011-09-18,2011-09-23,699.0,1,699.0
SO45666,3739,116,2011-09-11,2011-09-18,2011-09-23,699.0,1,699.0
SO45667,8958,103,2011-09-11,2011-09-18,2011-09-23,3578.0,1,3578.0
SO45668,299,101,2011-09-12,2011-09-19,2011-09-24,3578.0,1,3578.0
SO45669,529,103,2011-09-12,2011-09-19,2011-09-24,3578.0,1,3578.0
SO45670,542,99,2011-09-12,2011-09-19,2011-09-24,3578.0,1,3578.0
SO45671,629,101,2011-09-12,2011-09-19,2011-09-24,3578.0,1,3578.0
SO45672,8439,129,2011-09-12,2011-09-19,2011-09-24,699.0,1,699.0
SO45672,8439,130,2011-09-12,2011-09-19,2011-09-24,699.0,1,699.0
SO45673,8791,101,2011-09-12,2011-09-19,2011-09-24,3578.0,1,3578.0
SO45674,8949,103,2011-09-12,2011-09-19,2011-09-24,3578.0,1,3578.0
SO45675,14830,129,2011-09-12,2011-09-19,2011-09-24,699.0,1,699.0
SO45675,14830,130,2011-09-12,2011-09-19,2011-09-24,699.0,1,699.0
SO45676,766,138,2011-09-12,2011-09-19,2011-09-24,3375.0,1,3375.0
SO45677,896,137,2011-09-12,2011-09-19,2011-09-24,3375.0,1,3375.0
SO45678,282,102,2011-09-13,2011-09-20,2011-09-25,3578.0,1,3578.0
SO45679,541,103,2011-09-13,2011-09-20,2011-09-25,3578.0,1,3578.0
SO45680,12284,99,2011-09-13,2011-09-20,2011-09-25,3578.0,1,3578.0
SO45681,8790,103,2011-09-13,2011-09-20,2011-09-25,3578.0,1,3578.0
SO45682,8951,101,2011-09-13,2011-09-20,2011-09-25,3578.0,1,3578.0
SO45683,3710,100,2011-09-14,2011-09-21,2011-09-26,3578.0,1,3578.0
SO45684,486,134,2011-09-14,2011-09-21,2011-09-26,3400.0,1,3400.0
SO45685,7133,111,2011-09-14,2011-09-21,2011-09-26,699.0,1,699.0
SO45685,7133,112,2011-09-14,2011-09-21,2011-09-26,699.0,1,699.0
SO45686,14999,135,2011-09-14,2011-09-21,2011-09-26,3400.0,1,3400.0
SO45687,15006,133,2011-09-14,2011-09-21,2011-09-26,3400.0,1,3400.0
SO45688,3742,109,2011-09-14,2011-09-21,2011-09-26,699.0,1,699.0
SO45688,3742,110,2011-09-14,2011-09-21,2011-09-26,699.0,1,699.0
SO45689,8774,101,2011-09-14,2011-09-21,2011-09-26,3578.0,1,3578.0
SO45690,8959,99,2011-09-14,2011-09-21,2011-09-26,3578.0,1,3578.0
SO45691,899,133,2011-09-14,2011-09-21,2011-09-26,3400.0,1,3400.0
SO45692,3426,102,2011-09-15,2011-09-22,2011-09-27,3578.0,1,3578.0
SO45693,4084,102,2011-09-15,2011-09-22,2011-09-27,3578.0,1,3578.0
SO45694,4098,101,2011-09-15,2011-09-22,2011-09-27,3578.0,1,3578.0
SO45695,293,100,2011-09-15,2011-09-22,2011-09-27,3578.0,1,3578.0
SO45696,327,103,2011-09-15,2011-09-22,2011-09-27,3578.0,1,3578.0
SO45697,517,103,2011-09-15,2011-09-22,2011-09-27,3578.0,1,3578.0
SO45698,3748,115,2011-09-15,2011-09-22,2011-09-27,699.0,1,699.0
SO45698,3748,116,2011-09-15,2011-09-22,2011-09-27,699.0,1,699.0
SO45699,3751,125,2011-09-15,2011-09-22,2011-09-27,699.0,1,699.0
SO45699,3751,126,2011-09-15,2011-09-22,2011-09-27,699.0,1,699.0
SO45700,279,99,2011-09-16,2011-09-23,2011-09-28,3578.0,1,3578.0
SO45701,539,100,2011-09-16,2011-09-23,2011-09-28,3578.0,1,3578.0
SO45702,7132,109,2011-09-16,2011-09-23,2011-09-28,699.0,1,699.0
SO45702,7132,110,2011-09-16,2011-09-23,2011-09-28,699.0,1,699.0
SO45703,8948,99,2011-09-16,2011-09-23,2011-09-28,3578.0,1,3578.0
SO45704,3773,101,2011-09-17,2011-09-24,2011-09-29,3578.0,1,3578.0
SO45705,12379,100,2011-09-17,2011-09-24,2011-09-29,3578.0,1,3578.0
SO45706,268,102,2011-09-17,2011-09-24,2011-09-29,3578.0,1,3578.0
SO45707,905,134,2011-09-17,2011-09-24,2011-09-29,3400.0,1,3400.0
SO45708,8766,102,2011-09-17,2011-09-24,2011-09-29,3578.0,1,3578.0
SO45709,8794,102,2011-09-17,2011-09-24,2011-09-29,3578.0,1,3578.0
SO45710,8964,99,2011-09-17,2011-09-24,2011-09-29,3578.0,1,3578.0
SO45711,8622,102,2011-09-17,2011-09-24,2011-09-29,3578.0,1,3578.0
SO45712,768,135,2011-09-17,2011-09-24,2011-09-29,3400.0,1,3400.0
SO45713,4089,103,2011-09-18,2011-09-25,2011-09-30,3578.0,1,3578.0
SO45714,535,101,2011-09-18,2011-09-25,2011-09-30,3578.0,1,3578.0
SO45715,8771,99,2011-09-18,2011-09-25,2011-09-30,3578.0,1,3578.0
SO45716,8784,99,2011-09-18,2011-09-25,2011-09-30,3578.0,1,3578.0
SO45717,326,99,2011-09-19,2011-09-26,2011-10-01,3578.0,1,3578.0
SO45718,273,100,2011-09-19,2011-09-26,2011-10-01,3578.0,1,3578.0
SO45719,9001,139,2011-09-19,2011-09-26,2011-10-01,3375.0,1,3375.0
SO45720,8654,102,2011-09-19,2011-09-26,2011-10-01,3578.0,1,3578.0
SO45721,767,134,2011-09-19,2011-09-26,2011-10-01,3400.0,1,3400.0
SO45722,909,140,2011-09-19,2011-09-26,2011-10-01,3375.0,1,3375.0
SO45723,291,100,2011-09-20,2011-09-27,2011-10-02,3578.0,1,3578.0
SO45724,1621,101,2011-09-20,2011-09-27,2011-10-02,3578.0,1,3578.0
SO45725,3790,101,2011-09-20,2011-09-27,2011-10-02,3578.0,1,3578.0
SO45726,1615,102,2011-09-20,2011-09-27,2011-10-02,3578.0,1,3578.0
SO45727,910,139,2011-09-20,2011-09-27,2011-10-02,3375.0,1,3375.0
SO45728,3427,102,2011-09-21,2011-09-28,2011-10-03,3578.0,1,3578.0
SO45729,4088,102,2011-09-21,2011-09-28,2011-10-03,3578.0,1,3578.0
SO45730,17472,139,2011-09-21,2011-09-28,2011-10-03,3375.0,1,3375.0
SO45731,287,99,2011-09-21,2011-09-28,2011-10-03,3578.0,1,3578.0
SO45732,538,100,2011-09-21,2011-09-28,2011-10-03,3578.0,1,3578.0
SO45733,625,100,2011-09-21,2011-09-28,2011-10-03,3578.0,1,3578.0
SO45734,631,103,2011-09-21,2011-09-28,2011-10-03,3578.0,1,3578.0
SO45735,8793,103,2011-09-21,2011-09-28,2011-10-03,3578.0,1,3578.0
SO45736,8961,99,2011-09-21,2011-09-28,2011-10-03,3578.0,1,3578.0
SO45737,8966,100,2011-09-21,2011-09-28,2011-10-03,3578.0,1,3578.0
SO45738,901,135,2011-09-21,2011-09-28,2011-10-03,3400.0,1,3400.0
SO45739,904,137,2011-09-21,2011-09-28,2011-10-03,3375.0,1,3375.0
SO45740,8787,103,2011-09-22,2011-09-29,2011-10-04,3578.0,1,3578.0
SO45741,8789,103,2011-09-22,2011-09-29,2011-10-04,3578.0,1,3578.0
SO45742,8621,101,2011-09-22,2011-09-29,2011-10-04,3578.0,1,3578.0
SO45743,8632,102,2011-09-22,2011-09-29,2011-10-04,3578.0,1,3578.0
SO45744,895,140,2011-09-22,2011-09-29,2011-10-04,3375.0,1,3375.0
SO45745,4090,101,2011-09-23,2011-09-30,2011-10-05,3578.0,1,3578.0
SO45746,12377,101,2011-09-23,2011-09-30,2011-10-05,3578.0,1,3578.0
SO45747,540,103,2011-09-23,2011-09-30,2011-10-05,3578.0,1,3578.0
SO45748,7047,121,2011-09-23,2011-09-30,2011-10-05,699.0,1,699.0
SO45748,7047,122,2011-09-23,2011-09-30,2011-10-05,699.0,1,699.0
SO45749,3798,100,2011-09-23,2011-09-30,2011-10-05,3578.0,1,3578.0
SO45750,15002,134,2011-09-23,2011-09-30,2011-10-05,3400.0,1,3400.0
SO45751,3740,129,2011-09-23,2011-09-30,2011-10-05,699.0,1,699.0
SO45751,3740,130,2011-09-23,2011-09-30,2011-10-05,699.0,1,699.0
SO45752,8773,103,2011-09-23,2011-09-30,2011-10-05,3578.0,1,3578.0
SO45753,8967,100,2011-09-23,2011-09-30,2011-10-05,3578.0,1,3578.0
SO45754,530,100,2011-09-24,2011-10-01,2011-10-06,3578.0,1,3578.0
SO45755,537,103,2011-09-24,2011-10-01,2011-10-06,3578.0,1,3578.0
SO45756,626,102,2011-09-24,2011-10-01,2011-10-06,3578.0,1,3578.0
SO45757,1562,101,2011-09-25,2011-10-02,2011-10-07,3578.0,1,3578.0
SO45758,4107,101,2011-09-25,2011-10-02,2011-10-07,3578.0,1,3578.0
SO45759,296,102,2011-09-25,2011-10-02,2011-10-07,3578.0,1,3578.0
SO45760,330,100,2011-09-25,2011-10-02,2011-10-07,3578.0,1,3578.0
SO45761,630,103,2011-09-25,2011-10-02,2011-10-07,3578.0,1,3578.0
SO45762,1622,101,2011-09-25,2011-10-02,2011-10-07,3578.0,1,3578.0
SO45763,8960,103,2011-09-25,2011-10-02,2011-10-07,3578.0,1,3578.0
SO45764,8653,99,2011-09-25,2011-10-02,2011-10-07,3578.0,1,3578.0
SO45765,246,139,2011-09-26,2011-10-03,2011-10-08,3375.0,1,3375.0
SO45766,298,101,2011-09-26,2011-10-03,2011-10-08,3578.0,1,3578.0
SO45767,300,99,2011-09-26,2011-10-03,2011-10-08,3578.0,1,3578.0
SO45768,325,99,2011-09-26,2011-10-03,2011-10-08,3578.0,1,3578.0
SO45769,328,103,2011-09-26,2011-10-03,2011-10-08,3578.0,1,3578.0
SO45770,8957,100,2011-09-26,2011-10-03,2011-10-08,3578.0,1,3578.0
SO45771,272,103,2011-09-27,2011-10-04,2011-10-09,3578.0,1,3578.0
SO45772,8786,102,2011-09-27,2011-10-04,2011-10-09,3578.0,1,3578.0
SO45773,8950,100,2011-09-27,2011-10-04,2011-10-09,3578.0,1,3578.0
SO45774,262,101,2011-09-27,2011-10-04,2011-10-09,3578.0,1,3578.0
SO45775,3208,103,2011-09-28,2011-10-05,2011-10-10,3578.0,1,3578.0
SO45776,12282,102,2011-09-28,2011-10-05,2011-10-10,3578.0,1,3578.0
SO45777,908,135,2011-09-28,2011-10-05,2011-10-10,3400.0,1,3400.0
SO45778,15003,140,2011-09-28,2011-10-05,2011-10-10,3375.0,1,3375.0
SO45816,831,102,2011-09-29,2011-10-06,2011-10-11,3578.0,1,3578.0
SO45817,3802,100,2011-09-29,2011-10-06,2011-10-11,3578.0,1,3578.0
SO45818,3869,117,2011-09-29,2011-10-06,2011-10-11,699.0,1,699.0
SO45818,3869,118,2011-09-29,2011-10-06,2011-10-11,699.0,1,699.0
SO45819,9161,101,2011-09-29,2011-10-06,2011-10-11,3578.0,1,3578.0
SO45820,14833,129,2011-09-29,2011-10-06,2011-10-11,699.0,1,699.0
SO45820,14833,130,2011-09-29,2011-10-06,2011-10-11,699.0,1,699.0
SO45821,15042,135,2011-09-30,2011-10-07,2011-10-12,3400.0,1,3400.0
SO45822,9247,101,2011-09-30,2011-10-07,2011-10-12,3578.0,1,3578.0
SO45823,9254,100,2011-09-30,2011-10-07,2011-10-12,3578.0,1,3578.0
SO45824,697,101,2011-10-01,2011-10-08,2011-10-13,3578.0,1,3578.0
SO45825,12726,103,2011-10-01,2011-10-08,2011-10-13,3578.0,1,3578.0
SO45826,12859,99,2011-10-01,2011-10-08,2011-10-13,3578.0,1,3578.0
SO45827,4441,101,2011-10-01,2011-10-08,2011-10-13,3578.0,1,3578.0
SO45828,3754,119,2011-10-01,2011-10-08,2011-10-13,699.0,1,699.0
SO45828,3754,120,2011-10-01,2011-10-08,2011-10-13,699.0,1,699.0
SO45829,9246,99,2011-10-01,2011-10-08,2011-10-13,3578.0,1,3578.0
SO45830,9152,103,2011-10-01,2011-10-08,2011-10-13,3578.0,1,3578.0
SO45831,9159,102,2011-10-01,2011-10-08,2011-10-13,3578.0,1,3578.0
SO45832,917,140,2011-10-01,2011-10-08,2011-10-13,3375.0,1,3375.0
SO45833,816,102,2011-10-02,2011-10-09,2011-10-14,3578.0,1,3578.0
SO45834,817,101,2011-10-02,2011-10-09,2011-10-14,3578.0,1,3578.0
SO45835,689,102,2011-10-02,2011-10-09,2011-10-14,3578.0,1,3578.0
SO45836,3824,100,2011-10-02,2011-10-09,2011-10-14,3578.0,1,3578.0
SO45837,15051,137,2011-10-02,2011-10-09,2011-10-14,3375.0,1,3375.0
SO45838,9214,100,2011-10-02,2011-10-09,2011-10-14,3578.0,1,3578.0
SO45839,916,138,2011-10-02,2011-10-09,2011-10-14,3375.0,1,3375.0
SO45840,247,138,2011-10-03,2011-10-10,2011-10-15,3375.0,1,3375.0
SO45841,1805,100,2011-10-03,2011-10-10,2011-10-15,3578.0,1,3578.0
SO45842,743,103,2011-10-03,2011-10-10,2011-10-15,3578.0,1,3578.0
SO45843,776,101,2011-10-03,2011-10-10,2011-10-15,3578.0,1,3578.0
SO45844,813,101,2011-10-03,2011-10-10,2011-10-15,3578.0,1,3578.0
SO45845,12567,100,2011-10-04,2011-10-11,2011-10-16,3578.0,1,3578.0
SO45846,12593,103,2011-10-04,2011-10-11,2011-10-16,3578.0,1,3578.0
SO45847,15016,134,2011-10-04,2011-10-11,2011-10-16,3400.0,1,3400.0
SO45848,3853,129,2011-10-04,2011-10-11,2011-10-16,699.0,1,699.0
SO45848,3853,130,2011-10-04,2011-10-11,2011-10-16,699.0,1,699.0
SO45849,9155,101,2011-10-04,2011-10-11,2011-10-16,3578.0,1,3578.0
SO45850,777,99,2011-10-05,2011-10-12,2011-10-17,3578.0,1,3578.0
SO45851,684,101,2011-10-05,2011-10-12,2011-10-17,3578.0,1,3578.0
SO45852,7144,129,2011-10-05,2011-10-12,2011-10-17,699.0,1,699.0
SO45852,7144,130,2011-10-05,2011-10-12,2011-10-17,699.0,1,699.0
SO45853,4454,102,2011-10-05,2011-10-12,2011-10-17,3578.0,1,3578.0
SO45854,4621,101,2011-10-05,2011-10-12,2011-10-17,3578.0,1,3578.0
SO45855,3755,127,2011-10-05,2011-10-12,2011-10-17,699.0,1,699.0
SO45855,3755,128,2011-10-05,2011-10-12,2011-10-17,699.0,1,699.0
SO45856,9248,100,2011-10-05,2011-10-12,2011-10-17,3578.0,1,3578.0
SO45857,920,140,2011-10-05,2011-10-12,2011-10-17,3375.0,1,3375.0
SO45858,953,139,2011-10-05,2011-10-12,2011-10-17,3375.0,1,3375.0
SO45859,1755,103,2011-10-06,2011-10-13,2011-10-18,3578.0,1,3578.0
SO45860,12830,101,2011-10-06,2011-10-13,2011-10-18,3578.0,1,3578.0
SO45861,1651,100,2011-10-06,2011-10-13,2011-10-18,3578.0,1,3578.0
SO45862,3828,101,2011-10-07,2011-10-14,2011-10-19,3578.0,1,3578.0
SO45863,874,103,2011-10-07,2011-10-14,2011-10-19,3578.0,1,3578.0
SO45864,8969,100,2011-10-07,2011-10-14,2011-10-19,3578.0,1,3578.0
SO45865,9158,101,2011-10-07,2011-10-14,2011-10-19,3578.0,1,3578.0
SO45866,4622,99,2011-10-07,2011-10-14,2011-10-19,3578.0,1,3578.0
SO45867,773,101,2011-10-08,2011-10-15,2011-10-20,3578.0,1,3578.0
SO45868,3820,99,2011-10-08,2011-10-15,2011-10-20,3578.0,1,3578.0
SO45869,3823,99,2011-10-08,2011-10-15,2011-10-20,3578.0,1,3578.0
SO45870,15013,138,2011-10-08,2011-10-15,2011-10-20,3375.0,1,3375.0
SO45871,14920,115,2011-10-08,2011-10-15,2011-10-20,699.0,1,699.0
SO45871,14920,116,2011-10-08,2011-10-15,2011-10-20,699.0,1,699.0
SO45872,250,136,2011-10-09,2011-10-16,2011-10-21,3400.0,1,3400.0
SO45873,926,103,2011-10-09,2011-10-16,2011-10-21,3578.0,1,3578.0
SO45874,9008,140,2011-10-09,2011-10-16,2011-10-21,3375.0,1,3375.0
SO45875,9243,99,2011-10-09,2011-10-16,2011-10-21,3578.0,1,3578.0
SO45876,8976,103,2011-10-09,2011-10-16,2011-10-21,3578.0,1,3578.0
SO45877,911,140,2011-10-09,2011-10-16,2011-10-21,3375.0,1,3375.0
SO45878,1751,99,2011-10-10,2011-10-17,2011-10-22,3578.0,1,3578.0
SO45879,8444,127,2011-10-10,2011-10-17,2011-10-22,699.0,1,699.0
SO45879,8444,128,2011-10-10,2011-10-17,2011-10-22,699.0,1,699.0
SO45880,708,102,2011-10-10,2011-10-17,2011-10-22,3578.0,1,3578.0
SO45881,12398,99,2011-10-10,2011-10-17,2011-10-22,3578.0,1,3578.0
SO45882,746,101,2011-10-10,2011-10-17,2011-10-22,3578.0,1,3578.0
SO45883,800,102,2011-10-10,2011-10-17,2011-10-22,3578.0,1,3578.0
SO45884,679,102,2011-10-10,2011-10-17,2011-10-22,3578.0,1,3578.0
SO45885,1656,102,2011-10-10,2011-10-17,2011-10-22,3578.0,1,3578.0
SO45886,15043,137,2011-10-10,2011-10-17,2011-10-22,3375.0,1,3375.0
SO45887,3881,119,2011-10-10,2011-10-17,2011-10-22,699.0,1,699.0
SO45887,3881,120,2011-10-10,2011-10-17,2011-10-22,699.0,1,699.0
SO45888,9218,99,2011-10-10,2011-10-17,2011-10-22,3578.0,1,3578.0
SO45889,921,139,2011-10-10,2011-10-17,2011-10-22,3375.0,1,3375.0
SO45890,339,138,2011-10-11,2011-10-18,2011-10-23,3375.0,1,3375.0
SO45891,381,135,2011-10-11,2011-10-18,2011-10-23,3400.0,1,3400.0
SO45892,9227,101,2011-10-11,2011-10-18,2011-10-23,3578.0,1,3578.0
SO45893,12843,102,2011-10-11,2011-10-18,2011-10-23,3578.0,1,3578.0
SO45894,8451,121,2011-10-12,2011-10-19,2011-10-24,699.0,1,699.0
SO45894,8451,122,2011-10-12,2011-10-19,2011-10-24,699.0,1,699.0
SO45895,728,100,2011-10-12,2011-10-19,2011-10-24,3578.0,1,3578.0
SO45896,1633,100,2011-10-12,2011-10-19,2011-10-24,3578.0,1,3578.0
SO45897,934,102,2011-10-13,2011-10-20,2011-10-25,3578.0,1,3578.0
SO45898,12831,99,2011-10-13,2011-10-20,2011-10-25,3578.0,1,3578.0
SO45899,818,99,2011-10-13,2011-10-20,2011-10-25,3578.0,1,3578.0
SO45900,838,101,2011-10-13,2011-10-20,2011-10-25,3578.0,1,3578.0
SO45901,666,101,2011-10-13,2011-10-20,2011-10-25,3578.0,1,3578.0
SO45902,4615,103,2011-10-13,2011-10-20,2011-10-25,3578.0,1,3578.0
SO45903,4620,99,2011-10-13,2011-10-20,2011-10-25,3578.0,1,3578.0
SO45904,9242,100,2011-10-13,2011-10-20,2011-10-25,3578.0,1,3578.0
SO45905,9153,100,2011-10-13,2011-10-20,2011-10-25,3578.0,1,3578.0
SO45906,9160,101,2011-10-13,2011-10-20,2011-10-25,3578.0,1,3578.0
SO45907,9215,99,2011-10-13,2011-10-20,2011-10-25,3578.0,1,3578.0
SO45908,919,136,2011-10-13,2011-10-20,2011-10-25,3400.0,1,3400.0
SO45909,948,138,2011-10-13,2011-10-20,2011-10-25,3375.0,1,3375.0
SO45910,778,100,2011-10-14,2011-10-21,2011-10-26,3578.0,1,3578.0
SO45911,798,103,2011-10-14,2011-10-21,2011-10-26,3578.0,1,3578.0
SO45912,12820,101,2011-10-14,2011-10-21,2011-10-26,3578.0,1,3578.0
SO45913,15015,133,2011-10-14,2011-10-21,2011-10-26,3400.0,1,3400.0
SO45914,930,138,2011-10-14,2011-10-21,2011-10-26,3375.0,1,3375.0
SO45915,931,136,2011-10-14,2011-10-21,2011-10-26,3400.0,1,3400.0
SO45916,965,135,2011-10-14,2011-10-21,2011-10-26,3400.0,1,3400.0
SO45917,333,135,2011-10-15,2011-10-22,2011-10-27,3400.0,1,3400.0
SO45918,742,102,2011-10-15,2011-10-22,2011-10-27,3578.0,1,3578.0
SO45919,781,101,2011-10-15,2011-10-22,2011-10-27,3578.0,1,3578.0
SO45920,12731,100,2011-10-15,2011-10-22,2011-10-27,3578.0,1,3578.0
SO45921,799,101,2011-10-15,2011-10-22,2011-10-27,3578.0,1,3578.0
SO45922,12732,103,2011-10-15,2011-10-22,2011-10-27,3578.0,1,3578.0
SO45923,812,102,2011-10-15,2011-10-22,2011-10-27,3578.0,1,3578.0
SO45924,3804,99,2011-10-15,2011-10-22,2011-10-27,3578.0,1,3578.0
SO45925,943,136,2011-10-15,2011-10-22,2011-10-27,3400.0,1,3400.0
SO45926,12487,100,2011-10-16,2011-10-23,2011-10-28,3578.0,1,3578.0
SO45927,797,101,2011-10-16,2011-10-23,2011-10-28,3578.0,1,3578.0
SO45928,814,102,2011-10-16,2011-10-23,2011-10-28,3578.0,1,3578.0
SO45929,826,99,2011-10-16,2011-10-23,2011-10-28,3578.0,1,3578.0
SO45930,7149,117,2011-10-16,2011-10-23,2011-10-28,699.0,1,699.0
SO45930,7149,118,2011-10-16,2011-10-23,2011-10-28,699.0,1,699.0
SO45931,9250,99,2011-10-16,2011-10-23,2011-10-28,3578.0,1,3578.0
SO45932,9212,99,2011-10-16,2011-10-23,2011-10-28,3578.0,1,3578.0
SO45933,780,102,2011-10-17,2011-10-24,2011-10-29,3578.0,1,3578.0
SO45934,667,102,2011-10-17,2011-10-24,2011-10-29,3578.0,1,3578.0
SO45935,8440,115,2011-10-17,2011-10-24,2011-10-29,699.0,1,699.0
SO45935,8440,116,2011-10-17,2011-10-24,2011-10-29,699.0,1,699.0
SO45936,15017,138,2011-10-17,2011-10-24,2011-10-29,3375.0,1,3375.0
SO45937,3825,101,2011-10-18,2011-10-25,2011-10-30,3578.0,1,3578.0
SO45938,655,100,2011-10-18,2011-10-25,2011-10-30,3578.0,1,3578.0
SO45939,3758,123,2011-10-18,2011-10-25,2011-10-30,699.0,1,699.0
SO45939,3758,124,2011-10-18,2011-10-25,2011-10-30,699.0,1,699.0
SO45940,9245,102,2011-10-18,2011-10-25,2011-10-30,3578.0,1,3578.0
SO45941,8979,99,2011-10-18,2011-10-25,2011-10-30,3578.0,1,3578.0
SO45942,9220,101,2011-10-18,2011-10-25,2011-10-30,3578.0,1,3578.0
SO45943,9222,99,2011-10-18,2011-10-25,2011-10-30,3578.0,1,3578.0
SO45944,9226,101,2011-10-18,2011-10-25,2011-10-30,3578.0,1,3578.0
SO45945,14921,113,2011-10-18,2011-10-25,2011-10-30,699.0,1,699.0
SO45945,14921,114,2011-10-18,2011-10-25,2011-10-30,699.0,1,699.0
SO45946,915,139,2011-10-18,2011-10-25,2011-10-30,3375.0,1,3375.0
SO45947,944,140,2011-10-18,2011-10-25,2011-10-30,3375.0,1,3375.0
SO45948,3880,131,2011-10-19,2011-10-26,2011-10-31,699.0,1,699.0
SO45948,3880,132,2011-10-19,2011-10-26,2011-10-31,699.0,1,699.0
SO45949,8971,99,2011-10-19,2011-10-26,2011-10-31,3578.0,1,3578.0
SO45950,8975,101,2011-10-19,2011-10-26,2011-10-31,3578.0,1,3578.0
SO45951,945,137,2011-10-19,2011-10-26,2011-10-31,3375.0,1,3375.0
SO45952,970,136,2011-10-19,2011-10-26,2011-10-31,3400.0,1,3400.0
SO45953,12860,103,2011-10-20,2011-10-27,2011-11-01,3578.0,1,3578.0
SO45954,811,103,2011-10-20,2011-10-27,2011-11-01,3578.0,1,3578.0
SO45955,15056,133,2011-10-20,2011-10-27,2011-11-01,3400.0,1,3400.0
SO45956,8980,101,2011-10-20,2011-10-27,2011-11-01,3578.0,1,3578.0
SO45957,810,101,2011-10-21,2011-10-28,2011-11-02,3578.0,1,3578.0
SO45958,819,100,2011-10-21,2011-10-28,2011-11-02,3578.0,1,3578.0
SO45959,873,100,2011-10-21,2011-10-28,2011-11-02,3578.0,1,3578.0
SO45960,672,103,2011-10-21,2011-10-28,2011-11-02,3578.0,1,3578.0
SO45961,1718,101,2011-10-21,2011-10-28,2011-11-02,3578.0,1,3578.0
SO45962,9228,99,2011-10-21,2011-10-28,2011-11-02,3578.0,1,3578.0
SO45963,9239,99,2011-10-21,2011-10-28,2011-11-02,3578.0,1,3578.0
SO45964,9216,99,2011-10-21,2011-10-28,2011-11-02,3578.0,1,3578.0
SO45965,14922,109,2011-10-21,2011-10-28,2011-11-02,699.0,1,699.0
SO45965,14922,110,2011-10-21,2011-10-28,2011-11-02,699.0,1,699.0
SO45966,947,134,2011-10-21,2011-10-28,2011-11-02,3400.0,1,3400.0
SO45967,8455,115,2011-10-22,2011-10-29,2011-11-03,699.0,1,699.0
SO45967,8455,116,2011-10-22,2011-10-29,2011-11-03,699.0,1,699.0
SO45968,835,100,2011-10-22,2011-10-29,2011-11-03,3578.0,1,3578.0
SO45969,9157,99,2011-10-22,2011-10-29,2011-11-03,3578.0,1,3578.0
SO45970,964,137,2011-10-22,2011-10-29,2011-11-03,3375.0,1,3375.0
SO45971,336,134,2011-10-23,2011-10-30,2011-11-04,3400.0,1,3400.0
SO45972,8473,113,2011-10-23,2011-10-30,2011-11-04,699.0,1,699.0
SO45972,8473,114,2011-10-23,2011-10-30,2011-11-04,699.0,1,699.0
SO45973,774,102,2011-10-23,2011-10-30,2011-11-04,3578.0,1,3578.0
SO45974,15019,136,2011-10-23,2011-10-30,2011-11-04,3400.0,1,3400.0
SO45975,3756,113,2011-10-23,2011-10-30,2011-11-04,699.0,1,699.0
SO45975,3756,114,2011-10-23,2011-10-30,2011-11-04,699.0,1,699.0
SO45976,9240,103,2011-10-23,2011-10-30,2011-11-04,3578.0,1,3578.0
SO45977,9217,102,2011-10-23,2011-10-30,2011-11-04,3578.0,1,3578.0
SO45978,968,139,2011-10-23,2011-10-30,2011-11-04,3375.0,1,3375.0
SO45979,4631,100,2011-10-24,2011-10-31,2011-11-05,3578.0,1,3578.0
SO45980,4632,101,2011-10-24,2011-10-31,2011-11-05,3578.0,1,3578.0
SO45981,1806,99,2011-10-24,2011-10-31,2011-11-05,3578.0,1,3578.0
SO45982,8978,99,2011-10-24,2011-10-31,2011-11-05,3578.0,1,3578.0
SO45983,3831,103,2011-10-25,2011-11-01,2011-11-06,3578.0,1,3578.0
SO45984,691,102,2011-10-25,2011-11-01,2011-11-06,3578.0,1,3578.0
SO45985,709,103,2011-10-25,2011-11-01,2011-11-06,3578.0,1,3578.0
SO45986,744,103,2011-10-25,2011-11-01,2011-11-06,3578.0,1,3578.0
SO45987,855,99,2011-10-25,2011-11-01,2011-11-06,3578.0,1,3578.0
SO45988,676,103,2011-10-25,2011-11-01,2011-11-06,3578.0,1,3578.0
SO45989,1632,100,2011-10-25,2011-11-01,2011-11-06,3578.0,1,3578.0
SO45990,1712,103,2011-10-25,2011-11-01,2011-11-06,3578.0,1,3578.0
SO45991,977,140,2011-10-25,2011-11-01,2011-11-06,3375.0,1,3375.0
SO45992,8452,123,2011-10-26,2011-11-02,2011-11-07,699.0,1,699.0
SO45992,8452,124,2011-10-26,2011-11-02,2011-11-07,699.0,1,699.0
SO45993,925,102,2011-10-26,2011-11-02,2011-11-07,3578.0,1,3578.0
SO45994,775,100,2011-10-26,2011-11-02,2011-11-07,3578.0,1,3578.0
SO45995,12847,99,2011-10-26,2011-11-02,2011-11-07,3578.0,1,3578.0
SO45996,840,101,2011-10-26,2011-11-02,2011-11-07,3578.0,1,3578.0
SO45997,3757,113,2011-10-26,2011-11-02,2011-11-07,699.0,1,699.0
SO45997,3757,114,2011-10-26,2011-11-02,2011-11-07,699.0,1,699.0
SO45998,14919,131,2011-10-26,2011-11-02,2011-11-07,699.0,1,699.0
SO45998,14919,132,2011-10-26,2011-11-02,2011-11-07,699.0,1,699.0
SO45999,12584,100,2011-10-27,2011-11-03,2011-11-08,3578.0,1,3578.0
SO46000,779,99,2011-10-27,2011-11-03,2011-11-08,3578.0,1,3578.0
SO46001,12807,99,2011-10-27,2011-11-03,2011-11-08,3578.0,1,3578.0
SO46002,827,99,2011-10-27,2011-11-03,2011-11-08,3578.0,1,3578.0
SO46003,832,101,2011-10-27,2011-11-03,2011-11-08,3578.0,1,3578.0
SO46004,665,100,2011-10-27,2011-11-03,2011-11-08,3578.0,1,3578.0
SO46005,1750,101,2011-10-27,2011-11-03,2011-11-08,3578.0,1,3578.0
SO46006,9237,102,2011-10-27,2011-11-03,2011-11-08,3578.0,1,3578.0
SO46007,9221,101,2011-10-27,2011-11-03,2011-11-08,3578.0,1,3578.0
SO46008,913,137,2011-10-27,2011-11-03,2011-11-08,3375.0,1,3375.0
SO46009,918,133,2011-10-27,2011-11-03,2011-11-08,3400.0,1,3400.0
SO46010,489,137,2011-10-28,2011-11-04,2011-11-09,3375.0,1,3375.0
SO46011,490,140,2011-10-28,2011-11-04,2011-11-09,3375.0,1,3375.0
SO46012,8454,119,2011-10-28,2011-11-04,2011-11-09,699.0,1,699.0
SO46012,8454,120,2011-10-28,2011-11-04,2011-11-09,699.0,1,699.0
SO46013,706,100,2011-10-28,2011-11-04,2011-11-09,3578.0,1,3578.0
SO46014,12397,102,2011-10-28,2011-11-04,2011-11-09,3578.0,1,3578.0
SO46015,12512,102,2011-10-28,2011-11-04,2011-11-09,3578.0,1,3578.0
SO46016,886,101,2011-10-28,2011-11-04,2011-11-09,3578.0,1,3578.0
SO46017,887,103,2011-10-28,2011-11-04,2011-11-09,3578.0,1,3578.0
SO46018,664,101,2011-10-28,2011-11-04,2011-11-09,3578.0,1,3578.0
SO46019,3753,129,2011-10-28,2011-11-04,2011-11-09,699.0,1,699.0
SO46019,3753,130,2011-10-28,2011-11-04,2011-11-09,699.0,1,699.0
SO46020,9229,102,2011-10-28,2011-11-04,2011-11-09,3578.0,1,3578.0
SO46021,8972,103,2011-10-28,2011-11-04,2011-11-09,3578.0,1,3578.0
SO46022,969,135,2011-10-28,2011-11-04,2011-11-09,3400.0,1,3400.0
SO46108,1019,99,2011-10-29,2011-11-05,2011-11-10,3578.0,1,3578.0
SO46109,1168,101,2011-10-29,2011-11-05,2011-11-10,3578.0,1,3578.0
SO46110,1170,100,2011-10-29,2011-11-05,2011-11-10,3578.0,1,3578.0
SO46111,938,100,2011-10-29,2011-11-05,2011-11-10,3578.0,1,3578.0
SO46112,946,101,2011-10-29,2011-11-05,2011-11-10,3578.0,1,3578.0
SO46113,956,99,2011-10-29,2011-11-05,2011-11-10,3578.0,1,3578.0
SO46114,1054,102,2011-10-29,2011-11-05,2011-11-10,3578.0,1,3578.0
SO46115,1105,101,2011-10-29,2011-11-05,2011-11-10,3578.0,1,3578.0
SO46116,3913,121,2011-10-29,2011-11-05,2011-11-10,699.0,1,699.0
SO46116,3913,122,2011-10-29,2011-11-05,2011-11-10,699.0,1,699.0
SO46117,9447,99,2011-10-29,2011-11-05,2011-11-10,3578.0,1,3578.0
SO46118,9612,103,2011-10-29,2011-11-05,2011-11-10,3578.0,1,3578.0
SO46119,14928,115,2011-10-29,2011-11-05,2011-11-10,699.0,1,699.0
SO46119,14928,116,2011-10-29,2011-11-05,2011-11-10,699.0,1,699.0
SO46120,1024,102,2011-10-30,2011-11-06,2011-11-11,3578.0,1,3578.0
SO46121,1070,101,2011-10-30,2011-11-06,2011-11-11,3578.0,1,3578.0
SO46122,13285,102,2011-10-30,2011-11-06,2011-11-11,3578.0,1,3578.0
SO46123,1153,101,2011-10-30,2011-11-06,2011-11-11,3578.0,1,3578.0
SO46124,9448,100,2011-10-30,2011-11-06,2011-11-11,3578.0,1,3578.0
SO46125,957,99,2011-10-31,2011-11-07,2011-11-12,3578.0,1,3578.0
SO46126,3884,123,2011-10-31,2011-11-07,2011-11-12,699.0,1,699.0
SO46126,3884,124,2011-10-31,2011-11-07,2011-11-12,699.0,1,699.0
SO46127,3896,123,2011-10-31,2011-11-07,2011-11-12,699.0,1,699.0
SO46127,3896,124,2011-10-31,2011-11-07,2011-11-12,699.0,1,699.0
SO46128,3946,103,2011-10-31,2011-11-07,2011-11-12,3578.0,1,3578.0
SO46129,9421,102,2011-10-31,2011-11-07,2011-11-12,3578.0,1,3578.0
SO46130,1172,100,2011-11-01,2011-11-08,2011-11-13,3578.0,1,3578.0
SO46131,955,101,2011-11-01,2011-11-08,2011-11-13,3578.0,1,3578.0
SO46132,12866,103,2011-11-01,2011-11-08,2011-11-13,3578.0,1,3578.0
SO46133,1106,101,2011-11-01,2011-11-08,2011-11-13,3578.0,1,3578.0
SO46134,9260,101,2011-11-01,2011-11-08,2011-11-13,3578.0,1,3578.0
SO46135,9417,102,2011-11-01,2011-11-08,2011-11-13,3578.0,1,3578.0
SO46136,9427,101,2011-11-01,2011-11-08,2011-11-13,3578.0,1,3578.0
SO46137,9601,102,2011-11-01,2011-11-08,2011-11-13,3578.0,1,3578.0
SO46138,2406,100,2011-11-01,2011-11-08,2011-11-13,3578.0,1,3578.0
SO46139,978,136,2011-11-01,2011-11-08,2011-11-13,3400.0,1,3400.0
SO46140,992,139,2011-11-01,2011-11-08,2011-11-13,3375.0,1,3375.0
SO46141,8502,109,2011-11-02,2011-11-09,2011-11-14,699.0,1,699.0
SO46141,8502,110,2011-11-02,2011-11-09,2011-11-14,699.0,1,699.0
SO46142,13311,100,2011-11-02,2011-11-09,2011-11-14,3578.0,1,3578.0
SO46143,15091,136,2011-11-02,2011-11-09,2011-11-14,3400.0,1,3400.0
SO46144,15095,139,2011-11-02,2011-11-09,2011-11-14,3375.0,1,3375.0
SO46145,3882,129,2011-11-02,2011-11-09,2011-11-14,699.0,1,699.0
SO46145,3882,130,2011-11-02,2011-11-09,2011-11-14,699.0,1,699.0
SO46146,422,134,2011-11-03,2011-11-10,2011-11-15,3400.0,1,3400.0
SO46147,8477,109,2011-11-03,2011-11-10,2011-11-15,699.0,1,699.0
SO46147,8477,110,2011-11-03,2011-11-10,2011-11-15,699.0,1,699.0
SO46148,1053,99,2011-11-03,2011-11-10,2011-11-15,3578.0,1,3578.0
SO46149,1121,100,2011-11-03,2011-11-10,2011-11-15,3578.0,1,3578.0
SO46150,9570,125,2011-11-03,2011-11-10,2011-11-15,699.0,1,699.0
SO46150,9570,126,2011-11-03,2011-11-10,2011-11-15,699.0,1,699.0
SO46151,15083,140,2011-11-03,2011-11-10,2011-11-15,3375.0,1,3375.0
SO46152,9425,103,2011-11-03,2011-11-10,2011-11-15,3578.0,1,3578.0
SO46153,14929,113,2011-11-03,2011-11-10,2011-11-15,699.0,1,699.0
SO46153,14929,114,2011-11-03,2011-11-10,2011-11-15,699.0,1,699.0
SO46154,990,138,2011-11-03,2011-11-10,2011-11-15,3375.0,1,3375.0
SO46155,1077,99,2011-11-04,2011-11-11,2011-11-16,3578.0,1,3578.0
SO46156,1119,103,2011-11-04,2011-11-11,2011-11-16,3578.0,1,3578.0
SO46157,15057,134,2011-11-04,2011-11-11,2011-11-16,3400.0,1,3400.0
SO46158,14927,109,2011-11-04,2011-11-11,2011-11-16,699.0,1,699.0
SO46158,14927,110,2011-11-04,2011-11-11,2011-11-16,699.0,1,699.0
SO46159,997,140,2011-11-04,2011-11-11,2011-11-16,3375.0,1,3375.0
SO46160,413,140,2011-11-05,2011-11-12,2011-11-17,3375.0,1,3375.0
SO46161,1820,100,2011-11-05,2011-11-12,2011-11-17,3578.0,1,3578.0
SO46162,1164,102,2011-11-05,2011-11-12,2011-11-17,3578.0,1,3578.0
SO46163,1043,101,2011-11-05,2011-11-12,2011-11-17,3578.0,1,3578.0
SO46164,1080,101,2011-11-05,2011-11-12,2011-11-17,3578.0,1,3578.0
SO46165,1142,99,2011-11-05,2011-11-12,2011-11-17,3578.0,1,3578.0
SO46166,4658,102,2011-11-05,2011-11-12,2011-11-17,3578.0,1,3578.0
SO46167,998,136,2011-11-05,2011-11-12,2011-11-17,3400.0,1,3400.0
SO46168,14937,123,2011-11-05,2011-11-12,2011-11-17,699.0,1,699.0
SO46168,14937,124,2011-11-05,2011-11-12,2011-11-17,699.0,1,699.0
SO46169,1095,102,2011-11-05,2011-11-12,2011-11-17,3578.0,1,3578.0
SO46170,1157,101,2011-11-06,2011-11-13,2011-11-18,3578.0,1,3578.0
SO46171,13343,99,2011-11-06,2011-11-13,2011-11-18,3578.0,1,3578.0
SO46172,1031,99,2011-11-06,2011-11-13,2011-11-18,3578.0,1,3578.0
SO46173,9284,100,2011-11-06,2011-11-13,2011-11-18,3578.0,1,3578.0
SO46174,9609,100,2011-11-06,2011-11-13,2011-11-18,3578.0,1,3578.0
SO46175,1004,138,2011-11-06,2011-11-13,2011-11-18,3375.0,1,3375.0
SO46176,492,138,2011-11-07,2011-11-14,2011-11-19,3375.0,1,3375.0
SO46177,1103,101,2011-11-07,2011-11-14,2011-11-19,3578.0,1,3578.0
SO46178,14938,123,2011-11-07,2011-11-14,2011-11-19,699.0,1,699.0
SO46178,14938,124,2011-11-07,2011-11-14,2011-11-19,699.0,1,699.0
SO46179,984,102,2011-11-08,2011-11-15,2011-11-20,3578.0,1,3578.0
SO46180,1085,99,2011-11-08,2011-11-15,2011-11-20,3578.0,1,3578.0
SO46181,1005,137,2011-11-08,2011-11-15,2011-11-20,3375.0,1,3375.0
SO46182,996,135,2011-11-08,2011-11-15,2011-11-20,3400.0,1,3400.0
SO46183,17493,140,2011-11-09,2011-11-16,2011-11-21,3375.0,1,3375.0
SO46184,3835,100,2011-11-09,2011-11-16,2011-11-21,3578.0,1,3578.0
SO46185,4633,103,2011-11-09,2011-11-16,2011-11-21,3578.0,1,3578.0
SO46186,1042,99,2011-11-09,2011-11-16,2011-11-21,3578.0,1,3578.0
SO46187,13236,102,2011-11-09,2011-11-16,2011-11-21,3578.0,1,3578.0
SO46188,9431,99,2011-11-09,2011-11-16,2011-11-21,3578.0,1,3578.0
SO46189,9607,101,2011-11-09,2011-11-16,2011-11-21,3578.0,1,3578.0
SO46190,4654,101,2011-11-09,2011-11-16,2011-11-21,3578.0,1,3578.0
SO46191,3957,99,2011-11-09,2011-11-16,2011-11-21,3578.0,1,3578.0
SO46192,1831,103,2011-11-10,2011-11-17,2011-11-22,3578.0,1,3578.0
SO46193,7635,131,2011-11-10,2011-11-17,2011-11-22,699.0,1,699.0
SO46193,7635,132,2011-11-10,2011-11-17,2011-11-22,699.0,1,699.0
SO46194,940,102,2011-11-10,2011-11-17,2011-11-22,3578.0,1,3578.0
SO46195,1028,103,2011-11-10,2011-11-17,2011-11-22,3578.0,1,3578.0
SO46196,1110,99,2011-11-10,2011-11-17,2011-11-22,3578.0,1,3578.0
SO46197,15062,136,2011-11-10,2011-11-17,2011-11-22,3400.0,1,3400.0
SO46198,15090,133,2011-11-10,2011-11-17,2011-11-22,3400.0,1,3400.0
SO46199,9257,103,2011-11-10,2011-11-17,2011-11-22,3578.0,1,3578.0
SO46200,9261,99,2011-11-10,2011-11-17,2011-11-22,3578.0,1,3578.0
SO46201,9611,103,2011-11-10,2011-11-17,2011-11-22,3578.0,1,3578.0
SO46202,14936,109,2011-11-10,2011-11-17,2011-11-22,699.0,1,699.0
SO46202,14936,110,2011-11-10,2011-11-17,2011-11-22,699.0,1,699.0
SO46203,1000,135,2011-11-10,2011-11-17,2011-11-22,3400.0,1,3400.0
SO46204,989,137,2011-11-10,2011-11-17,2011-11-22,3375.0,1,3375.0
SO46205,1163,102,2011-11-11,2011-11-18,2011-11-23,3578.0,1,3578.0
SO46206,9024,137,2011-11-11,2011-11-18,2011-11-23,3375.0,1,3375.0
SO46207,15092,137,2011-11-11,2011-11-18,2011-11-23,3375.0,1,3375.0
SO46208,9285,100,2011-11-11,2011-11-18,2011-11-23,3578.0,1,3578.0
SO46209,1850,101,2011-11-11,2011-11-18,2011-11-23,3578.0,1,3578.0
SO46210,1867,102,2011-11-11,2011-11-18,2011-11-23,3578.0,1,3578.0
SO46211,7164,117,2011-11-12,2011-11-19,2011-11-24,699.0,1,699.0
SO46211,7164,118,2011-11-12,2011-11-19,2011-11-24,699.0,1,699.0
SO46212,1174,101,2011-11-12,2011-11-19,2011-11-24,3578.0,1,3578.0
SO46213,1051,103,2011-11-12,2011-11-19,2011-11-24,3578.0,1,3578.0
SO46214,1073,100,2011-11-12,2011-11-19,2011-11-24,3578.0,1,3578.0
SO46215,9430,99,2011-11-12,2011-11-19,2011-11-24,3578.0,1,3578.0
SO46216,9457,103,2011-11-12,2011-11-19,2011-11-24,3578.0,1,3578.0
SO46217,9615,103,2011-11-12,2011-11-19,2011-11-24,3578.0,1,3578.0
SO46218,1821,102,2011-11-13,2011-11-20,2011-11-25,3578.0,1,3578.0
SO46219,13333,102,2011-11-13,2011-11-20,2011-11-25,3578.0,1,3578.0
SO46220,13345,102,2011-11-13,2011-11-20,2011-11-25,3578.0,1,3578.0
SO46221,12867,103,2011-11-13,2011-11-20,2011-11-25,3578.0,1,3578.0
SO46222,3892,125,2011-11-13,2011-11-20,2011-11-25,699.0,1,699.0
SO46222,3892,126,2011-11-13,2011-11-20,2011-11-25,699.0,1,699.0
SO46223,3893,115,2011-11-13,2011-11-20,2011-11-25,699.0,1,699.0
SO46223,3893,116,2011-11-13,2011-11-20,2011-11-25,699.0,1,699.0
SO46224,3903,117,2011-11-13,2011-11-20,2011-11-25,699.0,1,699.0
SO46224,3903,118,2011-11-13,2011-11-20,2011-11-25,699.0,1,699.0
SO46225,9262,102,2011-11-13,2011-11-20,2011-11-25,3578.0,1,3578.0
SO46226,2264,102,2011-11-13,2011-11-20,2011-11-25,3578.0,1,3578.0
SO46227,991,140,2011-11-13,2011-11-20,2011-11-25,3375.0,1,3375.0
SO46228,994,138,2011-11-13,2011-11-20,2011-11-25,3375.0,1,3375.0
SO46229,396,133,2011-11-14,2011-11-21,2011-11-26,3400.0,1,3400.0
SO46230,494,133,2011-11-14,2011-11-21,2011-11-26,3400.0,1,3400.0
SO46231,1017,99,2011-11-14,2011-11-21,2011-11-26,3578.0,1,3578.0
SO46232,1059,100,2011-11-14,2011-11-21,2011-11-26,3578.0,1,3578.0
SO46233,12868,103,2011-11-14,2011-11-21,2011-11-26,3578.0,1,3578.0
SO46234,1111,101,2011-11-14,2011-11-21,2011-11-26,3578.0,1,3578.0
SO46235,1152,101,2011-11-14,2011-11-21,2011-11-26,3578.0,1,3578.0
SO46236,1002,139,2011-11-14,2011-11-21,2011-11-26,3375.0,1,3375.0
SO46237,1844,101,2011-11-14,2011-11-21,2011-11-26,3578.0,1,3578.0
SO46238,3839,100,2011-11-15,2011-11-22,2011-11-27,3578.0,1,3578.0
SO46239,3928,101,2011-11-15,2011-11-22,2011-11-27,3578.0,1,3578.0
SO46240,12869,103,2011-11-15,2011-11-22,2011-11-27,3578.0,1,3578.0
SO46241,9035,134,2011-11-15,2011-11-22,2011-11-27,3400.0,1,3400.0
SO46242,9424,103,2011-11-15,2011-11-22,2011-11-27,3578.0,1,3578.0
SO46243,9614,100,2011-11-15,2011-11-22,2011-11-27,3578.0,1,3578.0
SO46244,2505,99,2011-11-15,2011-11-22,2011-11-27,3578.0,1,3578.0
SO46245,3968,103,2011-11-15,2011-11-22,2011-11-27,3578.0,1,3578.0
SO46246,1144,103,2011-11-16,2011-11-23,2011-11-28,3578.0,1,3578.0
SO46247,3883,123,2011-11-16,2011-11-23,2011-11-28,699.0,1,699.0
SO46247,3883,124,2011-11-16,2011-11-23,2011-11-28,699.0,1,699.0
SO46248,3897,113,2011-11-16,2011-11-23,2011-11-28,699.0,1,699.0
SO46248,3897,114,2011-11-16,2011-11-23,2011-11-28,699.0,1,699.0
SO46249,1001,136,2011-11-16,2011-11-23,2011-11-28,3400.0,1,3400.0
SO46250,3941,102,2011-11-16,2011-11-23,2011-11-28,3578.0,1,3578.0
SO46251,999,139,2011-11-16,2011-11-23,2011-11-28,3375.0,1,3375.0
SO46252,3940,102,2011-11-17,2011-11-24,2011-11-29,3578.0,1,3578.0
SO46253,1083,100,2011-11-17,2011-11-24,2011-11-29,3578.0,1,3578.0
SO46254,1097,99,2011-11-17,2011-11-24,2011-11-29,3578.0,1,3578.0
SO46255,9452,101,2011-11-17,2011-11-24,2011-11-29,3578.0,1,3578.0
SO46256,4653,103,2011-11-17,2011-11-24,2011-11-29,3578.0,1,3578.0
SO46257,993,135,2011-11-17,2011-11-24,2011-11-29,3400.0,1,3400.0
SO46258,1161,102,2011-11-18,2011-11-25,2011-11-30,3578.0,1,3578.0
SO46259,1026,102,2011-11-18,2011-11-25,2011-11-30,3578.0,1,3578.0
SO46260,1109,99,2011-11-18,2011-11-25,2011-11-30,3578.0,1,3578.0
SO46261,15076,137,2011-11-18,2011-11-25,2011-11-30,3375.0,1,3375.0
SO46262,9446,102,2011-11-18,2011-11-25,2011-11-30,3578.0,1,3578.0
SO46263,1835,99,2011-11-18,2011-11-25,2011-11-30,3578.0,1,3578.0
SO46264,17492,139,2011-11-19,2011-11-26,2011-12-01,3375.0,1,3375.0
SO46265,935,101,2011-11-19,2011-11-26,2011-12-01,3578.0,1,3578.0
SO46266,9426,103,2011-11-19,2011-11-26,2011-12-01,3578.0,1,3578.0
SO46267,9449,103,2011-11-19,2011-11-26,2011-12-01,3578.0,1,3578.0
SO46268,9616,100,2011-11-19,2011-11-26,2011-12-01,3578.0,1,3578.0
SO46269,4639,101,2011-11-19,2011-11-26,2011-12-01,3578.0,1,3578.0
SO46270,13310,101,2011-11-20,2011-11-27,2011-12-02,3578.0,1,3578.0
SO46271,1173,102,2011-11-20,2011-11-27,2011-12-02,3578.0,1,3578.0
SO46272,1117,100,2011-11-20,2011-11-27,2011-12-02,3578.0,1,3578.0
SO46273,15061,140,2011-11-20,2011-11-27,2011-12-02,3375.0,1,3375.0
SO46274,15071,139,2011-11-20,2011-11-27,2011-12-02,3375.0,1,3375.0
SO46275,9451,102,2011-11-20,2011-11-27,2011-12-02,3578.0,1,3578.0
SO46276,9613,100,2011-11-20,2011-11-27,2011-12-02,3578.0,1,3578.0
SO46277,8483,111,2011-11-21,2011-11-28,2011-12-03,699.0,1,699.0
SO46277,8483,112,2011-11-21,2011-11-28,2011-12-03,699.0,1,699.0
SO46278,8497,115,2011-11-21,2011-11-28,2011-12-03,699.0,1,699.0
SO46278,8497,116,2011-11-21,2011-11-28,2011-12-03,699.0,1,699.0
SO46279,1156,101,2011-11-21,2011-11-28,2011-12-03,3578.0,1,3578.0
SO46280,1122,100,2011-11-21,2011-11-28,2011-12-03,3578.0,1,3578.0
SO46281,15058,136,2011-11-21,2011-11-28,2011-12-03,3400.0,1,3400.0
SO46282,15059,134,2011-11-21,2011-11-28,2011-12-03,3400.0,1,3400.0
SO46283,15094,140,2011-11-21,2011-11-28,2011-12-03,3375.0,1,3375.0
SO46284,3889,117,2011-11-21,2011-11-28,2011-12-03,699.0,1,699.0
SO46284,3889,118,2011-11-21,2011-11-28,2011-12-03,699.0,1,699.0
SO46285,1006,135,2011-11-21,2011-11-28,2011-12-03,3400.0,1,3400.0
SO46286,7176,127,2011-11-22,2011-11-29,2011-12-04,699.0,1,699.0
SO46286,7176,128,2011-11-22,2011-11-29,2011-12-04,699.0,1,699.0
SO46287,1027,101,2011-11-22,2011-11-29,2011-12-04,3578.0,1,3578.0
SO46288,1060,100,2011-11-22,2011-11-29,2011-12-04,3578.0,1,3578.0
SO46289,1076,102,2011-11-22,2011-11-29,2011-12-04,3578.0,1,3578.0
SO46290,15067,140,2011-11-22,2011-11-29,2011-12-04,3375.0,1,3375.0
SO46291,9259,102,2011-11-22,2011-11-29,2011-12-04,3578.0,1,3578.0
SO46292,9419,102,2011-11-22,2011-11-29,2011-12-04,3578.0,1,3578.0
SO46293,3952,100,2011-11-22,2011-11-29,2011-12-04,3578.0,1,3578.0
SO46294,987,134,2011-11-22,2011-11-29,2011-12-04,3400.0,1,3400.0
SO46295,9568,119,2011-11-23,2011-11-30,2011-12-05,699.0,1,699.0
SO46295,9568,120,2011-11-23,2011-11-30,2011-12-05,699.0,1,699.0
SO46296,1171,103,2011-11-23,2011-11-30,2011-12-05,3578.0,1,3578.0
SO46297,1034,102,2011-11-23,2011-11-30,2011-12-05,3578.0,1,3578.0
SO46298,1072,103,2011-11-23,2011-11-30,2011-12-05,3578.0,1,3578.0
SO46299,9265,103,2011-11-23,2011-11-30,2011-12-05,3578.0,1,3578.0
SO46300,9453,103,2011-11-23,2011-11-30,2011-12-05,3578.0,1,3578.0
SO46301,1818,102,2011-11-24,2011-12-01,2011-12-06,3578.0,1,3578.0
SO46302,1084,99,2011-11-24,2011-12-01,2011-12-06,3578.0,1,3578.0
SO46303,14923,129,2011-11-24,2011-12-01,2011-12-06,699.0,1,699.0
SO46303,14923,130,2011-11-24,2011-12-01,2011-12-06,699.0,1,699.0
SO46304,1003,139,2011-11-24,2011-12-01,2011-12-06,3375.0,1,3375.0
SO46305,3953,100,2011-11-24,2011-12-01,2011-12-06,3578.0,1,3578.0
SO46306,1165,100,2011-11-25,2011-12-02,2011-12-07,3578.0,1,3578.0
SO46307,9428,103,2011-11-25,2011-12-02,2011-12-07,3578.0,1,3578.0
SO46308,9610,99,2011-11-25,2011-12-02,2011-12-07,3578.0,1,3578.0
SO46309,995,139,2011-11-25,2011-12-02,2011-12-07,3375.0,1,3375.0
SO46310,14939,125,2011-11-25,2011-12-02,2011-12-07,699.0,1,699.0
SO46310,14939,126,2011-11-25,2011-12-02,2011-12-07,699.0,1,699.0
SO46311,1842,103,2011-11-26,2011-12-03,2011-12-08,3578.0,1,3578.0
SO46312,1154,103,2011-11-27,2011-12-04,2011-12-09,3578.0,1,3578.0
SO46313,1079,102,2011-11-27,2011-12-04,2011-12-09,3578.0,1,3578.0
SO46314,1113,101,2011-11-27,2011-12-04,2011-12-09,3578.0,1,3578.0
SO46315,1143,100,2011-11-27,2011-12-04,2011-12-09,3578.0,1,3578.0
SO46316,15084,140,2011-11-27,2011-12-04,2011-12-09,3375.0,1,3375.0
SO46317,3885,123,2011-11-27,2011-12-04,2011-12-09,699.0,1,699.0
SO46317,3885,124,2011-11-27,2011-12-04,2011-12-09,699.0,1,699.0
SO46318,9445,101,2011-11-27,2011-12-04,2011-12-09,3578.0,1,3578.0
SO46319,1104,100,2011-11-28,2011-12-05,2011-12-10,3578.0,1,3578.0
SO46320,15085,140,2011-11-28,2011-12-05,2011-12-10,3375.0,1,3375.0
SO46321,3895,119,2011-11-28,2011-12-05,2011-12-10,699.0,1,699.0
SO46321,3895,120,2011-11-28,2011-12-05,2011-12-10,699.0,1,699.0
SO46390,1441,102,2011-11-29,2011-12-06,2011-12-11,3578.0,1,3578.0
SO46391,9996,101,2011-11-29,2011-12-06,2011-12-11,3578.0,1,3578.0
SO46392,2538,102,2011-11-29,2011-12-06,2011-12-11,3578.0,1,3578.0
SO46393,4696,103,2011-11-29,2011-12-06,2011-12-11,3578.0,1,3578.0
SO46394,4056,103,2011-11-30,2011-12-07,2011-12-12,3578.0,1,3578.0
SO46395,497,135,2011-11-30,2011-12-07,2011-12-12,3400.0,1,3400.0
SO46396,1443,100,2011-11-30,2011-12-07,2011-12-12,3578.0,1,3578.0
SO46397,16015,117,2011-11-30,2011-12-07,2011-12-12,699.0,1,699.0
SO46397,16015,118,2011-11-30,2011-12-07,2011-12-12,699.0,1,699.0
SO46398,9993,100,2011-11-30,2011-12-07,2011-12-12,3578.0,1,3578.0
SO46399,9821,103,2011-11-30,2011-12-07,2011-12-12,3578.0,1,3578.0
SO46400,9988,103,2011-11-30,2011-12-07,2011-12-12,3578.0,1,3578.0
SO46401,9994,99,2011-11-30,2011-12-07,2011-12-12,3578.0,1,3578.0
SO46402,9617,102,2011-11-30,2011-12-07,2011-12-12,3578.0,1,3578.0
SO46403,3991,103,2011-11-30,2011-12-07,2011-12-12,3578.0,1,3578.0
SO46404,4693,101,2011-11-30,2011-12-07,2011-12-12,3578.0,1,3578.0
SO46405,9995,99,2011-11-30,2011-12-07,2011-12-12,3578.0,1,3578.0
SO46406,1780,101,2011-12-01,2011-12-08,2011-12-13,3578.0,1,3578.0
SO46407,16027,131,2011-12-01,2011-12-08,2011-12-13,699.0,1,699.0
SO46407,16027,132,2011-12-01,2011-12-08,2011-12-13,699.0,1,699.0
SO46408,1012,140,2011-12-01,2011-12-08,2011-12-13,3375.0,1,3375.0
SO46409,4074,102,2011-12-02,2011-12-09,2011-12-14,3578.0,1,3578.0
SO46410,549,137,2011-12-02,2011-12-09,2011-12-14,3375.0,1,3375.0
SO46411,13662,103,2011-12-02,2011-12-09,2011-12-14,3578.0,1,3578.0
SO46412,13494,100,2011-12-02,2011-12-09,2011-12-14,3578.0,1,3578.0
SO46413,9076,135,2011-12-02,2011-12-09,2011-12-14,3400.0,1,3400.0
SO46414,4007,127,2011-12-02,2011-12-09,2011-12-14,699.0,1,699.0
SO46414,4007,128,2011-12-02,2011-12-09,2011-12-14,699.0,1,699.0
SO46415,9820,99,2011-12-02,2011-12-09,2011-12-14,3578.0,1,3578.0
SO46416,1182,102,2011-12-03,2011-12-10,2011-12-15,3578.0,1,3578.0
SO46417,1442,103,2011-12-03,2011-12-10,2011-12-15,3578.0,1,3578.0
SO46418,9989,101,2011-12-03,2011-12-10,2011-12-15,3578.0,1,3578.0
SO46419,1022,133,2011-12-03,2011-12-10,2011-12-15,3400.0,1,3400.0
SO46420,2512,102,2011-12-03,2011-12-10,2011-12-15,3578.0,1,3578.0
SO46421,14950,125,2011-12-03,2011-12-10,2011-12-15,699.0,1,699.0
SO46421,14950,126,2011-12-03,2011-12-10,2011-12-15,699.0,1,699.0
SO46422,1885,100,2011-12-04,2011-12-11,2011-12-16,3578.0,1,3578.0
SO46423,1363,102,2011-12-04,2011-12-11,2011-12-16,3578.0,1,3578.0
SO46424,1436,101,2011-12-04,2011-12-11,2011-12-16,3578.0,1,3578.0
SO46425,13497,102,2011-12-04,2011-12-11,2011-12-16,3578.0,1,3578.0
SO46426,15108,133,2011-12-04,2011-12-11,2011-12-16,3400.0,1,3400.0
SO46427,9183,139,2011-12-04,2011-12-11,2011-12-16,3375.0,1,3375.0
SO46428,9630,100,2011-12-04,2011-12-11,2011-12-16,3578.0,1,3578.0
SO46429,429,134,2011-12-05,2011-12-12,2011-12-17,3400.0,1,3400.0
SO46430,2565,103,2011-12-05,2011-12-12,2011-12-17,3578.0,1,3578.0
SO46431,1902,99,2011-12-05,2011-12-12,2011-12-17,3578.0,1,3578.0
SO46432,4017,131,2011-12-05,2011-12-12,2011-12-17,699.0,1,699.0
SO46432,4017,132,2011-12-05,2011-12-12,2011-12-17,699.0,1,699.0
SO46433,9992,101,2011-12-05,2011-12-12,2011-12-17,3578.0,1,3578.0
SO46434,9997,102,2011-12-05,2011-12-12,2011-12-17,3578.0,1,3578.0
SO46435,1252,137,2011-12-05,2011-12-12,2011-12-17,3375.0,1,3375.0
SO46436,1338,136,2011-12-05,2011-12-12,2011-12-17,3400.0,1,3400.0
SO46437,4055,102,2011-12-06,2011-12-13,2011-12-18,3578.0,1,3578.0
SO46438,1175,102,2011-12-06,2011-12-13,2011-12-18,3578.0,1,3578.0
SO46439,9818,102,2011-12-06,2011-12-13,2011-12-18,3578.0,1,3578.0
SO46440,9622,101,2011-12-06,2011-12-13,2011-12-18,3578.0,1,3578.0
SO46441,4662,101,2011-12-06,2011-12-13,2011-12-18,3578.0,1,3578.0
SO46442,3998,103,2011-12-06,2011-12-13,2011-12-18,3578.0,1,3578.0
SO46443,4663,103,2011-12-06,2011-12-13,2011-12-18,3578.0,1,3578.0
SO46444,1247,140,2011-12-06,2011-12-13,2011-12-18,3375.0,1,3375.0
SO46445,1773,101,2011-12-07,2011-12-14,2011-12-19,3578.0,1,3578.0
SO46446,1778,101,2011-12-07,2011-12-14,2011-12-19,3578.0,1,3578.0
SO46447,9985,101,2011-12-07,2011-12-14,2011-12-19,3578.0,1,3578.0
SO46448,1251,133,2011-12-07,2011-12-14,2011-12-19,3400.0,1,3400.0
SO46449,1008,134,2011-12-07,2011-12-14,2011-12-19,3400.0,1,3400.0
SO46450,1447,103,2011-12-08,2011-12-15,2011-12-20,3578.0,1,3578.0
SO46451,1710,99,2011-12-08,2011-12-15,2011-12-20,3578.0,1,3578.0
SO46452,15113,138,2011-12-08,2011-12-15,2011-12-20,3375.0,1,3375.0
SO46453,9627,102,2011-12-08,2011-12-15,2011-12-20,3578.0,1,3578.0
SO46454,9813,99,2011-12-08,2011-12-15,2011-12-20,3578.0,1,3578.0
SO46455,4670,103,2011-12-08,2011-12-15,2011-12-20,3578.0,1,3578.0
SO46456,1015,135,2011-12-08,2011-12-15,2011-12-20,3400.0,1,3400.0
SO46457,14948,113,2011-12-08,2011-12-15,2011-12-20,699.0,1,699.0
SO46457,14948,114,2011-12-08,2011-12-15,2011-12-20,699.0,1,699.0
SO46458,1772,99,2011-12-09,2011-12-16,2011-12-21,3578.0,1,3578.0
SO46459,1191,102,2011-12-09,2011-12-16,2011-12-21,3578.0,1,3578.0
SO46460,1439,101,2011-12-09,2011-12-16,2011-12-21,3578.0,1,3578.0
SO46461,9822,100,2011-12-09,2011-12-16,2011-12-21,3578.0,1,3578.0
SO46462,1014,134,2011-12-09,2011-12-16,2011-12-21,3400.0,1,3400.0
SO46463,424,137,2011-12-10,2011-12-17,2011-12-22,3375.0,1,3375.0
SO46464,1886,99,2011-12-10,2011-12-17,2011-12-22,3578.0,1,3578.0
SO46465,1899,100,2011-12-10,2011-12-17,2011-12-22,3578.0,1,3578.0
SO46466,1916,100,2011-12-10,2011-12-17,2011-12-22,3578.0,1,3578.0
SO46467,1181,103,2011-12-10,2011-12-17,2011-12-22,3578.0,1,3578.0
SO46468,13432,100,2011-12-10,2011-12-17,2011-12-22,3578.0,1,3578.0
SO46469,8034,121,2011-12-10,2011-12-17,2011-12-22,699.0,1,699.0
SO46469,8034,122,2011-12-10,2011-12-17,2011-12-22,699.0,1,699.0
SO46470,3916,111,2011-12-10,2011-12-17,2011-12-22,699.0,1,699.0
SO46470,3916,112,2011-12-10,2011-12-17,2011-12-22,699.0,1,699.0
SO46471,3980,99,2011-12-10,2011-12-17,2011-12-22,3578.0,1,3578.0
SO46472,1249,133,2011-12-10,2011-12-17,2011-12-22,3400.0,1,3400.0
SO46473,3970,100,2011-12-10,2011-12-17,2011-12-22,3578.0,1,3578.0
SO46474,14945,131,2011-12-10,2011-12-17,2011-12-22,699.0,1,699.0
SO46474,14945,132,2011-12-10,2011-12-17,2011-12-22,699.0,1,699.0
SO46475,9576,111,2011-12-11,2011-12-18,2011-12-23,699.0,1,699.0
SO46475,9576,112,2011-12-11,2011-12-18,2011-12-23,699.0,1,699.0
SO46476,15111,139,2011-12-11,2011-12-18,2011-12-23,3375.0,1,3375.0
SO46477,1010,135,2011-12-11,2011-12-18,2011-12-23,3400.0,1,3400.0
SO46478,14940,115,2011-12-11,2011-12-18,2011-12-23,699.0,1,699.0
SO46478,14940,116,2011-12-11,2011-12-18,2011-12-23,699.0,1,699.0
SO46479,1769,99,2011-12-12,2011-12-19,2011-12-24,3578.0,1,3578.0
SO46480,15115,136,2011-12-12,2011-12-19,2011-12-24,3400.0,1,3400.0
SO46481,9624,102,2011-12-12,2011-12-19,2011-12-24,3578.0,1,3578.0
SO46482,1246,135,2011-12-12,2011-12-19,2011-12-24,3400.0,1,3400.0
SO46483,1884,101,2011-12-13,2011-12-20,2011-12-25,3578.0,1,3578.0
SO46484,1438,101,2011-12-13,2011-12-20,2011-12-25,3578.0,1,3578.0
SO46485,1756,102,2011-12-13,2011-12-20,2011-12-25,3578.0,1,3578.0
SO46486,8902,121,2011-12-13,2011-12-20,2011-12-25,699.0,1,699.0
SO46486,8902,122,2011-12-13,2011-12-20,2011-12-25,699.0,1,699.0
SO46487,3914,127,2011-12-13,2011-12-20,2011-12-25,699.0,1,699.0
SO46487,3914,128,2011-12-13,2011-12-20,2011-12-25,699.0,1,699.0
SO46488,9629,101,2011-12-13,2011-12-20,2011-12-25,3578.0,1,3578.0
SO46489,13667,102,2011-12-14,2011-12-21,2011-12-26,3578.0,1,3578.0
SO46490,1190,102,2011-12-14,2011-12-21,2011-12-26,3578.0,1,3578.0
SO46491,13760,103,2011-12-15,2011-12-22,2011-12-27,3578.0,1,3578.0
SO46492,1199,101,2011-12-15,2011-12-22,2011-12-27,3578.0,1,3578.0
SO46493,4024,117,2011-12-15,2011-12-22,2011-12-27,699.0,1,699.0
SO46493,4024,118,2011-12-15,2011-12-22,2011-12-27,699.0,1,699.0
SO46494,9984,102,2011-12-15,2011-12-22,2011-12-27,3578.0,1,3578.0
SO46495,9990,100,2011-12-15,2011-12-22,2011-12-27,3578.0,1,3578.0
SO46496,9628,101,2011-12-15,2011-12-22,2011-12-27,3578.0,1,3578.0
SO46497,2559,99,2011-12-16,2011-12-23,2011-12-28,3578.0,1,3578.0
SO46498,1882,102,2011-12-16,2011-12-23,2011-12-28,3578.0,1,3578.0
SO46499,1180,99,2011-12-16,2011-12-23,2011-12-28,3578.0,1,3578.0
SO46500,1209,103,2011-12-16,2011-12-23,2011-12-28,3578.0,1,3578.0
SO46501,8519,117,2011-12-16,2011-12-23,2011-12-28,699.0,1,699.0
SO46501,8519,118,2011-12-16,2011-12-23,2011-12-28,699.0,1,699.0
SO46502,8052,117,2011-12-16,2011-12-23,2011-12-28,699.0,1,699.0
SO46502,8052,118,2011-12-16,2011-12-23,2011-12-28,699.0,1,699.0
SO46503,1765,99,2011-12-16,2011-12-23,2011-12-28,3578.0,1,3578.0
SO46504,4006,131,2011-12-16,2011-12-23,2011-12-28,699.0,1,699.0
SO46504,4006,132,2011-12-16,2011-12-23,2011-12-28,699.0,1,699.0
SO46505,1242,136,2011-12-16,2011-12-23,2011-12-28,3400.0,1,3400.0
SO46506,1243,138,2011-12-16,2011-12-23,2011-12-28,3375.0,1,3375.0
SO46507,14942,109,2011-12-16,2011-12-23,2011-12-28,699.0,1,699.0
SO46507,14942,110,2011-12-16,2011-12-23,2011-12-28,699.0,1,699.0
SO46508,17505,138,2011-12-17,2011-12-24,2011-12-29,3375.0,1,3375.0
SO46509,1887,99,2011-12-17,2011-12-24,2011-12-29,3578.0,1,3578.0
SO46510,13387,100,2011-12-17,2011-12-24,2011-12-29,3578.0,1,3578.0
SO46511,13393,102,2011-12-17,2011-12-24,2011-12-29,3578.0,1,3578.0
SO46512,1210,100,2011-12-17,2011-12-24,2011-12-29,3578.0,1,3578.0
SO46513,13419,102,2011-12-17,2011-12-24,2011-12-29,3578.0,1,3578.0
SO46514,8029,131,2011-12-17,2011-12-24,2011-12-29,699.0,1,699.0
SO46514,8029,132,2011-12-17,2011-12-24,2011-12-29,699.0,1,699.0
SO46515,8905,129,2011-12-17,2011-12-24,2011-12-29,699.0,1,699.0
SO46515,8905,130,2011-12-17,2011-12-24,2011-12-29,699.0,1,699.0
SO46516,15117,140,2011-12-17,2011-12-24,2011-12-29,3375.0,1,3375.0
SO46517,9625,102,2011-12-17,2011-12-24,2011-12-29,3578.0,1,3578.0
SO46518,9815,103,2011-12-17,2011-12-24,2011-12-29,3578.0,1,3578.0
SO46519,4661,99,2011-12-17,2011-12-24,2011-12-29,3578.0,1,3578.0
SO46520,13492,101,2011-12-17,2011-12-24,2011-12-29,3578.0,1,3578.0
SO46521,1771,99,2011-12-18,2011-12-25,2011-12-30,3578.0,1,3578.0
SO46522,1883,101,2011-12-18,2011-12-25,2011-12-30,3578.0,1,3578.0
SO46523,1757,102,2011-12-18,2011-12-25,2011-12-30,3578.0,1,3578.0
SO46524,15112,140,2011-12-18,2011-12-25,2011-12-30,3375.0,1,3375.0
SO46525,9817,103,2011-12-18,2011-12-25,2011-12-30,3578.0,1,3578.0
SO46526,1254,136,2011-12-18,2011-12-25,2011-12-30,3400.0,1,3400.0
SO46527,14941,123,2011-12-18,2011-12-25,2011-12-30,699.0,1,699.0
SO46527,14941,124,2011-12-18,2011-12-25,2011-12-30,699.0,1,699.0
SO46528,4064,100,2011-12-19,2011-12-26,2011-12-31,3578.0,1,3578.0
SO46529,1785,103,2011-12-19,2011-12-26,2011-12-31,3578.0,1,3578.0
SO46530,13672,102,2011-12-19,2011-12-26,2011-12-31,3578.0,1,3578.0
SO46531,1424,99,2011-12-19,2011-12-26,2011-12-31,3578.0,1,3578.0
SO46532,8042,127,2011-12-19,2011-12-26,2011-12-31,699.0,1,699.0
SO46532,8042,128,2011-12-19,2011-12-26,2011-12-31,699.0,1,699.0
SO46533,15107,137,2011-12-19,2011-12-26,2011-12-31,3375.0,1,3375.0
SO46534,9621,101,2011-12-19,2011-12-26,2011-12-31,3578.0,1,3578.0
SO46535,9816,99,2011-12-19,2011-12-26,2011-12-31,3578.0,1,3578.0
SO46536,2557,100,2011-12-19,2011-12-26,2011-12-31,3578.0,1,3578.0
SO46537,428,133,2011-12-20,2011-12-27,2012-01-01,3400.0,1,3400.0
SO46538,1775,99,2011-12-20,2011-12-27,2012-01-01,3578.0,1,3578.0
SO46539,1201,103,2011-12-20,2011-12-27,2012-01-01,3578.0,1,3578.0
SO46540,9823,103,2011-12-20,2011-12-27,2012-01-01,3578.0,1,3578.0
SO46541,9618,99,2011-12-20,2011-12-27,2012-01-01,3578.0,1,3578.0
SO46542,432,136,2011-12-21,2011-12-28,2012-01-02,3400.0,1,3400.0
SO46543,550,134,2011-12-21,2011-12-28,2012-01-02,3400.0,1,3400.0
SO46544,1767,100,2011-12-21,2011-12-28,2012-01-02,3578.0,1,3578.0
SO46545,13647,99,2011-12-21,2011-12-28,2012-01-02,3578.0,1,3578.0
SO46546,1781,99,2011-12-21,2011-12-28,2012-01-02,3578.0,1,3578.0
SO46547,1918,102,2011-12-21,2011-12-28,2012-01-02,3578.0,1,3578.0
SO46548,1419,99,2011-12-21,2011-12-28,2012-01-02,3578.0,1,3578.0
SO46549,1453,102,2011-12-21,2011-12-28,2012-01-02,3578.0,1,3578.0
SO46550,15098,139,2011-12-21,2011-12-28,2012-01-02,3375.0,1,3375.0
SO46551,3915,119,2011-12-21,2011-12-28,2012-01-02,699.0,1,699.0
SO46551,3915,120,2011-12-21,2011-12-28,2012-01-02,699.0,1,699.0
SO46552,4018,117,2011-12-21,2011-12-28,2012-01-02,699.0,1,699.0
SO46552,4018,118,2011-12-21,2011-12-28,2012-01-02,699.0,1,699.0
SO46553,9986,101,2011-12-21,2011-12-28,2012-01-02,3578.0,1,3578.0
SO46554,9991,102,2011-12-21,2011-12-28,2012-01-02,3578.0,1,3578.0
SO46555,1011,140,2011-12-21,2011-12-28,2012-01-02,3375.0,1,3375.0
SO46556,14949,115,2011-12-21,2011-12-28,2012-01-02,699.0,1,699.0
SO46556,14949,116,2011-12-21,2011-12-28,2012-01-02,699.0,1,699.0
SO46557,1905,99,2011-12-22,2011-12-29,2012-01-03,3578.0,1,3578.0
SO46558,1185,103,2011-12-22,2011-12-29,2012-01-03,3578.0,1,3578.0
SO46559,1763,99,2011-12-22,2011-12-29,2012-01-03,3578.0,1,3578.0
SO46560,15097,133,2011-12-22,2011-12-29,2012-01-03,3400.0,1,3400.0
SO46561,9626,101,2011-12-22,2011-12-29,2012-01-03,3578.0,1,3578.0
SO46562,3979,100,2011-12-22,2011-12-29,2012-01-03,3578.0,1,3578.0
SO46563,14946,109,2011-12-22,2011-12-29,2012-01-03,699.0,1,699.0
SO46563,14946,110,2011-12-22,2011-12-29,2012-01-03,699.0,1,699.0
SO46564,495,136,2011-12-23,2011-12-30,2012-01-04,3400.0,1,3400.0
SO46565,1770,100,2011-12-23,2011-12-30,2012-01-04,3578.0,1,3578.0
SO46566,1790,100,2011-12-23,2011-12-30,2012-01-04,3578.0,1,3578.0
SO46567,1708,102,2011-12-23,2011-12-30,2012-01-04,3578.0,1,3578.0
SO46568,1762,101,2011-12-23,2011-12-30,2012-01-04,3578.0,1,3578.0
SO46569,1451,101,2011-12-24,2011-12-31,2012-01-05,3578.0,1,3578.0
SO46570,2537,102,2011-12-24,2011-12-31,2012-01-05,3578.0,1,3578.0
SO46571,4669,102,2011-12-24,2011-12-31,2012-01-05,3578.0,1,3578.0
SO46572,2553,103,2011-12-24,2011-12-31,2012-01-05,3578.0,1,3578.0
SO46573,2556,103,2011-12-24,2011-12-31,2012-01-05,3578.0,1,3578.0
SO46574,1244,137,2011-12-24,2011-12-31,2012-01-05,3375.0,1,3375.0
SO46575,1339,140,2011-12-24,2011-12-31,2012-01-05,3375.0,1,3375.0
SO46576,13758,99,2011-12-25,2012-01-01,2012-01-06,3578.0,1,3578.0
SO46577,1914,100,2011-12-25,2012-01-01,2012-01-06,3578.0,1,3578.0
SO46578,1179,103,2011-12-25,2012-01-01,2012-01-06,3578.0,1,3578.0
SO46579,1187,100,2011-12-25,2012-01-01,2012-01-06,3578.0,1,3578.0
SO46580,1188,99,2011-12-25,2012-01-01,2012-01-06,3578.0,1,3578.0
SO46581,1189,103,2011-12-25,2012-01-01,2012-01-06,3578.0,1,3578.0
SO46582,1208,103,2011-12-25,2012-01-01,2012-01-06,3578.0,1,3578.0
SO46583,9623,99,2011-12-25,2012-01-01,2012-01-06,3578.0,1,3578.0
SO46584,1253,137,2011-12-25,2012-01-01,2012-01-06,3375.0,1,3375.0
SO46585,4051,103,2011-12-26,2012-01-02,2012-01-07,3578.0,1,3578.0
SO46586,1365,102,2011-12-26,2012-01-02,2012-01-07,3578.0,1,3578.0
SO46587,1449,103,2011-12-26,2012-01-02,2012-01-07,3578.0,1,3578.0
SO46588,9036,140,2011-12-26,2012-01-02,2012-01-07,3375.0,1,3375.0
SO46589,14947,115,2011-12-26,2012-01-02,2012-01-07,699.0,1,699.0
SO46589,14947,116,2011-12-26,2012-01-02,2012-01-07,699.0,1,699.0
SO46590,13502,101,2011-12-27,2012-01-03,2012-01-08,3578.0,1,3578.0
SO46591,1774,99,2011-12-27,2012-01-03,2012-01-08,3578.0,1,3578.0
SO46592,13665,102,2011-12-27,2012-01-03,2012-01-08,3578.0,1,3578.0
SO46593,1913,103,2011-12-27,2012-01-03,2012-01-08,3578.0,1,3578.0
SO46594,9819,103,2011-12-27,2012-01-03,2012-01-08,3578.0,1,3578.0
SO46595,4692,101,2011-12-27,2012-01-03,2012-01-08,3578.0,1,3578.0
SO46596,1038,138,2011-12-27,2012-01-03,2012-01-08,3375.0,1,3375.0
SO46597,1040,137,2011-12-27,2012-01-03,2012-01-08,3375.0,1,3375.0
SO46598,4081,100,2011-12-28,2012-01-04,2012-01-09,3578.0,1,3578.0
SO46599,1207,99,2011-12-28,2012-01-04,2012-01-09,3578.0,1,3578.0
SO46600,8028,123,2011-12-28,2012-01-04,2012-01-09,699.0,1,699.0
SO46600,8028,124,2011-12-28,2012-01-04,2012-01-09,699.0,1,699.0
SO46601,15099,134,2011-12-28,2012-01-04,2012-01-09,3400.0,1,3400.0
SO46602,9824,101,2011-12-28,2012-01-04,2012-01-09,3578.0,1,3578.0
SO46603,1241,134,2011-12-28,2012-01-04,2012-01-09,3400.0,1,3400.0
SO46676,7048,174,2011-12-29,2012-01-05,2012-01-10,1000.0,1,1000.0
SO46676,7048,175,2011-12-29,2012-01-05,2012-01-10,1000.0,1,1000.0
SO46677,4461,160,2011-12-29,2012-01-05,2012-01-10,2182.0,1,2182.0
SO46677,4461,161,2011-12-29,2012-01-05,2012-01-10,2182.0,1,2182.0
SO46678,8931,119,2011-12-29,2012-01-05,2012-01-10,783.0,1,783.0
SO46678,8931,120,2011-12-29,2012-01-05,2012-01-10,783.0,1,783.0
SO46679,2063,162,2011-12-29,2012-01-05,2012-01-10,2182.0,1,2182.0
SO46679,2063,163,2011-12-29,2012-01-05,2012-01-10,2182.0,1,2182.0
SO46680,10194,160,2011-12-29,2012-01-05,2012-01-10,2182.0,1,2182.0
SO46680,10194,161,2011-12-29,2012-01-05,2012-01-10,2182.0,1,2182.0
SO46681,1350,151,2011-12-29,2012-01-05,2012-01-10,2049.0,1,2049.0
SO46681,1350,152,2011-12-29,2012-01-05,2012-01-10,2049.0,1,2049.0
SO46682,1356,147,2011-12-29,2012-01-05,2012-01-10,2049.0,1,2049.0
SO46682,1356,148,2011-12-29,2012-01-05,2012-01-10,2049.0,1,2049.0
SO46683,1572,143,2011-12-29,2012-01-05,2012-01-10,2071.0,1,2071.0
SO46683,1572,144,2011-12-29,2012-01-05,2012-01-10,2071.0,1,2071.0
SO46684,7126,170,2011-12-30,2012-01-06,2012-01-11,1000.0,1,1000.0
SO46684,7126,171,2011-12-30,2012-01-06,2012-01-11,1000.0,1,1000.0
SO46685,1948,166,2011-12-30,2012-01-06,2012-01-11,2182.0,1,2182.0
SO46685,1948,167,2011-12-30,2012-01-06,2012-01-11,2182.0,1,2182.0
SO46686,9578,113,2011-12-30,2012-01-06,2012-01-11,783.0,1,783.0
SO46686,9578,114,2011-12-30,2012-01-06,2012-01-11,783.0,1,783.0
SO46687,4458,168,2011-12-31,2012-01-07,2012-01-12,2182.0,1,2182.0
SO46687,4458,169,2011-12-31,2012-01-07,2012-01-12,2182.0,1,2182.0
SO46688,1930,158,2011-12-31,2012-01-07,2012-01-12,2443.0,1,2443.0
SO46689,2033,158,2011-12-31,2012-01-07,2012-01-12,2443.0,1,2443.0
SO46690,2040,157,2011-12-31,2012-01-07,2012-01-12,2443.0,1,2443.0
SO46691,2143,157,2011-12-31,2012-01-07,2012-01-12,2443.0,1,2443.0
SO46692,2209,158,2011-12-31,2012-01-07,2012-01-12,2443.0,1,2443.0
SO46693,2211,162,2011-12-31,2012-01-07,2012-01-12,2182.0,1,2182.0
SO46693,2211,163,2011-12-31,2012-01-07,2012-01-12,2182.0,1,2182.0
SO46694,2221,162,2011-12-31,2012-01-07,2012-01-12,2182.0,1,2182.0
SO46694,2221,163,2011-12-31,2012-01-07,2012-01-12,2182.0,1,2182.0
SO46695,9209,147,2011-12-31,2012-01-07,2012-01-12,2049.0,1,2049.0
SO46695,9209,148,2011-12-31,2012-01-07,2012-01-12,2049.0,1,2049.0
SO46696,10167,159,2011-12-31,2012-01-07,2012-01-12,2443.0,1,2443.0
SO46697,10174,160,2011-12-31,2012-01-07,2012-01-12,2182.0,1,2182.0
SO46697,10174,161,2011-12-31,2012-01-07,2012-01-12,2182.0,1,2182.0
SO46698,10207,166,2011-12-31,2012-01-07,2012-01-12,2182.0,1,2182.0
SO46698,10207,167,2011-12-31,2012-01-07,2012-01-12,2182.0,1,2182.0
SO46699,14962,117,2011-12-31,2012-01-07,2012-01-12,783.0,1,783.0
SO46699,14962,118,2011-12-31,2012-01-07,2012-01-12,783.0,1,783.0
SO46700,5943,170,2012-01-01,2012-01-08,2012-01-13,1000.0,1,1000.0
SO46700,5943,171,2012-01-01,2012-01-08,2012-01-13,1000.0,1,1000.0
SO46701,4115,164,2012-01-01,2012-01-08,2012-01-13,2182.0,1,2182.0
SO46701,4115,165,2012-01-01,2012-01-08,2012-01-13,2182.0,1,2182.0
SO46702,4117,158,2012-01-01,2012-01-08,2012-01-13,2443.0,1,2443.0
SO46703,9577,125,2012-01-01,2012-01-08,2012-01-13,783.0,1,783.0
SO46703,9577,126,2012-01-01,2012-01-08,2012-01-13,783.0,1,783.0
SO46704,2060,159,2012-01-01,2012-01-08,2012-01-13,2443.0,1,2443.0
SO46705,2086,159,2012-01-01,2012-01-08,2012-01-13,2443.0,1,2443.0
SO46706,9187,141,2012-01-01,2012-01-08,2012-01-13,2071.0,1,2071.0
SO46706,9187,142,2012-01-01,2012-01-08,2012-01-13,2071.0,1,2071.0
SO46707,4200,125,2012-01-01,2012-01-08,2012-01-13,783.0,1,783.0
SO46707,4200,126,2012-01-01,2012-01-08,2012-01-13,783.0,1,783.0
SO46708,10201,166,2012-01-01,2012-01-08,2012-01-13,2182.0,1,2182.0
SO46708,10201,167,2012-01-01,2012-01-08,2012-01-13,2182.0,1,2182.0
SO46709,8173,176,2012-01-02,2012-01-09,2012-01-14,1000.0,1,1000.0
SO46709,8173,177,2012-01-02,2012-01-09,2012-01-14,1000.0,1,1000.0
SO46710,485,145,2012-01-02,2012-01-09,2012-01-14,2071.0,1,2071.0
SO46710,485,146,2012-01-02,2012-01-09,2012-01-14,2071.0,1,2071.0
SO46711,2593,158,2012-01-02,2012-01-09,2012-01-14,2443.0,1,2443.0
SO46712,2780,162,2012-01-02,2012-01-09,2012-01-14,2182.0,1,2182.0
SO46712,2780,163,2012-01-02,2012-01-09,2012-01-14,2182.0,1,2182.0
SO46713,13779,160,2012-01-02,2012-01-09,2012-01-14,2182.0,1,2182.0
SO46713,13779,161,2012-01-02,2012-01-09,2012-01-14,2182.0,1,2182.0
SO46714,2094,157,2012-01-02,2012-01-09,2012-01-14,2443.0,1,2443.0
SO46715,13977,164,2012-01-02,2012-01-09,2012-01-14,2182.0,1,2182.0
SO46715,13977,165,2012-01-02,2012-01-09,2012-01-14,2182.0,1,2182.0
SO46716,14047,164,2012-01-02,2012-01-09,2012-01-14,2182.0,1,2182.0
SO46716,14047,165,2012-01-02,2012-01-09,2012-01-14,2182.0,1,2182.0
SO46717,14049,157,2012-01-02,2012-01-09,2012-01-14,2443.0,1,2443.0
SO46718,1571,149,2012-01-02,2012-01-09,2012-01-14,2049.0,1,2049.0
SO46718,1571,150,2012-01-02,2012-01-09,2012-01-14,2049.0,1,2049.0
SO46719,605,151,2012-01-03,2012-01-10,2012-01-15,2049.0,1,2049.0
SO46719,605,152,2012-01-03,2012-01-10,2012-01-15,2049.0,1,2049.0
SO46720,2668,160,2012-01-03,2012-01-10,2012-01-15,2182.0,1,2182.0
SO46720,2668,161,2012-01-03,2012-01-10,2012-01-15,2182.0,1,2182.0
SO46721,5047,159,2012-01-03,2012-01-10,2012-01-15,2443.0,1,2443.0
SO46722,6096,174,2012-01-03,2012-01-10,2012-01-15,1000.0,1,1000.0
SO46722,6096,175,2012-01-03,2012-01-10,2012-01-15,1000.0,1,1000.0
SO46723,1919,157,2012-01-03,2012-01-10,2012-01-15,2443.0,1,2443.0
SO46724,17664,157,2012-01-03,2012-01-10,2012-01-15,2443.0,1,2443.0
SO46725,10192,158,2012-01-03,2012-01-10,2012-01-15,2443.0,1,2443.0
SO46726,10000,162,2012-01-03,2012-01-10,2012-01-15,2182.0,1,2182.0
SO46726,10000,163,2012-01-03,2012-01-10,2012-01-15,2182.0,1,2182.0
SO46727,10003,159,2012-01-03,2012-01-10,2012-01-15,2443.0,1,2443.0
SO46728,1355,147,2012-01-03,2012-01-10,2012-01-15,2049.0,1,2049.0
SO46728,1355,148,2012-01-03,2012-01-10,2012-01-15,2049.0,1,2049.0
SO46729,15020,109,2012-01-03,2012-01-10,2012-01-15,783.0,1,783.0
SO46729,15020,110,2012-01-03,2012-01-10,2012-01-15,783.0,1,783.0
SO46730,4101,168,2012-01-04,2012-01-11,2012-01-16,2182.0,1,2182.0
SO46730,4101,169,2012-01-04,2012-01-11,2012-01-16,2182.0,1,2182.0
SO46731,4102,160,2012-01-04,2012-01-11,2012-01-16,2182.0,1,2182.0
SO46731,4102,161,2012-01-04,2012-01-11,2012-01-16,2182.0,1,2182.0
SO46732,2993,174,2012-01-04,2012-01-11,2012-01-16,1000.0,1,1000.0
SO46732,2993,175,2012-01-04,2012-01-11,2012-01-16,1000.0,1,1000.0
SO46733,13782,164,2012-01-04,2012-01-11,2012-01-16,2182.0,1,2182.0
SO46733,13782,165,2012-01-04,2012-01-11,2012-01-16,2182.0,1,2182.0
SO46734,2061,164,2012-01-04,2012-01-11,2012-01-16,2182.0,1,2182.0
SO46734,2061,165,2012-01-04,2012-01-11,2012-01-16,2182.0,1,2182.0
SO46735,2227,160,2012-01-04,2012-01-11,2012-01-16,2182.0,1,2182.0
SO46735,2227,161,2012-01-04,2012-01-11,2012-01-16,2182.0,1,2182.0
SO46736,1342,149,2012-01-04,2012-01-11,2012-01-16,2049.0,1,2049.0
SO46736,1342,150,2012-01-04,2012-01-11,2012-01-16,2049.0,1,2049.0
SO46737,1347,143,2012-01-04,2012-01-11,2012-01-16,2071.0,1,2071.0
SO46737,1347,144,2012-01-04,2012-01-11,2012-01-16,2071.0,1,2071.0
SO46738,1577,151,2012-01-04,2012-01-11,2012-01-16,2049.0,1,2049.0
SO46738,1577,152,2012-01-04,2012-01-11,2012-01-16,2049.0,1,2049.0
SO46739,4700,162,2012-01-05,2012-01-12,2012-01-17,2182.0,1,2182.0
SO46739,4700,163,2012-01-05,2012-01-12,2012-01-17,2182.0,1,2182.0
SO46740,1981,168,2012-01-05,2012-01-12,2012-01-17,2182.0,1,2182.0
SO46740,1981,169,2012-01-05,2012-01-12,2012-01-17,2182.0,1,2182.0
SO46741,17767,159,2012-01-05,2012-01-12,2012-01-17,2443.0,1,2443.0
SO46742,9207,147,2012-01-05,2012-01-12,2012-01-17,2049.0,1,2049.0
SO46742,9207,148,2012-01-05,2012-01-12,2012-01-17,2049.0,1,2049.0
SO46743,10184,162,2012-01-05,2012-01-12,2012-01-17,2182.0,1,2182.0
SO46743,10184,163,2012-01-05,2012-01-12,2012-01-17,2182.0,1,2182.0
SO46744,10200,159,2012-01-05,2012-01-12,2012-01-17,2443.0,1,2443.0
SO46745,2057,158,2012-01-06,2012-01-13,2012-01-18,2443.0,1,2443.0
SO46746,2058,157,2012-01-06,2012-01-13,2012-01-18,2443.0,1,2443.0
SO46747,15128,149,2012-01-06,2012-01-13,2012-01-18,2049.0,1,2049.0
SO46747,15128,150,2012-01-06,2012-01-13,2012-01-18,2049.0,1,2049.0
SO46748,15253,149,2012-01-06,2012-01-13,2012-01-18,2049.0,1,2049.0
SO46748,15253,150,2012-01-06,2012-01-13,2012-01-18,2049.0,1,2049.0
SO46749,1351,143,2012-01-06,2012-01-13,2012-01-18,2071.0,1,2071.0
SO46749,1351,144,2012-01-06,2012-01-13,2012-01-18,2071.0,1,2071.0
SO46750,5055,166,2012-01-07,2012-01-14,2012-01-19,2182.0,1,2182.0
SO46750,5055,167,2012-01-07,2012-01-14,2012-01-19,2182.0,1,2182.0
SO46751,1935,166,2012-01-07,2012-01-14,2012-01-19,2182.0,1,2182.0
SO46751,1935,167,2012-01-07,2012-01-14,2012-01-19,2182.0,1,2182.0
SO46752,8932,131,2012-01-07,2012-01-14,2012-01-19,783.0,1,783.0
SO46752,8932,132,2012-01-07,2012-01-14,2012-01-19,783.0,1,783.0
SO46753,10216,168,2012-01-07,2012-01-14,2012-01-19,2182.0,1,2182.0
SO46753,10216,169,2012-01-07,2012-01-14,2012-01-19,2182.0,1,2182.0
SO46754,14959,109,2012-01-07,2012-01-14,2012-01-19,783.0,1,783.0
SO46754,14959,110,2012-01-07,2012-01-14,2012-01-19,783.0,1,783.0
SO46755,15024,131,2012-01-07,2012-01-14,2012-01-19,783.0,1,783.0
SO46755,15024,132,2012-01-07,2012-01-14,2012-01-19,783.0,1,783.0
SO46756,2994,172,2012-01-07,2012-01-14,2012-01-19,1000.0,1,1000.0
SO46756,2994,173,2012-01-07,2012-01-14,2012-01-19,1000.0,1,1000.0
SO46757,15175,143,2012-01-08,2012-01-15,2012-01-20,2071.0,1,2071.0
SO46757,15175,144,2012-01-08,2012-01-15,2012-01-20,2071.0,1,2071.0
SO46758,7131,176,2012-01-08,2012-01-15,2012-01-20,1000.0,1,1000.0
SO46758,7131,177,2012-01-08,2012-01-15,2012-01-20,1000.0,1,1000.0
SO46759,5034,162,2012-01-08,2012-01-15,2012-01-20,2182.0,1,2182.0
SO46759,5034,163,2012-01-08,2012-01-15,2012-01-20,2182.0,1,2182.0
SO46760,2987,176,2012-01-08,2012-01-15,2012-01-20,1000.0,1,1000.0
SO46760,2987,177,2012-01-08,2012-01-15,2012-01-20,1000.0,1,1000.0
SO46761,8925,113,2012-01-08,2012-01-15,2012-01-20,783.0,1,783.0
SO46761,8925,114,2012-01-08,2012-01-15,2012-01-20,783.0,1,783.0
SO46762,2064,157,2012-01-08,2012-01-15,2012-01-20,2443.0,1,2443.0
SO46763,2203,164,2012-01-08,2012-01-15,2012-01-20,2182.0,1,2182.0
SO46763,2203,165,2012-01-08,2012-01-15,2012-01-20,2182.0,1,2182.0
SO46764,15239,149,2012-01-08,2012-01-15,2012-01-20,2049.0,1,2049.0
SO46764,15239,150,2012-01-08,2012-01-15,2012-01-20,2049.0,1,2049.0
SO46765,4192,121,2012-01-08,2012-01-15,2012-01-20,783.0,1,783.0
SO46765,4192,122,2012-01-08,2012-01-15,2012-01-20,783.0,1,783.0
SO46766,10217,158,2012-01-08,2012-01-15,2012-01-20,2443.0,1,2443.0
SO46767,1574,151,2012-01-08,2012-01-15,2012-01-20,2049.0,1,2049.0
SO46767,1574,152,2012-01-08,2012-01-15,2012-01-20,2049.0,1,2049.0
SO46768,15021,127,2012-01-08,2012-01-15,2012-01-20,783.0,1,783.0
SO46768,15021,128,2012-01-08,2012-01-15,2012-01-20,783.0,1,783.0
SO46769,4703,166,2012-01-09,2012-01-16,2012-01-21,2182.0,1,2182.0
SO46769,4703,167,2012-01-09,2012-01-16,2012-01-21,2182.0,1,2182.0
SO46770,4358,159,2012-01-09,2012-01-16,2012-01-21,2443.0,1,2443.0
SO46771,2069,166,2012-01-09,2012-01-16,2012-01-21,2182.0,1,2182.0
SO46771,2069,167,2012-01-09,2012-01-16,2012-01-21,2182.0,1,2182.0
SO46772,2162,164,2012-01-09,2012-01-16,2012-01-21,2182.0,1,2182.0
SO46772,2162,165,2012-01-09,2012-01-16,2012-01-21,2182.0,1,2182.0
SO46773,2174,160,2012-01-09,2012-01-16,2012-01-21,2182.0,1,2182.0
SO46773,2174,161,2012-01-09,2012-01-16,2012-01-21,2182.0,1,2182.0
SO46774,2226,164,2012-01-09,2012-01-16,2012-01-21,2182.0,1,2182.0
SO46774,2226,165,2012-01-09,2012-01-16,2012-01-21,2182.0,1,2182.0
SO46775,15250,141,2012-01-09,2012-01-16,2012-01-21,2071.0,1,2071.0
SO46775,15250,142,2012-01-09,2012-01-16,2012-01-21,2071.0,1,2071.0
SO46776,1357,149,2012-01-09,2012-01-16,2012-01-21,2049.0,1,2049.0
SO46776,1357,150,2012-01-09,2012-01-16,2012-01-21,2049.0,1,2049.0
SO46777,569,145,2012-01-10,2012-01-17,2012-01-22,2071.0,1,2071.0
SO46777,569,146,2012-01-10,2012-01-17,2012-01-22,2071.0,1,2071.0
SO46778,611,141,2012-01-10,2012-01-17,2012-01-22,2071.0,1,2071.0
SO46778,611,142,2012-01-10,2012-01-17,2012-01-22,2071.0,1,2071.0
SO46779,4930,166,2012-01-10,2012-01-17,2012-01-22,2182.0,1,2182.0
SO46779,4930,167,2012-01-10,2012-01-17,2012-01-22,2182.0,1,2182.0
SO46780,1943,168,2012-01-10,2012-01-17,2012-01-22,2182.0,1,2182.0
SO46780,1943,169,2012-01-10,2012-01-17,2012-01-22,2182.0,1,2182.0
SO46781,1950,168,2012-01-10,2012-01-17,2012-01-22,2182.0,1,2182.0
SO46781,1950,169,2012-01-10,2012-01-17,2012-01-22,2182.0,1,2182.0
SO46782,1976,160,2012-01-10,2012-01-17,2012-01-22,2182.0,1,2182.0
SO46782,1976,161,2012-01-10,2012-01-17,2012-01-22,2182.0,1,2182.0
SO46783,8070,125,2012-01-10,2012-01-17,2012-01-22,783.0,1,783.0
SO46783,8070,126,2012-01-10,2012-01-17,2012-01-22,783.0,1,783.0
SO46784,2179,164,2012-01-10,2012-01-17,2012-01-22,2182.0,1,2182.0
SO46784,2179,165,2012-01-10,2012-01-17,2012-01-22,2182.0,1,2182.0
SO46785,2191,162,2012-01-10,2012-01-17,2012-01-22,2182.0,1,2182.0
SO46785,2191,163,2012-01-10,2012-01-17,2012-01-22,2182.0,1,2182.0
SO46786,15202,143,2012-01-10,2012-01-17,2012-01-22,2071.0,1,2071.0
SO46786,15202,144,2012-01-10,2012-01-17,2012-01-22,2071.0,1,2071.0
SO46787,4196,121,2012-01-10,2012-01-17,2012-01-22,783.0,1,783.0
SO46787,4196,122,2012-01-10,2012-01-17,2012-01-22,783.0,1,783.0
SO46788,1343,147,2012-01-10,2012-01-17,2012-01-22,2049.0,1,2049.0
SO46788,1343,148,2012-01-10,2012-01-17,2012-01-22,2049.0,1,2049.0
SO46789,17507,147,2012-01-11,2012-01-18,2012-01-23,2049.0,1,2049.0
SO46789,17507,148,2012-01-11,2012-01-18,2012-01-23,2049.0,1,2049.0
SO46790,1931,168,2012-01-11,2012-01-18,2012-01-23,2182.0,1,2182.0
SO46790,1931,169,2012-01-11,2012-01-18,2012-01-23,2182.0,1,2182.0
SO46791,2017,158,2012-01-11,2012-01-18,2012-01-23,2443.0,1,2443.0
SO46792,2084,162,2012-01-11,2012-01-18,2012-01-23,2182.0,1,2182.0
SO46792,2084,163,2012-01-11,2012-01-18,2012-01-23,2182.0,1,2182.0
SO46793,2215,164,2012-01-11,2012-01-18,2012-01-23,2182.0,1,2182.0
SO46793,2215,165,2012-01-11,2012-01-18,2012-01-23,2182.0,1,2182.0
SO46794,13978,162,2012-01-11,2012-01-18,2012-01-23,2182.0,1,2182.0
SO46794,13978,163,2012-01-11,2012-01-18,2012-01-23,2182.0,1,2182.0
SO46795,15235,151,2012-01-11,2012-01-18,2012-01-23,2049.0,1,2049.0
SO46795,15235,152,2012-01-11,2012-01-18,2012-01-23,2049.0,1,2049.0
SO46796,15248,149,2012-01-11,2012-01-18,2012-01-23,2049.0,1,2049.0
SO46796,15248,150,2012-01-11,2012-01-18,2012-01-23,2049.0,1,2049.0
SO46797,10198,160,2012-01-11,2012-01-18,2012-01-23,2182.0,1,2182.0
SO46797,10198,161,2012-01-11,2012-01-18,2012-01-23,2182.0,1,2182.0
SO46798,10202,157,2012-01-11,2012-01-18,2012-01-23,2443.0,1,2443.0
SO46799,2663,160,2012-01-12,2012-01-19,2012-01-24,2182.0,1,2182.0
SO46799,2663,161,2012-01-12,2012-01-19,2012-01-24,2182.0,1,2182.0
SO46800,2020,159,2012-01-12,2012-01-19,2012-01-24,2443.0,1,2443.0
SO46801,14095,157,2012-01-12,2012-01-19,2012-01-24,2443.0,1,2443.0
SO46802,4189,125,2012-01-12,2012-01-19,2012-01-24,783.0,1,783.0
SO46802,4189,126,2012-01-12,2012-01-19,2012-01-24,783.0,1,783.0
SO46803,2596,168,2012-01-13,2012-01-20,2012-01-25,2182.0,1,2182.0
SO46803,2596,169,2012-01-13,2012-01-20,2012-01-25,2182.0,1,2182.0
SO46804,8053,111,2012-01-13,2012-01-20,2012-01-25,783.0,1,783.0
SO46804,8053,112,2012-01-13,2012-01-20,2012-01-25,783.0,1,783.0
SO46805,2056,162,2012-01-13,2012-01-20,2012-01-25,2182.0,1,2182.0
SO46805,2056,163,2012-01-13,2012-01-20,2012-01-25,2182.0,1,2182.0
SO46806,10196,159,2012-01-13,2012-01-20,2012-01-25,2443.0,1,2443.0
SO46807,1340,143,2012-01-13,2012-01-20,2012-01-25,2071.0,1,2071.0
SO46807,1340,144,2012-01-13,2012-01-20,2012-01-25,2071.0,1,2071.0
SO46808,1348,149,2012-01-13,2012-01-20,2012-01-25,2049.0,1,2049.0
SO46808,1348,150,2012-01-13,2012-01-20,2012-01-25,2049.0,1,2049.0
SO46809,2767,160,2012-01-14,2012-01-21,2012-01-26,2182.0,1,2182.0
SO46809,2767,161,2012-01-14,2012-01-21,2012-01-26,2182.0,1,2182.0
SO46810,4623,159,2012-01-14,2012-01-21,2012-01-26,2443.0,1,2443.0
SO46811,1942,158,2012-01-14,2012-01-21,2012-01-26,2443.0,1,2443.0
SO46812,2070,160,2012-01-14,2012-01-21,2012-01-26,2182.0,1,2182.0
SO46812,2070,161,2012-01-14,2012-01-21,2012-01-26,2182.0,1,2182.0
SO46813,2153,168,2012-01-14,2012-01-21,2012-01-26,2182.0,1,2182.0
SO46813,2153,169,2012-01-14,2012-01-21,2012-01-26,2182.0,1,2182.0
SO46814,2166,160,2012-01-14,2012-01-21,2012-01-26,2182.0,1,2182.0
SO46814,2166,161,2012-01-14,2012-01-21,2012-01-26,2182.0,1,2182.0
SO46815,14094,164,2012-01-14,2012-01-21,2012-01-26,2182.0,1,2182.0
SO46815,14094,165,2012-01-14,2012-01-21,2012-01-26,2182.0,1,2182.0
SO46816,2231,159,2012-01-14,2012-01-21,2012-01-26,2443.0,1,2443.0
SO46817,15122,145,2012-01-14,2012-01-21,2012-01-26,2071.0,1,2071.0
SO46817,15122,146,2012-01-14,2012-01-21,2012-01-26,2071.0,1,2071.0
SO46818,10212,158,2012-01-14,2012-01-21,2012-01-26,2443.0,1,2443.0
SO46819,10002,157,2012-01-14,2012-01-21,2012-01-26,2443.0,1,2443.0
SO46820,17511,141,2012-01-15,2012-01-22,2012-01-27,2071.0,1,2071.0
SO46820,17511,142,2012-01-15,2012-01-22,2012-01-27,2071.0,1,2071.0
SO46821,13825,166,2012-01-15,2012-01-22,2012-01-27,2182.0,1,2182.0
SO46821,13825,167,2012-01-15,2012-01-22,2012-01-27,2182.0,1,2182.0
SO46822,4156,113,2012-01-15,2012-01-22,2012-01-27,783.0,1,783.0
SO46822,4156,114,2012-01-15,2012-01-22,2012-01-27,783.0,1,783.0
SO46823,4194,111,2012-01-15,2012-01-22,2012-01-27,783.0,1,783.0
SO46823,4194,112,2012-01-15,2012-01-22,2012-01-27,783.0,1,783.0
SO46824,13609,174,2012-01-15,2012-01-22,2012-01-27,1000.0,1,1000.0
SO46824,13609,175,2012-01-15,2012-01-22,2012-01-27,1000.0,1,1000.0
SO46825,1575,143,2012-01-15,2012-01-22,2012-01-27,2071.0,1,2071.0
SO46825,1575,144,2012-01-15,2012-01-22,2012-01-27,2071.0,1,2071.0
SO46826,1576,149,2012-01-15,2012-01-22,2012-01-27,2049.0,1,2049.0
SO46826,1576,150,2012-01-15,2012-01-22,2012-01-27,2049.0,1,2049.0
SO46827,2800,162,2012-01-16,2012-01-23,2012-01-28,2182.0,1,2182.0
SO46827,2800,163,2012-01-16,2012-01-23,2012-01-28,2182.0,1,2182.0
SO46828,2991,174,2012-01-16,2012-01-23,2012-01-28,1000.0,1,1000.0
SO46828,2991,175,2012-01-16,2012-01-23,2012-01-28,1000.0,1,1000.0
SO46829,13787,158,2012-01-16,2012-01-23,2012-01-28,2443.0,1,2443.0
SO46830,8911,125,2012-01-16,2012-01-23,2012-01-28,783.0,1,783.0
SO46830,8911,126,2012-01-16,2012-01-23,2012-01-28,783.0,1,783.0
SO46831,2067,158,2012-01-16,2012-01-23,2012-01-28,2443.0,1,2443.0
SO46832,9189,141,2012-01-16,2012-01-23,2012-01-28,2071.0,1,2071.0
SO46832,9189,142,2012-01-16,2012-01-23,2012-01-28,2071.0,1,2071.0
SO46833,1361,143,2012-01-16,2012-01-23,2012-01-28,2071.0,1,2071.0
SO46833,1361,144,2012-01-16,2012-01-23,2012-01-28,2071.0,1,2071.0
SO46834,1924,168,2012-01-16,2012-01-23,2012-01-28,2182.0,1,2182.0
SO46834,1924,169,2012-01-16,2012-01-23,2012-01-28,2182.0,1,2182.0
SO46835,2769,160,2012-01-17,2012-01-24,2012-01-29,2182.0,1,2182.0
SO46835,2769,161,2012-01-17,2012-01-24,2012-01-29,2182.0,1,2182.0
SO46836,2770,166,2012-01-17,2012-01-24,2012-01-29,2182.0,1,2182.0
SO46836,2770,167,2012-01-17,2012-01-24,2012-01-29,2182.0,1,2182.0
SO46837,3004,170,2012-01-17,2012-01-24,2012-01-29,1000.0,1,1000.0
SO46837,3004,171,2012-01-17,2012-01-24,2012-01-29,1000.0,1,1000.0
SO46838,1923,164,2012-01-17,2012-01-24,2012-01-29,2182.0,1,2182.0
SO46838,1923,165,2012-01-17,2012-01-24,2012-01-29,2182.0,1,2182.0
SO46839,13818,164,2012-01-17,2012-01-24,2012-01-29,2182.0,1,2182.0
SO46839,13818,165,2012-01-17,2012-01-24,2012-01-29,2182.0,1,2182.0
SO46840,2059,158,2012-01-17,2012-01-24,2012-01-29,2443.0,1,2443.0
SO46841,2175,160,2012-01-17,2012-01-24,2012-01-29,2182.0,1,2182.0
SO46841,2175,161,2012-01-17,2012-01-24,2012-01-29,2182.0,1,2182.0
SO46842,4167,109,2012-01-17,2012-01-24,2012-01-29,783.0,1,783.0
SO46842,4167,110,2012-01-17,2012-01-24,2012-01-29,783.0,1,783.0
SO46843,10169,164,2012-01-17,2012-01-24,2012-01-29,2182.0,1,2182.0
SO46843,10169,165,2012-01-17,2012-01-24,2012-01-29,2182.0,1,2182.0
SO46844,1344,147,2012-01-17,2012-01-24,2012-01-29,2049.0,1,2049.0
SO46844,1344,148,2012-01-17,2012-01-24,2012-01-29,2049.0,1,2049.0
SO46845,604,147,2012-01-18,2012-01-25,2012-01-30,2049.0,1,2049.0
SO46845,604,148,2012-01-18,2012-01-25,2012-01-30,2049.0,1,2049.0
SO46846,2576,162,2012-01-18,2012-01-25,2012-01-30,2182.0,1,2182.0
SO46846,2576,163,2012-01-18,2012-01-25,2012-01-30,2182.0,1,2182.0
SO46847,2794,160,2012-01-18,2012-01-25,2012-01-30,2182.0,1,2182.0
SO46847,2794,161,2012-01-18,2012-01-25,2012-01-30,2182.0,1,2182.0
SO46848,5202,160,2012-01-18,2012-01-25,2012-01-30,2182.0,1,2182.0
SO46848,5202,161,2012-01-18,2012-01-25,2012-01-30,2182.0,1,2182.0
SO46849,13961,159,2012-01-18,2012-01-25,2012-01-30,2443.0,1,2443.0
SO46850,2222,159,2012-01-18,2012-01-25,2012-01-30,2443.0,1,2443.0
SO46851,9210,149,2012-01-18,2012-01-25,2012-01-30,2049.0,1,2049.0
SO46851,9210,150,2012-01-18,2012-01-25,2012-01-30,2049.0,1,2049.0
SO46852,4195,121,2012-01-18,2012-01-25,2012-01-30,783.0,1,783.0
SO46852,4195,122,2012-01-18,2012-01-25,2012-01-30,783.0,1,783.0
SO46853,10193,157,2012-01-18,2012-01-25,2012-01-30,2443.0,1,2443.0
SO46854,9998,164,2012-01-18,2012-01-25,2012-01-30,2182.0,1,2182.0
SO46854,9998,165,2012-01-18,2012-01-25,2012-01-30,2182.0,1,2182.0
SO46855,4118,168,2012-01-19,2012-01-26,2012-01-31,2182.0,1,2182.0
SO46855,4118,169,2012-01-19,2012-01-26,2012-01-31,2182.0,1,2182.0
SO46856,1936,159,2012-01-19,2012-01-26,2012-01-31,2443.0,1,2443.0
SO46857,2065,160,2012-01-19,2012-01-26,2012-01-31,2182.0,1,2182.0
SO46857,2065,161,2012-01-19,2012-01-26,2012-01-31,2182.0,1,2182.0
SO46858,2068,159,2012-01-19,2012-01-26,2012-01-31,2443.0,1,2443.0
SO46859,2206,159,2012-01-19,2012-01-26,2012-01-31,2443.0,1,2443.0
SO46860,10181,160,2012-01-19,2012-01-26,2012-01-31,2182.0,1,2182.0
SO46860,10181,161,2012-01-19,2012-01-26,2012-01-31,2182.0,1,2182.0
SO46861,10215,166,2012-01-19,2012-01-26,2012-01-31,2182.0,1,2182.0
SO46861,10215,167,2012-01-19,2012-01-26,2012-01-31,2182.0,1,2182.0
SO46862,551,151,2012-01-20,2012-01-27,2012-02-01,2049.0,1,2049.0
SO46862,551,152,2012-01-20,2012-01-27,2012-02-01,2049.0,1,2049.0
SO46863,576,151,2012-01-20,2012-01-27,2012-02-01,2049.0,1,2049.0
SO46863,576,152,2012-01-20,2012-01-27,2012-02-01,2049.0,1,2049.0
SO46864,5046,162,2012-01-20,2012-01-27,2012-02-01,2182.0,1,2182.0
SO46864,5046,163,2012-01-20,2012-01-27,2012-02-01,2182.0,1,2182.0
SO46865,4457,164,2012-01-20,2012-01-27,2012-02-01,2182.0,1,2182.0
SO46865,4457,165,2012-01-20,2012-01-27,2012-02-01,2182.0,1,2182.0
SO46866,1982,158,2012-01-20,2012-01-27,2012-02-01,2443.0,1,2443.0
SO46867,2030,166,2012-01-20,2012-01-27,2012-02-01,2182.0,1,2182.0
SO46867,2030,167,2012-01-20,2012-01-27,2012-02-01,2182.0,1,2182.0
SO46868,2190,158,2012-01-20,2012-01-27,2012-02-01,2443.0,1,2443.0
SO46869,2578,168,2012-01-21,2012-01-28,2012-02-02,2182.0,1,2182.0
SO46869,2578,169,2012-01-21,2012-01-28,2012-02-02,2182.0,1,2182.0
SO46870,2606,157,2012-01-21,2012-01-28,2012-02-02,2443.0,1,2443.0
SO46871,2801,159,2012-01-21,2012-01-28,2012-02-02,2443.0,1,2443.0
SO46872,8187,174,2012-01-21,2012-01-28,2012-02-02,1000.0,1,1000.0
SO46872,8187,175,2012-01-21,2012-01-28,2012-02-02,1000.0,1,1000.0
SO46873,10168,166,2012-01-21,2012-01-28,2012-02-02,2182.0,1,2182.0
SO46873,10168,167,2012-01-21,2012-01-28,2012-02-02,2182.0,1,2182.0
SO46874,13607,170,2012-01-21,2012-01-28,2012-02-02,1000.0,1,1000.0
SO46874,13607,171,2012-01-21,2012-01-28,2012-02-02,1000.0,1,1000.0
SO46875,471,151,2012-01-22,2012-01-29,2012-02-03,2049.0,1,2049.0
SO46875,471,152,2012-01-22,2012-01-29,2012-02-03,2049.0,1,2049.0
SO46876,4085,164,2012-01-22,2012-01-29,2012-02-03,2182.0,1,2182.0
SO46876,4085,165,2012-01-22,2012-01-29,2012-02-03,2182.0,1,2182.0
SO46877,1927,159,2012-01-22,2012-01-29,2012-02-03,2443.0,1,2443.0
SO46878,14062,158,2012-01-22,2012-01-29,2012-02-03,2443.0,1,2443.0
SO46879,2225,168,2012-01-22,2012-01-29,2012-02-03,2182.0,1,2182.0
SO46879,2225,169,2012-01-22,2012-01-29,2012-02-03,2182.0,1,2182.0
SO46880,4168,123,2012-01-22,2012-01-29,2012-02-03,783.0,1,783.0
SO46880,4168,124,2012-01-22,2012-01-29,2012-02-03,783.0,1,783.0
SO46881,1573,143,2012-01-22,2012-01-29,2012-02-03,2071.0,1,2071.0
SO46881,1573,144,2012-01-22,2012-01-29,2012-02-03,2071.0,1,2071.0
SO46882,14961,131,2012-01-22,2012-01-29,2012-02-03,783.0,1,783.0
SO46882,14961,132,2012-01-22,2012-01-29,2012-02-03,783.0,1,783.0
SO46883,15242,141,2012-01-22,2012-01-29,2012-02-03,2071.0,1,2071.0
SO46883,15242,142,2012-01-22,2012-01-29,2012-02-03,2071.0,1,2071.0
SO46884,2566,157,2012-01-23,2012-01-30,2012-02-04,2443.0,1,2443.0
SO46885,4934,162,2012-01-23,2012-01-30,2012-02-04,2182.0,1,2182.0
SO46885,4934,163,2012-01-23,2012-01-30,2012-02-04,2182.0,1,2182.0
SO46886,17670,166,2012-01-23,2012-01-30,2012-02-04,2182.0,1,2182.0
SO46886,17670,167,2012-01-23,2012-01-30,2012-02-04,2182.0,1,2182.0
SO46887,1341,151,2012-01-23,2012-01-30,2012-02-04,2049.0,1,2049.0
SO46887,1341,152,2012-01-23,2012-01-30,2012-02-04,2049.0,1,2049.0
SO46888,15022,113,2012-01-23,2012-01-30,2012-02-04,783.0,1,783.0
SO46888,15022,114,2012-01-23,2012-01-30,2012-02-04,783.0,1,783.0
SO46889,8174,172,2012-01-24,2012-01-31,2012-02-05,1000.0,1,1000.0
SO46889,8174,173,2012-01-24,2012-01-31,2012-02-05,1000.0,1,1000.0
SO46890,1922,157,2012-01-24,2012-01-31,2012-02-05,2443.0,1,2443.0
SO46891,9593,113,2012-01-24,2012-01-31,2012-02-05,783.0,1,783.0
SO46891,9593,114,2012-01-24,2012-01-31,2012-02-05,783.0,1,783.0
SO46892,2087,159,2012-01-24,2012-01-31,2012-02-05,2443.0,1,2443.0
SO46893,17660,158,2012-01-24,2012-01-31,2012-02-05,2443.0,1,2443.0
SO46894,15121,145,2012-01-24,2012-01-31,2012-02-05,2071.0,1,2071.0
SO46894,15121,146,2012-01-24,2012-01-31,2012-02-05,2071.0,1,2071.0
SO46895,15184,143,2012-01-24,2012-01-31,2012-02-05,2071.0,1,2071.0
SO46895,15184,144,2012-01-24,2012-01-31,2012-02-05,2071.0,1,2071.0
SO46896,4190,121,2012-01-24,2012-01-31,2012-02-05,783.0,1,783.0
SO46896,4190,122,2012-01-24,2012-01-31,2012-02-05,783.0,1,783.0
SO46897,10180,157,2012-01-24,2012-01-31,2012-02-05,2443.0,1,2443.0
SO46898,10206,158,2012-01-24,2012-01-31,2012-02-05,2443.0,1,2443.0
SO46899,3000,170,2012-01-25,2012-02-01,2012-02-06,1000.0,1,1000.0
SO46899,3000,171,2012-01-25,2012-02-01,2012-02-06,1000.0,1,1000.0
SO46900,10195,164,2012-01-25,2012-02-01,2012-02-06,2182.0,1,2182.0
SO46900,10195,165,2012-01-25,2012-02-01,2012-02-06,2182.0,1,2182.0
SO46901,10204,164,2012-01-25,2012-02-01,2012-02-06,2182.0,1,2182.0
SO46901,10204,165,2012-01-25,2012-02-01,2012-02-06,2182.0,1,2182.0
SO46902,10001,164,2012-01-25,2012-02-01,2012-02-06,2182.0,1,2182.0
SO46902,10001,165,2012-01-25,2012-02-01,2012-02-06,2182.0,1,2182.0
SO46903,1354,143,2012-01-25,2012-02-01,2012-02-06,2071.0,1,2071.0
SO46903,1354,144,2012-01-25,2012-02-01,2012-02-06,2071.0,1,2071.0
SO46904,6081,176,2012-01-26,2012-02-02,2012-02-07,1000.0,1,1000.0
SO46904,6081,177,2012-01-26,2012-02-02,2012-02-07,1000.0,1,1000.0
SO46905,5054,164,2012-01-26,2012-02-02,2012-02-07,2182.0,1,2182.0
SO46905,5054,165,2012-01-26,2012-02-02,2012-02-07,2182.0,1,2182.0
SO46906,1951,157,2012-01-26,2012-02-02,2012-02-07,2443.0,1,2443.0
SO46907,2088,157,2012-01-26,2012-02-02,2012-02-07,2443.0,1,2443.0
SO46908,10190,159,2012-01-26,2012-02-02,2012-02-07,2443.0,1,2443.0
SO46909,9999,168,2012-01-26,2012-02-02,2012-02-07,2182.0,1,2182.0
SO46909,9999,169,2012-01-26,2012-02-02,2012-02-07,2182.0,1,2182.0
SO46910,9711,119,2012-01-27,2012-02-03,2012-02-08,783.0,1,783.0
SO46910,9711,120,2012-01-27,2012-02-03,2012-02-08,783.0,1,783.0
SO46911,13833,166,2012-01-27,2012-02-03,2012-02-08,2182.0,1,2182.0
SO46911,13833,167,2012-01-27,2012-02-03,2012-02-08,2182.0,1,2182.0
SO46912,2178,166,2012-01-27,2012-02-03,2012-02-08,2182.0,1,2182.0
SO46912,2178,167,2012-01-27,2012-02-03,2012-02-08,2182.0,1,2182.0
SO46913,2213,164,2012-01-27,2012-02-03,2012-02-08,2182.0,1,2182.0
SO46913,2213,165,2012-01-27,2012-02-03,2012-02-08,2182.0,1,2182.0
SO46914,15246,145,2012-01-27,2012-02-03,2012-02-08,2071.0,1,2071.0
SO46914,15246,146,2012-01-27,2012-02-03,2012-02-08,2071.0,1,2071.0
SO46915,15277,151,2012-01-27,2012-02-03,2012-02-08,2049.0,1,2049.0
SO46915,15277,152,2012-01-27,2012-02-03,2012-02-08,2049.0,1,2049.0
SO46916,4197,117,2012-01-27,2012-02-03,2012-02-08,783.0,1,783.0
SO46916,4197,118,2012-01-27,2012-02-03,2012-02-08,783.0,1,783.0
SO46917,10203,160,2012-01-27,2012-02-03,2012-02-08,2182.0,1,2182.0
SO46917,10203,161,2012-01-27,2012-02-03,2012-02-08,2182.0,1,2182.0
SO46918,15023,131,2012-01-27,2012-02-03,2012-02-08,783.0,1,783.0
SO46918,15023,132,2012-01-27,2012-02-03,2012-02-08,783.0,1,783.0
SO46919,482,151,2012-01-27,2012-02-03,2012-02-08,2049.0,1,2049.0
SO46919,482,152,2012-01-27,2012-02-03,2012-02-08,2049.0,1,2049.0
SO46920,610,151,2012-01-28,2012-02-04,2012-02-09,2049.0,1,2049.0
SO46920,610,152,2012-01-28,2012-02-04,2012-02-09,2049.0,1,2049.0
SO46921,4455,160,2012-01-28,2012-02-04,2012-02-09,2182.0,1,2182.0
SO46921,4455,161,2012-01-28,2012-02-04,2012-02-09,2182.0,1,2182.0
SO46922,2089,157,2012-01-28,2012-02-04,2012-02-09,2443.0,1,2443.0
SO46923,2177,158,2012-01-28,2012-02-04,2012-02-09,2443.0,1,2443.0
SO46924,2204,164,2012-01-28,2012-02-04,2012-02-09,2182.0,1,2182.0
SO46924,2204,165,2012-01-28,2012-02-04,2012-02-09,2182.0,1,2182.0
SO46925,10166,162,2012-01-28,2012-02-04,2012-02-09,2182.0,1,2182.0
SO46925,10166,163,2012-01-28,2012-02-04,2012-02-09,2182.0,1,2182.0
SO46926,10170,166,2012-01-28,2012-02-04,2012-02-09,2182.0,1,2182.0
SO46926,10170,167,2012-01-28,2012-02-04,2012-02-09,2182.0,1,2182.0
SO46927,1349,151,2012-01-28,2012-02-04,2012-02-09,2049.0,1,2049.0
SO46927,1349,152,2012-01-28,2012-02-04,2012-02-09,2049.0,1,2049.0
SO46928,1359,145,2012-01-28,2012-02-04,2012-02-09,2071.0,1,2071.0
SO46928,1359,146,2012-01-28,2012-02-04,2012-02-09,2071.0,1,2071.0
SO47068,2247,159,2012-01-29,2012-02-05,2012-02-10,2443.0,1,2443.0
SO47069,3018,172,2012-01-29,2012-02-05,2012-02-10,1000.0,1,1000.0
SO47069,3018,173,2012-01-29,2012-02-05,2012-02-10,1000.0,1,1000.0
SO47070,3026,176,2012-01-29,2012-02-05,2012-02-10,1000.0,1,1000.0
SO47070,3026,177,2012-01-29,2012-02-05,2012-02-10,1000.0,1,1000.0
SO47071,4668,158,2012-01-29,2012-02-05,2012-02-10,2443.0,1,2443.0
SO47072,9063,129,2012-01-29,2012-02-05,2012-02-10,783.0,1,783.0
SO47072,9063,130,2012-01-29,2012-02-05,2012-02-10,783.0,1,783.0
SO47073,14288,158,2012-01-29,2012-02-05,2012-02-10,2443.0,1,2443.0
SO47074,15294,151,2012-01-29,2012-02-05,2012-02-10,2049.0,1,2049.0
SO47074,15294,152,2012-01-29,2012-02-05,2012-02-10,2049.0,1,2049.0
SO47075,1686,149,2012-01-29,2012-02-05,2012-02-10,2049.0,1,2049.0
SO47075,1686,150,2012-01-29,2012-02-05,2012-02-10,2049.0,1,2049.0
SO47076,1589,151,2012-01-29,2012-02-05,2012-02-10,2049.0,1,2049.0
SO47076,1589,152,2012-01-29,2012-02-05,2012-02-10,2049.0,1,2049.0
SO47077,5330,158,2012-01-30,2012-02-06,2012-02-11,2443.0,1,2443.0
SO47078,2249,164,2012-01-30,2012-02-06,2012-02-11,2182.0,1,2182.0
SO47078,2249,165,2012-01-30,2012-02-06,2012-02-11,2182.0,1,2182.0
SO47079,2360,164,2012-01-30,2012-02-06,2012-02-11,2182.0,1,2182.0
SO47079,2360,165,2012-01-30,2012-02-06,2012-02-11,2182.0,1,2182.0
SO47080,15303,149,2012-01-30,2012-02-06,2012-02-11,2049.0,1,2049.0
SO47080,15303,150,2012-01-30,2012-02-06,2012-02-11,2049.0,1,2049.0
SO47081,4204,129,2012-01-30,2012-02-06,2012-02-11,783.0,1,783.0
SO47081,4204,130,2012-01-30,2012-02-06,2012-02-11,783.0,1,783.0
SO47082,4255,111,2012-01-30,2012-02-06,2012-02-11,783.0,1,783.0
SO47082,4255,112,2012-01-30,2012-02-06,2012-02-11,783.0,1,783.0
SO47083,4289,117,2012-01-30,2012-02-06,2012-02-11,783.0,1,783.0
SO47083,4289,118,2012-01-30,2012-02-06,2012-02-11,783.0,1,783.0
SO47084,10562,159,2012-01-30,2012-02-06,2012-02-11,2443.0,1,2443.0
SO47085,5312,168,2012-01-31,2012-02-07,2012-02-12,2182.0,1,2182.0
SO47085,5312,169,2012-01-31,2012-02-07,2012-02-12,2182.0,1,2182.0
SO47086,2379,162,2012-01-31,2012-02-07,2012-02-12,2182.0,1,2182.0
SO47086,2379,163,2012-01-31,2012-02-07,2012-02-12,2182.0,1,2182.0
SO47087,2384,166,2012-01-31,2012-02-07,2012-02-12,2182.0,1,2182.0
SO47087,2384,167,2012-01-31,2012-02-07,2012-02-12,2182.0,1,2182.0
SO47088,2275,158,2012-01-31,2012-02-07,2012-02-12,2443.0,1,2443.0
SO47089,4285,129,2012-01-31,2012-02-07,2012-02-12,783.0,1,783.0
SO47089,4285,130,2012-01-31,2012-02-07,2012-02-12,783.0,1,783.0
SO47090,10395,166,2012-01-31,2012-02-07,2012-02-12,2182.0,1,2182.0
SO47090,10395,167,2012-01-31,2012-02-07,2012-02-12,2182.0,1,2182.0
SO47091,17533,143,2012-02-01,2012-02-08,2012-02-13,2071.0,1,2071.0
SO47091,17533,144,2012-02-01,2012-02-08,2012-02-13,2071.0,1,2071.0
SO47092,17803,158,2012-02-01,2012-02-08,2012-02-13,2443.0,1,2443.0
SO47093,2381,158,2012-02-01,2012-02-08,2012-02-13,2443.0,1,2443.0
SO47094,4665,166,2012-02-01,2012-02-08,2012-02-13,2182.0,1,2182.0
SO47094,4665,167,2012-02-01,2012-02-08,2012-02-13,2182.0,1,2182.0
SO47095,14096,159,2012-02-01,2012-02-08,2012-02-13,2443.0,1,2443.0
SO47096,15284,143,2012-02-01,2012-02-08,2012-02-13,2071.0,1,2071.0
SO47096,15284,144,2012-02-01,2012-02-08,2012-02-13,2071.0,1,2071.0
SO47097,10258,159,2012-02-01,2012-02-08,2012-02-13,2443.0,1,2443.0
SO47098,1668,149,2012-02-01,2012-02-08,2012-02-13,2049.0,1,2049.0
SO47098,1668,150,2012-02-01,2012-02-08,2012-02-13,2049.0,1,2049.0
SO47099,15135,113,2012-02-01,2012-02-08,2012-02-13,783.0,1,783.0
SO47099,15135,114,2012-02-01,2012-02-08,2012-02-13,783.0,1,783.0
SO47100,613,149,2012-02-02,2012-02-09,2012-02-14,2049.0,1,2049.0
SO47100,613,150,2012-02-02,2012-02-09,2012-02-14,2049.0,1,2049.0
SO47101,5261,160,2012-02-02,2012-02-09,2012-02-14,2182.0,1,2182.0
SO47101,5261,161,2012-02-02,2012-02-09,2012-02-14,2182.0,1,2182.0
SO47102,2425,159,2012-02-02,2012-02-09,2012-02-14,2443.0,1,2443.0
SO47103,2370,157,2012-02-02,2012-02-09,2012-02-14,2443.0,1,2443.0
SO47104,2280,168,2012-02-02,2012-02-09,2012-02-14,2182.0,1,2182.0
SO47104,2280,169,2012-02-02,2012-02-09,2012-02-14,2182.0,1,2182.0
SO47105,2320,160,2012-02-02,2012-02-09,2012-02-14,2182.0,1,2182.0
SO47105,2320,161,2012-02-02,2012-02-09,2012-02-14,2182.0,1,2182.0
SO47106,14362,158,2012-02-02,2012-02-09,2012-02-14,2443.0,1,2443.0
SO47107,617,141,2012-02-03,2012-02-10,2012-02-15,2071.0,1,2071.0
SO47107,617,142,2012-02-03,2012-02-10,2012-02-15,2071.0,1,2071.0
SO47108,2840,158,2012-02-03,2012-02-10,2012-02-15,2443.0,1,2443.0
SO47109,17820,164,2012-02-03,2012-02-10,2012-02-15,2182.0,1,2182.0
SO47109,17820,165,2012-02-03,2012-02-10,2012-02-15,2182.0,1,2182.0
SO47110,17851,159,2012-02-03,2012-02-10,2012-02-15,2443.0,1,2443.0
SO47111,14101,158,2012-02-03,2012-02-10,2012-02-15,2443.0,1,2443.0
SO47112,9319,145,2012-02-03,2012-02-10,2012-02-15,2071.0,1,2071.0
SO47112,9319,146,2012-02-03,2012-02-10,2012-02-15,2071.0,1,2071.0
SO47113,4256,131,2012-02-03,2012-02-10,2012-02-15,783.0,1,783.0
SO47113,4256,132,2012-02-03,2012-02-10,2012-02-15,783.0,1,783.0
SO47114,10388,162,2012-02-03,2012-02-10,2012-02-15,2182.0,1,2182.0
SO47114,10388,163,2012-02-03,2012-02-10,2012-02-15,2182.0,1,2182.0
SO47115,10394,159,2012-02-03,2012-02-10,2012-02-15,2443.0,1,2443.0
SO47116,13612,176,2012-02-03,2012-02-10,2012-02-15,1000.0,1,1000.0
SO47116,13612,177,2012-02-03,2012-02-10,2012-02-15,1000.0,1,1000.0
SO47117,1587,143,2012-02-03,2012-02-10,2012-02-15,2071.0,1,2071.0
SO47117,1587,144,2012-02-03,2012-02-10,2012-02-15,2071.0,1,2071.0
SO47118,17542,151,2012-02-03,2012-02-10,2012-02-15,2049.0,1,2049.0
SO47118,17542,152,2012-02-03,2012-02-10,2012-02-15,2049.0,1,2049.0
SO47119,5276,157,2012-02-04,2012-02-11,2012-02-16,2443.0,1,2443.0
SO47120,3007,170,2012-02-04,2012-02-11,2012-02-16,1000.0,1,1000.0
SO47120,3007,171,2012-02-04,2012-02-11,2012-02-16,1000.0,1,1000.0
SO47121,17833,164,2012-02-04,2012-02-11,2012-02-16,2182.0,1,2182.0
SO47121,17833,165,2012-02-04,2012-02-11,2012-02-16,2182.0,1,2182.0
SO47122,2363,160,2012-02-04,2012-02-11,2012-02-16,2182.0,1,2182.0
SO47122,2363,161,2012-02-04,2012-02-11,2012-02-16,2182.0,1,2182.0
SO47123,14409,160,2012-02-04,2012-02-11,2012-02-16,2182.0,1,2182.0
SO47123,14409,161,2012-02-04,2012-02-11,2012-02-16,2182.0,1,2182.0
SO47124,2385,160,2012-02-04,2012-02-11,2012-02-16,2182.0,1,2182.0
SO47124,2385,161,2012-02-04,2012-02-11,2012-02-16,2182.0,1,2182.0
SO47125,2326,164,2012-02-04,2012-02-11,2012-02-16,2182.0,1,2182.0
SO47125,2326,165,2012-02-04,2012-02-11,2012-02-16,2182.0,1,2182.0
SO47126,2327,160,2012-02-04,2012-02-11,2012-02-16,2182.0,1,2182.0
SO47126,2327,161,2012-02-04,2012-02-11,2012-02-16,2182.0,1,2182.0
SO47127,10259,160,2012-02-04,2012-02-11,2012-02-16,2182.0,1,2182.0
SO47127,10259,161,2012-02-04,2012-02-11,2012-02-16,2182.0,1,2182.0
SO47128,10557,157,2012-02-04,2012-02-11,2012-02-16,2443.0,1,2443.0
SO47129,1678,141,2012-02-04,2012-02-11,2012-02-16,2071.0,1,2071.0
SO47129,1678,142,2012-02-04,2012-02-11,2012-02-16,2071.0,1,2071.0
SO47130,5407,164,2012-02-05,2012-02-12,2012-02-17,2182.0,1,2182.0
SO47130,5407,165,2012-02-05,2012-02-12,2012-02-17,2182.0,1,2182.0
SO47131,2244,160,2012-02-05,2012-02-12,2012-02-17,2182.0,1,2182.0
SO47131,2244,161,2012-02-05,2012-02-12,2012-02-17,2182.0,1,2182.0
SO47132,2284,164,2012-02-05,2012-02-12,2012-02-17,2182.0,1,2182.0
SO47132,2284,165,2012-02-05,2012-02-12,2012-02-17,2182.0,1,2182.0
SO47133,2358,168,2012-02-05,2012-02-12,2012-02-17,2182.0,1,2182.0
SO47133,2358,169,2012-02-05,2012-02-12,2012-02-17,2182.0,1,2182.0
SO47134,15297,143,2012-02-05,2012-02-12,2012-02-17,2071.0,1,2071.0
SO47134,15297,144,2012-02-05,2012-02-12,2012-02-17,2071.0,1,2071.0
SO47135,16028,131,2012-02-05,2012-02-12,2012-02-17,783.0,1,783.0
SO47135,16028,132,2012-02-05,2012-02-12,2012-02-17,783.0,1,783.0
SO47136,10390,168,2012-02-05,2012-02-12,2012-02-17,2182.0,1,2182.0
SO47136,10390,169,2012-02-05,2012-02-12,2012-02-17,2182.0,1,2182.0
SO47137,2349,160,2012-02-05,2012-02-12,2012-02-17,2182.0,1,2182.0
SO47137,2349,161,2012-02-05,2012-02-12,2012-02-17,2182.0,1,2182.0
SO47138,5309,168,2012-02-06,2012-02-13,2012-02-18,2182.0,1,2182.0
SO47138,5309,169,2012-02-06,2012-02-13,2012-02-18,2182.0,1,2182.0
SO47139,2239,164,2012-02-06,2012-02-13,2012-02-18,2182.0,1,2182.0
SO47139,2239,165,2012-02-06,2012-02-13,2012-02-18,2182.0,1,2182.0
SO47140,15291,145,2012-02-06,2012-02-13,2012-02-18,2071.0,1,2071.0
SO47140,15291,146,2012-02-06,2012-02-13,2012-02-18,2071.0,1,2071.0
SO47141,10226,160,2012-02-06,2012-02-13,2012-02-18,2182.0,1,2182.0
SO47141,10226,161,2012-02-06,2012-02-13,2012-02-18,2182.0,1,2182.0
SO47142,10231,158,2012-02-06,2012-02-13,2012-02-18,2443.0,1,2443.0
SO47143,1685,151,2012-02-06,2012-02-13,2012-02-18,2049.0,1,2049.0
SO47143,1685,152,2012-02-06,2012-02-13,2012-02-18,2049.0,1,2049.0
SO47144,15034,131,2012-02-06,2012-02-13,2012-02-18,783.0,1,783.0
SO47144,15034,132,2012-02-06,2012-02-13,2012-02-18,783.0,1,783.0
SO47145,15132,127,2012-02-06,2012-02-13,2012-02-18,783.0,1,783.0
SO47145,15132,128,2012-02-06,2012-02-13,2012-02-18,783.0,1,783.0
SO47146,7134,178,2012-02-07,2012-02-14,2012-02-19,1000.0,1,1000.0
SO47146,7134,179,2012-02-07,2012-02-14,2012-02-19,1000.0,1,1000.0
SO47147,2325,164,2012-02-07,2012-02-14,2012-02-19,2182.0,1,2182.0
SO47147,2325,165,2012-02-07,2012-02-14,2012-02-19,2182.0,1,2182.0
SO47148,10260,166,2012-02-07,2012-02-14,2012-02-19,2182.0,1,2182.0
SO47148,10260,167,2012-02-07,2012-02-14,2012-02-19,2182.0,1,2182.0
SO47149,1670,149,2012-02-07,2012-02-14,2012-02-19,2049.0,1,2049.0
SO47149,1670,150,2012-02-07,2012-02-14,2012-02-19,2049.0,1,2049.0
SO47150,4626,159,2012-02-08,2012-02-15,2012-02-20,2443.0,1,2443.0
SO47151,14364,159,2012-02-08,2012-02-15,2012-02-20,2443.0,1,2443.0
SO47152,17548,149,2012-02-08,2012-02-15,2012-02-20,2049.0,1,2049.0
SO47152,17548,150,2012-02-08,2012-02-15,2012-02-20,2049.0,1,2049.0
SO47153,15025,109,2012-02-08,2012-02-15,2012-02-20,783.0,1,783.0
SO47153,15025,110,2012-02-08,2012-02-15,2012-02-20,783.0,1,783.0
SO47154,15134,123,2012-02-08,2012-02-15,2012-02-20,783.0,1,783.0
SO47154,15134,124,2012-02-08,2012-02-15,2012-02-20,783.0,1,783.0
SO47155,2802,159,2012-02-09,2012-02-16,2012-02-21,2443.0,1,2443.0
SO47156,17838,162,2012-02-09,2012-02-16,2012-02-21,2182.0,1,2182.0
SO47156,17838,163,2012-02-09,2012-02-16,2012-02-21,2182.0,1,2182.0
SO47157,14865,158,2012-02-09,2012-02-16,2012-02-21,2443.0,1,2443.0
SO47158,15281,149,2012-02-09,2012-02-16,2012-02-21,2049.0,1,2049.0
SO47158,15281,150,2012-02-09,2012-02-16,2012-02-21,2049.0,1,2049.0
SO47159,15301,151,2012-02-09,2012-02-16,2012-02-21,2049.0,1,2049.0
SO47159,15301,152,2012-02-09,2012-02-16,2012-02-21,2049.0,1,2049.0
SO47160,10404,158,2012-02-09,2012-02-16,2012-02-21,2443.0,1,2443.0
SO47161,10409,164,2012-02-09,2012-02-16,2012-02-21,2182.0,1,2182.0
SO47161,10409,165,2012-02-09,2012-02-16,2012-02-21,2182.0,1,2182.0
SO47162,10419,160,2012-02-09,2012-02-16,2012-02-21,2182.0,1,2182.0
SO47162,10419,161,2012-02-09,2012-02-16,2012-02-21,2182.0,1,2182.0
SO47163,1672,151,2012-02-09,2012-02-16,2012-02-21,2049.0,1,2049.0
SO47163,1672,152,2012-02-09,2012-02-16,2012-02-21,2049.0,1,2049.0
SO47164,1124,149,2012-02-10,2012-02-17,2012-02-22,2049.0,1,2049.0
SO47164,1124,150,2012-02-10,2012-02-17,2012-02-22,2049.0,1,2049.0
SO47165,4650,159,2012-02-10,2012-02-17,2012-02-22,2443.0,1,2443.0
SO47166,4657,157,2012-02-10,2012-02-17,2012-02-22,2443.0,1,2443.0
SO47167,2420,164,2012-02-10,2012-02-17,2012-02-22,2182.0,1,2182.0
SO47167,2420,165,2012-02-10,2012-02-17,2012-02-22,2182.0,1,2182.0
SO47168,2287,166,2012-02-10,2012-02-17,2012-02-22,2182.0,1,2182.0
SO47168,2287,167,2012-02-10,2012-02-17,2012-02-22,2182.0,1,2182.0
SO47169,15282,141,2012-02-10,2012-02-17,2012-02-22,2071.0,1,2071.0
SO47169,15282,142,2012-02-10,2012-02-17,2012-02-22,2071.0,1,2071.0
SO47170,10229,166,2012-02-10,2012-02-17,2012-02-22,2182.0,1,2182.0
SO47170,10229,167,2012-02-10,2012-02-17,2012-02-22,2182.0,1,2182.0
SO47171,10553,162,2012-02-10,2012-02-17,2012-02-22,2182.0,1,2182.0
SO47171,10553,163,2012-02-10,2012-02-17,2012-02-22,2182.0,1,2182.0
SO47172,1669,141,2012-02-10,2012-02-17,2012-02-22,2071.0,1,2071.0
SO47172,1669,142,2012-02-10,2012-02-17,2012-02-22,2071.0,1,2071.0
SO47173,1676,145,2012-02-10,2012-02-17,2012-02-22,2071.0,1,2071.0
SO47173,1676,146,2012-02-10,2012-02-17,2012-02-22,2071.0,1,2071.0
SO47174,1585,143,2012-02-10,2012-02-17,2012-02-22,2071.0,1,2071.0
SO47174,1585,144,2012-02-10,2012-02-17,2012-02-22,2071.0,1,2071.0
SO47175,2813,157,2012-02-10,2012-02-17,2012-02-22,2443.0,1,2443.0
SO47176,493,147,2012-02-11,2012-02-18,2012-02-23,2049.0,1,2049.0
SO47176,493,148,2012-02-11,2012-02-18,2012-02-23,2049.0,1,2049.0
SO47177,3023,170,2012-02-11,2012-02-18,2012-02-23,1000.0,1,1000.0
SO47177,3023,171,2012-02-11,2012-02-18,2012-02-23,1000.0,1,1000.0
SO47178,3027,172,2012-02-11,2012-02-18,2012-02-23,1000.0,1,1000.0
SO47178,3027,173,2012-02-11,2012-02-18,2012-02-23,1000.0,1,1000.0
SO47179,17849,166,2012-02-11,2012-02-18,2012-02-23,2182.0,1,2182.0
SO47179,17849,167,2012-02-11,2012-02-18,2012-02-23,2182.0,1,2182.0
SO47180,2288,159,2012-02-11,2012-02-18,2012-02-23,2443.0,1,2443.0
SO47181,2330,157,2012-02-11,2012-02-18,2012-02-23,2443.0,1,2443.0
SO47182,15299,143,2012-02-11,2012-02-18,2012-02-23,2071.0,1,2071.0
SO47182,15299,144,2012-02-11,2012-02-18,2012-02-23,2071.0,1,2071.0
SO47183,4201,123,2012-02-11,2012-02-18,2012-02-23,783.0,1,783.0
SO47183,4201,124,2012-02-11,2012-02-18,2012-02-23,783.0,1,783.0
SO47184,10381,168,2012-02-11,2012-02-18,2012-02-23,2182.0,1,2182.0
SO47184,10381,169,2012-02-11,2012-02-18,2012-02-23,2182.0,1,2182.0
SO47185,1134,145,2012-02-11,2012-02-18,2012-02-23,2071.0,1,2071.0
SO47185,1134,146,2012-02-11,2012-02-18,2012-02-23,2071.0,1,2071.0
SO47186,2807,160,2012-02-12,2012-02-19,2012-02-24,2182.0,1,2182.0
SO47186,2807,161,2012-02-12,2012-02-19,2012-02-24,2182.0,1,2182.0
SO47187,7135,174,2012-02-12,2012-02-19,2012-02-24,1000.0,1,1000.0
SO47187,7135,175,2012-02-12,2012-02-19,2012-02-24,1000.0,1,1000.0
SO47188,8254,178,2012-02-12,2012-02-19,2012-02-24,1000.0,1,1000.0
SO47188,8254,179,2012-02-12,2012-02-19,2012-02-24,1000.0,1,1000.0
SO47189,17819,162,2012-02-12,2012-02-19,2012-02-24,2182.0,1,2182.0
SO47189,17819,163,2012-02-12,2012-02-19,2012-02-24,2182.0,1,2182.0
SO47190,14893,158,2012-02-12,2012-02-19,2012-02-24,2443.0,1,2443.0
SO47191,2383,168,2012-02-12,2012-02-19,2012-02-24,2182.0,1,2182.0
SO47191,2383,169,2012-02-12,2012-02-19,2012-02-24,2182.0,1,2182.0
SO47192,5329,160,2012-02-12,2012-02-19,2012-02-24,2182.0,1,2182.0
SO47192,5329,161,2012-02-12,2012-02-19,2012-02-24,2182.0,1,2182.0
SO47193,9163,117,2012-02-12,2012-02-19,2012-02-24,783.0,1,783.0
SO47193,9163,118,2012-02-12,2012-02-19,2012-02-24,783.0,1,783.0
SO47194,2270,166,2012-02-12,2012-02-19,2012-02-24,2182.0,1,2182.0
SO47194,2270,167,2012-02-12,2012-02-19,2012-02-24,2182.0,1,2182.0
SO47195,2356,160,2012-02-12,2012-02-19,2012-02-24,2182.0,1,2182.0
SO47195,2356,161,2012-02-12,2012-02-19,2012-02-24,2182.0,1,2182.0
SO47196,15287,151,2012-02-12,2012-02-19,2012-02-24,2049.0,1,2049.0
SO47196,15287,152,2012-02-12,2012-02-19,2012-02-24,2049.0,1,2049.0
SO47197,10219,166,2012-02-12,2012-02-19,2012-02-24,2182.0,1,2182.0
SO47197,10219,167,2012-02-12,2012-02-19,2012-02-24,2182.0,1,2182.0
SO47198,3170,159,2012-02-13,2012-02-20,2012-02-25,2443.0,1,2443.0
SO47199,9052,111,2012-02-13,2012-02-20,2012-02-25,783.0,1,783.0
SO47199,9052,112,2012-02-13,2012-02-20,2012-02-25,783.0,1,783.0
SO47200,2248,162,2012-02-13,2012-02-20,2012-02-25,2182.0,1,2182.0
SO47200,2248,163,2012-02-13,2012-02-20,2012-02-25,2182.0,1,2182.0
SO47201,15278,145,2012-02-13,2012-02-20,2012-02-25,2071.0,1,2071.0
SO47201,15278,146,2012-02-13,2012-02-20,2012-02-25,2071.0,1,2071.0
SO47202,15286,145,2012-02-13,2012-02-20,2012-02-25,2071.0,1,2071.0
SO47202,15286,146,2012-02-13,2012-02-20,2012-02-25,2071.0,1,2071.0
SO47203,14884,159,2012-02-14,2012-02-21,2012-02-26,2443.0,1,2443.0
SO47204,14372,166,2012-02-14,2012-02-21,2012-02-26,2182.0,1,2182.0
SO47204,14372,167,2012-02-14,2012-02-21,2012-02-26,2182.0,1,2182.0
SO47205,15302,141,2012-02-14,2012-02-21,2012-02-26,2071.0,1,2071.0
SO47205,15302,142,2012-02-14,2012-02-21,2012-02-26,2071.0,1,2071.0
SO47206,4257,121,2012-02-14,2012-02-21,2012-02-26,783.0,1,783.0
SO47206,4257,122,2012-02-14,2012-02-21,2012-02-26,783.0,1,783.0
SO47207,16044,125,2012-02-14,2012-02-21,2012-02-26,783.0,1,783.0
SO47207,16044,126,2012-02-14,2012-02-21,2012-02-26,783.0,1,783.0
SO47208,10360,158,2012-02-14,2012-02-21,2012-02-26,2443.0,1,2443.0
SO47209,10380,159,2012-02-14,2012-02-21,2012-02-26,2443.0,1,2443.0
SO47210,13610,178,2012-02-14,2012-02-21,2012-02-26,1000.0,1,1000.0
SO47210,13610,179,2012-02-14,2012-02-21,2012-02-26,1000.0,1,1000.0
SO47211,1579,151,2012-02-14,2012-02-21,2012-02-26,2049.0,1,2049.0
SO47211,1579,152,2012-02-14,2012-02-21,2012-02-26,2049.0,1,2049.0
SO47212,1581,149,2012-02-14,2012-02-21,2012-02-26,2049.0,1,2049.0
SO47212,1581,150,2012-02-14,2012-02-21,2012-02-26,2049.0,1,2049.0
SO47213,5288,166,2012-02-15,2012-02-22,2012-02-27,2182.0,1,2182.0
SO47213,5288,167,2012-02-15,2012-02-22,2012-02-27,2182.0,1,2182.0
SO47214,8196,178,2012-02-15,2012-02-22,2012-02-27,1000.0,1,1000.0
SO47214,8196,179,2012-02-15,2012-02-22,2012-02-27,1000.0,1,1000.0
SO47215,17837,157,2012-02-15,2012-02-22,2012-02-27,2443.0,1,2443.0
SO47216,15300,149,2012-02-15,2012-02-22,2012-02-27,2049.0,1,2049.0
SO47216,15300,150,2012-02-15,2012-02-22,2012-02-27,2049.0,1,2049.0
SO47217,10223,164,2012-02-15,2012-02-22,2012-02-27,2182.0,1,2182.0
SO47217,10223,165,2012-02-15,2012-02-22,2012-02-27,2182.0,1,2182.0
SO47218,10362,158,2012-02-15,2012-02-22,2012-02-27,2443.0,1,2443.0
SO47219,1578,151,2012-02-15,2012-02-22,2012-02-27,2049.0,1,2049.0
SO47219,1578,152,2012-02-15,2012-02-22,2012-02-27,2049.0,1,2049.0
SO47220,1580,147,2012-02-15,2012-02-22,2012-02-27,2049.0,1,2049.0
SO47220,1580,148,2012-02-15,2012-02-22,2012-02-27,2049.0,1,2049.0
SO47221,2824,159,2012-02-16,2012-02-23,2012-02-28,2443.0,1,2443.0
SO47222,15317,170,2012-02-16,2012-02-23,2012-02-28,1000.0,1,1000.0
SO47222,15317,171,2012-02-16,2012-02-23,2012-02-28,1000.0,1,1000.0
SO47223,14876,159,2012-02-16,2012-02-23,2012-02-28,2443.0,1,2443.0
SO47224,4660,158,2012-02-16,2012-02-23,2012-02-28,2443.0,1,2443.0
SO47225,2278,164,2012-02-16,2012-02-23,2012-02-28,2182.0,1,2182.0
SO47225,2278,165,2012-02-16,2012-02-23,2012-02-28,2182.0,1,2182.0
SO47226,2315,157,2012-02-16,2012-02-23,2012-02-28,2443.0,1,2443.0
SO47227,14289,164,2012-02-16,2012-02-23,2012-02-28,2182.0,1,2182.0
SO47227,14289,165,2012-02-16,2012-02-23,2012-02-28,2182.0,1,2182.0
SO47228,2238,164,2012-02-16,2012-02-23,2012-02-28,2182.0,1,2182.0
SO47228,2238,165,2012-02-16,2012-02-23,2012-02-28,2182.0,1,2182.0
SO47229,15296,147,2012-02-16,2012-02-23,2012-02-28,2049.0,1,2049.0
SO47229,15296,148,2012-02-16,2012-02-23,2012-02-28,2049.0,1,2049.0
SO47230,10257,160,2012-02-16,2012-02-23,2012-02-28,2182.0,1,2182.0
SO47230,10257,161,2012-02-16,2012-02-23,2012-02-28,2182.0,1,2182.0
SO47231,565,151,2012-02-16,2012-02-23,2012-02-28,2049.0,1,2049.0
SO47231,565,152,2012-02-16,2012-02-23,2012-02-28,2049.0,1,2049.0
SO47232,4628,162,2012-02-17,2012-02-24,2012-02-29,2182.0,1,2182.0
SO47232,4628,163,2012-02-17,2012-02-24,2012-02-29,2182.0,1,2182.0
SO47233,5251,168,2012-02-17,2012-02-24,2012-02-29,2182.0,1,2182.0
SO47233,5251,169,2012-02-17,2012-02-24,2012-02-29,2182.0,1,2182.0
SO47234,8261,178,2012-02-17,2012-02-24,2012-02-29,1000.0,1,1000.0
SO47234,8261,179,2012-02-17,2012-02-24,2012-02-29,1000.0,1,1000.0
SO47235,5318,164,2012-02-17,2012-02-24,2012-02-29,2182.0,1,2182.0
SO47235,5318,165,2012-02-17,2012-02-24,2012-02-29,2182.0,1,2182.0
SO47236,3024,174,2012-02-17,2012-02-24,2012-02-29,1000.0,1,1000.0
SO47236,3024,175,2012-02-17,2012-02-24,2012-02-29,1000.0,1,1000.0
SO47237,17835,157,2012-02-17,2012-02-24,2012-02-29,2443.0,1,2443.0
SO47238,5406,159,2012-02-17,2012-02-24,2012-02-29,2443.0,1,2443.0
SO47239,10385,160,2012-02-17,2012-02-24,2012-02-29,2182.0,1,2182.0
SO47239,10385,161,2012-02-17,2012-02-24,2012-02-29,2182.0,1,2182.0
SO47240,13613,170,2012-02-17,2012-02-24,2012-02-29,1000.0,1,1000.0
SO47240,13613,171,2012-02-17,2012-02-24,2012-02-29,1000.0,1,1000.0
SO47241,10560,157,2012-02-17,2012-02-24,2012-02-29,2443.0,1,2443.0
SO47242,17541,151,2012-02-17,2012-02-24,2012-02-29,2049.0,1,2049.0
SO47242,17541,152,2012-02-17,2012-02-24,2012-02-29,2049.0,1,2049.0
SO47243,9713,127,2012-02-17,2012-02-24,2012-02-29,783.0,1,783.0
SO47243,9713,128,2012-02-17,2012-02-24,2012-02-29,783.0,1,783.0
SO47244,8194,174,2012-02-18,2012-02-25,2012-03-01,1000.0,1,1000.0
SO47244,8194,175,2012-02-18,2012-02-25,2012-03-01,1000.0,1,1000.0
SO47245,5421,164,2012-02-18,2012-02-25,2012-03-01,2182.0,1,2182.0
SO47245,5421,165,2012-02-18,2012-02-25,2012-03-01,2182.0,1,2182.0
SO47246,9714,131,2012-02-18,2012-02-25,2012-03-01,783.0,1,783.0
SO47246,9714,132,2012-02-18,2012-02-25,2012-03-01,783.0,1,783.0
SO47247,2293,160,2012-02-18,2012-02-25,2012-03-01,2182.0,1,2182.0
SO47247,2293,161,2012-02-18,2012-02-25,2012-03-01,2182.0,1,2182.0
SO47248,2341,164,2012-02-18,2012-02-25,2012-03-01,2182.0,1,2182.0
SO47248,2341,165,2012-02-18,2012-02-25,2012-03-01,2182.0,1,2182.0
SO47249,2347,166,2012-02-18,2012-02-25,2012-03-01,2182.0,1,2182.0
SO47249,2347,167,2012-02-18,2012-02-25,2012-03-01,2182.0,1,2182.0
SO47250,10218,168,2012-02-18,2012-02-25,2012-03-01,2182.0,1,2182.0
SO47250,10218,169,2012-02-18,2012-02-25,2012-03-01,2182.0,1,2182.0
SO47251,10227,166,2012-02-18,2012-02-25,2012-03-01,2182.0,1,2182.0
SO47251,10227,167,2012-02-18,2012-02-25,2012-03-01,2182.0,1,2182.0
SO47252,1677,141,2012-02-18,2012-02-25,2012-03-01,2071.0,1,2071.0
SO47252,1677,142,2012-02-18,2012-02-25,2012-03-01,2071.0,1,2071.0
SO47253,1684,145,2012-02-18,2012-02-25,2012-03-01,2071.0,1,2071.0
SO47253,1684,146,2012-02-18,2012-02-25,2012-03-01,2071.0,1,2071.0
SO47254,4277,121,2012-02-19,2012-02-26,2012-03-02,783.0,1,783.0
SO47254,4277,122,2012-02-19,2012-02-26,2012-03-02,783.0,1,783.0
SO47255,562,147,2012-02-19,2012-02-26,2012-03-02,2049.0,1,2049.0
SO47255,562,148,2012-02-19,2012-02-26,2012-03-02,2049.0,1,2049.0
SO47256,5418,162,2012-02-19,2012-02-26,2012-03-02,2182.0,1,2182.0
SO47256,5418,163,2012-02-19,2012-02-26,2012-03-02,2182.0,1,2182.0
SO47257,3142,157,2012-02-19,2012-02-26,2012-03-02,2443.0,1,2443.0
SO47258,2299,166,2012-02-19,2012-02-26,2012-03-02,2182.0,1,2182.0
SO47258,2299,167,2012-02-19,2012-02-26,2012-03-02,2182.0,1,2182.0
SO47259,2352,164,2012-02-19,2012-02-26,2012-03-02,2182.0,1,2182.0
SO47259,2352,165,2012-02-19,2012-02-26,2012-03-02,2182.0,1,2182.0
SO47260,2234,164,2012-02-19,2012-02-26,2012-03-02,2182.0,1,2182.0
SO47260,2234,165,2012-02-19,2012-02-26,2012-03-02,2182.0,1,2182.0
SO47261,15306,151,2012-02-19,2012-02-26,2012-03-02,2049.0,1,2049.0
SO47261,15306,152,2012-02-19,2012-02-26,2012-03-02,2049.0,1,2049.0
SO47262,10561,168,2012-02-19,2012-02-26,2012-03-02,2182.0,1,2182.0
SO47262,10561,169,2012-02-19,2012-02-26,2012-03-02,2182.0,1,2182.0
SO47263,1590,147,2012-02-19,2012-02-26,2012-03-02,2049.0,1,2049.0
SO47263,1590,148,2012-02-19,2012-02-26,2012-03-02,2049.0,1,2049.0
SO47264,5411,157,2012-02-20,2012-02-27,2012-03-03,2443.0,1,2443.0
SO47265,2251,164,2012-02-20,2012-02-27,2012-03-03,2182.0,1,2182.0
SO47265,2251,165,2012-02-20,2012-02-27,2012-03-03,2182.0,1,2182.0
SO47266,10556,166,2012-02-20,2012-02-27,2012-03-03,2182.0,1,2182.0
SO47266,10556,167,2012-02-20,2012-02-27,2012-03-03,2182.0,1,2182.0
SO47267,1675,141,2012-02-20,2012-02-27,2012-03-03,2071.0,1,2071.0
SO47267,1675,142,2012-02-20,2012-02-27,2012-03-03,2071.0,1,2071.0
SO47268,10403,164,2012-02-20,2012-02-27,2012-03-03,2182.0,1,2182.0
SO47268,10403,165,2012-02-20,2012-02-27,2012-03-03,2182.0,1,2182.0
SO47269,17513,151,2012-02-21,2012-02-28,2012-03-04,2049.0,1,2049.0
SO47269,17513,152,2012-02-21,2012-02-28,2012-03-04,2049.0,1,2049.0
SO47270,17520,149,2012-02-21,2012-02-28,2012-03-04,2049.0,1,2049.0
SO47270,17520,150,2012-02-21,2012-02-28,2012-03-04,2049.0,1,2049.0
SO47271,7141,170,2012-02-21,2012-02-28,2012-03-04,1000.0,1,1000.0
SO47271,7141,171,2012-02-21,2012-02-28,2012-03-04,1000.0,1,1000.0
SO47272,18014,160,2012-02-21,2012-02-28,2012-03-04,2182.0,1,2182.0
SO47272,18014,161,2012-02-21,2012-02-28,2012-03-04,2182.0,1,2182.0
SO47273,2421,157,2012-02-21,2012-02-28,2012-03-04,2443.0,1,2443.0
SO47274,5408,159,2012-02-21,2012-02-28,2012-03-04,2443.0,1,2443.0
SO47275,8077,127,2012-02-21,2012-02-28,2012-03-04,783.0,1,783.0
SO47275,8077,128,2012-02-21,2012-02-28,2012-03-04,783.0,1,783.0
SO47276,4290,131,2012-02-21,2012-02-28,2012-03-04,783.0,1,783.0
SO47276,4290,132,2012-02-21,2012-02-28,2012-03-04,783.0,1,783.0
SO47277,10220,160,2012-02-21,2012-02-28,2012-03-04,2182.0,1,2182.0
SO47277,10220,161,2012-02-21,2012-02-28,2012-03-04,2182.0,1,2182.0
SO47278,10405,168,2012-02-21,2012-02-28,2012-03-04,2182.0,1,2182.0
SO47278,10405,169,2012-02-21,2012-02-28,2012-03-04,2182.0,1,2182.0
SO47279,1681,151,2012-02-21,2012-02-28,2012-03-04,2049.0,1,2049.0
SO47279,1681,152,2012-02-21,2012-02-28,2012-03-04,2049.0,1,2049.0
SO47280,616,141,2012-02-22,2012-02-29,2012-03-05,2071.0,1,2071.0
SO47280,616,142,2012-02-22,2012-02-29,2012-03-05,2071.0,1,2071.0
SO47281,6100,178,2012-02-22,2012-02-29,2012-03-05,1000.0,1,1000.0
SO47281,6100,179,2012-02-22,2012-02-29,2012-03-05,1000.0,1,1000.0
SO47282,8259,170,2012-02-22,2012-02-29,2012-03-05,1000.0,1,1000.0
SO47282,8259,171,2012-02-22,2012-02-29,2012-03-05,1000.0,1,1000.0
SO47283,4656,162,2012-02-22,2012-02-29,2012-03-05,2182.0,1,2182.0
SO47283,4656,163,2012-02-22,2012-02-29,2012-03-05,2182.0,1,2182.0
SO47284,2403,157,2012-02-22,2012-02-29,2012-03-05,2443.0,1,2443.0
SO47285,18136,162,2012-02-22,2012-02-29,2012-03-05,2182.0,1,2182.0
SO47285,18136,163,2012-02-22,2012-02-29,2012-03-05,2182.0,1,2182.0
SO47286,8945,117,2012-02-22,2012-02-29,2012-03-05,783.0,1,783.0
SO47286,8945,118,2012-02-22,2012-02-29,2012-03-05,783.0,1,783.0
SO47287,2281,164,2012-02-22,2012-02-29,2012-03-05,2182.0,1,2182.0
SO47287,2281,165,2012-02-22,2012-02-29,2012-03-05,2182.0,1,2182.0
SO47288,2354,162,2012-02-22,2012-02-29,2012-03-05,2182.0,1,2182.0
SO47288,2354,163,2012-02-22,2012-02-29,2012-03-05,2182.0,1,2182.0
SO47289,15298,149,2012-02-22,2012-02-29,2012-03-05,2049.0,1,2049.0
SO47289,15298,150,2012-02-22,2012-02-29,2012-03-05,2049.0,1,2049.0
SO47290,10559,157,2012-02-22,2012-02-29,2012-03-05,2443.0,1,2443.0
SO47291,5319,160,2012-02-23,2012-03-01,2012-03-06,2182.0,1,2182.0
SO47291,5319,161,2012-02-23,2012-03-01,2012-03-06,2182.0,1,2182.0
SO47292,2812,168,2012-02-23,2012-03-01,2012-03-06,2182.0,1,2182.0
SO47292,2812,169,2012-02-23,2012-03-01,2012-03-06,2182.0,1,2182.0
SO47293,8193,174,2012-02-23,2012-03-01,2012-03-06,1000.0,1,1000.0
SO47293,8193,175,2012-02-23,2012-03-01,2012-03-06,1000.0,1,1000.0
SO47294,7140,172,2012-02-23,2012-03-01,2012-03-06,1000.0,1,1000.0
SO47294,7140,173,2012-02-23,2012-03-01,2012-03-06,1000.0,1,1000.0
SO47295,3006,176,2012-02-23,2012-03-01,2012-03-06,1000.0,1,1000.0
SO47295,3006,177,2012-02-23,2012-03-01,2012-03-06,1000.0,1,1000.0
SO47296,3025,174,2012-02-23,2012-03-01,2012-03-06,1000.0,1,1000.0
SO47296,3025,175,2012-02-23,2012-03-01,2012-03-06,1000.0,1,1000.0
SO47297,2386,166,2012-02-23,2012-03-01,2012-03-06,2182.0,1,2182.0
SO47297,2386,167,2012-02-23,2012-03-01,2012-03-06,2182.0,1,2182.0
SO47298,2404,160,2012-02-23,2012-03-01,2012-03-06,2182.0,1,2182.0
SO47298,2404,161,2012-02-23,2012-03-01,2012-03-06,2182.0,1,2182.0
SO47299,2426,158,2012-02-23,2012-03-01,2012-03-06,2443.0,1,2443.0
SO47300,9718,125,2012-02-23,2012-03-01,2012-03-06,783.0,1,783.0
SO47300,9718,126,2012-02-23,2012-03-01,2012-03-06,783.0,1,783.0
SO47301,15293,147,2012-02-23,2012-03-01,2012-03-06,2049.0,1,2049.0
SO47301,15293,148,2012-02-23,2012-03-01,2012-03-06,2049.0,1,2049.0
SO47302,1671,149,2012-02-23,2012-03-01,2012-03-06,2049.0,1,2049.0
SO47302,1671,150,2012-02-23,2012-03-01,2012-03-06,2049.0,1,2049.0
SO47303,15030,111,2012-02-23,2012-03-01,2012-03-06,783.0,1,783.0
SO47303,15030,112,2012-02-23,2012-03-01,2012-03-06,783.0,1,783.0
SO47304,5273,168,2012-02-24,2012-03-02,2012-03-07,2182.0,1,2182.0
SO47304,5273,169,2012-02-24,2012-03-02,2012-03-07,2182.0,1,2182.0
SO47305,14394,158,2012-02-24,2012-03-02,2012-03-07,2443.0,1,2443.0
SO47306,17799,158,2012-02-24,2012-03-02,2012-03-07,2443.0,1,2443.0
SO47307,9712,123,2012-02-24,2012-03-02,2012-03-07,783.0,1,783.0
SO47307,9712,124,2012-02-24,2012-03-02,2012-03-07,783.0,1,783.0
SO47308,9719,115,2012-02-24,2012-03-02,2012-03-07,783.0,1,783.0
SO47308,9719,116,2012-02-24,2012-03-02,2012-03-07,783.0,1,783.0
SO47309,2317,166,2012-02-24,2012-03-02,2012-03-07,2182.0,1,2182.0
SO47309,2317,167,2012-02-24,2012-03-02,2012-03-07,2182.0,1,2182.0
SO47310,15304,143,2012-02-24,2012-03-02,2012-03-07,2071.0,1,2071.0
SO47310,15304,144,2012-02-24,2012-03-02,2012-03-07,2071.0,1,2071.0
SO47311,4253,121,2012-02-24,2012-03-02,2012-03-07,783.0,1,783.0
SO47311,4253,122,2012-02-24,2012-03-02,2012-03-07,783.0,1,783.0
SO47312,4281,121,2012-02-24,2012-03-02,2012-03-07,783.0,1,783.0
SO47312,4281,122,2012-02-24,2012-03-02,2012-03-07,783.0,1,783.0
SO47313,10232,162,2012-02-24,2012-03-02,2012-03-07,2182.0,1,2182.0
SO47313,10232,163,2012-02-24,2012-03-02,2012-03-07,2182.0,1,2182.0
SO47314,1674,151,2012-02-24,2012-03-02,2012-03-07,2049.0,1,2049.0
SO47314,1674,152,2012-02-24,2012-03-02,2012-03-07,2049.0,1,2049.0
SO47315,2841,168,2012-02-25,2012-03-03,2012-03-08,2182.0,1,2182.0
SO47315,2841,169,2012-02-25,2012-03-03,2012-03-08,2182.0,1,2182.0
SO47316,2362,158,2012-02-25,2012-03-03,2012-03-08,2443.0,1,2443.0
SO47317,3155,168,2012-02-25,2012-03-03,2012-03-08,2182.0,1,2182.0
SO47317,3155,169,2012-02-25,2012-03-03,2012-03-08,2182.0,1,2182.0
SO47318,2274,164,2012-02-25,2012-03-03,2012-03-08,2182.0,1,2182.0
SO47318,2274,165,2012-02-25,2012-03-03,2012-03-08,2182.0,1,2182.0
SO47319,2300,159,2012-02-25,2012-03-03,2012-03-08,2443.0,1,2443.0
SO47320,2316,166,2012-02-25,2012-03-03,2012-03-08,2182.0,1,2182.0
SO47320,2316,167,2012-02-25,2012-03-03,2012-03-08,2182.0,1,2182.0
SO47321,2355,162,2012-02-25,2012-03-03,2012-03-08,2182.0,1,2182.0
SO47321,2355,163,2012-02-25,2012-03-03,2012-03-08,2182.0,1,2182.0
SO47322,4288,131,2012-02-25,2012-03-03,2012-03-08,783.0,1,783.0
SO47322,4288,132,2012-02-25,2012-03-03,2012-03-08,783.0,1,783.0
SO47323,17530,151,2012-02-26,2012-03-04,2012-03-09,2049.0,1,2049.0
SO47323,17530,152,2012-02-26,2012-03-04,2012-03-09,2049.0,1,2049.0
SO47324,2401,166,2012-02-26,2012-03-04,2012-03-09,2182.0,1,2182.0
SO47324,2401,167,2012-02-26,2012-03-04,2012-03-09,2182.0,1,2182.0
SO47325,2279,162,2012-02-26,2012-03-04,2012-03-09,2182.0,1,2182.0
SO47325,2279,163,2012-02-26,2012-03-04,2012-03-09,2182.0,1,2182.0
SO47326,2289,168,2012-02-26,2012-03-04,2012-03-09,2182.0,1,2182.0
SO47326,2289,169,2012-02-26,2012-03-04,2012-03-09,2182.0,1,2182.0
SO47327,2305,166,2012-02-26,2012-03-04,2012-03-09,2182.0,1,2182.0
SO47327,2305,167,2012-02-26,2012-03-04,2012-03-09,2182.0,1,2182.0
SO47328,1682,149,2012-02-26,2012-03-04,2012-03-09,2049.0,1,2049.0
SO47328,1682,150,2012-02-26,2012-03-04,2012-03-09,2049.0,1,2049.0
SO47329,2368,168,2012-02-27,2012-03-05,2012-03-10,2182.0,1,2182.0
SO47329,2368,169,2012-02-27,2012-03-05,2012-03-10,2182.0,1,2182.0
SO47330,5325,158,2012-02-27,2012-03-05,2012-03-10,2443.0,1,2443.0
SO47331,9808,121,2012-02-27,2012-03-05,2012-03-10,783.0,1,783.0
SO47331,9808,122,2012-02-27,2012-03-05,2012-03-10,783.0,1,783.0
SO47332,9351,145,2012-02-27,2012-03-05,2012-03-10,2071.0,1,2071.0
SO47332,9351,146,2012-02-27,2012-03-05,2012-03-10,2071.0,1,2071.0
SO47333,10230,157,2012-02-27,2012-03-05,2012-03-10,2443.0,1,2443.0
SO47334,10558,158,2012-02-27,2012-03-05,2012-03-10,2443.0,1,2443.0
SO47335,1582,145,2012-02-27,2012-03-05,2012-03-10,2071.0,1,2071.0
SO47335,1582,146,2012-02-27,2012-03-05,2012-03-10,2071.0,1,2071.0
SO47336,15028,127,2012-02-27,2012-03-05,2012-03-10,783.0,1,783.0
SO47336,15028,128,2012-02-27,2012-03-05,2012-03-10,783.0,1,783.0
SO47337,17521,143,2012-02-28,2012-03-06,2012-03-11,2071.0,1,2071.0
SO47337,17521,144,2012-02-28,2012-03-06,2012-03-11,2071.0,1,2071.0
SO47338,5278,162,2012-02-28,2012-03-06,2012-03-11,2182.0,1,2182.0
SO47338,5278,163,2012-02-28,2012-03-06,2012-03-11,2182.0,1,2182.0
SO47339,4627,160,2012-02-28,2012-03-06,2012-03-11,2182.0,1,2182.0
SO47339,4627,161,2012-02-28,2012-03-06,2012-03-11,2182.0,1,2182.0
SO47340,2402,158,2012-02-28,2012-03-06,2012-03-11,2443.0,1,2443.0
SO47341,14105,157,2012-02-28,2012-03-06,2012-03-11,2443.0,1,2443.0
SO47342,15305,149,2012-02-28,2012-03-06,2012-03-11,2049.0,1,2049.0
SO47342,15305,150,2012-02-28,2012-03-06,2012-03-11,2049.0,1,2049.0
SO47343,10554,168,2012-02-28,2012-03-06,2012-03-11,2182.0,1,2182.0
SO47343,10554,169,2012-02-28,2012-03-06,2012-03-11,2182.0,1,2182.0
SO47344,1687,143,2012-02-28,2012-03-06,2012-03-11,2071.0,1,2071.0
SO47344,1687,144,2012-02-28,2012-03-06,2012-03-11,2071.0,1,2071.0
SO47345,1584,145,2012-02-28,2012-03-06,2012-03-11,2071.0,1,2071.0
SO47345,1584,146,2012-02-28,2012-03-06,2012-03-11,2071.0,1,2071.0
SO47346,1586,149,2012-02-28,2012-03-06,2012-03-11,2049.0,1,2049.0
SO47346,1586,150,2012-02-28,2012-03-06,2012-03-11,2049.0,1,2049.0
SO47347,15026,109,2012-02-28,2012-03-06,2012-03-11,783.0,1,783.0
SO47347,15026,110,2012-02-28,2012-03-06,2012-03-11,783.0,1,783.0
SO47348,15029,119,2012-02-28,2012-03-06,2012-03-11,783.0,1,783.0
SO47348,15029,120,2012-02-28,2012-03-06,2012-03-11,783.0,1,783.0
SO47460,8256,109,2012-02-29,2012-03-07,2012-03-12,783.0,1,783.0
SO47460,8256,110,2012-02-29,2012-03-07,2012-03-12,783.0,1,783.0
SO47461,15321,145,2012-02-29,2012-03-07,2012-03-12,2071.0,1,2071.0
SO47461,15321,146,2012-02-29,2012-03-07,2012-03-12,2071.0,1,2071.0
SO47462,4927,164,2012-03-01,2012-03-08,2012-03-13,2182.0,1,2182.0
SO47462,4927,165,2012-03-01,2012-03-08,2012-03-13,2182.0,1,2182.0
SO47463,3204,162,2012-03-01,2012-03-08,2012-03-13,2182.0,1,2182.0
SO47463,3204,163,2012-03-01,2012-03-08,2012-03-13,2182.0,1,2182.0
SO47464,5462,159,2012-03-01,2012-03-08,2012-03-13,2443.0,1,2443.0
SO47465,4304,129,2012-03-01,2012-03-08,2012-03-13,783.0,1,783.0
SO47465,4304,130,2012-03-01,2012-03-08,2012-03-13,783.0,1,783.0
SO47466,13888,170,2012-03-01,2012-03-08,2012-03-13,1000.0,1,1000.0
SO47466,13888,171,2012-03-01,2012-03-08,2012-03-13,1000.0,1,1000.0
SO47467,2447,160,2012-03-01,2012-03-08,2012-03-13,2182.0,1,2182.0
SO47467,2447,161,2012-03-01,2012-03-08,2012-03-13,2182.0,1,2182.0
SO47468,15153,117,2012-03-01,2012-03-08,2012-03-13,783.0,1,783.0
SO47468,15153,118,2012-03-01,2012-03-08,2012-03-13,783.0,1,783.0
SO47469,8302,172,2012-03-02,2012-03-09,2012-03-14,1000.0,1,1000.0
SO47469,8302,173,2012-03-02,2012-03-09,2012-03-14,1000.0,1,1000.0
SO47470,17686,147,2012-03-02,2012-03-09,2012-03-14,2049.0,1,2049.0
SO47470,17686,148,2012-03-02,2012-03-09,2012-03-14,2049.0,1,2049.0
SO47471,3540,159,2012-03-02,2012-03-09,2012-03-14,2443.0,1,2443.0
SO47472,2439,168,2012-03-02,2012-03-09,2012-03-14,2182.0,1,2182.0
SO47472,2439,169,2012-03-02,2012-03-09,2012-03-14,2182.0,1,2182.0
SO47473,10876,158,2012-03-02,2012-03-09,2012-03-14,2443.0,1,2443.0
SO47474,10894,168,2012-03-02,2012-03-09,2012-03-14,2182.0,1,2182.0
SO47474,10894,169,2012-03-02,2012-03-09,2012-03-14,2182.0,1,2182.0
SO47475,10946,158,2012-03-02,2012-03-09,2012-03-14,2443.0,1,2443.0
SO47476,1694,141,2012-03-02,2012-03-09,2012-03-14,2071.0,1,2071.0
SO47476,1694,142,2012-03-02,2012-03-09,2012-03-14,2071.0,1,2071.0
SO47477,17561,141,2012-03-03,2012-03-10,2012-03-15,2071.0,1,2071.0
SO47477,17561,142,2012-03-03,2012-03-10,2012-03-15,2071.0,1,2071.0
SO47478,9812,113,2012-03-03,2012-03-10,2012-03-15,783.0,1,783.0
SO47478,9812,114,2012-03-03,2012-03-10,2012-03-15,783.0,1,783.0
SO47479,9833,119,2012-03-03,2012-03-10,2012-03-15,783.0,1,783.0
SO47479,9833,120,2012-03-03,2012-03-10,2012-03-15,783.0,1,783.0
SO47480,10569,160,2012-03-03,2012-03-10,2012-03-15,2182.0,1,2182.0
SO47480,10569,161,2012-03-03,2012-03-10,2012-03-15,2182.0,1,2182.0
SO47481,10900,162,2012-03-03,2012-03-10,2012-03-15,2182.0,1,2182.0
SO47481,10900,163,2012-03-03,2012-03-10,2012-03-15,2182.0,1,2182.0
SO47482,10949,159,2012-03-03,2012-03-10,2012-03-15,2443.0,1,2443.0
SO47483,3425,168,2012-03-04,2012-03-11,2012-03-16,2182.0,1,2182.0
SO47483,3425,169,2012-03-04,2012-03-11,2012-03-16,2182.0,1,2182.0
SO47484,5453,160,2012-03-04,2012-03-11,2012-03-16,2182.0,1,2182.0
SO47484,5453,161,2012-03-04,2012-03-11,2012-03-16,2182.0,1,2182.0
SO47485,3525,160,2012-03-04,2012-03-11,2012-03-16,2182.0,1,2182.0
SO47485,3525,161,2012-03-04,2012-03-11,2012-03-16,2182.0,1,2182.0
SO47486,3539,166,2012-03-04,2012-03-11,2012-03-16,2182.0,1,2182.0
SO47486,3539,167,2012-03-04,2012-03-11,2012-03-16,2182.0,1,2182.0
SO47487,5428,166,2012-03-05,2012-03-12,2012-03-17,2182.0,1,2182.0
SO47487,5428,167,2012-03-05,2012-03-12,2012-03-17,2182.0,1,2182.0
SO47488,2427,168,2012-03-05,2012-03-12,2012-03-17,2182.0,1,2182.0
SO47488,2427,169,2012-03-05,2012-03-12,2012-03-17,2182.0,1,2182.0
SO47489,10889,157,2012-03-05,2012-03-12,2012-03-17,2443.0,1,2443.0
SO47490,10896,160,2012-03-05,2012-03-12,2012-03-17,2182.0,1,2182.0
SO47490,10896,161,2012-03-05,2012-03-12,2012-03-17,2182.0,1,2182.0
SO47491,4933,158,2012-03-06,2012-03-13,2012-03-18,2443.0,1,2443.0
SO47492,8182,123,2012-03-06,2012-03-13,2012-03-18,783.0,1,783.0
SO47492,8182,124,2012-03-06,2012-03-13,2012-03-18,783.0,1,783.0
SO47493,17570,147,2012-03-07,2012-03-14,2012-03-19,2049.0,1,2049.0
SO47493,17570,148,2012-03-07,2012-03-14,2012-03-19,2049.0,1,2049.0
SO47494,4928,162,2012-03-07,2012-03-14,2012-03-19,2182.0,1,2182.0
SO47494,4928,163,2012-03-07,2012-03-14,2012-03-19,2182.0,1,2182.0
SO47495,5197,157,2012-03-07,2012-03-14,2012-03-19,2443.0,1,2443.0
SO47496,5471,160,2012-03-07,2012-03-14,2012-03-19,2182.0,1,2182.0
SO47496,5471,161,2012-03-07,2012-03-14,2012-03-19,2182.0,1,2182.0
SO47497,3171,159,2012-03-07,2012-03-14,2012-03-19,2443.0,1,2443.0
SO47498,16072,113,2012-03-07,2012-03-14,2012-03-19,783.0,1,783.0
SO47498,16072,114,2012-03-07,2012-03-14,2012-03-19,783.0,1,783.0
SO47499,10573,166,2012-03-07,2012-03-14,2012-03-19,2182.0,1,2182.0
SO47499,10573,167,2012-03-07,2012-03-14,2012-03-19,2182.0,1,2182.0
SO47500,10952,158,2012-03-07,2012-03-14,2012-03-19,2443.0,1,2443.0
SO47501,1215,149,2012-03-07,2012-03-14,2012-03-19,2049.0,1,2049.0
SO47501,1215,150,2012-03-07,2012-03-14,2012-03-19,2049.0,1,2049.0
SO47502,8279,172,2012-03-08,2012-03-15,2012-03-20,1000.0,1,1000.0
SO47502,8279,173,2012-03-08,2012-03-15,2012-03-20,1000.0,1,1000.0
SO47503,8300,172,2012-03-08,2012-03-15,2012-03-20,1000.0,1,1000.0
SO47503,8300,173,2012-03-08,2012-03-15,2012-03-20,1000.0,1,1000.0
SO47504,606,149,2012-03-08,2012-03-15,2012-03-20,2049.0,1,2049.0
SO47504,606,150,2012-03-08,2012-03-15,2012-03-20,2049.0,1,2049.0
SO47505,15308,141,2012-03-08,2012-03-15,2012-03-20,2071.0,1,2071.0
SO47505,15308,142,2012-03-08,2012-03-15,2012-03-20,2071.0,1,2071.0
SO47506,15325,143,2012-03-08,2012-03-15,2012-03-20,2071.0,1,2071.0
SO47506,15325,144,2012-03-08,2012-03-15,2012-03-20,2071.0,1,2071.0
SO47507,4312,121,2012-03-08,2012-03-15,2012-03-20,783.0,1,783.0
SO47507,4312,122,2012-03-08,2012-03-15,2012-03-20,783.0,1,783.0
SO47508,10893,159,2012-03-08,2012-03-15,2012-03-20,2443.0,1,2443.0
SO47509,10958,157,2012-03-08,2012-03-15,2012-03-20,2443.0,1,2443.0
SO47510,1689,141,2012-03-08,2012-03-15,2012-03-20,2071.0,1,2071.0
SO47510,1689,142,2012-03-08,2012-03-15,2012-03-20,2071.0,1,2071.0
SO47511,3201,164,2012-03-09,2012-03-16,2012-03-21,2182.0,1,2182.0
SO47511,3201,165,2012-03-09,2012-03-16,2012-03-21,2182.0,1,2182.0
SO47512,5447,162,2012-03-09,2012-03-16,2012-03-21,2182.0,1,2182.0
SO47512,5447,163,2012-03-09,2012-03-16,2012-03-21,2182.0,1,2182.0
SO47513,4676,157,2012-03-09,2012-03-16,2012-03-21,2443.0,1,2443.0
SO47514,4685,166,2012-03-09,2012-03-16,2012-03-21,2182.0,1,2182.0
SO47514,4685,167,2012-03-09,2012-03-16,2012-03-21,2182.0,1,2182.0
SO47515,15309,143,2012-03-09,2012-03-16,2012-03-21,2071.0,1,2071.0
SO47515,15309,144,2012-03-09,2012-03-16,2012-03-21,2071.0,1,2071.0
SO47516,15310,151,2012-03-09,2012-03-16,2012-03-21,2049.0,1,2049.0
SO47516,15310,152,2012-03-09,2012-03-16,2012-03-21,2049.0,1,2049.0
SO47517,4309,131,2012-03-09,2012-03-16,2012-03-21,783.0,1,783.0
SO47517,4309,132,2012-03-09,2012-03-16,2012-03-21,783.0,1,783.0
SO47518,10947,162,2012-03-09,2012-03-16,2012-03-21,2182.0,1,2182.0
SO47518,10947,163,2012-03-09,2012-03-16,2012-03-21,2182.0,1,2182.0
SO47519,15154,125,2012-03-09,2012-03-16,2012-03-21,783.0,1,783.0
SO47519,15154,126,2012-03-09,2012-03-16,2012-03-21,783.0,1,783.0
SO47520,8264,178,2012-03-10,2012-03-17,2012-03-22,1000.0,1,1000.0
SO47520,8264,179,2012-03-10,2012-03-17,2012-03-22,1000.0,1,1000.0
SO47521,5446,158,2012-03-10,2012-03-17,2012-03-22,2443.0,1,2443.0
SO47522,3090,176,2012-03-10,2012-03-17,2012-03-22,1000.0,1,1000.0
SO47522,3090,177,2012-03-10,2012-03-17,2012-03-22,1000.0,1,1000.0
SO47523,2444,160,2012-03-10,2012-03-17,2012-03-22,2182.0,1,2182.0
SO47523,2444,161,2012-03-10,2012-03-17,2012-03-22,2182.0,1,2182.0
SO47524,10568,159,2012-03-10,2012-03-17,2012-03-22,2443.0,1,2443.0
SO47525,10890,168,2012-03-10,2012-03-17,2012-03-22,2182.0,1,2182.0
SO47525,10890,169,2012-03-10,2012-03-17,2012-03-22,2182.0,1,2182.0
SO47526,1216,143,2012-03-10,2012-03-17,2012-03-22,2071.0,1,2071.0
SO47526,1216,144,2012-03-10,2012-03-17,2012-03-22,2071.0,1,2071.0
SO47527,17560,149,2012-03-10,2012-03-17,2012-03-22,2049.0,1,2049.0
SO47527,17560,150,2012-03-10,2012-03-17,2012-03-22,2049.0,1,2049.0
SO47528,599,141,2012-03-11,2012-03-18,2012-03-23,2071.0,1,2071.0
SO47528,599,142,2012-03-11,2012-03-18,2012-03-23,2071.0,1,2071.0
SO47529,2430,166,2012-03-11,2012-03-18,2012-03-23,2182.0,1,2182.0
SO47529,2430,167,2012-03-11,2012-03-18,2012-03-23,2182.0,1,2182.0
SO47530,4313,117,2012-03-11,2012-03-18,2012-03-23,783.0,1,783.0
SO47530,4313,118,2012-03-11,2012-03-18,2012-03-23,783.0,1,783.0
SO47531,4326,127,2012-03-11,2012-03-18,2012-03-23,783.0,1,783.0
SO47531,4326,128,2012-03-11,2012-03-18,2012-03-23,783.0,1,783.0
SO47532,13889,172,2012-03-11,2012-03-18,2012-03-23,1000.0,1,1000.0
SO47532,13889,173,2012-03-11,2012-03-18,2012-03-23,1000.0,1,1000.0
SO47533,10887,160,2012-03-11,2012-03-18,2012-03-23,2182.0,1,2182.0
SO47533,10887,161,2012-03-11,2012-03-18,2012-03-23,2182.0,1,2182.0
SO47534,15149,117,2012-03-11,2012-03-18,2012-03-23,783.0,1,783.0
SO47534,15149,118,2012-03-11,2012-03-18,2012-03-23,783.0,1,783.0
SO47535,3084,174,2012-03-12,2012-03-19,2012-03-24,1000.0,1,1000.0
SO47535,3084,175,2012-03-12,2012-03-19,2012-03-24,1000.0,1,1000.0
SO47536,3089,176,2012-03-12,2012-03-19,2012-03-24,1000.0,1,1000.0
SO47536,3089,177,2012-03-12,2012-03-19,2012-03-24,1000.0,1,1000.0
SO47537,2437,160,2012-03-12,2012-03-19,2012-03-24,2182.0,1,2182.0
SO47537,2437,161,2012-03-12,2012-03-19,2012-03-24,2182.0,1,2182.0
SO47538,2450,168,2012-03-12,2012-03-19,2012-03-24,2182.0,1,2182.0
SO47538,2450,169,2012-03-12,2012-03-19,2012-03-24,2182.0,1,2182.0
SO47539,9825,117,2012-03-12,2012-03-19,2012-03-24,783.0,1,783.0
SO47539,9825,118,2012-03-12,2012-03-19,2012-03-24,783.0,1,783.0
SO47540,15327,151,2012-03-12,2012-03-19,2012-03-24,2049.0,1,2049.0
SO47540,15327,152,2012-03-12,2012-03-19,2012-03-24,2049.0,1,2049.0
SO47541,4315,129,2012-03-12,2012-03-19,2012-03-24,783.0,1,783.0
SO47541,4315,130,2012-03-12,2012-03-19,2012-03-24,783.0,1,783.0
SO47542,10572,162,2012-03-12,2012-03-19,2012-03-24,2182.0,1,2182.0
SO47542,10572,163,2012-03-12,2012-03-19,2012-03-24,2182.0,1,2182.0
SO47543,10957,166,2012-03-12,2012-03-19,2012-03-24,2182.0,1,2182.0
SO47543,10957,167,2012-03-12,2012-03-19,2012-03-24,2182.0,1,2182.0
SO47544,1695,147,2012-03-12,2012-03-19,2012-03-24,2049.0,1,2049.0
SO47544,1695,148,2012-03-12,2012-03-19,2012-03-24,2049.0,1,2049.0
SO47545,17554,143,2012-03-12,2012-03-19,2012-03-24,2071.0,1,2071.0
SO47545,17554,144,2012-03-12,2012-03-19,2012-03-24,2071.0,1,2071.0
SO47546,17684,149,2012-03-13,2012-03-20,2012-03-25,2049.0,1,2049.0
SO47546,17684,150,2012-03-13,2012-03-20,2012-03-25,2049.0,1,2049.0
SO47547,9167,121,2012-03-13,2012-03-20,2012-03-25,783.0,1,783.0
SO47547,9167,122,2012-03-13,2012-03-20,2012-03-25,783.0,1,783.0
SO47548,9835,119,2012-03-13,2012-03-20,2012-03-25,783.0,1,783.0
SO47548,9835,120,2012-03-13,2012-03-20,2012-03-25,783.0,1,783.0
SO47549,8257,131,2012-03-13,2012-03-20,2012-03-25,783.0,1,783.0
SO47549,8257,132,2012-03-13,2012-03-20,2012-03-25,783.0,1,783.0
SO47550,4291,125,2012-03-13,2012-03-20,2012-03-25,783.0,1,783.0
SO47550,4291,126,2012-03-13,2012-03-20,2012-03-25,783.0,1,783.0
SO47551,10879,160,2012-03-13,2012-03-20,2012-03-25,2182.0,1,2182.0
SO47551,10879,161,2012-03-13,2012-03-20,2012-03-25,2182.0,1,2182.0
SO47552,10951,157,2012-03-13,2012-03-20,2012-03-25,2443.0,1,2443.0
SO47553,1699,143,2012-03-13,2012-03-20,2012-03-25,2071.0,1,2071.0
SO47553,1699,144,2012-03-13,2012-03-20,2012-03-25,2071.0,1,2071.0
SO47554,1223,151,2012-03-13,2012-03-20,2012-03-25,2049.0,1,2049.0
SO47554,1223,152,2012-03-13,2012-03-20,2012-03-25,2049.0,1,2049.0
SO47555,4675,157,2012-03-13,2012-03-20,2012-03-25,2443.0,1,2443.0
SO47556,3702,168,2012-03-14,2012-03-21,2012-03-26,2182.0,1,2182.0
SO47556,3702,169,2012-03-14,2012-03-21,2012-03-26,2182.0,1,2182.0
SO47557,2432,166,2012-03-14,2012-03-21,2012-03-26,2182.0,1,2182.0
SO47557,2432,167,2012-03-14,2012-03-21,2012-03-26,2182.0,1,2182.0
SO47558,14982,159,2012-03-14,2012-03-21,2012-03-26,2443.0,1,2443.0
SO47559,1700,151,2012-03-14,2012-03-21,2012-03-26,2049.0,1,2049.0
SO47559,1700,152,2012-03-14,2012-03-21,2012-03-26,2049.0,1,2049.0
SO47560,16054,113,2012-03-15,2012-03-22,2012-03-27,783.0,1,783.0
SO47560,16054,114,2012-03-15,2012-03-22,2012-03-27,783.0,1,783.0
SO47561,4329,109,2012-03-15,2012-03-22,2012-03-27,783.0,1,783.0
SO47561,4329,110,2012-03-15,2012-03-22,2012-03-27,783.0,1,783.0
SO47562,10945,166,2012-03-15,2012-03-22,2012-03-27,2182.0,1,2182.0
SO47562,10945,167,2012-03-15,2012-03-22,2012-03-27,2182.0,1,2182.0
SO47563,10956,157,2012-03-15,2012-03-22,2012-03-27,2443.0,1,2443.0
SO47564,1211,145,2012-03-15,2012-03-22,2012-03-27,2071.0,1,2071.0
SO47564,1211,146,2012-03-15,2012-03-22,2012-03-27,2071.0,1,2071.0
SO47565,4698,166,2012-03-16,2012-03-23,2012-03-28,2182.0,1,2182.0
SO47565,4698,167,2012-03-16,2012-03-23,2012-03-28,2182.0,1,2182.0
SO47566,13614,178,2012-03-16,2012-03-23,2012-03-28,1000.0,1,1000.0
SO47566,13614,179,2012-03-16,2012-03-23,2012-03-28,1000.0,1,1000.0
SO47567,10571,168,2012-03-16,2012-03-23,2012-03-28,2182.0,1,2182.0
SO47567,10571,169,2012-03-16,2012-03-23,2012-03-28,2182.0,1,2182.0
SO47568,10886,164,2012-03-16,2012-03-23,2012-03-28,2182.0,1,2182.0
SO47568,10886,165,2012-03-16,2012-03-23,2012-03-28,2182.0,1,2182.0
SO47569,10960,168,2012-03-16,2012-03-23,2012-03-28,2182.0,1,2182.0
SO47569,10960,169,2012-03-16,2012-03-23,2012-03-28,2182.0,1,2182.0
SO47570,17563,141,2012-03-17,2012-03-24,2012-03-29,2071.0,1,2071.0
SO47570,17563,142,2012-03-17,2012-03-24,2012-03-29,2071.0,1,2071.0
SO47571,3186,166,2012-03-17,2012-03-24,2012-03-29,2182.0,1,2182.0
SO47571,3186,167,2012-03-17,2012-03-24,2012-03-29,2182.0,1,2182.0
SO47572,18150,157,2012-03-17,2012-03-24,2012-03-29,2443.0,1,2443.0
SO47573,2436,158,2012-03-17,2012-03-24,2012-03-29,2443.0,1,2443.0
SO47574,9172,121,2012-03-17,2012-03-24,2012-03-29,783.0,1,783.0
SO47574,9172,122,2012-03-17,2012-03-24,2012-03-29,783.0,1,783.0
SO47575,15316,151,2012-03-17,2012-03-24,2012-03-29,2049.0,1,2049.0
SO47575,15316,152,2012-03-17,2012-03-24,2012-03-29,2049.0,1,2049.0
SO47576,10878,166,2012-03-17,2012-03-24,2012-03-29,2182.0,1,2182.0
SO47576,10878,167,2012-03-17,2012-03-24,2012-03-29,2182.0,1,2182.0
SO47577,10892,159,2012-03-17,2012-03-24,2012-03-29,2443.0,1,2443.0
SO47578,1688,141,2012-03-17,2012-03-24,2012-03-29,2071.0,1,2071.0
SO47578,1688,142,2012-03-17,2012-03-24,2012-03-29,2071.0,1,2071.0
SO47579,5198,160,2012-03-18,2012-03-25,2012-03-30,2182.0,1,2182.0
SO47579,5198,161,2012-03-18,2012-03-25,2012-03-30,2182.0,1,2182.0
SO47580,3081,178,2012-03-18,2012-03-25,2012-03-30,1000.0,1,1000.0
SO47580,3081,179,2012-03-18,2012-03-25,2012-03-30,1000.0,1,1000.0
SO47581,18153,164,2012-03-18,2012-03-25,2012-03-30,2182.0,1,2182.0
SO47581,18153,165,2012-03-18,2012-03-25,2012-03-30,2182.0,1,2182.0
SO47582,2434,162,2012-03-18,2012-03-25,2012-03-30,2182.0,1,2182.0
SO47582,2434,163,2012-03-18,2012-03-25,2012-03-30,2182.0,1,2182.0
SO47583,2443,168,2012-03-18,2012-03-25,2012-03-30,2182.0,1,2182.0
SO47583,2443,169,2012-03-18,2012-03-25,2012-03-30,2182.0,1,2182.0
SO47584,8195,129,2012-03-18,2012-03-25,2012-03-30,783.0,1,783.0
SO47584,8195,130,2012-03-18,2012-03-25,2012-03-30,783.0,1,783.0
SO47585,4321,117,2012-03-18,2012-03-25,2012-03-30,783.0,1,783.0
SO47585,4321,118,2012-03-18,2012-03-25,2012-03-30,783.0,1,783.0
SO47586,4323,115,2012-03-18,2012-03-25,2012-03-30,783.0,1,783.0
SO47586,4323,116,2012-03-18,2012-03-25,2012-03-30,783.0,1,783.0
SO47587,10875,160,2012-03-18,2012-03-25,2012-03-30,2182.0,1,2182.0
SO47587,10875,161,2012-03-18,2012-03-25,2012-03-30,2182.0,1,2182.0
SO47588,5429,168,2012-03-19,2012-03-26,2012-03-31,2182.0,1,2182.0
SO47588,5429,169,2012-03-19,2012-03-26,2012-03-31,2182.0,1,2182.0
SO47589,3037,172,2012-03-19,2012-03-26,2012-03-31,1000.0,1,1000.0
SO47589,3037,173,2012-03-19,2012-03-26,2012-03-31,1000.0,1,1000.0
SO47590,15313,145,2012-03-19,2012-03-26,2012-03-31,2071.0,1,2071.0
SO47590,15313,146,2012-03-19,2012-03-26,2012-03-31,2071.0,1,2071.0
SO47591,15314,149,2012-03-19,2012-03-26,2012-03-31,2049.0,1,2049.0
SO47591,15314,150,2012-03-19,2012-03-26,2012-03-31,2049.0,1,2049.0
SO47592,13615,174,2012-03-19,2012-03-26,2012-03-31,1000.0,1,1000.0
SO47592,13615,175,2012-03-19,2012-03-26,2012-03-31,1000.0,1,1000.0
SO47593,15136,113,2012-03-19,2012-03-26,2012-03-31,783.0,1,783.0
SO47593,15136,114,2012-03-19,2012-03-26,2012-03-31,783.0,1,783.0
SO47594,15155,131,2012-03-19,2012-03-26,2012-03-31,783.0,1,783.0
SO47594,15155,132,2012-03-19,2012-03-26,2012-03-31,783.0,1,783.0
SO47595,3187,158,2012-03-20,2012-03-27,2012-04-01,2443.0,1,2443.0
SO47596,5200,162,2012-03-20,2012-03-27,2012-04-01,2182.0,1,2182.0
SO47596,5200,163,2012-03-20,2012-03-27,2012-04-01,2182.0,1,2182.0
SO47597,14972,162,2012-03-20,2012-03-27,2012-04-01,2182.0,1,2182.0
SO47597,14972,163,2012-03-20,2012-03-27,2012-04-01,2182.0,1,2182.0
SO47598,15307,147,2012-03-20,2012-03-27,2012-04-01,2049.0,1,2049.0
SO47598,15307,148,2012-03-20,2012-03-27,2012-04-01,2049.0,1,2049.0
SO47599,15328,151,2012-03-20,2012-03-27,2012-04-01,2049.0,1,2049.0
SO47599,15328,152,2012-03-20,2012-03-27,2012-04-01,2049.0,1,2049.0
SO47600,6189,178,2012-03-21,2012-03-28,2012-04-02,1000.0,1,1000.0
SO47600,6189,179,2012-03-21,2012-03-28,2012-04-02,1000.0,1,1000.0
SO47601,3193,168,2012-03-21,2012-03-28,2012-04-02,2182.0,1,2182.0
SO47601,3193,169,2012-03-21,2012-03-28,2012-04-02,2182.0,1,2182.0
SO47602,8175,111,2012-03-21,2012-03-28,2012-04-02,783.0,1,783.0
SO47602,8175,112,2012-03-21,2012-03-28,2012-04-02,783.0,1,783.0
SO47603,10563,168,2012-03-21,2012-03-28,2012-04-02,2182.0,1,2182.0
SO47603,10563,169,2012-03-21,2012-03-28,2012-04-02,2182.0,1,2182.0
SO47604,10877,164,2012-03-21,2012-03-28,2012-04-02,2182.0,1,2182.0
SO47604,10877,165,2012-03-21,2012-03-28,2012-04-02,2182.0,1,2182.0
SO47605,6188,178,2012-03-22,2012-03-29,2012-04-03,1000.0,1,1000.0
SO47605,6188,179,2012-03-22,2012-03-29,2012-04-03,1000.0,1,1000.0
SO47606,4929,164,2012-03-22,2012-03-29,2012-04-03,2182.0,1,2182.0
SO47606,4929,165,2012-03-22,2012-03-29,2012-04-03,2182.0,1,2182.0
SO47607,3082,178,2012-03-22,2012-03-29,2012-04-03,1000.0,1,1000.0
SO47607,3082,179,2012-03-22,2012-03-29,2012-04-03,1000.0,1,1000.0
SO47608,15323,141,2012-03-22,2012-03-29,2012-04-03,2071.0,1,2071.0
SO47608,15323,142,2012-03-22,2012-03-29,2012-04-03,2071.0,1,2071.0
SO47609,4310,123,2012-03-22,2012-03-29,2012-04-03,783.0,1,783.0
SO47609,4310,124,2012-03-22,2012-03-29,2012-04-03,783.0,1,783.0
SO47610,16076,127,2012-03-22,2012-03-29,2012-04-03,783.0,1,783.0
SO47610,16076,128,2012-03-22,2012-03-29,2012-04-03,783.0,1,783.0
SO47611,15141,119,2012-03-22,2012-03-29,2012-04-03,783.0,1,783.0
SO47611,15141,120,2012-03-22,2012-03-29,2012-04-03,783.0,1,783.0
SO47612,5466,158,2012-03-23,2012-03-30,2012-04-04,2443.0,1,2443.0
SO47613,3038,176,2012-03-23,2012-03-30,2012-04-04,1000.0,1,1000.0
SO47613,3038,177,2012-03-23,2012-03-30,2012-04-04,1000.0,1,1000.0
SO47614,4303,119,2012-03-23,2012-03-30,2012-04-04,783.0,1,783.0
SO47614,4303,120,2012-03-23,2012-03-30,2012-04-04,783.0,1,783.0
SO47615,4330,131,2012-03-23,2012-03-30,2012-04-04,783.0,1,783.0
SO47615,4330,132,2012-03-23,2012-03-30,2012-04-04,783.0,1,783.0
SO47616,10874,160,2012-03-23,2012-03-30,2012-04-04,2182.0,1,2182.0
SO47616,10874,161,2012-03-23,2012-03-30,2012-04-04,2182.0,1,2182.0
SO47617,10944,166,2012-03-23,2012-03-30,2012-04-04,2182.0,1,2182.0
SO47617,10944,167,2012-03-23,2012-03-30,2012-04-04,2182.0,1,2182.0
SO47618,10948,168,2012-03-23,2012-03-30,2012-04-04,2182.0,1,2182.0
SO47618,10948,169,2012-03-23,2012-03-30,2012-04-04,2182.0,1,2182.0
SO47619,1690,145,2012-03-23,2012-03-30,2012-04-04,2071.0,1,2071.0
SO47619,1690,146,2012-03-23,2012-03-30,2012-04-04,2071.0,1,2071.0
SO47620,1240,141,2012-03-23,2012-03-30,2012-04-04,2071.0,1,2071.0
SO47620,1240,142,2012-03-23,2012-03-30,2012-04-04,2071.0,1,2071.0
SO47621,3045,174,2012-03-24,2012-03-31,2012-04-05,1000.0,1,1000.0
SO47621,3045,175,2012-03-24,2012-03-31,2012-04-05,1000.0,1,1000.0
SO47622,9838,127,2012-03-24,2012-03-31,2012-04-05,783.0,1,783.0
SO47622,9838,128,2012-03-24,2012-03-31,2012-04-05,783.0,1,783.0
SO47623,10570,158,2012-03-24,2012-03-31,2012-04-05,2443.0,1,2443.0
SO47624,10950,160,2012-03-24,2012-03-31,2012-04-05,2182.0,1,2182.0
SO47624,10950,161,2012-03-24,2012-03-31,2012-04-05,2182.0,1,2182.0
SO47625,10959,166,2012-03-24,2012-03-31,2012-04-05,2182.0,1,2182.0
SO47625,10959,167,2012-03-24,2012-03-31,2012-04-05,2182.0,1,2182.0
SO47626,15151,109,2012-03-24,2012-03-31,2012-04-05,783.0,1,783.0
SO47626,15151,110,2012-03-24,2012-03-31,2012-04-05,783.0,1,783.0
SO47627,5445,159,2012-03-25,2012-04-01,2012-04-06,2443.0,1,2443.0
SO47628,5510,158,2012-03-25,2012-04-01,2012-04-06,2443.0,1,2443.0
SO47629,4686,159,2012-03-25,2012-04-01,2012-04-06,2443.0,1,2443.0
SO47630,15312,143,2012-03-25,2012-04-01,2012-04-06,2071.0,1,2071.0
SO47630,15312,144,2012-03-25,2012-04-01,2012-04-06,2071.0,1,2071.0
SO47631,15326,141,2012-03-25,2012-04-01,2012-04-06,2071.0,1,2071.0
SO47631,15326,142,2012-03-25,2012-04-01,2012-04-06,2071.0,1,2071.0
SO47632,16061,131,2012-03-25,2012-04-01,2012-04-06,783.0,1,783.0
SO47632,16061,132,2012-03-25,2012-04-01,2012-04-06,783.0,1,783.0
SO47633,10895,160,2012-03-25,2012-04-01,2012-04-06,2182.0,1,2182.0
SO47633,10895,161,2012-03-25,2012-04-01,2012-04-06,2182.0,1,2182.0
SO47634,571,145,2012-03-25,2012-04-01,2012-04-06,2071.0,1,2071.0
SO47634,571,146,2012-03-25,2012-04-01,2012-04-06,2071.0,1,2071.0
SO47635,1217,143,2012-03-25,2012-04-01,2012-04-06,2071.0,1,2071.0
SO47635,1217,144,2012-03-25,2012-04-01,2012-04-06,2071.0,1,2071.0
SO47636,15143,119,2012-03-25,2012-04-01,2012-04-06,783.0,1,783.0
SO47636,15143,120,2012-03-25,2012-04-01,2012-04-06,783.0,1,783.0
SO47637,2448,160,2012-03-26,2012-04-02,2012-04-07,2182.0,1,2182.0
SO47637,2448,161,2012-03-26,2012-04-02,2012-04-07,2182.0,1,2182.0
SO47638,15320,151,2012-03-26,2012-04-02,2012-04-07,2049.0,1,2049.0
SO47638,15320,152,2012-03-26,2012-04-02,2012-04-07,2049.0,1,2049.0
SO47639,4322,117,2012-03-26,2012-04-02,2012-04-07,783.0,1,783.0
SO47639,4322,118,2012-03-26,2012-04-02,2012-04-07,783.0,1,783.0
SO47640,15318,143,2012-03-27,2012-04-03,2012-04-08,2071.0,1,2071.0
SO47640,15318,144,2012-03-27,2012-04-03,2012-04-08,2071.0,1,2071.0
SO47641,16063,109,2012-03-27,2012-04-03,2012-04-08,783.0,1,783.0
SO47641,16063,110,2012-03-27,2012-04-03,2012-04-08,783.0,1,783.0
SO47642,6110,172,2012-03-28,2012-04-04,2012-04-09,1000.0,1,1000.0
SO47642,6110,173,2012-03-28,2012-04-04,2012-04-09,1000.0,1,1000.0
SO47643,8291,178,2012-03-28,2012-04-04,2012-04-09,1000.0,1,1000.0
SO47643,8291,179,2012-03-28,2012-04-04,2012-04-09,1000.0,1,1000.0
SO47644,4694,164,2012-03-28,2012-04-04,2012-04-09,2182.0,1,2182.0
SO47644,4694,165,2012-03-28,2012-04-04,2012-04-09,2182.0,1,2182.0
SO47645,3556,164,2012-03-28,2012-04-04,2012-04-09,2182.0,1,2182.0
SO47645,3556,165,2012-03-28,2012-04-04,2012-04-09,2182.0,1,2182.0
SO47646,9374,141,2012-03-28,2012-04-04,2012-04-09,2071.0,1,2071.0
SO47646,9374,142,2012-03-28,2012-04-04,2012-04-09,2071.0,1,2071.0
SO47647,10898,157,2012-03-28,2012-04-04,2012-04-09,2443.0,1,2443.0
SO47648,1264,145,2012-03-28,2012-04-04,2012-04-09,2071.0,1,2071.0
SO47648,1264,146,2012-03-28,2012-04-04,2012-04-09,2071.0,1,2071.0
SO47649,5448,166,2012-03-29,2012-04-05,2012-04-10,2182.0,1,2182.0
SO47649,5448,167,2012-03-29,2012-04-05,2012-04-10,2182.0,1,2182.0
SO47650,5513,159,2012-03-29,2012-04-05,2012-04-10,2443.0,1,2443.0
SO47651,14912,166,2012-03-29,2012-04-05,2012-04-10,2182.0,1,2182.0
SO47651,14912,167,2012-03-29,2012-04-05,2012-04-10,2182.0,1,2182.0
SO47652,9826,121,2012-03-29,2012-04-05,2012-04-10,783.0,1,783.0
SO47652,9826,122,2012-03-29,2012-04-05,2012-04-10,783.0,1,783.0
SO47653,9164,113,2012-03-29,2012-04-05,2012-04-10,783.0,1,783.0
SO47653,9164,114,2012-03-29,2012-04-05,2012-04-10,783.0,1,783.0
SO47654,13616,176,2012-03-29,2012-04-05,2012-04-10,1000.0,1,1000.0
SO47654,13616,177,2012-03-29,2012-04-05,2012-04-10,1000.0,1,1000.0
SO47655,13890,174,2012-03-29,2012-04-05,2012-04-10,1000.0,1,1000.0
SO47655,13890,175,2012-03-29,2012-04-05,2012-04-10,1000.0,1,1000.0
SO47656,10883,157,2012-03-29,2012-04-05,2012-04-10,2443.0,1,2443.0
SO47657,15139,115,2012-03-29,2012-04-05,2012-04-10,783.0,1,783.0
SO47657,15139,116,2012-03-29,2012-04-05,2012-04-10,783.0,1,783.0
SO47731,1284,151,2012-03-30,2012-04-06,2012-04-11,2049.0,1,2049.0
SO47731,1284,152,2012-03-30,2012-04-06,2012-04-11,2049.0,1,2049.0
SO47732,2453,158,2012-03-30,2012-04-06,2012-04-11,2443.0,1,2443.0
SO47733,2462,164,2012-03-30,2012-04-06,2012-04-11,2182.0,1,2182.0
SO47733,2462,165,2012-03-30,2012-04-06,2012-04-11,2182.0,1,2182.0
SO47734,4334,121,2012-03-30,2012-04-06,2012-04-11,783.0,1,783.0
SO47734,4334,122,2012-03-30,2012-04-06,2012-04-11,783.0,1,783.0
SO47735,16085,131,2012-03-30,2012-04-06,2012-04-11,783.0,1,783.0
SO47735,16085,132,2012-03-30,2012-04-06,2012-04-11,783.0,1,783.0
SO47736,1706,147,2012-03-30,2012-04-06,2012-04-11,2049.0,1,2049.0
SO47736,1706,148,2012-03-30,2012-04-06,2012-04-11,2049.0,1,2049.0
SO47737,2019,145,2012-03-30,2012-04-06,2012-04-11,2071.0,1,2071.0
SO47737,2019,146,2012-03-30,2012-04-06,2012-04-11,2071.0,1,2071.0
SO47738,15166,115,2012-03-30,2012-04-06,2012-04-11,783.0,1,783.0
SO47738,15166,116,2012-03-30,2012-04-06,2012-04-11,783.0,1,783.0
SO47739,9840,117,2012-03-31,2012-04-07,2012-04-12,783.0,1,783.0
SO47739,9840,118,2012-03-31,2012-04-07,2012-04-12,783.0,1,783.0
SO47740,4338,113,2012-03-31,2012-04-07,2012-04-12,783.0,1,783.0
SO47740,4338,114,2012-03-31,2012-04-07,2012-04-12,783.0,1,783.0
SO47741,4344,125,2012-03-31,2012-04-07,2012-04-12,783.0,1,783.0
SO47741,4344,126,2012-03-31,2012-04-07,2012-04-12,783.0,1,783.0
SO47742,11181,164,2012-03-31,2012-04-07,2012-04-12,2182.0,1,2182.0
SO47742,11181,165,2012-03-31,2012-04-07,2012-04-12,2182.0,1,2182.0
SO47743,1989,151,2012-03-31,2012-04-07,2012-04-12,2049.0,1,2049.0
SO47743,1989,152,2012-03-31,2012-04-07,2012-04-12,2049.0,1,2049.0
SO47744,1990,149,2012-03-31,2012-04-07,2012-04-12,2049.0,1,2049.0
SO47744,1990,150,2012-03-31,2012-04-07,2012-04-12,2049.0,1,2049.0
SO47745,1999,149,2012-03-31,2012-04-07,2012-04-12,2049.0,1,2049.0
SO47745,1999,150,2012-03-31,2012-04-07,2012-04-12,2049.0,1,2049.0
SO47746,2023,147,2012-03-31,2012-04-07,2012-04-12,2049.0,1,2049.0
SO47746,2023,148,2012-03-31,2012-04-07,2012-04-12,2049.0,1,2049.0
SO47747,5254,160,2012-04-01,2012-04-08,2012-04-13,2182.0,1,2182.0
SO47747,5254,161,2012-04-01,2012-04-08,2012-04-13,2182.0,1,2182.0
SO47748,15486,141,2012-04-01,2012-04-08,2012-04-13,2071.0,1,2071.0
SO47748,15486,142,2012-04-01,2012-04-08,2012-04-13,2071.0,1,2071.0
SO47749,11173,160,2012-04-01,2012-04-08,2012-04-13,2182.0,1,2182.0
SO47749,11173,161,2012-04-01,2012-04-08,2012-04-13,2182.0,1,2182.0
SO47750,10977,158,2012-04-01,2012-04-08,2012-04-13,2443.0,1,2443.0
SO47751,10984,158,2012-04-01,2012-04-08,2012-04-13,2443.0,1,2443.0
SO47752,10995,166,2012-04-01,2012-04-08,2012-04-13,2182.0,1,2182.0
SO47752,10995,167,2012-04-01,2012-04-08,2012-04-13,2182.0,1,2182.0
SO47753,2021,149,2012-04-01,2012-04-08,2012-04-13,2049.0,1,2049.0
SO47753,2021,150,2012-04-01,2012-04-08,2012-04-13,2049.0,1,2049.0
SO47754,3105,178,2012-04-02,2012-04-09,2012-04-14,1000.0,1,1000.0
SO47754,3105,179,2012-04-02,2012-04-09,2012-04-14,1000.0,1,1000.0
SO47755,6196,176,2012-04-02,2012-04-09,2012-04-14,1000.0,1,1000.0
SO47755,6196,177,2012-04-02,2012-04-09,2012-04-14,1000.0,1,1000.0
SO47756,1273,143,2012-04-02,2012-04-09,2012-04-14,2071.0,1,2071.0
SO47756,1273,144,2012-04-02,2012-04-09,2012-04-14,2071.0,1,2071.0
SO47757,5531,168,2012-04-02,2012-04-09,2012-04-14,2182.0,1,2182.0
SO47757,5531,169,2012-04-02,2012-04-09,2012-04-14,2182.0,1,2182.0
SO47758,5551,160,2012-04-02,2012-04-09,2012-04-14,2182.0,1,2182.0
SO47758,5551,161,2012-04-02,2012-04-09,2012-04-14,2182.0,1,2182.0
SO47759,3774,164,2012-04-02,2012-04-09,2012-04-14,2182.0,1,2182.0
SO47759,3774,165,2012-04-02,2012-04-09,2012-04-14,2182.0,1,2182.0
SO47760,2483,160,2012-04-02,2012-04-09,2012-04-14,2182.0,1,2182.0
SO47760,2483,161,2012-04-02,2012-04-09,2012-04-14,2182.0,1,2182.0
SO47761,9549,113,2012-04-03,2012-04-10,2012-04-15,783.0,1,783.0
SO47761,9549,114,2012-04-03,2012-04-10,2012-04-15,783.0,1,783.0
SO47762,15331,141,2012-04-03,2012-04-10,2012-04-15,2071.0,1,2071.0
SO47762,15331,142,2012-04-03,2012-04-10,2012-04-15,2071.0,1,2071.0
SO47763,11171,168,2012-04-03,2012-04-10,2012-04-15,2182.0,1,2182.0
SO47763,11171,169,2012-04-03,2012-04-10,2012-04-15,2182.0,1,2182.0
SO47764,17712,145,2012-04-04,2012-04-11,2012-04-16,2071.0,1,2071.0
SO47764,17712,146,2012-04-04,2012-04-11,2012-04-16,2071.0,1,2071.0
SO47765,15344,149,2012-04-04,2012-04-11,2012-04-16,2049.0,1,2049.0
SO47765,15344,150,2012-04-04,2012-04-11,2012-04-16,2049.0,1,2049.0
SO47766,15330,147,2012-04-04,2012-04-11,2012-04-16,2049.0,1,2049.0
SO47766,15330,148,2012-04-04,2012-04-11,2012-04-16,2049.0,1,2049.0
SO47767,13903,170,2012-04-04,2012-04-11,2012-04-16,1000.0,1,1000.0
SO47767,13903,171,2012-04-04,2012-04-11,2012-04-16,1000.0,1,1000.0
SO47768,10986,160,2012-04-04,2012-04-11,2012-04-16,2182.0,1,2182.0
SO47768,10986,161,2012-04-04,2012-04-11,2012-04-16,2182.0,1,2182.0
SO47769,1704,149,2012-04-04,2012-04-11,2012-04-16,2049.0,1,2049.0
SO47769,1704,150,2012-04-04,2012-04-11,2012-04-16,2049.0,1,2049.0
SO47770,15376,131,2012-04-04,2012-04-11,2012-04-16,783.0,1,783.0
SO47770,15376,132,2012-04-04,2012-04-11,2012-04-16,783.0,1,783.0
SO47771,11182,166,2012-04-05,2012-04-12,2012-04-17,2182.0,1,2182.0
SO47771,11182,167,2012-04-05,2012-04-12,2012-04-17,2182.0,1,2182.0
SO47772,11196,158,2012-04-05,2012-04-12,2012-04-17,2443.0,1,2443.0
SO47773,4346,113,2012-04-05,2012-04-12,2012-04-17,783.0,1,783.0
SO47773,4346,114,2012-04-05,2012-04-12,2012-04-17,783.0,1,783.0
SO47774,4347,121,2012-04-05,2012-04-12,2012-04-17,783.0,1,783.0
SO47774,4347,122,2012-04-05,2012-04-12,2012-04-17,783.0,1,783.0
SO47775,10981,158,2012-04-05,2012-04-12,2012-04-17,2443.0,1,2443.0
SO47776,2008,141,2012-04-05,2012-04-12,2012-04-17,2071.0,1,2071.0
SO47776,2008,142,2012-04-05,2012-04-12,2012-04-17,2071.0,1,2071.0
SO47777,15163,127,2012-04-05,2012-04-12,2012-04-17,783.0,1,783.0
SO47777,15163,128,2012-04-05,2012-04-12,2012-04-17,783.0,1,783.0
SO47778,1285,143,2012-04-06,2012-04-13,2012-04-18,2071.0,1,2071.0
SO47778,1285,144,2012-04-06,2012-04-13,2012-04-18,2071.0,1,2071.0
SO47779,5270,164,2012-04-06,2012-04-13,2012-04-18,2182.0,1,2182.0
SO47779,5270,165,2012-04-06,2012-04-13,2012-04-18,2182.0,1,2182.0
SO47780,3106,170,2012-04-06,2012-04-13,2012-04-18,1000.0,1,1000.0
SO47780,3106,171,2012-04-06,2012-04-13,2012-04-18,1000.0,1,1000.0
SO47781,14992,168,2012-04-06,2012-04-13,2012-04-18,2182.0,1,2182.0
SO47781,14992,169,2012-04-06,2012-04-13,2012-04-18,2182.0,1,2182.0
SO47782,11033,166,2012-04-06,2012-04-13,2012-04-18,2182.0,1,2182.0
SO47782,11033,167,2012-04-06,2012-04-13,2012-04-18,2182.0,1,2182.0
SO47783,11198,160,2012-04-06,2012-04-13,2012-04-18,2182.0,1,2182.0
SO47783,11198,161,2012-04-06,2012-04-13,2012-04-18,2182.0,1,2182.0
SO47784,2079,145,2012-04-06,2012-04-13,2012-04-18,2071.0,1,2071.0
SO47784,2079,146,2012-04-06,2012-04-13,2012-04-18,2071.0,1,2071.0
SO47785,17709,145,2012-04-07,2012-04-14,2012-04-19,2071.0,1,2071.0
SO47785,17709,146,2012-04-07,2012-04-14,2012-04-19,2071.0,1,2071.0
SO47786,3720,159,2012-04-07,2012-04-14,2012-04-19,2443.0,1,2443.0
SO47787,5586,157,2012-04-07,2012-04-14,2012-04-19,2443.0,1,2443.0
SO47788,5547,168,2012-04-08,2012-04-15,2012-04-20,2182.0,1,2182.0
SO47788,5547,169,2012-04-08,2012-04-15,2012-04-20,2182.0,1,2182.0
SO47789,2454,164,2012-04-08,2012-04-15,2012-04-20,2182.0,1,2182.0
SO47789,2454,165,2012-04-08,2012-04-15,2012-04-20,2182.0,1,2182.0
SO47790,11174,160,2012-04-08,2012-04-15,2012-04-20,2182.0,1,2182.0
SO47790,11174,161,2012-04-08,2012-04-15,2012-04-20,2182.0,1,2182.0
SO47791,2037,147,2012-04-08,2012-04-15,2012-04-20,2049.0,1,2049.0
SO47791,2037,148,2012-04-08,2012-04-15,2012-04-20,2049.0,1,2049.0
SO47792,5208,158,2012-04-09,2012-04-16,2012-04-21,2443.0,1,2443.0
SO47793,3717,157,2012-04-09,2012-04-16,2012-04-21,2443.0,1,2443.0
SO47794,9376,143,2012-04-09,2012-04-16,2012-04-21,2071.0,1,2071.0
SO47794,9376,144,2012-04-09,2012-04-16,2012-04-21,2071.0,1,2071.0
SO47795,11005,168,2012-04-09,2012-04-16,2012-04-21,2182.0,1,2182.0
SO47795,11005,169,2012-04-09,2012-04-16,2012-04-21,2182.0,1,2182.0
SO47796,10980,160,2012-04-09,2012-04-16,2012-04-21,2182.0,1,2182.0
SO47796,10980,161,2012-04-09,2012-04-16,2012-04-21,2182.0,1,2182.0
SO47797,10987,160,2012-04-09,2012-04-16,2012-04-21,2182.0,1,2182.0
SO47797,10987,161,2012-04-09,2012-04-16,2012-04-21,2182.0,1,2182.0
SO47798,2001,143,2012-04-09,2012-04-16,2012-04-21,2071.0,1,2071.0
SO47798,2001,144,2012-04-09,2012-04-16,2012-04-21,2071.0,1,2071.0
SO47799,1265,149,2012-04-10,2012-04-17,2012-04-22,2049.0,1,2049.0
SO47799,1265,150,2012-04-10,2012-04-17,2012-04-22,2049.0,1,2049.0
SO47800,3799,162,2012-04-10,2012-04-17,2012-04-22,2182.0,1,2182.0
SO47800,3799,163,2012-04-10,2012-04-17,2012-04-22,2182.0,1,2182.0
SO47801,9556,117,2012-04-10,2012-04-17,2012-04-22,783.0,1,783.0
SO47801,9556,118,2012-04-10,2012-04-17,2012-04-22,783.0,1,783.0
SO47802,9851,129,2012-04-10,2012-04-17,2012-04-22,783.0,1,783.0
SO47802,9851,130,2012-04-10,2012-04-17,2012-04-22,783.0,1,783.0
SO47803,11001,168,2012-04-10,2012-04-17,2012-04-22,2182.0,1,2182.0
SO47803,11001,169,2012-04-10,2012-04-17,2012-04-22,2182.0,1,2182.0
SO47804,11179,159,2012-04-10,2012-04-17,2012-04-22,2443.0,1,2443.0
SO47805,11199,168,2012-04-10,2012-04-17,2012-04-22,2182.0,1,2182.0
SO47805,11199,169,2012-04-10,2012-04-17,2012-04-22,2182.0,1,2182.0
SO47806,4349,129,2012-04-10,2012-04-17,2012-04-22,783.0,1,783.0
SO47806,4349,130,2012-04-10,2012-04-17,2012-04-22,783.0,1,783.0
SO47807,5576,168,2012-04-10,2012-04-17,2012-04-22,2182.0,1,2182.0
SO47807,5576,169,2012-04-10,2012-04-17,2012-04-22,2182.0,1,2182.0
SO47808,15162,131,2012-04-10,2012-04-17,2012-04-22,783.0,1,783.0
SO47808,15162,132,2012-04-10,2012-04-17,2012-04-22,783.0,1,783.0
SO47809,15188,127,2012-04-10,2012-04-17,2012-04-22,783.0,1,783.0
SO47809,15188,128,2012-04-10,2012-04-17,2012-04-22,783.0,1,783.0
SO47810,15205,121,2012-04-10,2012-04-17,2012-04-22,783.0,1,783.0
SO47810,15205,122,2012-04-10,2012-04-17,2012-04-22,783.0,1,783.0
SO47811,1272,141,2012-04-11,2012-04-18,2012-04-23,2071.0,1,2071.0
SO47811,1272,142,2012-04-11,2012-04-18,2012-04-23,2071.0,1,2071.0
SO47812,5253,166,2012-04-11,2012-04-18,2012-04-23,2182.0,1,2182.0
SO47812,5253,167,2012-04-11,2012-04-18,2012-04-23,2182.0,1,2182.0
SO47813,3099,172,2012-04-11,2012-04-18,2012-04-23,1000.0,1,1000.0
SO47813,3099,173,2012-04-11,2012-04-18,2012-04-23,1000.0,1,1000.0
SO47814,15339,149,2012-04-11,2012-04-18,2012-04-23,2049.0,1,2049.0
SO47814,15339,150,2012-04-11,2012-04-18,2012-04-23,2049.0,1,2049.0
SO47815,11034,160,2012-04-11,2012-04-18,2012-04-23,2182.0,1,2182.0
SO47815,11034,161,2012-04-11,2012-04-18,2012-04-23,2182.0,1,2182.0
SO47816,11175,158,2012-04-11,2012-04-18,2012-04-23,2443.0,1,2443.0
SO47817,11201,160,2012-04-11,2012-04-18,2012-04-23,2182.0,1,2182.0
SO47817,11201,161,2012-04-11,2012-04-18,2012-04-23,2182.0,1,2182.0
SO47818,4365,113,2012-04-11,2012-04-18,2012-04-23,783.0,1,783.0
SO47818,4365,114,2012-04-11,2012-04-18,2012-04-23,783.0,1,783.0
SO47819,10969,164,2012-04-11,2012-04-18,2012-04-23,2182.0,1,2182.0
SO47819,10969,165,2012-04-11,2012-04-18,2012-04-23,2182.0,1,2182.0
SO47820,2026,141,2012-04-11,2012-04-18,2012-04-23,2071.0,1,2071.0
SO47820,2026,142,2012-04-11,2012-04-18,2012-04-23,2071.0,1,2071.0
SO47821,2039,141,2012-04-11,2012-04-18,2012-04-23,2071.0,1,2071.0
SO47821,2039,142,2012-04-11,2012-04-18,2012-04-23,2071.0,1,2071.0
SO47822,2052,143,2012-04-11,2012-04-18,2012-04-23,2071.0,1,2071.0
SO47822,2052,144,2012-04-11,2012-04-18,2012-04-23,2071.0,1,2071.0
SO47823,15161,125,2012-04-11,2012-04-18,2012-04-23,783.0,1,783.0
SO47823,15161,126,2012-04-11,2012-04-18,2012-04-23,783.0,1,783.0
SO47824,5268,157,2012-04-12,2012-04-19,2012-04-24,2443.0,1,2443.0
SO47825,9561,109,2012-04-12,2012-04-19,2012-04-24,783.0,1,783.0
SO47825,9561,110,2012-04-12,2012-04-19,2012-04-24,783.0,1,783.0
SO47826,11169,159,2012-04-12,2012-04-19,2012-04-24,2443.0,1,2443.0
SO47827,11176,159,2012-04-12,2012-04-19,2012-04-24,2443.0,1,2443.0
SO47828,10985,157,2012-04-12,2012-04-19,2012-04-24,2443.0,1,2443.0
SO47829,1707,141,2012-04-12,2012-04-19,2012-04-24,2071.0,1,2071.0
SO47829,1707,142,2012-04-12,2012-04-19,2012-04-24,2071.0,1,2071.0
SO47830,8309,172,2012-04-13,2012-04-20,2012-04-25,1000.0,1,1000.0
SO47830,8309,173,2012-04-13,2012-04-20,2012-04-25,1000.0,1,1000.0
SO47831,1282,151,2012-04-13,2012-04-20,2012-04-25,2049.0,1,2049.0
SO47831,1282,152,2012-04-13,2012-04-20,2012-04-25,2049.0,1,2049.0
SO47832,2479,158,2012-04-13,2012-04-20,2012-04-25,2443.0,1,2443.0
SO47833,11032,162,2012-04-13,2012-04-20,2012-04-25,2182.0,1,2182.0
SO47833,11032,163,2012-04-13,2012-04-20,2012-04-25,2182.0,1,2182.0
SO47834,11197,164,2012-04-13,2012-04-20,2012-04-25,2182.0,1,2182.0
SO47834,11197,165,2012-04-13,2012-04-20,2012-04-25,2182.0,1,2182.0
SO47835,13905,172,2012-04-13,2012-04-20,2012-04-25,1000.0,1,1000.0
SO47835,13905,173,2012-04-13,2012-04-20,2012-04-25,1000.0,1,1000.0
SO47836,17708,145,2012-04-14,2012-04-21,2012-04-26,2071.0,1,2071.0
SO47836,17708,146,2012-04-14,2012-04-21,2012-04-26,2071.0,1,2071.0
SO47837,1278,145,2012-04-14,2012-04-21,2012-04-26,2071.0,1,2071.0
SO47837,1278,146,2012-04-14,2012-04-21,2012-04-26,2071.0,1,2071.0
SO47838,2457,160,2012-04-14,2012-04-21,2012-04-26,2182.0,1,2182.0
SO47838,2457,161,2012-04-14,2012-04-21,2012-04-26,2182.0,1,2182.0
SO47839,9839,109,2012-04-14,2012-04-21,2012-04-26,783.0,1,783.0
SO47839,9839,110,2012-04-14,2012-04-21,2012-04-26,783.0,1,783.0
SO47840,9585,123,2012-04-14,2012-04-21,2012-04-26,783.0,1,783.0
SO47840,9585,124,2012-04-14,2012-04-21,2012-04-26,783.0,1,783.0
SO47841,15491,151,2012-04-14,2012-04-21,2012-04-26,2049.0,1,2049.0
SO47841,15491,152,2012-04-14,2012-04-21,2012-04-26,2049.0,1,2049.0
SO47842,4339,111,2012-04-14,2012-04-21,2012-04-26,783.0,1,783.0
SO47842,4339,112,2012-04-14,2012-04-21,2012-04-26,783.0,1,783.0
SO47843,4340,121,2012-04-14,2012-04-21,2012-04-26,783.0,1,783.0
SO47843,4340,122,2012-04-14,2012-04-21,2012-04-26,783.0,1,783.0
SO47844,10997,160,2012-04-14,2012-04-21,2012-04-26,2182.0,1,2182.0
SO47844,10997,161,2012-04-14,2012-04-21,2012-04-26,2182.0,1,2182.0
SO47845,5207,158,2012-04-15,2012-04-22,2012-04-27,2443.0,1,2443.0
SO47846,3780,157,2012-04-15,2012-04-22,2012-04-27,2443.0,1,2443.0
SO47847,5279,157,2012-04-15,2012-04-22,2012-04-27,2443.0,1,2443.0
SO47848,15329,147,2012-04-15,2012-04-22,2012-04-27,2049.0,1,2049.0
SO47848,15329,148,2012-04-15,2012-04-22,2012-04-27,2049.0,1,2049.0
SO47849,4343,111,2012-04-15,2012-04-22,2012-04-27,783.0,1,783.0
SO47849,4343,112,2012-04-15,2012-04-22,2012-04-27,783.0,1,783.0
SO47850,4351,109,2012-04-15,2012-04-22,2012-04-27,783.0,1,783.0
SO47850,4351,110,2012-04-15,2012-04-22,2012-04-27,783.0,1,783.0
SO47851,15332,147,2012-04-16,2012-04-23,2012-04-28,2049.0,1,2049.0
SO47851,15332,148,2012-04-16,2012-04-23,2012-04-28,2049.0,1,2049.0
SO47852,15343,143,2012-04-16,2012-04-23,2012-04-28,2071.0,1,2071.0
SO47852,15343,144,2012-04-16,2012-04-23,2012-04-28,2071.0,1,2071.0
SO47853,15488,151,2012-04-16,2012-04-23,2012-04-28,2049.0,1,2049.0
SO47853,15488,152,2012-04-16,2012-04-23,2012-04-28,2049.0,1,2049.0
SO47854,4342,109,2012-04-16,2012-04-23,2012-04-28,783.0,1,783.0
SO47854,4342,110,2012-04-16,2012-04-23,2012-04-28,783.0,1,783.0
SO47855,1988,143,2012-04-16,2012-04-23,2012-04-28,2071.0,1,2071.0
SO47855,1988,144,2012-04-16,2012-04-23,2012-04-28,2071.0,1,2071.0
SO47856,1996,151,2012-04-16,2012-04-23,2012-04-28,2049.0,1,2049.0
SO47856,1996,152,2012-04-16,2012-04-23,2012-04-28,2049.0,1,2049.0
SO47857,2025,149,2012-04-16,2012-04-23,2012-04-28,2049.0,1,2049.0
SO47857,2025,150,2012-04-16,2012-04-23,2012-04-28,2049.0,1,2049.0
SO47858,8303,174,2012-04-17,2012-04-24,2012-04-29,1000.0,1,1000.0
SO47858,8303,175,2012-04-17,2012-04-24,2012-04-29,1000.0,1,1000.0
SO47859,17714,147,2012-04-17,2012-04-24,2012-04-29,2049.0,1,2049.0
SO47859,17714,148,2012-04-17,2012-04-24,2012-04-29,2049.0,1,2049.0
SO47860,15340,141,2012-04-17,2012-04-24,2012-04-29,2071.0,1,2071.0
SO47860,15340,142,2012-04-17,2012-04-24,2012-04-29,2071.0,1,2071.0
SO47861,9471,145,2012-04-17,2012-04-24,2012-04-29,2071.0,1,2071.0
SO47861,9471,146,2012-04-17,2012-04-24,2012-04-29,2071.0,1,2071.0
SO47862,11200,168,2012-04-17,2012-04-24,2012-04-29,2182.0,1,2182.0
SO47862,11200,169,2012-04-17,2012-04-24,2012-04-29,2182.0,1,2182.0
SO47863,4352,111,2012-04-17,2012-04-24,2012-04-29,783.0,1,783.0
SO47863,4352,112,2012-04-17,2012-04-24,2012-04-29,783.0,1,783.0
SO47864,10967,162,2012-04-17,2012-04-24,2012-04-29,2182.0,1,2182.0
SO47864,10967,163,2012-04-17,2012-04-24,2012-04-29,2182.0,1,2182.0
SO47865,1702,141,2012-04-17,2012-04-24,2012-04-29,2071.0,1,2071.0
SO47865,1702,142,2012-04-17,2012-04-24,2012-04-29,2071.0,1,2071.0
SO47866,1991,141,2012-04-17,2012-04-24,2012-04-29,2071.0,1,2071.0
SO47866,1991,142,2012-04-17,2012-04-24,2012-04-29,2071.0,1,2071.0
SO47867,1992,149,2012-04-17,2012-04-24,2012-04-29,2049.0,1,2049.0
SO47867,1992,150,2012-04-17,2012-04-24,2012-04-29,2049.0,1,2049.0
SO47868,2022,143,2012-04-17,2012-04-24,2012-04-29,2071.0,1,2071.0
SO47868,2022,144,2012-04-17,2012-04-24,2012-04-29,2071.0,1,2071.0
SO47869,15191,115,2012-04-17,2012-04-24,2012-04-29,783.0,1,783.0
SO47869,15191,116,2012-04-17,2012-04-24,2012-04-29,783.0,1,783.0
SO47870,8306,172,2012-04-18,2012-04-25,2012-04-30,1000.0,1,1000.0
SO47870,8306,173,2012-04-18,2012-04-25,2012-04-30,1000.0,1,1000.0
SO47871,3709,160,2012-04-18,2012-04-25,2012-04-30,2182.0,1,2182.0
SO47871,3709,161,2012-04-18,2012-04-25,2012-04-30,2182.0,1,2182.0
SO47872,3791,168,2012-04-18,2012-04-25,2012-04-30,2182.0,1,2182.0
SO47872,3791,169,2012-04-18,2012-04-25,2012-04-30,2182.0,1,2182.0
SO47873,15322,172,2012-04-18,2012-04-25,2012-04-30,1000.0,1,1000.0
SO47873,15322,173,2012-04-18,2012-04-25,2012-04-30,1000.0,1,1000.0
SO47874,2463,162,2012-04-18,2012-04-25,2012-04-30,2182.0,1,2182.0
SO47874,2463,163,2012-04-18,2012-04-25,2012-04-30,2182.0,1,2182.0
SO47875,14993,164,2012-04-18,2012-04-25,2012-04-30,2182.0,1,2182.0
SO47875,14993,165,2012-04-18,2012-04-25,2012-04-30,2182.0,1,2182.0
SO47876,9849,127,2012-04-18,2012-04-25,2012-04-30,783.0,1,783.0
SO47876,9849,128,2012-04-18,2012-04-25,2012-04-30,783.0,1,783.0
SO47877,9852,111,2012-04-18,2012-04-25,2012-04-30,783.0,1,783.0
SO47877,9852,112,2012-04-18,2012-04-25,2012-04-30,783.0,1,783.0
SO47878,1703,147,2012-04-18,2012-04-25,2012-04-30,2049.0,1,2049.0
SO47878,1703,148,2012-04-18,2012-04-25,2012-04-30,2049.0,1,2049.0
SO47879,7158,176,2012-04-19,2012-04-26,2012-05-01,1000.0,1,1000.0
SO47879,7158,177,2012-04-19,2012-04-26,2012-05-01,1000.0,1,1000.0
SO47880,17690,149,2012-04-19,2012-04-26,2012-05-01,2049.0,1,2049.0
SO47880,17690,150,2012-04-19,2012-04-26,2012-05-01,2049.0,1,2049.0
SO47881,5554,168,2012-04-19,2012-04-26,2012-05-01,2182.0,1,2182.0
SO47881,5554,169,2012-04-19,2012-04-26,2012-05-01,2182.0,1,2182.0
SO47882,2465,164,2012-04-19,2012-04-26,2012-05-01,2182.0,1,2182.0
SO47882,2465,165,2012-04-19,2012-04-26,2012-05-01,2182.0,1,2182.0
SO47883,15482,141,2012-04-19,2012-04-26,2012-05-01,2071.0,1,2071.0
SO47883,15482,142,2012-04-19,2012-04-26,2012-05-01,2071.0,1,2071.0
SO47884,11031,159,2012-04-19,2012-04-26,2012-05-01,2443.0,1,2443.0
SO47885,13902,174,2012-04-19,2012-04-26,2012-05-01,1000.0,1,1000.0
SO47885,13902,175,2012-04-19,2012-04-26,2012-05-01,1000.0,1,1000.0
SO47886,2012,147,2012-04-19,2012-04-26,2012-05-01,2049.0,1,2049.0
SO47886,2012,148,2012-04-19,2012-04-26,2012-05-01,2049.0,1,2049.0
SO47887,2013,145,2012-04-19,2012-04-26,2012-05-01,2071.0,1,2071.0
SO47887,2013,146,2012-04-19,2012-04-26,2012-05-01,2071.0,1,2071.0
SO47888,2051,143,2012-04-19,2012-04-26,2012-05-01,2071.0,1,2071.0
SO47888,2051,144,2012-04-19,2012-04-26,2012-05-01,2071.0,1,2071.0
SO47889,5542,166,2012-04-20,2012-04-27,2012-05-02,2182.0,1,2182.0
SO47889,5542,167,2012-04-20,2012-04-27,2012-05-02,2182.0,1,2182.0
SO47890,5264,159,2012-04-20,2012-04-27,2012-05-02,2443.0,1,2443.0
SO47891,5291,162,2012-04-20,2012-04-27,2012-05-02,2182.0,1,2182.0
SO47891,5291,163,2012-04-20,2012-04-27,2012-05-02,2182.0,1,2182.0
SO47892,15374,178,2012-04-20,2012-04-27,2012-05-02,1000.0,1,1000.0
SO47892,15374,179,2012-04-20,2012-04-27,2012-05-02,1000.0,1,1000.0
SO47893,14990,160,2012-04-20,2012-04-27,2012-05-02,2182.0,1,2182.0
SO47893,14990,161,2012-04-20,2012-04-27,2012-05-02,2182.0,1,2182.0
SO47894,15345,147,2012-04-20,2012-04-27,2012-05-02,2049.0,1,2049.0
SO47894,15345,148,2012-04-20,2012-04-27,2012-05-02,2049.0,1,2049.0
SO47895,4348,121,2012-04-20,2012-04-27,2012-05-02,783.0,1,783.0
SO47895,4348,122,2012-04-20,2012-04-27,2012-05-02,783.0,1,783.0
SO47896,6207,178,2012-04-21,2012-04-28,2012-05-03,1000.0,1,1000.0
SO47896,6207,179,2012-04-21,2012-04-28,2012-05-03,1000.0,1,1000.0
SO47897,5574,166,2012-04-21,2012-04-28,2012-05-03,2182.0,1,2182.0
SO47897,5574,167,2012-04-21,2012-04-28,2012-05-03,2182.0,1,2182.0
SO47898,8277,111,2012-04-21,2012-04-28,2012-05-03,783.0,1,783.0
SO47898,8277,112,2012-04-21,2012-04-28,2012-05-03,783.0,1,783.0
SO47899,1997,147,2012-04-21,2012-04-28,2012-05-03,2049.0,1,2049.0
SO47899,1997,148,2012-04-21,2012-04-28,2012-05-03,2049.0,1,2049.0
SO47900,2036,151,2012-04-21,2012-04-28,2012-05-03,2049.0,1,2049.0
SO47900,2036,152,2012-04-21,2012-04-28,2012-05-03,2049.0,1,2049.0
SO47901,2076,143,2012-04-21,2012-04-28,2012-05-03,2071.0,1,2071.0
SO47901,2076,144,2012-04-21,2012-04-28,2012-05-03,2071.0,1,2071.0
SO47902,2077,149,2012-04-21,2012-04-28,2012-05-03,2049.0,1,2049.0
SO47902,2077,150,2012-04-21,2012-04-28,2012-05-03,2049.0,1,2049.0
SO47903,3715,157,2012-04-22,2012-04-29,2012-05-04,2443.0,1,2443.0
SO47904,5563,166,2012-04-22,2012-04-29,2012-05-04,2182.0,1,2182.0
SO47904,5563,167,2012-04-22,2012-04-29,2012-05-04,2182.0,1,2182.0
SO47905,18337,162,2012-04-22,2012-04-29,2012-05-04,2182.0,1,2182.0
SO47905,18337,163,2012-04-22,2012-04-29,2012-05-04,2182.0,1,2182.0
SO47906,16083,127,2012-04-22,2012-04-29,2012-05-04,783.0,1,783.0
SO47906,16083,128,2012-04-22,2012-04-29,2012-05-04,783.0,1,783.0
SO47907,11000,158,2012-04-22,2012-04-29,2012-05-04,2443.0,1,2443.0
SO47908,9469,151,2012-04-22,2012-04-29,2012-05-04,2049.0,1,2049.0
SO47908,9469,152,2012-04-22,2012-04-29,2012-05-04,2049.0,1,2049.0
SO47909,2000,145,2012-04-22,2012-04-29,2012-05-04,2071.0,1,2071.0
SO47909,2000,146,2012-04-22,2012-04-29,2012-05-04,2071.0,1,2071.0
SO47910,2050,141,2012-04-22,2012-04-29,2012-05-04,2071.0,1,2071.0
SO47910,2050,142,2012-04-22,2012-04-29,2012-05-04,2071.0,1,2071.0
SO47911,2078,147,2012-04-22,2012-04-29,2012-05-04,2049.0,1,2049.0
SO47911,2078,148,2012-04-22,2012-04-29,2012-05-04,2049.0,1,2049.0
SO47912,17725,149,2012-04-23,2012-04-30,2012-05-05,2049.0,1,2049.0
SO47912,17725,150,2012-04-23,2012-04-30,2012-05-05,2049.0,1,2049.0
SO47913,18160,157,2012-04-23,2012-04-30,2012-05-05,2443.0,1,2443.0
SO47914,9557,123,2012-04-23,2012-04-30,2012-05-05,783.0,1,783.0
SO47914,9557,124,2012-04-23,2012-04-30,2012-05-05,783.0,1,783.0
SO47915,15352,149,2012-04-23,2012-04-30,2012-05-05,2049.0,1,2049.0
SO47915,15352,150,2012-04-23,2012-04-30,2012-05-05,2049.0,1,2049.0
SO47916,13904,172,2012-04-23,2012-04-30,2012-05-05,1000.0,1,1000.0
SO47916,13904,173,2012-04-23,2012-04-30,2012-05-05,1000.0,1,1000.0
SO47917,2002,147,2012-04-23,2012-04-30,2012-05-05,2049.0,1,2049.0
SO47917,2002,148,2012-04-23,2012-04-30,2012-05-05,2049.0,1,2049.0
SO47918,2007,151,2012-04-23,2012-04-30,2012-05-05,2049.0,1,2049.0
SO47918,2007,152,2012-04-23,2012-04-30,2012-05-05,2049.0,1,2049.0
SO47919,6217,170,2012-04-24,2012-05-01,2012-05-06,1000.0,1,1000.0
SO47919,6217,171,2012-04-24,2012-05-01,2012-05-06,1000.0,1,1000.0
SO47920,1283,147,2012-04-24,2012-05-01,2012-05-06,2049.0,1,2049.0
SO47920,1283,148,2012-04-24,2012-05-01,2012-05-06,2049.0,1,2049.0
SO47921,3797,168,2012-04-24,2012-05-01,2012-05-06,2182.0,1,2182.0
SO47921,3797,169,2012-04-24,2012-05-01,2012-05-06,2182.0,1,2182.0
SO47922,2469,168,2012-04-24,2012-05-01,2012-05-06,2182.0,1,2182.0
SO47922,2469,169,2012-04-24,2012-05-01,2012-05-06,2182.0,1,2182.0
SO47923,15487,147,2012-04-24,2012-05-01,2012-05-06,2049.0,1,2049.0
SO47923,15487,148,2012-04-24,2012-05-01,2012-05-06,2049.0,1,2049.0
SO47924,11172,166,2012-04-24,2012-05-01,2012-05-06,2182.0,1,2182.0
SO47924,11172,167,2012-04-24,2012-05-01,2012-05-06,2182.0,1,2182.0
SO47925,13901,174,2012-04-24,2012-05-01,2012-05-06,1000.0,1,1000.0
SO47925,13901,175,2012-04-24,2012-05-01,2012-05-06,1000.0,1,1000.0
SO47926,2080,149,2012-04-24,2012-05-01,2012-05-06,2049.0,1,2049.0
SO47926,2080,150,2012-04-24,2012-05-01,2012-05-06,2049.0,1,2049.0
SO47927,15189,119,2012-04-24,2012-05-01,2012-05-06,783.0,1,783.0
SO47927,15189,120,2012-04-24,2012-05-01,2012-05-06,783.0,1,783.0
SO47928,18155,166,2012-04-25,2012-05-02,2012-05-07,2182.0,1,2182.0
SO47928,18155,167,2012-04-25,2012-05-02,2012-05-07,2182.0,1,2182.0
SO47929,18282,157,2012-04-25,2012-05-02,2012-05-07,2443.0,1,2443.0
SO47930,10983,166,2012-04-25,2012-05-02,2012-05-07,2182.0,1,2182.0
SO47930,10983,167,2012-04-25,2012-05-02,2012-05-07,2182.0,1,2182.0
SO47931,5532,159,2012-04-26,2012-05-03,2012-05-08,2443.0,1,2443.0
SO47932,5562,162,2012-04-26,2012-05-03,2012-05-08,2182.0,1,2182.0
SO47932,5562,163,2012-04-26,2012-05-03,2012-05-08,2182.0,1,2182.0
SO47933,5271,162,2012-04-26,2012-05-03,2012-05-08,2182.0,1,2182.0
SO47933,5271,163,2012-04-26,2012-05-03,2012-05-08,2182.0,1,2182.0
SO47934,3107,174,2012-04-26,2012-05-03,2012-05-08,1000.0,1,1000.0
SO47934,3107,175,2012-04-26,2012-05-03,2012-05-08,1000.0,1,1000.0
SO47935,11195,164,2012-04-26,2012-05-03,2012-05-08,2182.0,1,2182.0
SO47935,11195,165,2012-04-26,2012-05-03,2012-05-08,2182.0,1,2182.0
SO47936,15193,113,2012-04-26,2012-05-03,2012-05-08,783.0,1,783.0
SO47936,15193,114,2012-04-26,2012-05-03,2012-05-08,783.0,1,783.0
SO47937,9550,109,2012-04-27,2012-05-04,2012-05-09,783.0,1,783.0
SO47937,9550,110,2012-04-27,2012-05-04,2012-05-09,783.0,1,783.0
SO47938,10970,160,2012-04-27,2012-05-04,2012-05-09,2182.0,1,2182.0
SO47938,10970,161,2012-04-27,2012-05-04,2012-05-09,2182.0,1,2182.0
SO47939,10988,160,2012-04-27,2012-05-04,2012-05-09,2182.0,1,2182.0
SO47939,10988,161,2012-04-27,2012-05-04,2012-05-09,2182.0,1,2182.0
SO47940,1995,143,2012-04-27,2012-05-04,2012-05-09,2071.0,1,2071.0
SO47940,1995,144,2012-04-27,2012-05-04,2012-05-09,2071.0,1,2071.0
SO47941,2011,145,2012-04-27,2012-05-04,2012-05-09,2071.0,1,2071.0
SO47941,2011,146,2012-04-27,2012-05-04,2012-05-09,2071.0,1,2071.0
SO47942,15168,125,2012-04-27,2012-05-04,2012-05-09,783.0,1,783.0
SO47942,15168,126,2012-04-27,2012-05-04,2012-05-09,783.0,1,783.0
SO47943,6197,174,2012-04-28,2012-05-05,2012-05-10,1000.0,1,1000.0
SO47943,6197,175,2012-04-28,2012-05-05,2012-05-10,1000.0,1,1000.0
SO47944,17691,151,2012-04-28,2012-05-05,2012-05-10,2049.0,1,2049.0
SO47944,17691,152,2012-04-28,2012-05-05,2012-05-10,2049.0,1,2049.0
SO47945,3792,159,2012-04-28,2012-05-05,2012-05-10,2443.0,1,2443.0
SO47946,3803,158,2012-04-28,2012-05-05,2012-05-10,2443.0,1,2443.0
SO47947,3110,176,2012-04-28,2012-05-05,2012-05-10,1000.0,1,1000.0
SO47947,3110,177,2012-04-28,2012-05-05,2012-05-10,1000.0,1,1000.0
SO47948,2451,158,2012-04-28,2012-05-05,2012-05-10,2443.0,1,2443.0
SO47949,2478,166,2012-04-28,2012-05-05,2012-05-10,2182.0,1,2182.0
SO47949,2478,167,2012-04-28,2012-05-05,2012-05-10,2182.0,1,2182.0
SO47950,15485,145,2012-04-28,2012-05-05,2012-05-10,2071.0,1,2071.0
SO47950,15485,146,2012-04-28,2012-05-05,2012-05-10,2071.0,1,2071.0
SO47951,1701,145,2012-04-28,2012-05-05,2012-05-10,2071.0,1,2071.0
SO47951,1701,146,2012-04-28,2012-05-05,2012-05-10,2071.0,1,2071.0
SO47952,11194,158,2012-04-28,2012-05-05,2012-05-10,2443.0,1,2443.0
SO47953,10975,158,2012-04-28,2012-05-05,2012-05-10,2443.0,1,2443.0
SO47954,15192,111,2012-04-28,2012-05-05,2012-05-10,783.0,1,783.0
SO47954,15192,112,2012-04-28,2012-05-05,2012-05-10,783.0,1,783.0
SO47955,5555,166,2012-04-29,2012-05-06,2012-05-11,2182.0,1,2182.0
SO47955,5555,167,2012-04-29,2012-05-06,2012-05-11,2182.0,1,2182.0
SO47956,5272,158,2012-04-29,2012-05-06,2012-05-11,2443.0,1,2443.0
SO47957,3096,178,2012-04-29,2012-05-06,2012-05-11,1000.0,1,1000.0
SO47957,3096,179,2012-04-29,2012-05-06,2012-05-11,1000.0,1,1000.0
SO47958,4350,117,2012-04-29,2012-05-06,2012-05-11,783.0,1,783.0
SO47958,4350,118,2012-04-29,2012-05-06,2012-05-11,783.0,1,783.0
SO47959,15190,115,2012-04-29,2012-05-06,2012-05-11,783.0,1,783.0
SO47959,15190,116,2012-04-29,2012-05-06,2012-05-11,783.0,1,783.0
SO48093,5589,166,2012-04-30,2012-05-07,2012-05-12,2182.0,1,2182.0
SO48093,5589,167,2012-04-30,2012-05-07,2012-05-12,2182.0,1,2182.0
SO48094,2658,159,2012-04-30,2012-05-07,2012-05-12,2443.0,1,2443.0
SO48095,9591,121,2012-04-30,2012-05-07,2012-05-12,783.0,1,783.0
SO48095,9591,122,2012-04-30,2012-05-07,2012-05-12,783.0,1,783.0
SO48096,4399,117,2012-04-30,2012-05-07,2012-05-12,783.0,1,783.0
SO48096,4399,118,2012-04-30,2012-05-07,2012-05-12,783.0,1,783.0
SO48097,11413,158,2012-04-30,2012-05-07,2012-05-12,2443.0,1,2443.0
SO48098,11401,166,2012-04-30,2012-05-07,2012-05-12,2182.0,1,2182.0
SO48098,11401,167,2012-04-30,2012-05-07,2012-05-12,2182.0,1,2182.0
SO48099,1129,149,2012-05-01,2012-05-08,2012-05-13,2049.0,1,2049.0
SO48099,1129,150,2012-05-01,2012-05-08,2012-05-13,2049.0,1,2049.0
SO48100,15547,145,2012-05-01,2012-05-08,2012-05-13,2071.0,1,2071.0
SO48100,15547,146,2012-05-01,2012-05-08,2012-05-13,2071.0,1,2071.0
SO48101,11576,158,2012-05-01,2012-05-08,2012-05-13,2443.0,1,2443.0
SO48102,11577,168,2012-05-01,2012-05-08,2012-05-13,2182.0,1,2182.0
SO48102,11577,169,2012-05-01,2012-05-08,2012-05-13,2182.0,1,2182.0
SO48103,5390,166,2012-05-02,2012-05-09,2012-05-14,2182.0,1,2182.0
SO48103,5390,167,2012-05-02,2012-05-09,2012-05-14,2182.0,1,2182.0
SO48104,9860,111,2012-05-02,2012-05-09,2012-05-14,783.0,1,783.0
SO48104,9860,112,2012-05-02,2012-05-09,2012-05-14,783.0,1,783.0
SO48105,15514,145,2012-05-02,2012-05-09,2012-05-14,2071.0,1,2071.0
SO48105,15514,146,2012-05-02,2012-05-09,2012-05-14,2071.0,1,2071.0
SO48106,9547,149,2012-05-02,2012-05-09,2012-05-14,2049.0,1,2049.0
SO48106,9547,150,2012-05-02,2012-05-09,2012-05-14,2049.0,1,2049.0
SO48107,11581,159,2012-05-02,2012-05-09,2012-05-14,2443.0,1,2443.0
SO48108,13906,178,2012-05-02,2012-05-09,2012-05-14,1000.0,1,1000.0
SO48108,13906,179,2012-05-02,2012-05-09,2012-05-14,1000.0,1,1000.0
SO48109,2490,158,2012-05-03,2012-05-10,2012-05-15,2443.0,1,2443.0
SO48110,5308,160,2012-05-04,2012-05-11,2012-05-16,2182.0,1,2182.0
SO48110,5308,161,2012-05-04,2012-05-11,2012-05-16,2182.0,1,2182.0
SO48111,3113,172,2012-05-04,2012-05-11,2012-05-16,1000.0,1,1000.0
SO48111,3113,173,2012-05-04,2012-05-11,2012-05-16,1000.0,1,1000.0
SO48112,2713,160,2012-05-04,2012-05-11,2012-05-16,2182.0,1,2182.0
SO48112,2713,161,2012-05-04,2012-05-11,2012-05-16,2182.0,1,2182.0
SO48113,9717,123,2012-05-04,2012-05-11,2012-05-16,783.0,1,783.0
SO48113,9717,124,2012-05-04,2012-05-11,2012-05-16,783.0,1,783.0
SO48114,15440,109,2012-05-04,2012-05-11,2012-05-16,783.0,1,783.0
SO48114,15440,110,2012-05-04,2012-05-11,2012-05-16,783.0,1,783.0
SO48115,15443,109,2012-05-04,2012-05-11,2012-05-16,783.0,1,783.0
SO48115,15443,110,2012-05-04,2012-05-11,2012-05-16,783.0,1,783.0
SO48116,8313,170,2012-05-05,2012-05-12,2012-05-17,1000.0,1,1000.0
SO48116,8313,171,2012-05-05,2012-05-12,2012-05-17,1000.0,1,1000.0
SO48117,3931,166,2012-05-05,2012-05-12,2012-05-17,2182.0,1,2182.0
SO48117,3931,167,2012-05-05,2012-05-12,2012-05-17,2182.0,1,2182.0
SO48118,5310,166,2012-05-05,2012-05-12,2012-05-17,2182.0,1,2182.0
SO48118,5310,167,2012-05-05,2012-05-12,2012-05-17,2182.0,1,2182.0
SO48119,3852,160,2012-05-05,2012-05-12,2012-05-17,2182.0,1,2182.0
SO48119,3852,161,2012-05-05,2012-05-12,2012-05-17,2182.0,1,2182.0
SO48120,4389,113,2012-05-05,2012-05-12,2012-05-17,783.0,1,783.0
SO48120,4389,114,2012-05-05,2012-05-12,2012-05-17,783.0,1,783.0
SO48121,11411,158,2012-05-05,2012-05-12,2012-05-17,2443.0,1,2443.0
SO48122,11208,158,2012-05-05,2012-05-12,2012-05-17,2443.0,1,2443.0
SO48123,2081,149,2012-05-05,2012-05-12,2012-05-17,2049.0,1,2049.0
SO48123,2081,150,2012-05-05,2012-05-12,2012-05-17,2049.0,1,2049.0
SO48124,15437,115,2012-05-05,2012-05-12,2012-05-17,783.0,1,783.0
SO48124,15437,116,2012-05-05,2012-05-12,2012-05-17,783.0,1,783.0
SO48125,3240,178,2012-05-06,2012-05-13,2012-05-18,1000.0,1,1000.0
SO48125,3240,179,2012-05-06,2012-05-13,2012-05-18,1000.0,1,1000.0
SO48126,3116,176,2012-05-06,2012-05-13,2012-05-18,1000.0,1,1000.0
SO48126,3116,177,2012-05-06,2012-05-13,2012-05-18,1000.0,1,1000.0
SO48127,9599,131,2012-05-06,2012-05-13,2012-05-18,783.0,1,783.0
SO48127,9599,132,2012-05-06,2012-05-13,2012-05-18,783.0,1,783.0
SO48128,15535,141,2012-05-06,2012-05-13,2012-05-18,2071.0,1,2071.0
SO48128,15535,142,2012-05-06,2012-05-13,2012-05-18,2071.0,1,2071.0
SO48129,11583,166,2012-05-06,2012-05-13,2012-05-18,2182.0,1,2182.0
SO48129,11583,167,2012-05-06,2012-05-13,2012-05-18,2182.0,1,2182.0
SO48130,5830,157,2012-05-07,2012-05-14,2012-05-19,2443.0,1,2443.0
SO48131,9484,149,2012-05-07,2012-05-14,2012-05-19,2049.0,1,2049.0
SO48131,9484,150,2012-05-07,2012-05-14,2012-05-19,2049.0,1,2049.0
SO48132,15522,141,2012-05-07,2012-05-14,2012-05-19,2071.0,1,2071.0
SO48132,15522,142,2012-05-07,2012-05-14,2012-05-19,2071.0,1,2071.0
SO48133,11572,166,2012-05-07,2012-05-14,2012-05-19,2182.0,1,2182.0
SO48133,11572,167,2012-05-07,2012-05-14,2012-05-19,2182.0,1,2182.0
SO48134,11203,160,2012-05-07,2012-05-14,2012-05-19,2182.0,1,2182.0
SO48134,11203,161,2012-05-07,2012-05-14,2012-05-19,2182.0,1,2182.0
SO48135,13911,172,2012-05-07,2012-05-14,2012-05-19,1000.0,1,1000.0
SO48135,13911,173,2012-05-07,2012-05-14,2012-05-19,1000.0,1,1000.0
SO48136,2083,143,2012-05-07,2012-05-14,2012-05-19,2071.0,1,2071.0
SO48136,2083,144,2012-05-07,2012-05-14,2012-05-19,2071.0,1,2071.0
SO48137,1131,141,2012-05-08,2012-05-15,2012-05-20,2071.0,1,2071.0
SO48137,1131,142,2012-05-08,2012-05-15,2012-05-20,2071.0,1,2071.0
SO48138,3819,162,2012-05-08,2012-05-15,2012-05-20,2182.0,1,2182.0
SO48138,3819,163,2012-05-08,2012-05-15,2012-05-20,2182.0,1,2182.0
SO48139,11858,159,2012-05-08,2012-05-15,2012-05-20,2443.0,1,2443.0
SO48140,4375,119,2012-05-08,2012-05-15,2012-05-20,783.0,1,783.0
SO48140,4375,120,2012-05-08,2012-05-15,2012-05-20,783.0,1,783.0
SO48141,1300,143,2012-05-09,2012-05-16,2012-05-21,2071.0,1,2071.0
SO48141,1300,144,2012-05-09,2012-05-16,2012-05-21,2071.0,1,2071.0
SO48142,1214,151,2012-05-09,2012-05-16,2012-05-21,2049.0,1,2049.0
SO48142,1214,152,2012-05-09,2012-05-16,2012-05-21,2049.0,1,2049.0
SO48143,9721,115,2012-05-09,2012-05-16,2012-05-21,783.0,1,783.0
SO48143,9721,116,2012-05-09,2012-05-16,2012-05-21,783.0,1,783.0
SO48144,5824,159,2012-05-09,2012-05-16,2012-05-21,2443.0,1,2443.0
SO48145,15492,151,2012-05-09,2012-05-16,2012-05-21,2049.0,1,2049.0
SO48145,15492,152,2012-05-09,2012-05-16,2012-05-21,2049.0,1,2049.0
SO48146,11579,160,2012-05-09,2012-05-16,2012-05-21,2182.0,1,2182.0
SO48146,11579,161,2012-05-09,2012-05-16,2012-05-21,2182.0,1,2182.0
SO48147,11846,166,2012-05-09,2012-05-16,2012-05-21,2182.0,1,2182.0
SO48147,11846,167,2012-05-09,2012-05-16,2012-05-21,2182.0,1,2182.0
SO48148,615,151,2012-05-10,2012-05-17,2012-05-22,2049.0,1,2049.0
SO48148,615,152,2012-05-10,2012-05-17,2012-05-22,2049.0,1,2049.0
SO48149,5299,160,2012-05-10,2012-05-17,2012-05-22,2182.0,1,2182.0
SO48149,5299,161,2012-05-10,2012-05-17,2012-05-22,2182.0,1,2182.0
SO48150,5823,158,2012-05-10,2012-05-17,2012-05-22,2443.0,1,2443.0
SO48151,8281,121,2012-05-10,2012-05-17,2012-05-22,783.0,1,783.0
SO48151,8281,122,2012-05-10,2012-05-17,2012-05-22,783.0,1,783.0
SO48152,15537,141,2012-05-10,2012-05-17,2012-05-22,2071.0,1,2071.0
SO48152,15537,142,2012-05-10,2012-05-17,2012-05-22,2071.0,1,2071.0
SO48153,15576,151,2012-05-10,2012-05-17,2012-05-22,2049.0,1,2049.0
SO48153,15576,152,2012-05-10,2012-05-17,2012-05-22,2049.0,1,2049.0
SO48154,11403,166,2012-05-10,2012-05-17,2012-05-22,2182.0,1,2182.0
SO48154,11403,167,2012-05-10,2012-05-17,2012-05-22,2182.0,1,2182.0
SO48155,11409,160,2012-05-10,2012-05-17,2012-05-22,2182.0,1,2182.0
SO48155,11409,161,2012-05-10,2012-05-17,2012-05-22,2182.0,1,2182.0
SO48156,11582,166,2012-05-10,2012-05-17,2012-05-22,2182.0,1,2182.0
SO48156,11582,167,2012-05-10,2012-05-17,2012-05-22,2182.0,1,2182.0
SO48157,11852,160,2012-05-10,2012-05-17,2012-05-22,2182.0,1,2182.0
SO48157,11852,161,2012-05-10,2012-05-17,2012-05-22,2182.0,1,2182.0
SO48158,15434,117,2012-05-10,2012-05-17,2012-05-22,783.0,1,783.0
SO48158,15434,118,2012-05-10,2012-05-17,2012-05-22,783.0,1,783.0
SO48159,8323,178,2012-05-11,2012-05-18,2012-05-23,1000.0,1,1000.0
SO48159,8323,179,2012-05-11,2012-05-18,2012-05-23,1000.0,1,1000.0
SO48160,3849,160,2012-05-11,2012-05-18,2012-05-23,2182.0,1,2182.0
SO48160,3849,161,2012-05-11,2012-05-18,2012-05-23,2182.0,1,2182.0
SO48161,5939,160,2012-05-11,2012-05-18,2012-05-23,2182.0,1,2182.0
SO48161,5939,161,2012-05-11,2012-05-18,2012-05-23,2182.0,1,2182.0
SO48162,2715,158,2012-05-11,2012-05-18,2012-05-23,2443.0,1,2443.0
SO48163,11855,164,2012-05-11,2012-05-18,2012-05-23,2182.0,1,2182.0
SO48163,11855,165,2012-05-11,2012-05-18,2012-05-23,2182.0,1,2182.0
SO48164,15439,117,2012-05-11,2012-05-18,2012-05-23,783.0,1,783.0
SO48164,15439,118,2012-05-11,2012-05-18,2012-05-23,783.0,1,783.0
SO48165,5328,162,2012-05-12,2012-05-19,2012-05-24,2182.0,1,2182.0
SO48165,5328,163,2012-05-12,2012-05-19,2012-05-24,2182.0,1,2182.0
SO48166,2485,157,2012-05-12,2012-05-19,2012-05-24,2443.0,1,2443.0
SO48167,15540,151,2012-05-12,2012-05-19,2012-05-24,2049.0,1,2049.0
SO48167,15540,152,2012-05-12,2012-05-19,2012-05-24,2049.0,1,2049.0
SO48168,11905,162,2012-05-12,2012-05-19,2012-05-24,2182.0,1,2182.0
SO48168,11905,163,2012-05-12,2012-05-19,2012-05-24,2182.0,1,2182.0
SO48169,2654,166,2012-05-13,2012-05-20,2012-05-25,2182.0,1,2182.0
SO48169,2654,167,2012-05-13,2012-05-20,2012-05-25,2182.0,1,2182.0
SO48170,614,143,2012-05-13,2012-05-20,2012-05-25,2071.0,1,2071.0
SO48170,614,144,2012-05-13,2012-05-20,2012-05-25,2071.0,1,2071.0
SO48171,5314,159,2012-05-13,2012-05-20,2012-05-25,2443.0,1,2443.0
SO48172,2659,158,2012-05-13,2012-05-20,2012-05-25,2443.0,1,2443.0
SO48173,2705,164,2012-05-13,2012-05-20,2012-05-25,2182.0,1,2182.0
SO48173,2705,165,2012-05-13,2012-05-20,2012-05-25,2182.0,1,2182.0
SO48174,5828,159,2012-05-14,2012-05-21,2012-05-26,2443.0,1,2443.0
SO48175,15546,143,2012-05-14,2012-05-21,2012-05-26,2071.0,1,2071.0
SO48175,15546,144,2012-05-14,2012-05-21,2012-05-26,2071.0,1,2071.0
SO48176,4380,125,2012-05-14,2012-05-21,2012-05-26,783.0,1,783.0
SO48176,4380,126,2012-05-14,2012-05-21,2012-05-26,783.0,1,783.0
SO48177,6634,174,2012-05-15,2012-05-22,2012-05-27,1000.0,1,1000.0
SO48177,6634,175,2012-05-15,2012-05-22,2012-05-27,1000.0,1,1000.0
SO48178,1126,141,2012-05-15,2012-05-22,2012-05-27,2071.0,1,2071.0
SO48178,1126,142,2012-05-15,2012-05-22,2012-05-27,2071.0,1,2071.0
SO48179,5829,158,2012-05-15,2012-05-22,2012-05-27,2443.0,1,2443.0
SO48180,5317,168,2012-05-15,2012-05-22,2012-05-27,2182.0,1,2182.0
SO48180,5317,169,2012-05-15,2012-05-22,2012-05-27,2182.0,1,2182.0
SO48181,2706,159,2012-05-15,2012-05-22,2012-05-27,2443.0,1,2443.0
SO48182,15601,149,2012-05-15,2012-05-22,2012-05-27,2049.0,1,2049.0
SO48182,15601,150,2012-05-15,2012-05-22,2012-05-27,2049.0,1,2049.0
SO48183,11584,162,2012-05-15,2012-05-22,2012-05-27,2182.0,1,2182.0
SO48183,11584,163,2012-05-15,2012-05-22,2012-05-27,2182.0,1,2182.0
SO48184,13909,170,2012-05-15,2012-05-22,2012-05-27,1000.0,1,1000.0
SO48184,13909,171,2012-05-15,2012-05-22,2012-05-27,1000.0,1,1000.0
SO48185,1287,149,2012-05-16,2012-05-23,2012-05-28,2049.0,1,2049.0
SO48185,1287,150,2012-05-16,2012-05-23,2012-05-28,2049.0,1,2049.0
SO48186,5298,168,2012-05-16,2012-05-23,2012-05-28,2182.0,1,2182.0
SO48186,5298,169,2012-05-16,2012-05-23,2012-05-28,2182.0,1,2182.0
SO48187,9863,123,2012-05-16,2012-05-23,2012-05-28,783.0,1,783.0
SO48187,9863,124,2012-05-16,2012-05-23,2012-05-28,783.0,1,783.0
SO48188,11580,166,2012-05-16,2012-05-23,2012-05-28,2182.0,1,2182.0
SO48188,11580,167,2012-05-16,2012-05-23,2012-05-28,2182.0,1,2182.0
SO48189,4372,113,2012-05-16,2012-05-23,2012-05-28,783.0,1,783.0
SO48189,4372,114,2012-05-16,2012-05-23,2012-05-28,783.0,1,783.0
SO48190,15444,111,2012-05-16,2012-05-23,2012-05-28,783.0,1,783.0
SO48190,15444,112,2012-05-16,2012-05-23,2012-05-28,783.0,1,783.0
SO48191,8293,119,2012-05-17,2012-05-24,2012-05-29,783.0,1,783.0
SO48191,8293,120,2012-05-17,2012-05-24,2012-05-29,783.0,1,783.0
SO48192,2703,166,2012-05-17,2012-05-24,2012-05-29,2182.0,1,2182.0
SO48192,2703,167,2012-05-17,2012-05-24,2012-05-29,2182.0,1,2182.0
SO48193,15500,141,2012-05-17,2012-05-24,2012-05-29,2071.0,1,2071.0
SO48193,15500,142,2012-05-17,2012-05-24,2012-05-29,2071.0,1,2071.0
SO48194,11402,158,2012-05-17,2012-05-24,2012-05-29,2443.0,1,2443.0
SO48195,11400,160,2012-05-17,2012-05-24,2012-05-29,2182.0,1,2182.0
SO48195,11400,161,2012-05-17,2012-05-24,2012-05-29,2182.0,1,2182.0
SO48196,15441,115,2012-05-17,2012-05-24,2012-05-29,783.0,1,783.0
SO48196,15441,116,2012-05-17,2012-05-24,2012-05-29,783.0,1,783.0
SO48197,15423,111,2012-05-17,2012-05-24,2012-05-29,783.0,1,783.0
SO48197,15423,112,2012-05-17,2012-05-24,2012-05-29,783.0,1,783.0
SO48198,7165,178,2012-05-18,2012-05-25,2012-05-30,1000.0,1,1000.0
SO48198,7165,179,2012-05-18,2012-05-25,2012-05-30,1000.0,1,1000.0
SO48199,5596,162,2012-05-18,2012-05-25,2012-05-30,2182.0,1,2182.0
SO48199,5596,163,2012-05-18,2012-05-25,2012-05-30,2182.0,1,2182.0
SO48200,15538,147,2012-05-18,2012-05-25,2012-05-30,2049.0,1,2049.0
SO48200,15538,148,2012-05-18,2012-05-25,2012-05-30,2049.0,1,2049.0
SO48201,15602,145,2012-05-18,2012-05-25,2012-05-30,2071.0,1,2071.0
SO48201,15602,146,2012-05-18,2012-05-25,2012-05-30,2071.0,1,2071.0
SO48202,1226,145,2012-05-19,2012-05-26,2012-05-31,2071.0,1,2071.0
SO48202,1226,146,2012-05-19,2012-05-26,2012-05-31,2071.0,1,2071.0
SO48203,1227,149,2012-05-19,2012-05-26,2012-05-31,2049.0,1,2049.0
SO48203,1227,150,2012-05-19,2012-05-26,2012-05-31,2049.0,1,2049.0
SO48204,15446,123,2012-05-19,2012-05-26,2012-05-31,783.0,1,783.0
SO48204,15446,124,2012-05-19,2012-05-26,2012-05-31,783.0,1,783.0
SO48205,15510,151,2012-05-19,2012-05-26,2012-05-31,2049.0,1,2049.0
SO48205,15510,152,2012-05-19,2012-05-26,2012-05-31,2049.0,1,2049.0
SO48206,15539,141,2012-05-19,2012-05-26,2012-05-31,2071.0,1,2071.0
SO48206,15539,142,2012-05-19,2012-05-26,2012-05-31,2071.0,1,2071.0
SO48207,11408,162,2012-05-19,2012-05-26,2012-05-31,2182.0,1,2182.0
SO48207,11408,163,2012-05-19,2012-05-26,2012-05-31,2182.0,1,2182.0
SO48208,11202,159,2012-05-19,2012-05-26,2012-05-31,2443.0,1,2443.0
SO48209,4370,109,2012-05-19,2012-05-26,2012-05-31,783.0,1,783.0
SO48209,4370,110,2012-05-19,2012-05-26,2012-05-31,783.0,1,783.0
SO48210,2090,143,2012-05-19,2012-05-26,2012-05-31,2071.0,1,2071.0
SO48210,2090,144,2012-05-19,2012-05-26,2012-05-31,2071.0,1,2071.0
SO48211,6635,174,2012-05-20,2012-05-27,2012-06-01,1000.0,1,1000.0
SO48211,6635,175,2012-05-20,2012-05-27,2012-06-01,1000.0,1,1000.0
SO48212,1290,151,2012-05-20,2012-05-27,2012-06-01,2049.0,1,2049.0
SO48212,1290,152,2012-05-20,2012-05-27,2012-06-01,2049.0,1,2049.0
SO48213,1293,147,2012-05-20,2012-05-27,2012-06-01,2049.0,1,2049.0
SO48213,1293,148,2012-05-20,2012-05-27,2012-06-01,2049.0,1,2049.0
SO48214,5410,157,2012-05-20,2012-05-27,2012-06-01,2443.0,1,2443.0
SO48215,15483,176,2012-05-20,2012-05-27,2012-06-01,1000.0,1,1000.0
SO48215,15483,177,2012-05-20,2012-05-27,2012-06-01,1000.0,1,1000.0
SO48216,9720,113,2012-05-20,2012-05-27,2012-06-01,783.0,1,783.0
SO48216,9720,114,2012-05-20,2012-05-27,2012-06-01,783.0,1,783.0
SO48217,4381,113,2012-05-20,2012-05-27,2012-06-01,783.0,1,783.0
SO48217,4381,114,2012-05-20,2012-05-27,2012-06-01,783.0,1,783.0
SO48218,5595,157,2012-05-21,2012-05-28,2012-06-02,2443.0,1,2443.0
SO48219,15512,143,2012-05-21,2012-05-28,2012-06-02,2071.0,1,2071.0
SO48219,15512,144,2012-05-21,2012-05-28,2012-06-02,2071.0,1,2071.0
SO48220,11410,164,2012-05-21,2012-05-28,2012-06-02,2182.0,1,2182.0
SO48220,11410,165,2012-05-21,2012-05-28,2012-06-02,2182.0,1,2182.0
SO48221,4366,125,2012-05-21,2012-05-28,2012-06-02,783.0,1,783.0
SO48221,4366,126,2012-05-21,2012-05-28,2012-06-02,783.0,1,783.0
SO48222,3117,170,2012-05-22,2012-05-29,2012-06-03,1000.0,1,1000.0
SO48222,3117,171,2012-05-22,2012-05-29,2012-06-03,1000.0,1,1000.0
SO48223,3121,172,2012-05-22,2012-05-29,2012-06-03,1000.0,1,1000.0
SO48223,3121,173,2012-05-22,2012-05-29,2012-06-03,1000.0,1,1000.0
SO48224,15582,143,2012-05-22,2012-05-29,2012-06-03,2071.0,1,2071.0
SO48224,15582,144,2012-05-22,2012-05-29,2012-06-03,2071.0,1,2071.0
SO48225,11574,160,2012-05-22,2012-05-29,2012-06-03,2182.0,1,2182.0
SO48225,11574,161,2012-05-22,2012-05-29,2012-06-03,2182.0,1,2182.0
SO48226,15445,115,2012-05-22,2012-05-29,2012-06-03,783.0,1,783.0
SO48226,15445,116,2012-05-22,2012-05-29,2012-06-03,783.0,1,783.0
SO48227,3814,157,2012-05-23,2012-05-30,2012-06-04,2443.0,1,2443.0
SO48228,5599,157,2012-05-23,2012-05-30,2012-06-04,2443.0,1,2443.0
SO48229,15511,143,2012-05-23,2012-05-30,2012-06-04,2071.0,1,2071.0
SO48229,15511,144,2012-05-23,2012-05-30,2012-06-04,2071.0,1,2071.0
SO48230,15531,149,2012-05-23,2012-05-30,2012-06-04,2049.0,1,2049.0
SO48230,15531,150,2012-05-23,2012-05-30,2012-06-04,2049.0,1,2049.0
SO48231,15580,151,2012-05-23,2012-05-30,2012-06-04,2049.0,1,2049.0
SO48231,15580,152,2012-05-23,2012-05-30,2012-06-04,2049.0,1,2049.0
SO48232,4397,119,2012-05-23,2012-05-30,2012-06-04,783.0,1,783.0
SO48232,4397,120,2012-05-23,2012-05-30,2012-06-04,783.0,1,783.0
SO48233,11851,160,2012-05-23,2012-05-30,2012-06-04,2182.0,1,2182.0
SO48233,11851,161,2012-05-23,2012-05-30,2012-06-04,2182.0,1,2182.0
SO48234,11204,162,2012-05-23,2012-05-30,2012-06-04,2182.0,1,2182.0
SO48234,11204,163,2012-05-23,2012-05-30,2012-06-04,2182.0,1,2182.0
SO48235,4368,109,2012-05-23,2012-05-30,2012-06-04,783.0,1,783.0
SO48235,4368,110,2012-05-23,2012-05-30,2012-06-04,783.0,1,783.0
SO48236,15424,127,2012-05-23,2012-05-30,2012-06-04,783.0,1,783.0
SO48236,15424,128,2012-05-23,2012-05-30,2012-06-04,783.0,1,783.0
SO48237,3926,168,2012-05-24,2012-05-31,2012-06-05,2182.0,1,2182.0
SO48237,3926,169,2012-05-24,2012-05-31,2012-06-05,2182.0,1,2182.0
SO48238,5832,157,2012-05-24,2012-05-31,2012-06-05,2443.0,1,2443.0
SO48239,2701,162,2012-05-24,2012-05-31,2012-06-05,2182.0,1,2182.0
SO48239,2701,163,2012-05-24,2012-05-31,2012-06-05,2182.0,1,2182.0
SO48240,9857,111,2012-05-24,2012-05-31,2012-06-05,783.0,1,783.0
SO48240,9857,112,2012-05-24,2012-05-31,2012-06-05,783.0,1,783.0
SO48241,15521,149,2012-05-24,2012-05-31,2012-06-05,2049.0,1,2049.0
SO48241,15521,150,2012-05-24,2012-05-31,2012-06-05,2049.0,1,2049.0
SO48242,15533,145,2012-05-24,2012-05-31,2012-06-05,2071.0,1,2071.0
SO48242,15533,146,2012-05-24,2012-05-31,2012-06-05,2071.0,1,2071.0
SO48243,11412,160,2012-05-24,2012-05-31,2012-06-05,2182.0,1,2182.0
SO48243,11412,161,2012-05-24,2012-05-31,2012-06-05,2182.0,1,2182.0
SO48244,11861,160,2012-05-24,2012-05-31,2012-06-05,2182.0,1,2182.0
SO48244,11861,161,2012-05-24,2012-05-31,2012-06-05,2182.0,1,2182.0
SO48245,1130,143,2012-05-25,2012-06-01,2012-06-06,2071.0,1,2071.0
SO48245,1130,144,2012-05-25,2012-06-01,2012-06-06,2071.0,1,2071.0
SO48246,1219,143,2012-05-25,2012-06-01,2012-06-06,2071.0,1,2071.0
SO48246,1219,144,2012-05-25,2012-06-01,2012-06-06,2071.0,1,2071.0
SO48247,5391,162,2012-05-25,2012-06-01,2012-06-06,2182.0,1,2182.0
SO48247,5391,163,2012-05-25,2012-06-01,2012-06-06,2182.0,1,2182.0
SO48248,9853,117,2012-05-25,2012-06-01,2012-06-06,783.0,1,783.0
SO48248,9853,118,2012-05-25,2012-06-01,2012-06-06,783.0,1,783.0
SO48249,4395,125,2012-05-25,2012-06-01,2012-06-06,783.0,1,783.0
SO48249,4395,126,2012-05-25,2012-06-01,2012-06-06,783.0,1,783.0
SO48250,11573,159,2012-05-25,2012-06-01,2012-06-06,2443.0,1,2443.0
SO48251,6642,178,2012-05-26,2012-06-02,2012-06-07,1000.0,1,1000.0
SO48251,6642,179,2012-05-26,2012-06-02,2012-06-07,1000.0,1,1000.0
SO48252,9865,109,2012-05-26,2012-06-02,2012-06-07,783.0,1,783.0
SO48252,9865,110,2012-05-26,2012-06-02,2012-06-07,783.0,1,783.0
SO48253,3927,158,2012-05-26,2012-06-02,2012-06-07,2443.0,1,2443.0
SO48254,3118,172,2012-05-26,2012-06-02,2012-06-07,1000.0,1,1000.0
SO48254,3118,173,2012-05-26,2012-06-02,2012-06-07,1000.0,1,1000.0
SO48255,15497,174,2012-05-26,2012-06-02,2012-06-07,1000.0,1,1000.0
SO48255,15497,175,2012-05-26,2012-06-02,2012-06-07,1000.0,1,1000.0
SO48256,3241,174,2012-05-26,2012-06-02,2012-06-07,1000.0,1,1000.0
SO48256,3241,175,2012-05-26,2012-06-02,2012-06-07,1000.0,1,1000.0
SO48257,8283,109,2012-05-26,2012-06-02,2012-06-07,783.0,1,783.0
SO48257,8283,110,2012-05-26,2012-06-02,2012-06-07,783.0,1,783.0
SO48258,8288,113,2012-05-26,2012-06-02,2012-06-07,783.0,1,783.0
SO48258,8288,114,2012-05-26,2012-06-02,2012-06-07,783.0,1,783.0
SO48259,16086,115,2012-05-26,2012-06-02,2012-06-07,783.0,1,783.0
SO48259,16086,116,2012-05-26,2012-06-02,2012-06-07,783.0,1,783.0
SO48260,16100,111,2012-05-26,2012-06-02,2012-06-07,783.0,1,783.0
SO48260,16100,112,2012-05-26,2012-06-02,2012-06-07,783.0,1,783.0
SO48261,16102,117,2012-05-26,2012-06-02,2012-06-07,783.0,1,783.0
SO48261,16102,118,2012-05-26,2012-06-02,2012-06-07,783.0,1,783.0
SO48262,13910,174,2012-05-26,2012-06-02,2012-06-07,1000.0,1,1000.0
SO48262,13910,175,2012-05-26,2012-06-02,2012-06-07,1000.0,1,1000.0
SO48263,15436,117,2012-05-26,2012-06-02,2012-06-07,783.0,1,783.0
SO48263,15436,118,2012-05-26,2012-06-02,2012-06-07,783.0,1,783.0
SO48264,15438,117,2012-05-26,2012-06-02,2012-06-07,783.0,1,783.0
SO48264,15438,118,2012-05-26,2012-06-02,2012-06-07,783.0,1,783.0
SO48265,5946,158,2012-05-27,2012-06-03,2012-06-08,2443.0,1,2443.0
SO48266,2714,159,2012-05-27,2012-06-03,2012-06-08,2443.0,1,2443.0
SO48267,16103,115,2012-05-27,2012-06-03,2012-06-08,783.0,1,783.0
SO48267,16103,116,2012-05-27,2012-06-03,2012-06-08,783.0,1,783.0
SO48268,11407,159,2012-05-27,2012-06-03,2012-06-08,2443.0,1,2443.0
SO48269,9864,113,2012-05-27,2012-06-03,2012-06-08,783.0,1,783.0
SO48269,9864,114,2012-05-27,2012-06-03,2012-06-08,783.0,1,783.0
SO48270,2082,149,2012-05-27,2012-06-03,2012-06-08,2049.0,1,2049.0
SO48270,2082,150,2012-05-27,2012-06-03,2012-06-08,2049.0,1,2049.0
SO48271,17728,145,2012-05-28,2012-06-04,2012-06-09,2071.0,1,2071.0
SO48271,17728,146,2012-05-28,2012-06-04,2012-06-09,2071.0,1,2071.0
SO48272,3932,160,2012-05-28,2012-06-04,2012-06-09,2182.0,1,2182.0
SO48272,3932,161,2012-05-28,2012-06-04,2012-06-09,2182.0,1,2182.0
SO48273,5590,158,2012-05-28,2012-06-04,2012-06-09,2443.0,1,2443.0
SO48274,11405,159,2012-05-28,2012-06-04,2012-06-09,2443.0,1,2443.0
SO48275,13908,176,2012-05-28,2012-06-04,2012-06-09,1000.0,1,1000.0
SO48275,13908,177,2012-05-28,2012-06-04,2012-06-09,1000.0,1,1000.0
SO48276,15430,113,2012-05-28,2012-06-04,2012-06-09,783.0,1,783.0
SO48276,15430,114,2012-05-28,2012-06-04,2012-06-09,783.0,1,783.0
SO48277,1288,149,2012-05-29,2012-06-05,2012-06-10,2049.0,1,2049.0
SO48277,1288,150,2012-05-29,2012-06-05,2012-06-10,2049.0,1,2049.0
SO48278,5306,157,2012-05-29,2012-06-05,2012-06-10,2443.0,1,2443.0
SO48279,3122,170,2012-05-29,2012-06-05,2012-06-10,1000.0,1,1000.0
SO48279,3122,171,2012-05-29,2012-06-05,2012-06-10,1000.0,1,1000.0
SO48280,2488,166,2012-05-29,2012-06-05,2012-06-10,2182.0,1,2182.0
SO48280,2488,167,2012-05-29,2012-06-05,2012-06-10,2182.0,1,2182.0
SO48281,2493,160,2012-05-29,2012-06-05,2012-06-10,2182.0,1,2182.0
SO48281,2493,161,2012-05-29,2012-06-05,2012-06-10,2182.0,1,2182.0
SO48282,15541,151,2012-05-29,2012-06-05,2012-06-10,2049.0,1,2049.0
SO48282,15541,152,2012-05-29,2012-06-05,2012-06-10,2049.0,1,2049.0
SO48283,4390,111,2012-05-29,2012-06-05,2012-06-10,783.0,1,783.0
SO48283,4390,112,2012-05-29,2012-06-05,2012-06-10,783.0,1,783.0
SO48284,11578,166,2012-05-29,2012-06-05,2012-06-10,2182.0,1,2182.0
SO48284,11578,167,2012-05-29,2012-06-05,2012-06-10,2182.0,1,2182.0
SO48285,4373,111,2012-05-29,2012-06-05,2012-06-10,783.0,1,783.0
SO48285,4373,112,2012-05-29,2012-06-05,2012-06-10,783.0,1,783.0
SO48400,9831,115,2012-05-30,2012-06-06,2012-06-11,783.0,1,783.0
SO48400,9831,116,2012-05-30,2012-06-06,2012-06-11,783.0,1,783.0
SO48401,5452,164,2012-05-30,2012-06-06,2012-06-11,2182.0,1,2182.0
SO48401,5452,165,2012-05-30,2012-06-06,2012-06-11,2182.0,1,2182.0
SO48402,6628,168,2012-05-30,2012-06-06,2012-06-11,2182.0,1,2182.0
SO48402,6628,169,2012-05-30,2012-06-06,2012-06-11,2182.0,1,2182.0
SO48403,3286,172,2012-05-30,2012-06-06,2012-06-11,1000.0,1,1000.0
SO48403,3286,173,2012-05-30,2012-06-06,2012-06-11,1000.0,1,1000.0
SO48404,2731,166,2012-05-30,2012-06-06,2012-06-11,2182.0,1,2182.0
SO48404,2731,167,2012-05-30,2012-06-06,2012-06-11,2182.0,1,2182.0
SO48405,1317,145,2012-05-30,2012-06-06,2012-06-11,2071.0,1,2071.0
SO48405,1317,146,2012-05-30,2012-06-06,2012-06-11,2071.0,1,2071.0
SO48406,4474,115,2012-05-30,2012-06-06,2012-06-11,783.0,1,783.0
SO48406,4474,116,2012-05-30,2012-06-06,2012-06-11,783.0,1,783.0
SO48407,11914,164,2012-05-30,2012-06-06,2012-06-11,2182.0,1,2182.0
SO48407,11914,165,2012-05-30,2012-06-06,2012-06-11,2182.0,1,2182.0
SO48408,11928,168,2012-05-30,2012-06-06,2012-06-11,2182.0,1,2182.0
SO48408,11928,169,2012-05-30,2012-06-06,2012-06-11,2182.0,1,2182.0
SO48409,11941,159,2012-05-30,2012-06-06,2012-06-11,2443.0,1,2443.0
SO48410,15650,147,2012-05-30,2012-06-06,2012-06-11,2049.0,1,2049.0
SO48410,15650,148,2012-05-30,2012-06-06,2012-06-11,2049.0,1,2049.0
SO48411,6183,160,2012-05-31,2012-06-07,2012-06-12,2182.0,1,2182.0
SO48411,6183,161,2012-05-31,2012-06-07,2012-06-12,2182.0,1,2182.0
SO48412,8311,131,2012-05-31,2012-06-07,2012-06-12,783.0,1,783.0
SO48412,8311,132,2012-05-31,2012-06-07,2012-06-12,783.0,1,783.0
SO48413,3289,172,2012-05-31,2012-06-07,2012-06-12,1000.0,1,1000.0
SO48413,3289,173,2012-05-31,2012-06-07,2012-06-12,1000.0,1,1000.0
SO48414,2719,158,2012-05-31,2012-06-07,2012-06-12,2443.0,1,2443.0
SO48415,15635,145,2012-05-31,2012-06-07,2012-06-12,2071.0,1,2071.0
SO48415,15635,146,2012-05-31,2012-06-07,2012-06-12,2071.0,1,2071.0
SO48416,4473,109,2012-05-31,2012-06-07,2012-06-12,783.0,1,783.0
SO48416,4473,110,2012-05-31,2012-06-07,2012-06-12,783.0,1,783.0
SO48417,11933,157,2012-05-31,2012-06-07,2012-06-12,2443.0,1,2443.0
SO48418,2115,141,2012-05-31,2012-06-07,2012-06-12,2071.0,1,2071.0
SO48418,2115,142,2012-05-31,2012-06-07,2012-06-12,2071.0,1,2071.0
SO48419,15586,127,2012-05-31,2012-06-07,2012-06-12,783.0,1,783.0
SO48419,15586,128,2012-05-31,2012-06-07,2012-06-12,783.0,1,783.0
SO48420,3958,166,2012-06-01,2012-06-08,2012-06-13,2182.0,1,2182.0
SO48420,3958,167,2012-06-01,2012-06-08,2012-06-13,2182.0,1,2182.0
SO48421,8362,176,2012-06-01,2012-06-08,2012-06-13,1000.0,1,1000.0
SO48421,8362,177,2012-06-01,2012-06-08,2012-06-13,1000.0,1,1000.0
SO48422,5947,168,2012-06-01,2012-06-08,2012-06-13,2182.0,1,2182.0
SO48422,5947,169,2012-06-01,2012-06-08,2012-06-13,2182.0,1,2182.0
SO48423,8298,129,2012-06-01,2012-06-08,2012-06-13,783.0,1,783.0
SO48423,8298,130,2012-06-01,2012-06-08,2012-06-13,783.0,1,783.0
SO48424,4071,166,2012-06-01,2012-06-08,2012-06-13,2182.0,1,2182.0
SO48424,4071,167,2012-06-01,2012-06-08,2012-06-13,2182.0,1,2182.0
SO48425,5476,168,2012-06-01,2012-06-08,2012-06-13,2182.0,1,2182.0
SO48425,5476,169,2012-06-01,2012-06-08,2012-06-13,2182.0,1,2182.0
SO48426,3254,172,2012-06-01,2012-06-08,2012-06-13,1000.0,1,1000.0
SO48426,3254,173,2012-06-01,2012-06-08,2012-06-13,1000.0,1,1000.0
SO48427,3290,178,2012-06-01,2012-06-08,2012-06-13,1000.0,1,1000.0
SO48427,3290,179,2012-06-01,2012-06-08,2012-06-13,1000.0,1,1000.0
SO48428,2734,160,2012-06-01,2012-06-08,2012-06-13,2182.0,1,2182.0
SO48428,2734,161,2012-06-01,2012-06-08,2012-06-13,2182.0,1,2182.0
SO48429,1386,141,2012-06-01,2012-06-08,2012-06-13,2071.0,1,2071.0
SO48429,1386,142,2012-06-01,2012-06-08,2012-06-13,2071.0,1,2071.0
SO48430,15634,149,2012-06-01,2012-06-08,2012-06-13,2049.0,1,2049.0
SO48430,15634,150,2012-06-01,2012-06-08,2012-06-13,2049.0,1,2049.0
SO48431,15620,143,2012-06-01,2012-06-08,2012-06-13,2071.0,1,2071.0
SO48431,15620,144,2012-06-01,2012-06-08,2012-06-13,2071.0,1,2071.0
SO48432,12099,166,2012-06-01,2012-06-08,2012-06-13,2182.0,1,2182.0
SO48432,12099,167,2012-06-01,2012-06-08,2012-06-13,2182.0,1,2182.0
SO48433,12103,168,2012-06-01,2012-06-08,2012-06-13,2182.0,1,2182.0
SO48433,12103,169,2012-06-01,2012-06-08,2012-06-13,2182.0,1,2182.0
SO48434,11913,166,2012-06-01,2012-06-08,2012-06-13,2182.0,1,2182.0
SO48434,11913,167,2012-06-01,2012-06-08,2012-06-13,2182.0,1,2182.0
SO48435,11954,166,2012-06-01,2012-06-08,2012-06-13,2182.0,1,2182.0
SO48435,11954,167,2012-06-01,2012-06-08,2012-06-13,2182.0,1,2182.0
SO48436,3268,178,2012-06-02,2012-06-09,2012-06-14,1000.0,1,1000.0
SO48436,3268,179,2012-06-02,2012-06-09,2012-06-14,1000.0,1,1000.0
SO48437,4467,113,2012-06-02,2012-06-09,2012-06-14,783.0,1,783.0
SO48437,4467,114,2012-06-02,2012-06-09,2012-06-14,783.0,1,783.0
SO48438,2118,151,2012-06-02,2012-06-09,2012-06-14,2049.0,1,2049.0
SO48438,2118,152,2012-06-02,2012-06-09,2012-06-14,2049.0,1,2049.0
SO48439,6652,178,2012-06-03,2012-06-10,2012-06-15,1000.0,1,1000.0
SO48439,6652,179,2012-06-03,2012-06-10,2012-06-15,1000.0,1,1000.0
SO48440,8310,125,2012-06-03,2012-06-10,2012-06-15,783.0,1,783.0
SO48440,8310,126,2012-06-03,2012-06-10,2012-06-15,783.0,1,783.0
SO48441,15504,178,2012-06-03,2012-06-10,2012-06-15,1000.0,1,1000.0
SO48441,15504,179,2012-06-03,2012-06-10,2012-06-15,1000.0,1,1000.0
SO48442,2736,166,2012-06-03,2012-06-10,2012-06-15,2182.0,1,2182.0
SO48442,2736,167,2012-06-03,2012-06-10,2012-06-15,2182.0,1,2182.0
SO48443,1233,141,2012-06-03,2012-06-10,2012-06-15,2071.0,1,2071.0
SO48443,1233,142,2012-06-03,2012-06-10,2012-06-15,2071.0,1,2071.0
SO48444,15619,151,2012-06-03,2012-06-10,2012-06-15,2049.0,1,2049.0
SO48444,15619,152,2012-06-03,2012-06-10,2012-06-15,2049.0,1,2049.0
SO48445,4412,131,2012-06-03,2012-06-10,2012-06-15,783.0,1,783.0
SO48445,4412,132,2012-06-03,2012-06-10,2012-06-15,783.0,1,783.0
SO48446,16266,127,2012-06-03,2012-06-10,2012-06-15,783.0,1,783.0
SO48446,16266,128,2012-06-03,2012-06-10,2012-06-15,783.0,1,783.0
SO48447,4472,115,2012-06-03,2012-06-10,2012-06-15,783.0,1,783.0
SO48447,4472,116,2012-06-03,2012-06-10,2012-06-15,783.0,1,783.0
SO48448,11988,164,2012-06-03,2012-06-10,2012-06-15,2182.0,1,2182.0
SO48448,11988,165,2012-06-03,2012-06-10,2012-06-15,2182.0,1,2182.0
SO48449,11908,159,2012-06-03,2012-06-10,2012-06-15,2443.0,1,2443.0
SO48450,15646,151,2012-06-03,2012-06-10,2012-06-15,2049.0,1,2049.0
SO48450,15646,152,2012-06-03,2012-06-10,2012-06-15,2049.0,1,2049.0
SO48451,2108,147,2012-06-03,2012-06-10,2012-06-15,2049.0,1,2049.0
SO48451,2108,148,2012-06-03,2012-06-10,2012-06-15,2049.0,1,2049.0
SO48452,3999,157,2012-06-04,2012-06-11,2012-06-16,2443.0,1,2443.0
SO48453,6648,174,2012-06-04,2012-06-11,2012-06-16,1000.0,1,1000.0
SO48453,6648,175,2012-06-04,2012-06-11,2012-06-16,1000.0,1,1000.0
SO48454,1329,147,2012-06-04,2012-06-11,2012-06-16,2049.0,1,2049.0
SO48454,1329,148,2012-06-04,2012-06-11,2012-06-16,2049.0,1,2049.0
SO48455,1381,149,2012-06-04,2012-06-11,2012-06-16,2049.0,1,2049.0
SO48455,1381,150,2012-06-04,2012-06-11,2012-06-16,2049.0,1,2049.0
SO48456,9652,149,2012-06-04,2012-06-11,2012-06-16,2049.0,1,2049.0
SO48456,9652,150,2012-06-04,2012-06-11,2012-06-16,2049.0,1,2049.0
SO48457,2111,151,2012-06-04,2012-06-11,2012-06-16,2049.0,1,2049.0
SO48457,2111,152,2012-06-04,2012-06-11,2012-06-16,2049.0,1,2049.0
SO48458,6098,160,2012-06-05,2012-06-12,2012-06-17,2182.0,1,2182.0
SO48458,6098,161,2012-06-05,2012-06-12,2012-06-17,2182.0,1,2182.0
SO48459,3967,168,2012-06-05,2012-06-12,2012-06-17,2182.0,1,2182.0
SO48459,3967,169,2012-06-05,2012-06-12,2012-06-17,2182.0,1,2182.0
SO48460,6099,160,2012-06-05,2012-06-12,2012-06-17,2182.0,1,2182.0
SO48460,6099,161,2012-06-05,2012-06-12,2012-06-17,2182.0,1,2182.0
SO48461,7168,178,2012-06-05,2012-06-12,2012-06-17,1000.0,1,1000.0
SO48461,7168,179,2012-06-05,2012-06-12,2012-06-17,1000.0,1,1000.0
SO48462,9829,117,2012-06-05,2012-06-12,2012-06-17,783.0,1,783.0
SO48462,9829,118,2012-06-05,2012-06-12,2012-06-17,783.0,1,783.0
SO48463,6226,160,2012-06-05,2012-06-12,2012-06-17,2182.0,1,2182.0
SO48463,6226,161,2012-06-05,2012-06-12,2012-06-17,2182.0,1,2182.0
SO48464,2735,164,2012-06-05,2012-06-12,2012-06-17,2182.0,1,2182.0
SO48464,2735,165,2012-06-05,2012-06-12,2012-06-17,2182.0,1,2182.0
SO48465,15627,145,2012-06-05,2012-06-12,2012-06-17,2071.0,1,2071.0
SO48465,15627,146,2012-06-05,2012-06-12,2012-06-17,2071.0,1,2071.0
SO48466,4405,121,2012-06-05,2012-06-12,2012-06-17,783.0,1,783.0
SO48466,4405,122,2012-06-05,2012-06-12,2012-06-17,783.0,1,783.0
SO48467,4410,121,2012-06-05,2012-06-12,2012-06-17,783.0,1,783.0
SO48467,4410,122,2012-06-05,2012-06-12,2012-06-17,783.0,1,783.0
SO48468,4434,125,2012-06-05,2012-06-12,2012-06-17,783.0,1,783.0
SO48468,4434,126,2012-06-05,2012-06-12,2012-06-17,783.0,1,783.0
SO48469,11962,166,2012-06-05,2012-06-12,2012-06-17,2182.0,1,2182.0
SO48469,11962,167,2012-06-05,2012-06-12,2012-06-17,2182.0,1,2182.0
SO48470,12106,168,2012-06-05,2012-06-12,2012-06-17,2182.0,1,2182.0
SO48470,12106,169,2012-06-05,2012-06-12,2012-06-17,2182.0,1,2182.0
SO48471,11910,164,2012-06-05,2012-06-12,2012-06-17,2182.0,1,2182.0
SO48471,11910,165,2012-06-05,2012-06-12,2012-06-17,2182.0,1,2182.0
SO48472,11943,162,2012-06-05,2012-06-12,2012-06-17,2182.0,1,2182.0
SO48472,11943,163,2012-06-05,2012-06-12,2012-06-17,2182.0,1,2182.0
SO48473,15642,141,2012-06-05,2012-06-12,2012-06-17,2071.0,1,2071.0
SO48473,15642,142,2012-06-05,2012-06-12,2012-06-17,2071.0,1,2071.0
SO48474,15448,117,2012-06-05,2012-06-12,2012-06-17,783.0,1,783.0
SO48474,15448,118,2012-06-05,2012-06-12,2012-06-17,783.0,1,783.0
SO48475,6215,159,2012-06-06,2012-06-13,2012-06-18,2443.0,1,2443.0
SO48476,15513,174,2012-06-06,2012-06-13,2012-06-18,1000.0,1,1000.0
SO48476,15513,175,2012-06-06,2012-06-13,2012-06-18,1000.0,1,1000.0
SO48477,15612,141,2012-06-06,2012-06-13,2012-06-18,2071.0,1,2071.0
SO48477,15612,142,2012-06-06,2012-06-13,2012-06-18,2071.0,1,2071.0
SO48478,11930,160,2012-06-06,2012-06-13,2012-06-18,2182.0,1,2182.0
SO48478,11930,161,2012-06-06,2012-06-13,2012-06-18,2182.0,1,2182.0
SO48479,11940,162,2012-06-06,2012-06-13,2012-06-18,2182.0,1,2182.0
SO48479,11940,163,2012-06-06,2012-06-13,2012-06-18,2182.0,1,2182.0
SO48480,15643,141,2012-06-06,2012-06-13,2012-06-18,2071.0,1,2071.0
SO48480,15643,142,2012-06-06,2012-06-13,2012-06-18,2071.0,1,2071.0
SO48481,9670,147,2012-06-06,2012-06-13,2012-06-18,2049.0,1,2049.0
SO48481,9670,148,2012-06-06,2012-06-13,2012-06-18,2049.0,1,2049.0
SO48482,13913,176,2012-06-06,2012-06-13,2012-06-18,1000.0,1,1000.0
SO48482,13913,177,2012-06-06,2012-06-13,2012-06-18,1000.0,1,1000.0
SO48483,13918,170,2012-06-06,2012-06-13,2012-06-18,1000.0,1,1000.0
SO48483,13918,171,2012-06-06,2012-06-13,2012-06-18,1000.0,1,1000.0
SO48484,2526,141,2012-06-06,2012-06-13,2012-06-18,2071.0,1,2071.0
SO48484,2526,142,2012-06-06,2012-06-13,2012-06-18,2071.0,1,2071.0
SO48485,15588,123,2012-06-06,2012-06-13,2012-06-18,783.0,1,783.0
SO48485,15588,124,2012-06-06,2012-06-13,2012-06-18,783.0,1,783.0
SO48486,9867,131,2012-06-07,2012-06-14,2012-06-19,783.0,1,783.0
SO48486,9867,132,2012-06-07,2012-06-14,2012-06-19,783.0,1,783.0
SO48487,9809,123,2012-06-07,2012-06-14,2012-06-19,783.0,1,783.0
SO48487,9809,124,2012-06-07,2012-06-14,2012-06-19,783.0,1,783.0
SO48488,1230,143,2012-06-07,2012-06-14,2012-06-19,2071.0,1,2071.0
SO48488,1230,144,2012-06-07,2012-06-14,2012-06-19,2071.0,1,2071.0
SO48489,11955,158,2012-06-07,2012-06-14,2012-06-19,2443.0,1,2443.0
SO48490,13914,170,2012-06-07,2012-06-14,2012-06-19,1000.0,1,1000.0
SO48490,13914,171,2012-06-07,2012-06-14,2012-06-19,1000.0,1,1000.0
SO48491,2127,147,2012-06-07,2012-06-14,2012-06-19,2049.0,1,2049.0
SO48491,2127,148,2012-06-07,2012-06-14,2012-06-19,2049.0,1,2049.0
SO48492,15568,119,2012-06-07,2012-06-14,2012-06-19,783.0,1,783.0
SO48492,15568,120,2012-06-07,2012-06-14,2012-06-19,783.0,1,783.0
SO48493,1403,151,2012-06-08,2012-06-15,2012-06-20,2049.0,1,2049.0
SO48493,1403,152,2012-06-08,2012-06-15,2012-06-20,2049.0,1,2049.0
SO48494,3273,174,2012-06-08,2012-06-15,2012-06-20,1000.0,1,1000.0
SO48494,3273,175,2012-06-08,2012-06-15,2012-06-20,1000.0,1,1000.0
SO48495,15603,149,2012-06-08,2012-06-15,2012-06-20,2049.0,1,2049.0
SO48495,15603,150,2012-06-08,2012-06-15,2012-06-20,2049.0,1,2049.0
SO48496,15604,151,2012-06-08,2012-06-15,2012-06-20,2049.0,1,2049.0
SO48496,15604,152,2012-06-08,2012-06-15,2012-06-20,2049.0,1,2049.0
SO48497,15607,149,2012-06-08,2012-06-15,2012-06-20,2049.0,1,2049.0
SO48497,15607,150,2012-06-08,2012-06-15,2012-06-20,2049.0,1,2049.0
SO48498,13921,176,2012-06-08,2012-06-15,2012-06-20,1000.0,1,1000.0
SO48498,13921,177,2012-06-08,2012-06-15,2012-06-20,1000.0,1,1000.0
SO48499,2133,147,2012-06-08,2012-06-15,2012-06-20,2049.0,1,2049.0
SO48499,2133,148,2012-06-08,2012-06-15,2012-06-20,2049.0,1,2049.0
SO48500,2136,147,2012-06-08,2012-06-15,2012-06-20,2049.0,1,2049.0
SO48500,2136,148,2012-06-08,2012-06-15,2012-06-20,2049.0,1,2049.0
SO48501,8363,172,2012-06-08,2012-06-15,2012-06-20,1000.0,1,1000.0
SO48501,8363,173,2012-06-08,2012-06-15,2012-06-20,1000.0,1,1000.0
SO48502,15567,123,2012-06-08,2012-06-15,2012-06-20,783.0,1,783.0
SO48502,15567,124,2012-06-08,2012-06-15,2012-06-20,783.0,1,783.0
SO48503,4004,159,2012-06-09,2012-06-16,2012-06-21,2443.0,1,2443.0
SO48504,9880,129,2012-06-09,2012-06-16,2012-06-21,783.0,1,783.0
SO48504,9880,130,2012-06-09,2012-06-16,2012-06-21,783.0,1,783.0
SO48505,4072,160,2012-06-09,2012-06-16,2012-06-21,2182.0,1,2182.0
SO48505,4072,161,2012-06-09,2012-06-16,2012-06-21,2182.0,1,2182.0
SO48506,4073,168,2012-06-09,2012-06-16,2012-06-21,2182.0,1,2182.0
SO48506,4073,169,2012-06-09,2012-06-16,2012-06-21,2182.0,1,2182.0
SO48507,3256,178,2012-06-09,2012-06-16,2012-06-21,1000.0,1,1000.0
SO48507,3256,179,2012-06-09,2012-06-16,2012-06-21,1000.0,1,1000.0
SO48508,2737,166,2012-06-09,2012-06-16,2012-06-21,2182.0,1,2182.0
SO48508,2737,167,2012-06-09,2012-06-16,2012-06-21,2182.0,1,2182.0
SO48509,17741,143,2012-06-09,2012-06-16,2012-06-21,2071.0,1,2071.0
SO48509,17741,144,2012-06-09,2012-06-16,2012-06-21,2071.0,1,2071.0
SO48510,15632,143,2012-06-09,2012-06-16,2012-06-21,2071.0,1,2071.0
SO48510,15632,144,2012-06-09,2012-06-16,2012-06-21,2071.0,1,2071.0
SO48511,15636,151,2012-06-09,2012-06-16,2012-06-21,2049.0,1,2049.0
SO48511,15636,152,2012-06-09,2012-06-16,2012-06-21,2049.0,1,2049.0
SO48512,9657,141,2012-06-09,2012-06-16,2012-06-21,2071.0,1,2071.0
SO48512,9657,142,2012-06-09,2012-06-16,2012-06-21,2071.0,1,2071.0
SO48513,4418,109,2012-06-09,2012-06-16,2012-06-21,783.0,1,783.0
SO48513,4418,110,2012-06-09,2012-06-16,2012-06-21,783.0,1,783.0
SO48514,4428,127,2012-06-09,2012-06-16,2012-06-21,783.0,1,783.0
SO48514,4428,128,2012-06-09,2012-06-16,2012-06-21,783.0,1,783.0
SO48515,11960,164,2012-06-09,2012-06-16,2012-06-21,2182.0,1,2182.0
SO48515,11960,165,2012-06-09,2012-06-16,2012-06-21,2182.0,1,2182.0
SO48516,2140,143,2012-06-09,2012-06-16,2012-06-21,2071.0,1,2071.0
SO48516,2140,144,2012-06-09,2012-06-16,2012-06-21,2071.0,1,2071.0
SO48517,5443,157,2012-06-10,2012-06-17,2012-06-22,2443.0,1,2443.0
SO48518,8338,170,2012-06-10,2012-06-17,2012-06-22,1000.0,1,1000.0
SO48518,8338,171,2012-06-10,2012-06-17,2012-06-22,1000.0,1,1000.0
SO48519,7177,170,2012-06-10,2012-06-17,2012-06-22,1000.0,1,1000.0
SO48519,7177,171,2012-06-10,2012-06-17,2012-06-22,1000.0,1,1000.0
SO48520,5412,166,2012-06-10,2012-06-17,2012-06-22,2182.0,1,2182.0
SO48520,5412,167,2012-06-10,2012-06-17,2012-06-22,2182.0,1,2182.0
SO48521,5423,160,2012-06-10,2012-06-17,2012-06-22,2182.0,1,2182.0
SO48521,5423,161,2012-06-10,2012-06-17,2012-06-22,2182.0,1,2182.0
SO48522,4065,159,2012-06-10,2012-06-17,2012-06-22,2443.0,1,2443.0
SO48523,6204,166,2012-06-10,2012-06-17,2012-06-22,2182.0,1,2182.0
SO48523,6204,167,2012-06-10,2012-06-17,2012-06-22,2182.0,1,2182.0
SO48524,4083,166,2012-06-10,2012-06-17,2012-06-22,2182.0,1,2182.0
SO48524,4083,167,2012-06-10,2012-06-17,2012-06-22,2182.0,1,2182.0
SO48525,3285,174,2012-06-10,2012-06-17,2012-06-22,1000.0,1,1000.0
SO48525,3285,175,2012-06-10,2012-06-17,2012-06-22,1000.0,1,1000.0
SO48526,2725,164,2012-06-10,2012-06-17,2012-06-22,2182.0,1,2182.0
SO48526,2725,165,2012-06-10,2012-06-17,2012-06-22,2182.0,1,2182.0
SO48527,15618,141,2012-06-10,2012-06-17,2012-06-22,2071.0,1,2071.0
SO48527,15618,142,2012-06-10,2012-06-17,2012-06-22,2071.0,1,2071.0
SO48528,11909,168,2012-06-10,2012-06-17,2012-06-22,2182.0,1,2182.0
SO48528,11909,169,2012-06-10,2012-06-17,2012-06-22,2182.0,1,2182.0
SO48529,15639,149,2012-06-10,2012-06-17,2012-06-22,2049.0,1,2049.0
SO48529,15639,150,2012-06-10,2012-06-17,2012-06-22,2049.0,1,2049.0
SO48530,2105,141,2012-06-10,2012-06-17,2012-06-22,2071.0,1,2071.0
SO48530,2105,142,2012-06-10,2012-06-17,2012-06-22,2071.0,1,2071.0
SO48531,2106,149,2012-06-10,2012-06-17,2012-06-22,2049.0,1,2049.0
SO48531,2106,150,2012-06-10,2012-06-17,2012-06-22,2049.0,1,2049.0
SO48532,2113,151,2012-06-10,2012-06-17,2012-06-22,2049.0,1,2049.0
SO48532,2113,152,2012-06-10,2012-06-17,2012-06-22,2049.0,1,2049.0
SO48533,15561,117,2012-06-10,2012-06-17,2012-06-22,783.0,1,783.0
SO48533,15561,118,2012-06-10,2012-06-17,2012-06-22,783.0,1,783.0
SO48534,5449,160,2012-06-11,2012-06-18,2012-06-23,2182.0,1,2182.0
SO48534,5449,161,2012-06-11,2012-06-18,2012-06-23,2182.0,1,2182.0
SO48535,8296,127,2012-06-11,2012-06-18,2012-06-23,783.0,1,783.0
SO48535,8296,128,2012-06-11,2012-06-18,2012-06-23,783.0,1,783.0
SO48536,3257,176,2012-06-11,2012-06-18,2012-06-23,1000.0,1,1000.0
SO48536,3257,177,2012-06-11,2012-06-18,2012-06-23,1000.0,1,1000.0
SO48537,1319,151,2012-06-11,2012-06-18,2012-06-23,2049.0,1,2049.0
SO48537,1319,152,2012-06-11,2012-06-18,2012-06-23,2049.0,1,2049.0
SO48538,11906,168,2012-06-11,2012-06-18,2012-06-23,2182.0,1,2182.0
SO48538,11906,169,2012-06-11,2012-06-18,2012-06-23,2182.0,1,2182.0
SO48539,11922,166,2012-06-11,2012-06-18,2012-06-23,2182.0,1,2182.0
SO48539,11922,167,2012-06-11,2012-06-18,2012-06-23,2182.0,1,2182.0
SO48540,11932,166,2012-06-11,2012-06-18,2012-06-23,2182.0,1,2182.0
SO48540,11932,167,2012-06-11,2012-06-18,2012-06-23,2182.0,1,2182.0
SO48541,11944,157,2012-06-11,2012-06-18,2012-06-23,2443.0,1,2443.0
SO48542,15677,149,2012-06-11,2012-06-18,2012-06-23,2049.0,1,2049.0
SO48542,15677,150,2012-06-11,2012-06-18,2012-06-23,2049.0,1,2049.0
SO48543,13919,176,2012-06-11,2012-06-18,2012-06-23,1000.0,1,1000.0
SO48543,13919,177,2012-06-11,2012-06-18,2012-06-23,1000.0,1,1000.0
SO48544,2120,143,2012-06-11,2012-06-18,2012-06-23,2071.0,1,2071.0
SO48544,2120,144,2012-06-11,2012-06-18,2012-06-23,2071.0,1,2071.0
SO48545,1336,149,2012-06-11,2012-06-18,2012-06-23,2049.0,1,2049.0
SO48545,1336,150,2012-06-11,2012-06-18,2012-06-23,2049.0,1,2049.0
SO48546,3961,166,2012-06-12,2012-06-19,2012-06-24,2182.0,1,2182.0
SO48546,3961,167,2012-06-12,2012-06-19,2012-06-24,2182.0,1,2182.0
SO48547,8030,174,2012-06-12,2012-06-19,2012-06-24,1000.0,1,1000.0
SO48547,8030,175,2012-06-12,2012-06-19,2012-06-24,1000.0,1,1000.0
SO48548,5415,159,2012-06-12,2012-06-19,2012-06-24,2443.0,1,2443.0
SO48549,3947,164,2012-06-12,2012-06-19,2012-06-24,2182.0,1,2182.0
SO48549,3947,165,2012-06-12,2012-06-19,2012-06-24,2182.0,1,2182.0
SO48550,8316,115,2012-06-12,2012-06-19,2012-06-24,783.0,1,783.0
SO48550,8316,116,2012-06-12,2012-06-19,2012-06-24,783.0,1,783.0
SO48551,9834,119,2012-06-12,2012-06-19,2012-06-24,783.0,1,783.0
SO48551,9834,120,2012-06-12,2012-06-19,2012-06-24,783.0,1,783.0
SO48552,3243,170,2012-06-12,2012-06-19,2012-06-24,1000.0,1,1000.0
SO48552,3243,171,2012-06-12,2012-06-19,2012-06-24,1000.0,1,1000.0
SO48553,2717,159,2012-06-12,2012-06-19,2012-06-24,2443.0,1,2443.0
SO48554,15623,151,2012-06-12,2012-06-19,2012-06-24,2049.0,1,2049.0
SO48554,15623,152,2012-06-12,2012-06-19,2012-06-24,2049.0,1,2049.0
SO48555,4400,113,2012-06-12,2012-06-19,2012-06-24,783.0,1,783.0
SO48555,4400,114,2012-06-12,2012-06-19,2012-06-24,783.0,1,783.0
SO48556,11937,166,2012-06-12,2012-06-19,2012-06-24,2182.0,1,2182.0
SO48556,11937,167,2012-06-12,2012-06-19,2012-06-24,2182.0,1,2182.0
SO48557,11959,159,2012-06-12,2012-06-19,2012-06-24,2443.0,1,2443.0
SO48558,15685,149,2012-06-12,2012-06-19,2012-06-24,2049.0,1,2049.0
SO48558,15685,150,2012-06-12,2012-06-19,2012-06-24,2049.0,1,2049.0
SO48559,2123,143,2012-06-12,2012-06-19,2012-06-24,2071.0,1,2071.0
SO48559,2123,144,2012-06-12,2012-06-19,2012-06-24,2071.0,1,2071.0
SO48560,15562,115,2012-06-12,2012-06-19,2012-06-24,783.0,1,783.0
SO48560,15562,116,2012-06-12,2012-06-19,2012-06-24,783.0,1,783.0
SO48561,15563,129,2012-06-12,2012-06-19,2012-06-24,783.0,1,783.0
SO48561,15563,130,2012-06-12,2012-06-19,2012-06-24,783.0,1,783.0
SO48562,6086,164,2012-06-13,2012-06-20,2012-06-25,2182.0,1,2182.0
SO48562,6086,165,2012-06-13,2012-06-20,2012-06-25,2182.0,1,2182.0
SO48563,9832,129,2012-06-13,2012-06-20,2012-06-25,783.0,1,783.0
SO48563,9832,130,2012-06-13,2012-06-20,2012-06-25,783.0,1,783.0
SO48564,6219,164,2012-06-13,2012-06-20,2012-06-25,2182.0,1,2182.0
SO48564,6219,165,2012-06-13,2012-06-20,2012-06-25,2182.0,1,2182.0
SO48565,15605,147,2012-06-13,2012-06-20,2012-06-25,2049.0,1,2049.0
SO48565,15605,148,2012-06-13,2012-06-20,2012-06-25,2049.0,1,2049.0
SO48566,11907,164,2012-06-13,2012-06-20,2012-06-25,2182.0,1,2182.0
SO48566,11907,165,2012-06-13,2012-06-20,2012-06-25,2182.0,1,2182.0
SO48567,3949,166,2012-06-14,2012-06-21,2012-06-26,2182.0,1,2182.0
SO48567,3949,167,2012-06-14,2012-06-21,2012-06-26,2182.0,1,2182.0
SO48568,8297,115,2012-06-14,2012-06-21,2012-06-26,783.0,1,783.0
SO48568,8297,116,2012-06-14,2012-06-21,2012-06-26,783.0,1,783.0
SO48569,9727,113,2012-06-14,2012-06-21,2012-06-26,783.0,1,783.0
SO48569,9727,114,2012-06-14,2012-06-21,2012-06-26,783.0,1,783.0
SO48570,15505,178,2012-06-14,2012-06-21,2012-06-26,1000.0,1,1000.0
SO48570,15505,179,2012-06-14,2012-06-21,2012-06-26,1000.0,1,1000.0
SO48571,2727,166,2012-06-14,2012-06-21,2012-06-26,2182.0,1,2182.0
SO48571,2727,167,2012-06-14,2012-06-21,2012-06-26,2182.0,1,2182.0
SO48572,17757,151,2012-06-14,2012-06-21,2012-06-26,2049.0,1,2049.0
SO48572,17757,152,2012-06-14,2012-06-21,2012-06-26,2049.0,1,2049.0
SO48573,4420,117,2012-06-14,2012-06-21,2012-06-26,783.0,1,783.0
SO48573,4420,118,2012-06-14,2012-06-21,2012-06-26,783.0,1,783.0
SO48574,4423,109,2012-06-14,2012-06-21,2012-06-26,783.0,1,783.0
SO48574,4423,110,2012-06-14,2012-06-21,2012-06-26,783.0,1,783.0
SO48575,2124,149,2012-06-14,2012-06-21,2012-06-26,2049.0,1,2049.0
SO48575,2124,150,2012-06-14,2012-06-21,2012-06-26,2049.0,1,2049.0
SO48576,2134,151,2012-06-14,2012-06-21,2012-06-26,2049.0,1,2049.0
SO48576,2134,152,2012-06-14,2012-06-21,2012-06-26,2049.0,1,2049.0
SO48577,15572,123,2012-06-14,2012-06-21,2012-06-26,783.0,1,783.0
SO48577,15572,124,2012-06-14,2012-06-21,2012-06-26,783.0,1,783.0
SO48578,6208,166,2012-06-15,2012-06-22,2012-06-27,2182.0,1,2182.0
SO48578,6208,167,2012-06-15,2012-06-22,2012-06-27,2182.0,1,2182.0
SO48579,2742,168,2012-06-15,2012-06-22,2012-06-27,2182.0,1,2182.0
SO48579,2742,169,2012-06-15,2012-06-22,2012-06-27,2182.0,1,2182.0
SO48580,1232,147,2012-06-15,2012-06-22,2012-06-27,2049.0,1,2049.0
SO48580,1232,148,2012-06-15,2012-06-22,2012-06-27,2049.0,1,2049.0
SO48581,15633,141,2012-06-15,2012-06-22,2012-06-27,2071.0,1,2071.0
SO48581,15633,142,2012-06-15,2012-06-22,2012-06-27,2071.0,1,2071.0
SO48582,4429,131,2012-06-15,2012-06-22,2012-06-27,783.0,1,783.0
SO48582,4429,132,2012-06-15,2012-06-22,2012-06-27,783.0,1,783.0
SO48583,12107,166,2012-06-15,2012-06-22,2012-06-27,2182.0,1,2182.0
SO48583,12107,167,2012-06-15,2012-06-22,2012-06-27,2182.0,1,2182.0
SO48584,11936,168,2012-06-15,2012-06-22,2012-06-27,2182.0,1,2182.0
SO48584,11936,169,2012-06-15,2012-06-22,2012-06-27,2182.0,1,2182.0
SO48585,13920,178,2012-06-15,2012-06-22,2012-06-27,1000.0,1,1000.0
SO48585,13920,179,2012-06-15,2012-06-22,2012-06-27,1000.0,1,1000.0
SO48586,2114,143,2012-06-15,2012-06-22,2012-06-27,2071.0,1,2071.0
SO48586,2114,144,2012-06-15,2012-06-22,2012-06-27,2071.0,1,2071.0
SO48587,15569,111,2012-06-15,2012-06-22,2012-06-27,783.0,1,783.0
SO48587,15569,112,2012-06-15,2012-06-22,2012-06-27,783.0,1,783.0
SO48588,15570,127,2012-06-15,2012-06-22,2012-06-27,783.0,1,783.0
SO48588,15570,128,2012-06-15,2012-06-22,2012-06-27,783.0,1,783.0
SO48589,6647,176,2012-06-16,2012-06-23,2012-06-28,1000.0,1,1000.0
SO48589,6647,177,2012-06-16,2012-06-23,2012-06-28,1000.0,1,1000.0
SO48590,17758,141,2012-06-16,2012-06-23,2012-06-28,2071.0,1,2071.0
SO48590,17758,142,2012-06-16,2012-06-23,2012-06-28,2071.0,1,2071.0
SO48591,17740,147,2012-06-16,2012-06-23,2012-06-28,2049.0,1,2049.0
SO48591,17740,148,2012-06-16,2012-06-23,2012-06-28,2049.0,1,2049.0
SO48592,1267,143,2012-06-16,2012-06-23,2012-06-28,2071.0,1,2071.0
SO48592,1267,144,2012-06-16,2012-06-23,2012-06-28,2071.0,1,2071.0
SO48593,1395,151,2012-06-16,2012-06-23,2012-06-28,2049.0,1,2049.0
SO48593,1395,152,2012-06-16,2012-06-23,2012-06-28,2049.0,1,2049.0
SO48594,15615,151,2012-06-16,2012-06-23,2012-06-28,2049.0,1,2049.0
SO48594,15615,152,2012-06-16,2012-06-23,2012-06-28,2049.0,1,2049.0
SO48595,12098,164,2012-06-16,2012-06-23,2012-06-28,2182.0,1,2182.0
SO48595,12098,165,2012-06-16,2012-06-23,2012-06-28,2182.0,1,2182.0
SO48596,12102,162,2012-06-16,2012-06-23,2012-06-28,2182.0,1,2182.0
SO48596,12102,163,2012-06-16,2012-06-23,2012-06-28,2182.0,1,2182.0
SO48597,15651,141,2012-06-16,2012-06-23,2012-06-28,2071.0,1,2071.0
SO48597,15651,142,2012-06-16,2012-06-23,2012-06-28,2071.0,1,2071.0
SO48598,2107,141,2012-06-16,2012-06-23,2012-06-28,2071.0,1,2071.0
SO48598,2107,142,2012-06-16,2012-06-23,2012-06-28,2071.0,1,2071.0
SO48599,4003,166,2012-06-17,2012-06-24,2012-06-29,2182.0,1,2182.0
SO48599,4003,167,2012-06-17,2012-06-24,2012-06-29,2182.0,1,2182.0
SO48600,7186,174,2012-06-17,2012-06-24,2012-06-29,1000.0,1,1000.0
SO48600,7186,175,2012-06-17,2012-06-24,2012-06-29,1000.0,1,1000.0
SO48601,17729,151,2012-06-17,2012-06-24,2012-06-29,2049.0,1,2049.0
SO48601,17729,152,2012-06-17,2012-06-24,2012-06-29,2049.0,1,2049.0
SO48602,1238,141,2012-06-17,2012-06-24,2012-06-29,2071.0,1,2071.0
SO48602,1238,142,2012-06-17,2012-06-24,2012-06-29,2071.0,1,2071.0
SO48603,17752,145,2012-06-17,2012-06-24,2012-06-29,2071.0,1,2071.0
SO48603,17752,146,2012-06-17,2012-06-24,2012-06-29,2071.0,1,2071.0
SO48604,15610,143,2012-06-17,2012-06-24,2012-06-29,2071.0,1,2071.0
SO48604,15610,144,2012-06-17,2012-06-24,2012-06-29,2071.0,1,2071.0
SO48605,15617,147,2012-06-17,2012-06-24,2012-06-29,2049.0,1,2049.0
SO48605,15617,148,2012-06-17,2012-06-24,2012-06-29,2049.0,1,2049.0
SO48606,11989,157,2012-06-17,2012-06-24,2012-06-29,2443.0,1,2443.0
SO48607,11947,166,2012-06-17,2012-06-24,2012-06-29,2182.0,1,2182.0
SO48607,11947,167,2012-06-17,2012-06-24,2012-06-29,2182.0,1,2182.0
SO48608,15645,147,2012-06-17,2012-06-24,2012-06-29,2049.0,1,2049.0
SO48608,15645,148,2012-06-17,2012-06-24,2012-06-29,2049.0,1,2049.0
SO48609,15647,145,2012-06-17,2012-06-24,2012-06-29,2071.0,1,2071.0
SO48609,15647,146,2012-06-17,2012-06-24,2012-06-29,2071.0,1,2071.0
SO48610,2135,147,2012-06-17,2012-06-24,2012-06-29,2049.0,1,2049.0
SO48610,2135,148,2012-06-17,2012-06-24,2012-06-29,2049.0,1,2049.0
SO48611,2519,149,2012-06-17,2012-06-24,2012-06-29,2049.0,1,2049.0
SO48611,2519,150,2012-06-17,2012-06-24,2012-06-29,2049.0,1,2049.0
SO48612,2521,141,2012-06-17,2012-06-24,2012-06-29,2071.0,1,2071.0
SO48612,2521,142,2012-06-17,2012-06-24,2012-06-29,2071.0,1,2071.0
SO48613,3966,164,2012-06-18,2012-06-25,2012-06-30,2182.0,1,2182.0
SO48613,3966,165,2012-06-18,2012-06-25,2012-06-30,2182.0,1,2182.0
SO48614,3977,164,2012-06-18,2012-06-25,2012-06-30,2182.0,1,2182.0
SO48614,3977,165,2012-06-18,2012-06-25,2012-06-30,2182.0,1,2182.0
SO48615,8361,172,2012-06-18,2012-06-25,2012-06-30,1000.0,1,1000.0
SO48615,8361,173,2012-06-18,2012-06-25,2012-06-30,1000.0,1,1000.0
SO48616,2722,162,2012-06-18,2012-06-25,2012-06-30,2182.0,1,2182.0
SO48616,2722,163,2012-06-18,2012-06-25,2012-06-30,2182.0,1,2182.0
SO48617,2726,160,2012-06-18,2012-06-25,2012-06-30,2182.0,1,2182.0
SO48617,2726,161,2012-06-18,2012-06-25,2012-06-30,2182.0,1,2182.0
SO48618,16260,121,2012-06-18,2012-06-25,2012-06-30,783.0,1,783.0
SO48618,16260,122,2012-06-18,2012-06-25,2012-06-30,783.0,1,783.0
SO48619,11935,158,2012-06-18,2012-06-25,2012-06-30,2443.0,1,2443.0
SO48620,9666,149,2012-06-18,2012-06-25,2012-06-30,2049.0,1,2049.0
SO48620,9666,150,2012-06-18,2012-06-25,2012-06-30,2049.0,1,2049.0
SO48621,2130,149,2012-06-18,2012-06-25,2012-06-30,2049.0,1,2049.0
SO48621,2130,150,2012-06-18,2012-06-25,2012-06-30,2049.0,1,2049.0
SO48622,2157,145,2012-06-18,2012-06-25,2012-06-30,2071.0,1,2071.0
SO48622,2157,146,2012-06-18,2012-06-25,2012-06-30,2071.0,1,2071.0
SO48623,2109,145,2012-06-18,2012-06-25,2012-06-30,2071.0,1,2071.0
SO48623,2109,146,2012-06-18,2012-06-25,2012-06-30,2071.0,1,2071.0
SO48624,2110,151,2012-06-18,2012-06-25,2012-06-30,2049.0,1,2049.0
SO48624,2110,152,2012-06-18,2012-06-25,2012-06-30,2049.0,1,2049.0
SO48625,15548,125,2012-06-18,2012-06-25,2012-06-30,783.0,1,783.0
SO48625,15548,126,2012-06-18,2012-06-25,2012-06-30,783.0,1,783.0
SO48626,15571,123,2012-06-18,2012-06-25,2012-06-30,783.0,1,783.0
SO48626,15571,124,2012-06-18,2012-06-25,2012-06-30,783.0,1,783.0
SO48627,17759,151,2012-06-19,2012-06-26,2012-07-01,2049.0,1,2049.0
SO48627,17759,152,2012-06-19,2012-06-26,2012-07-01,2049.0,1,2049.0
SO48628,1382,141,2012-06-19,2012-06-26,2012-07-01,2071.0,1,2071.0
SO48628,1382,142,2012-06-19,2012-06-26,2012-07-01,2071.0,1,2071.0
SO48629,13917,178,2012-06-19,2012-06-26,2012-07-01,1000.0,1,1000.0
SO48629,13917,179,2012-06-19,2012-06-26,2012-07-01,1000.0,1,1000.0
SO48630,15624,147,2012-06-20,2012-06-27,2012-07-02,2049.0,1,2049.0
SO48630,15624,148,2012-06-20,2012-06-27,2012-07-02,2049.0,1,2049.0
SO48631,6186,164,2012-06-20,2012-06-27,2012-07-02,2182.0,1,2182.0
SO48631,6186,165,2012-06-20,2012-06-27,2012-07-02,2182.0,1,2182.0
SO48632,6193,168,2012-06-20,2012-06-27,2012-07-02,2182.0,1,2182.0
SO48632,6193,169,2012-06-20,2012-06-27,2012-07-02,2182.0,1,2182.0
SO48633,9876,127,2012-06-20,2012-06-27,2012-07-02,783.0,1,783.0
SO48633,9876,128,2012-06-20,2012-06-27,2012-07-02,783.0,1,783.0
SO48634,1231,151,2012-06-20,2012-06-27,2012-07-02,2049.0,1,2049.0
SO48634,1231,152,2012-06-20,2012-06-27,2012-07-02,2049.0,1,2049.0
SO48635,17751,147,2012-06-20,2012-06-27,2012-07-02,2049.0,1,2049.0
SO48635,17751,148,2012-06-20,2012-06-27,2012-07-02,2049.0,1,2049.0
SO48636,4430,113,2012-06-20,2012-06-27,2012-07-02,783.0,1,783.0
SO48636,4430,114,2012-06-20,2012-06-27,2012-07-02,783.0,1,783.0
SO48637,4475,125,2012-06-20,2012-06-27,2012-07-02,783.0,1,783.0
SO48637,4475,126,2012-06-20,2012-06-27,2012-07-02,783.0,1,783.0
SO48638,4476,123,2012-06-20,2012-06-27,2012-07-02,783.0,1,783.0
SO48638,4476,124,2012-06-20,2012-06-27,2012-07-02,783.0,1,783.0
SO48639,9671,147,2012-06-20,2012-06-27,2012-07-02,2049.0,1,2049.0
SO48639,9671,148,2012-06-20,2012-06-27,2012-07-02,2049.0,1,2049.0
SO48640,15682,145,2012-06-20,2012-06-27,2012-07-02,2071.0,1,2071.0
SO48640,15682,146,2012-06-20,2012-06-27,2012-07-02,2071.0,1,2071.0
SO48641,2525,143,2012-06-20,2012-06-27,2012-07-02,2071.0,1,2071.0
SO48641,2525,144,2012-06-20,2012-06-27,2012-07-02,2071.0,1,2071.0
SO48642,4062,160,2012-06-21,2012-06-28,2012-07-03,2182.0,1,2182.0
SO48642,4062,161,2012-06-21,2012-06-28,2012-07-03,2182.0,1,2182.0
SO48643,9870,131,2012-06-21,2012-06-28,2012-07-03,783.0,1,783.0
SO48643,9870,132,2012-06-21,2012-06-28,2012-07-03,783.0,1,783.0
SO48644,3271,176,2012-06-21,2012-06-28,2012-07-03,1000.0,1,1000.0
SO48644,3271,177,2012-06-21,2012-06-28,2012-07-03,1000.0,1,1000.0
SO48645,3284,176,2012-06-21,2012-06-28,2012-07-03,1000.0,1,1000.0
SO48645,3284,177,2012-06-21,2012-06-28,2012-07-03,1000.0,1,1000.0
SO48646,2723,159,2012-06-21,2012-06-28,2012-07-03,2443.0,1,2443.0
SO48647,15626,143,2012-06-21,2012-06-28,2012-07-03,2071.0,1,2071.0
SO48647,15626,144,2012-06-21,2012-06-28,2012-07-03,2071.0,1,2071.0
SO48648,15611,143,2012-06-21,2012-06-28,2012-07-03,2071.0,1,2071.0
SO48648,15611,144,2012-06-21,2012-06-28,2012-07-03,2071.0,1,2071.0
SO48649,4433,127,2012-06-21,2012-06-28,2012-07-03,783.0,1,783.0
SO48649,4433,128,2012-06-21,2012-06-28,2012-07-03,783.0,1,783.0
SO48650,11987,162,2012-06-21,2012-06-28,2012-07-03,2182.0,1,2182.0
SO48650,11987,163,2012-06-21,2012-06-28,2012-07-03,2182.0,1,2182.0
SO48651,11927,166,2012-06-21,2012-06-28,2012-07-03,2182.0,1,2182.0
SO48651,11927,167,2012-06-21,2012-06-28,2012-07-03,2182.0,1,2182.0
SO48652,11952,157,2012-06-21,2012-06-28,2012-07-03,2443.0,1,2443.0
SO48653,9681,149,2012-06-21,2012-06-28,2012-07-03,2049.0,1,2049.0
SO48653,9681,150,2012-06-21,2012-06-28,2012-07-03,2049.0,1,2049.0
SO48654,6095,164,2012-06-22,2012-06-29,2012-07-04,2182.0,1,2182.0
SO48654,6095,165,2012-06-22,2012-06-29,2012-07-04,2182.0,1,2182.0
SO48655,7184,174,2012-06-22,2012-06-29,2012-07-04,1000.0,1,1000.0
SO48655,7184,175,2012-06-22,2012-06-29,2012-07-04,1000.0,1,1000.0
SO48656,9830,125,2012-06-22,2012-06-29,2012-07-04,783.0,1,783.0
SO48656,9830,126,2012-06-22,2012-06-29,2012-07-04,783.0,1,783.0
SO48657,4068,162,2012-06-22,2012-06-29,2012-07-04,2182.0,1,2182.0
SO48657,4068,163,2012-06-22,2012-06-29,2012-07-04,2182.0,1,2182.0
SO48658,1229,141,2012-06-22,2012-06-29,2012-07-04,2071.0,1,2071.0
SO48658,1229,142,2012-06-22,2012-06-29,2012-07-04,2071.0,1,2071.0
SO48659,17750,151,2012-06-22,2012-06-29,2012-07-04,2049.0,1,2049.0
SO48659,17750,152,2012-06-22,2012-06-29,2012-07-04,2049.0,1,2049.0
SO48660,15608,145,2012-06-22,2012-06-29,2012-07-04,2071.0,1,2071.0
SO48660,15608,146,2012-06-22,2012-06-29,2012-07-04,2071.0,1,2071.0
SO48661,4468,121,2012-06-22,2012-06-29,2012-07-04,783.0,1,783.0
SO48661,4468,122,2012-06-22,2012-06-29,2012-07-04,783.0,1,783.0
SO48662,11939,158,2012-06-22,2012-06-29,2012-07-04,2443.0,1,2443.0
SO48663,2119,151,2012-06-22,2012-06-29,2012-07-04,2049.0,1,2049.0
SO48663,2119,152,2012-06-22,2012-06-29,2012-07-04,2049.0,1,2049.0
SO48664,2522,143,2012-06-22,2012-06-29,2012-07-04,2071.0,1,2071.0
SO48664,2522,144,2012-06-22,2012-06-29,2012-07-04,2071.0,1,2071.0
SO48665,9873,123,2012-06-22,2012-06-29,2012-07-04,783.0,1,783.0
SO48665,9873,124,2012-06-22,2012-06-29,2012-07-04,783.0,1,783.0
SO48666,2091,149,2012-06-22,2012-06-29,2012-07-04,2049.0,1,2049.0
SO48666,2091,150,2012-06-22,2012-06-29,2012-07-04,2049.0,1,2049.0
SO48667,8342,178,2012-06-23,2012-06-30,2012-07-05,1000.0,1,1000.0
SO48667,8342,179,2012-06-23,2012-06-30,2012-07-05,1000.0,1,1000.0
SO48668,7627,178,2012-06-23,2012-06-30,2012-07-05,1000.0,1,1000.0
SO48668,7627,179,2012-06-23,2012-06-30,2012-07-05,1000.0,1,1000.0
SO48669,8294,117,2012-06-23,2012-06-30,2012-07-05,783.0,1,783.0
SO48669,8294,118,2012-06-23,2012-06-30,2012-07-05,783.0,1,783.0
SO48670,2716,166,2012-06-23,2012-06-30,2012-07-05,2182.0,1,2182.0
SO48670,2716,167,2012-06-23,2012-06-30,2012-07-05,2182.0,1,2182.0
SO48671,1271,149,2012-06-23,2012-06-30,2012-07-05,2049.0,1,2049.0
SO48671,1271,150,2012-06-23,2012-06-30,2012-07-05,2049.0,1,2049.0
SO48672,11951,168,2012-06-23,2012-06-30,2012-07-05,2182.0,1,2182.0
SO48672,11951,169,2012-06-23,2012-06-30,2012-07-05,2182.0,1,2182.0
SO48673,2132,149,2012-06-23,2012-06-30,2012-07-05,2049.0,1,2049.0
SO48673,2132,150,2012-06-23,2012-06-30,2012-07-05,2049.0,1,2049.0
SO48674,15549,123,2012-06-23,2012-06-30,2012-07-05,783.0,1,783.0
SO48674,15549,124,2012-06-23,2012-06-30,2012-07-05,783.0,1,783.0
SO48675,4080,168,2012-06-24,2012-07-01,2012-07-06,2182.0,1,2182.0
SO48675,4080,169,2012-06-24,2012-07-01,2012-07-06,2182.0,1,2182.0
SO48676,2730,159,2012-06-24,2012-07-01,2012-07-06,2443.0,1,2443.0
SO48677,1392,147,2012-06-24,2012-07-01,2012-07-06,2049.0,1,2049.0
SO48677,1392,148,2012-06-24,2012-07-01,2012-07-06,2049.0,1,2049.0
SO48678,15628,151,2012-06-24,2012-07-01,2012-07-06,2049.0,1,2049.0
SO48678,15628,152,2012-06-24,2012-07-01,2012-07-06,2049.0,1,2049.0
SO48679,15609,141,2012-06-24,2012-07-01,2012-07-06,2071.0,1,2071.0
SO48679,15609,142,2012-06-24,2012-07-01,2012-07-06,2071.0,1,2071.0
SO48680,16243,129,2012-06-24,2012-07-01,2012-07-06,783.0,1,783.0
SO48680,16243,130,2012-06-24,2012-07-01,2012-07-06,783.0,1,783.0
SO48681,2161,141,2012-06-24,2012-07-01,2012-07-06,2071.0,1,2071.0
SO48681,2161,142,2012-06-24,2012-07-01,2012-07-06,2071.0,1,2071.0
SO48682,2092,143,2012-06-24,2012-07-01,2012-07-06,2071.0,1,2071.0
SO48682,2092,144,2012-06-24,2012-07-01,2012-07-06,2071.0,1,2071.0
SO48683,6649,174,2012-06-25,2012-07-02,2012-07-07,1000.0,1,1000.0
SO48683,6649,175,2012-06-25,2012-07-02,2012-07-07,1000.0,1,1000.0
SO48684,5535,168,2012-06-25,2012-07-02,2012-07-07,2182.0,1,2182.0
SO48684,5535,169,2012-06-25,2012-07-02,2012-07-07,2182.0,1,2182.0
SO48685,2729,158,2012-06-25,2012-07-02,2012-07-07,2443.0,1,2443.0
SO48686,15000,160,2012-06-25,2012-07-02,2012-07-07,2182.0,1,2182.0
SO48686,15000,161,2012-06-25,2012-07-02,2012-07-07,2182.0,1,2182.0
SO48687,1318,141,2012-06-25,2012-07-02,2012-07-07,2071.0,1,2071.0
SO48687,1318,142,2012-06-25,2012-07-02,2012-07-07,2071.0,1,2071.0
SO48688,11967,162,2012-06-25,2012-07-02,2012-07-07,2182.0,1,2182.0
SO48688,11967,163,2012-06-25,2012-07-02,2012-07-07,2182.0,1,2182.0
SO48689,13915,174,2012-06-25,2012-07-02,2012-07-07,1000.0,1,1000.0
SO48689,13915,175,2012-06-25,2012-07-02,2012-07-07,1000.0,1,1000.0
SO48690,2131,149,2012-06-25,2012-07-02,2012-07-07,2049.0,1,2049.0
SO48690,2131,150,2012-06-25,2012-07-02,2012-07-07,2049.0,1,2049.0
SO48691,15550,127,2012-06-25,2012-07-02,2012-07-07,783.0,1,783.0
SO48691,15550,128,2012-06-25,2012-07-02,2012-07-07,783.0,1,783.0
SO48692,7172,170,2012-06-26,2012-07-03,2012-07-08,1000.0,1,1000.0
SO48692,7172,171,2012-06-26,2012-07-03,2012-07-08,1000.0,1,1000.0
SO48693,14996,159,2012-06-26,2012-07-03,2012-07-08,2443.0,1,2443.0
SO48694,1316,151,2012-06-26,2012-07-03,2012-07-08,2049.0,1,2049.0
SO48694,1316,152,2012-06-26,2012-07-03,2012-07-08,2049.0,1,2049.0
SO48695,15625,151,2012-06-26,2012-07-03,2012-07-08,2049.0,1,2049.0
SO48695,15625,152,2012-06-26,2012-07-03,2012-07-08,2049.0,1,2049.0
SO48696,12101,157,2012-06-26,2012-07-03,2012-07-08,2443.0,1,2443.0
SO48697,11934,160,2012-06-26,2012-07-03,2012-07-08,2182.0,1,2182.0
SO48697,11934,161,2012-06-26,2012-07-03,2012-07-08,2182.0,1,2182.0
SO48698,15648,151,2012-06-26,2012-07-03,2012-07-08,2049.0,1,2049.0
SO48698,15648,152,2012-06-26,2012-07-03,2012-07-08,2049.0,1,2049.0
SO48699,2116,151,2012-06-26,2012-07-03,2012-07-08,2049.0,1,2049.0
SO48699,2116,152,2012-06-26,2012-07-03,2012-07-08,2049.0,1,2049.0
SO48700,2520,149,2012-06-26,2012-07-03,2012-07-08,2049.0,1,2049.0
SO48700,2520,150,2012-06-26,2012-07-03,2012-07-08,2049.0,1,2049.0
SO48701,2104,149,2012-06-26,2012-07-03,2012-07-08,2049.0,1,2049.0
SO48701,2104,150,2012-06-26,2012-07-03,2012-07-08,2049.0,1,2049.0
SO48702,6116,166,2012-06-27,2012-07-04,2012-07-09,2182.0,1,2182.0
SO48702,6116,167,2012-06-27,2012-07-04,2012-07-09,2182.0,1,2182.0
SO48703,4005,158,2012-06-27,2012-07-04,2012-07-09,2443.0,1,2443.0
SO48704,5430,158,2012-06-27,2012-07-04,2012-07-09,2443.0,1,2443.0
SO48705,3996,162,2012-06-27,2012-07-04,2012-07-09,2182.0,1,2182.0
SO48705,3996,163,2012-06-27,2012-07-04,2012-07-09,2182.0,1,2182.0
SO48706,8360,176,2012-06-27,2012-07-04,2012-07-09,1000.0,1,1000.0
SO48706,8360,177,2012-06-27,2012-07-04,2012-07-09,1000.0,1,1000.0
SO48707,8314,115,2012-06-27,2012-07-04,2012-07-09,783.0,1,783.0
SO48707,8314,116,2012-06-27,2012-07-04,2012-07-09,783.0,1,783.0
SO48708,5467,166,2012-06-27,2012-07-04,2012-07-09,2182.0,1,2182.0
SO48708,5467,167,2012-06-27,2012-07-04,2012-07-09,2182.0,1,2182.0
SO48709,3269,170,2012-06-27,2012-07-04,2012-07-09,1000.0,1,1000.0
SO48709,3269,171,2012-06-27,2012-07-04,2012-07-09,1000.0,1,1000.0
SO48710,1306,143,2012-06-27,2012-07-04,2012-07-09,2071.0,1,2071.0
SO48710,1306,144,2012-06-27,2012-07-04,2012-07-09,2071.0,1,2071.0
SO48711,4411,115,2012-06-27,2012-07-04,2012-07-09,783.0,1,783.0
SO48711,4411,116,2012-06-27,2012-07-04,2012-07-09,783.0,1,783.0
SO48712,16253,127,2012-06-27,2012-07-04,2012-07-09,783.0,1,783.0
SO48712,16253,128,2012-06-27,2012-07-04,2012-07-09,783.0,1,783.0
SO48713,16254,123,2012-06-27,2012-07-04,2012-07-09,783.0,1,783.0
SO48713,16254,124,2012-06-27,2012-07-04,2012-07-09,783.0,1,783.0
SO48714,12105,166,2012-06-27,2012-07-04,2012-07-09,2182.0,1,2182.0
SO48714,12105,167,2012-06-27,2012-07-04,2012-07-09,2182.0,1,2182.0
SO48715,12108,164,2012-06-27,2012-07-04,2012-07-09,2182.0,1,2182.0
SO48715,12108,165,2012-06-27,2012-07-04,2012-07-09,2182.0,1,2182.0
SO48716,6627,166,2012-06-28,2012-07-05,2012-07-10,2182.0,1,2182.0
SO48716,6627,167,2012-06-28,2012-07-05,2012-07-10,2182.0,1,2182.0
SO48717,17737,141,2012-06-28,2012-07-05,2012-07-10,2071.0,1,2071.0
SO48717,17737,142,2012-06-28,2012-07-05,2012-07-10,2071.0,1,2071.0
SO48718,1383,145,2012-06-28,2012-07-05,2012-07-10,2071.0,1,2071.0
SO48718,1383,146,2012-06-28,2012-07-05,2012-07-10,2071.0,1,2071.0
SO48719,12100,157,2012-06-28,2012-07-05,2012-07-10,2443.0,1,2443.0
SO48720,11911,160,2012-06-28,2012-07-05,2012-07-10,2182.0,1,2182.0
SO48720,11911,161,2012-06-28,2012-07-05,2012-07-10,2182.0,1,2182.0
SO48721,11931,157,2012-06-28,2012-07-05,2012-07-10,2443.0,1,2443.0
SO48722,11938,158,2012-06-28,2012-07-05,2012-07-10,2443.0,1,2443.0
SO48723,3945,158,2012-06-29,2012-07-06,2012-07-11,2443.0,1,2443.0
SO48724,9723,129,2012-06-29,2012-07-06,2012-07-11,783.0,1,783.0
SO48724,9723,130,2012-06-29,2012-07-06,2012-07-11,783.0,1,783.0
SO48725,6203,166,2012-06-29,2012-07-06,2012-07-11,2182.0,1,2182.0
SO48725,6203,167,2012-06-29,2012-07-06,2012-07-11,2182.0,1,2182.0
SO48726,13916,172,2012-06-29,2012-07-06,2012-07-11,1000.0,1,1000.0
SO48726,13916,173,2012-06-29,2012-07-06,2012-07-11,1000.0,1,1000.0
SO48727,2129,149,2012-06-29,2012-07-06,2012-07-11,2049.0,1,2049.0
SO48727,2129,150,2012-06-29,2012-07-06,2012-07-11,2049.0,1,2049.0
SO48728,2112,143,2012-06-29,2012-07-06,2012-07-11,2071.0,1,2071.0
SO48728,2112,144,2012-06-29,2012-07-06,2012-07-11,2071.0,1,2071.0
SO48729,15564,113,2012-06-29,2012-07-06,2012-07-11,783.0,1,783.0
SO48729,15564,114,2012-06-29,2012-07-06,2012-07-11,783.0,1,783.0
SO48795,5539,164,2012-06-30,2012-07-07,2012-07-12,2182.0,1,2182.0
SO48795,5539,165,2012-06-30,2012-07-07,2012-07-12,2182.0,1,2182.0
SO48796,4095,164,2012-06-30,2012-07-07,2012-07-12,2182.0,1,2182.0
SO48796,4095,165,2012-06-30,2012-07-07,2012-07-12,2182.0,1,2182.0
SO48797,3336,174,2012-06-30,2012-07-07,2012-07-12,1000.0,1,1000.0
SO48797,3336,175,2012-06-30,2012-07-07,2012-07-12,1000.0,1,1000.0
SO48798,12333,158,2012-06-30,2012-07-07,2012-07-12,2443.0,1,2443.0
SO48799,15709,141,2012-06-30,2012-07-07,2012-07-12,2071.0,1,2071.0
SO48799,15709,142,2012-06-30,2012-07-07,2012-07-12,2071.0,1,2071.0
SO48800,4492,131,2012-06-30,2012-07-07,2012-07-12,783.0,1,783.0
SO48800,4492,132,2012-06-30,2012-07-07,2012-07-12,783.0,1,783.0
SO48801,4494,115,2012-06-30,2012-07-07,2012-07-12,783.0,1,783.0
SO48801,4494,116,2012-06-30,2012-07-07,2012-07-12,783.0,1,783.0
SO48802,13924,172,2012-06-30,2012-07-07,2012-07-12,1000.0,1,1000.0
SO48802,13924,173,2012-06-30,2012-07-07,2012-07-12,1000.0,1,1000.0
SO48803,8417,172,2012-07-01,2012-07-08,2012-07-13,1000.0,1,1000.0
SO48803,8417,173,2012-07-01,2012-07-08,2012-07-13,1000.0,1,1000.0
SO48804,1277,145,2012-07-01,2012-07-08,2012-07-13,2071.0,1,2071.0
SO48804,1277,146,2012-07-01,2012-07-08,2012-07-13,2071.0,1,2071.0
SO48805,8319,119,2012-07-01,2012-07-08,2012-07-13,783.0,1,783.0
SO48805,8319,120,2012-07-01,2012-07-08,2012-07-13,783.0,1,783.0
SO48806,9886,129,2012-07-01,2012-07-08,2012-07-13,783.0,1,783.0
SO48806,9886,130,2012-07-01,2012-07-08,2012-07-13,783.0,1,783.0
SO48807,9893,113,2012-07-01,2012-07-08,2012-07-13,783.0,1,783.0
SO48807,9893,114,2012-07-01,2012-07-08,2012-07-13,783.0,1,783.0
SO48808,5553,157,2012-07-01,2012-07-08,2012-07-13,2443.0,1,2443.0
SO48809,12412,158,2012-07-01,2012-07-08,2012-07-13,2443.0,1,2443.0
SO48810,12416,158,2012-07-01,2012-07-08,2012-07-13,2443.0,1,2443.0
SO48811,4518,123,2012-07-01,2012-07-08,2012-07-13,783.0,1,783.0
SO48811,4518,124,2012-07-01,2012-07-08,2012-07-13,783.0,1,783.0
SO48812,2631,145,2012-07-01,2012-07-08,2012-07-13,2071.0,1,2071.0
SO48812,2631,146,2012-07-01,2012-07-08,2012-07-13,2071.0,1,2071.0
SO48813,2632,151,2012-07-01,2012-07-08,2012-07-13,2049.0,1,2049.0
SO48813,2632,152,2012-07-01,2012-07-08,2012-07-13,2049.0,1,2049.0
SO48814,2648,149,2012-07-01,2012-07-08,2012-07-13,2049.0,1,2049.0
SO48814,2648,150,2012-07-01,2012-07-08,2012-07-13,2049.0,1,2049.0
SO48815,6701,166,2012-07-02,2012-07-09,2012-07-14,2182.0,1,2182.0
SO48815,6701,167,2012-07-02,2012-07-09,2012-07-14,2182.0,1,2182.0
SO48816,1460,145,2012-07-02,2012-07-09,2012-07-14,2071.0,1,2071.0
SO48816,1460,146,2012-07-02,2012-07-09,2012-07-14,2071.0,1,2071.0
SO48817,15050,162,2012-07-02,2012-07-09,2012-07-14,2182.0,1,2182.0
SO48817,15050,163,2012-07-02,2012-07-09,2012-07-14,2182.0,1,2182.0
SO48818,4498,121,2012-07-02,2012-07-09,2012-07-14,783.0,1,783.0
SO48818,4498,122,2012-07-02,2012-07-09,2012-07-14,783.0,1,783.0
SO48819,2623,141,2012-07-02,2012-07-09,2012-07-14,2071.0,1,2071.0
SO48819,2623,142,2012-07-02,2012-07-09,2012-07-14,2071.0,1,2071.0
SO48820,2959,147,2012-07-02,2012-07-09,2012-07-14,2049.0,1,2049.0
SO48820,2959,148,2012-07-02,2012-07-09,2012-07-14,2049.0,1,2049.0
SO48821,12345,168,2012-07-02,2012-07-09,2012-07-14,2182.0,1,2182.0
SO48821,12345,169,2012-07-02,2012-07-09,2012-07-14,2182.0,1,2182.0
SO48822,6744,168,2012-07-03,2012-07-10,2012-07-15,2182.0,1,2182.0
SO48822,6744,169,2012-07-03,2012-07-10,2012-07-15,2182.0,1,2182.0
SO48823,5822,158,2012-07-03,2012-07-10,2012-07-15,2443.0,1,2443.0
SO48824,12409,158,2012-07-03,2012-07-10,2012-07-15,2443.0,1,2443.0
SO48825,12415,162,2012-07-03,2012-07-10,2012-07-15,2182.0,1,2182.0
SO48825,12415,163,2012-07-03,2012-07-10,2012-07-15,2182.0,1,2182.0
SO48826,12422,158,2012-07-03,2012-07-10,2012-07-15,2443.0,1,2443.0
SO48827,15730,149,2012-07-03,2012-07-10,2012-07-15,2049.0,1,2049.0
SO48827,15730,150,2012-07-03,2012-07-10,2012-07-15,2049.0,1,2049.0
SO48828,12121,158,2012-07-03,2012-07-10,2012-07-15,2443.0,1,2443.0
SO48829,12122,157,2012-07-03,2012-07-10,2012-07-15,2443.0,1,2443.0
SO48830,6751,160,2012-07-04,2012-07-11,2012-07-16,2182.0,1,2182.0
SO48830,6751,161,2012-07-04,2012-07-11,2012-07-16,2182.0,1,2182.0
SO48831,9887,115,2012-07-04,2012-07-11,2012-07-16,783.0,1,783.0
SO48831,9887,116,2012-07-04,2012-07-11,2012-07-16,783.0,1,783.0
SO48832,12419,162,2012-07-04,2012-07-11,2012-07-16,2182.0,1,2182.0
SO48832,12419,163,2012-07-04,2012-07-11,2012-07-16,2182.0,1,2182.0
SO48833,12119,162,2012-07-04,2012-07-11,2012-07-16,2182.0,1,2182.0
SO48833,12119,163,2012-07-04,2012-07-11,2012-07-16,2182.0,1,2182.0
SO48834,15696,141,2012-07-04,2012-07-11,2012-07-16,2071.0,1,2071.0
SO48834,15696,142,2012-07-04,2012-07-11,2012-07-16,2071.0,1,2071.0
SO48835,10149,149,2012-07-04,2012-07-11,2012-07-16,2049.0,1,2049.0
SO48835,10149,150,2012-07-04,2012-07-11,2012-07-16,2049.0,1,2049.0
SO48836,2960,149,2012-07-04,2012-07-11,2012-07-16,2049.0,1,2049.0
SO48836,2960,150,2012-07-04,2012-07-11,2012-07-16,2049.0,1,2049.0
SO48837,12312,160,2012-07-05,2012-07-12,2012-07-17,2182.0,1,2182.0
SO48837,12312,161,2012-07-05,2012-07-12,2012-07-17,2182.0,1,2182.0
SO48838,12410,162,2012-07-05,2012-07-12,2012-07-17,2182.0,1,2182.0
SO48838,12410,163,2012-07-05,2012-07-12,2012-07-17,2182.0,1,2182.0
SO48839,5568,157,2012-07-06,2012-07-13,2012-07-18,2443.0,1,2443.0
SO48840,6754,158,2012-07-06,2012-07-13,2012-07-18,2443.0,1,2443.0
SO48841,6717,170,2012-07-06,2012-07-13,2012-07-18,1000.0,1,1000.0
SO48841,6717,171,2012-07-06,2012-07-13,2012-07-18,1000.0,1,1000.0
SO48842,1464,141,2012-07-06,2012-07-13,2012-07-18,2071.0,1,2071.0
SO48842,1464,142,2012-07-06,2012-07-13,2012-07-18,2071.0,1,2071.0
SO48843,4490,113,2012-07-06,2012-07-13,2012-07-18,783.0,1,783.0
SO48843,4490,114,2012-07-06,2012-07-13,2012-07-18,783.0,1,783.0
SO48844,4493,127,2012-07-06,2012-07-13,2012-07-18,783.0,1,783.0
SO48844,4493,128,2012-07-06,2012-07-13,2012-07-18,783.0,1,783.0
SO48845,2621,151,2012-07-06,2012-07-13,2012-07-18,2049.0,1,2049.0
SO48845,2621,152,2012-07-06,2012-07-13,2012-07-18,2049.0,1,2049.0
SO48846,2652,149,2012-07-06,2012-07-13,2012-07-18,2049.0,1,2049.0
SO48846,2652,150,2012-07-06,2012-07-13,2012-07-18,2049.0,1,2049.0
SO48847,3337,172,2012-07-06,2012-07-13,2012-07-18,1000.0,1,1000.0
SO48847,3337,173,2012-07-06,2012-07-13,2012-07-18,1000.0,1,1000.0
SO48848,8425,172,2012-07-07,2012-07-14,2012-07-19,1000.0,1,1000.0
SO48848,8425,173,2012-07-07,2012-07-14,2012-07-19,1000.0,1,1000.0
SO48849,17905,149,2012-07-07,2012-07-14,2012-07-19,2049.0,1,2049.0
SO48849,17905,150,2012-07-07,2012-07-14,2012-07-19,2049.0,1,2049.0
SO48850,18362,141,2012-07-07,2012-07-14,2012-07-19,2071.0,1,2071.0
SO48850,18362,142,2012-07-07,2012-07-14,2012-07-19,2071.0,1,2071.0
SO48851,15718,143,2012-07-07,2012-07-14,2012-07-19,2071.0,1,2071.0
SO48851,15718,144,2012-07-07,2012-07-14,2012-07-19,2071.0,1,2071.0
SO48852,4504,113,2012-07-07,2012-07-14,2012-07-19,783.0,1,783.0
SO48852,4504,114,2012-07-07,2012-07-14,2012-07-19,783.0,1,783.0
SO48853,4521,125,2012-07-07,2012-07-14,2012-07-19,783.0,1,783.0
SO48853,4521,126,2012-07-07,2012-07-14,2012-07-19,783.0,1,783.0
SO48854,2644,143,2012-07-07,2012-07-14,2012-07-19,2071.0,1,2071.0
SO48854,2644,144,2012-07-07,2012-07-14,2012-07-19,2071.0,1,2071.0
SO48855,2956,143,2012-07-07,2012-07-14,2012-07-19,2071.0,1,2071.0
SO48855,2956,144,2012-07-07,2012-07-14,2012-07-19,2071.0,1,2071.0
SO48856,2968,147,2012-07-07,2012-07-14,2012-07-19,2049.0,1,2049.0
SO48856,2968,148,2012-07-07,2012-07-14,2012-07-19,2049.0,1,2049.0
SO48857,15653,131,2012-07-07,2012-07-14,2012-07-19,783.0,1,783.0
SO48857,15653,132,2012-07-07,2012-07-14,2012-07-19,783.0,1,783.0
SO48858,4456,157,2012-07-08,2012-07-15,2012-07-20,2443.0,1,2443.0
SO48859,5604,162,2012-07-08,2012-07-15,2012-07-20,2182.0,1,2182.0
SO48859,5604,163,2012-07-08,2012-07-15,2012-07-20,2182.0,1,2182.0
SO48860,2850,164,2012-07-08,2012-07-15,2012-07-20,2182.0,1,2182.0
SO48860,2850,165,2012-07-08,2012-07-15,2012-07-20,2182.0,1,2182.0
SO48861,15787,141,2012-07-08,2012-07-15,2012-07-20,2071.0,1,2071.0
SO48861,15787,142,2012-07-08,2012-07-15,2012-07-20,2071.0,1,2071.0
SO48862,15806,141,2012-07-08,2012-07-15,2012-07-20,2071.0,1,2071.0
SO48862,15806,142,2012-07-08,2012-07-15,2012-07-20,2071.0,1,2071.0
SO48863,15719,141,2012-07-08,2012-07-15,2012-07-20,2071.0,1,2071.0
SO48863,15719,142,2012-07-08,2012-07-15,2012-07-20,2071.0,1,2071.0
SO48864,2965,145,2012-07-08,2012-07-15,2012-07-20,2071.0,1,2071.0
SO48864,2965,146,2012-07-08,2012-07-15,2012-07-20,2071.0,1,2071.0
SO48865,13925,170,2012-07-08,2012-07-15,2012-07-20,1000.0,1,1000.0
SO48865,13925,171,2012-07-08,2012-07-15,2012-07-20,1000.0,1,1000.0
SO48866,2528,151,2012-07-08,2012-07-15,2012-07-20,2049.0,1,2049.0
SO48866,2528,152,2012-07-08,2012-07-15,2012-07-20,2049.0,1,2049.0
SO48867,4452,162,2012-07-09,2012-07-16,2012-07-21,2182.0,1,2182.0
SO48867,4452,163,2012-07-09,2012-07-16,2012-07-21,2182.0,1,2182.0
SO48868,8321,127,2012-07-09,2012-07-16,2012-07-21,783.0,1,783.0
SO48868,8321,128,2012-07-09,2012-07-16,2012-07-21,783.0,1,783.0
SO48869,12315,160,2012-07-09,2012-07-16,2012-07-21,2182.0,1,2182.0
SO48869,12315,161,2012-07-09,2012-07-16,2012-07-21,2182.0,1,2182.0
SO48870,12317,160,2012-07-09,2012-07-16,2012-07-21,2182.0,1,2182.0
SO48870,12317,161,2012-07-09,2012-07-16,2012-07-21,2182.0,1,2182.0
SO48871,9737,149,2012-07-09,2012-07-16,2012-07-21,2049.0,1,2049.0
SO48871,9737,150,2012-07-09,2012-07-16,2012-07-21,2049.0,1,2049.0
SO48872,4484,123,2012-07-09,2012-07-16,2012-07-21,783.0,1,783.0
SO48872,4484,124,2012-07-09,2012-07-16,2012-07-21,783.0,1,783.0
SO48873,4500,111,2012-07-09,2012-07-16,2012-07-21,783.0,1,783.0
SO48873,4500,112,2012-07-09,2012-07-16,2012-07-21,783.0,1,783.0
SO48874,2971,149,2012-07-09,2012-07-16,2012-07-21,2049.0,1,2049.0
SO48874,2971,150,2012-07-09,2012-07-16,2012-07-21,2049.0,1,2049.0
SO48875,13923,170,2012-07-09,2012-07-16,2012-07-21,1000.0,1,1000.0
SO48875,13923,171,2012-07-09,2012-07-16,2012-07-21,1000.0,1,1000.0
SO48876,15589,123,2012-07-09,2012-07-16,2012-07-21,783.0,1,783.0
SO48876,15589,124,2012-07-09,2012-07-16,2012-07-21,783.0,1,783.0
SO48877,15658,117,2012-07-09,2012-07-16,2012-07-21,783.0,1,783.0
SO48877,15658,118,2012-07-09,2012-07-16,2012-07-21,783.0,1,783.0
SO48878,6716,164,2012-07-10,2012-07-17,2012-07-22,2182.0,1,2182.0
SO48878,6716,165,2012-07-10,2012-07-17,2012-07-22,2182.0,1,2182.0
SO48879,1527,151,2012-07-10,2012-07-17,2012-07-22,2049.0,1,2049.0
SO48879,1527,152,2012-07-10,2012-07-17,2012-07-22,2049.0,1,2049.0
SO48880,2747,157,2012-07-10,2012-07-17,2012-07-22,2443.0,1,2443.0
SO48881,12325,160,2012-07-10,2012-07-17,2012-07-22,2182.0,1,2182.0
SO48881,12325,161,2012-07-10,2012-07-17,2012-07-22,2182.0,1,2182.0
SO48882,15802,151,2012-07-10,2012-07-17,2012-07-22,2049.0,1,2049.0
SO48882,15802,152,2012-07-10,2012-07-17,2012-07-22,2049.0,1,2049.0
SO48883,2529,145,2012-07-10,2012-07-17,2012-07-22,2071.0,1,2071.0
SO48883,2529,146,2012-07-10,2012-07-17,2012-07-22,2071.0,1,2071.0
SO48884,13922,178,2012-07-10,2012-07-17,2012-07-22,1000.0,1,1000.0
SO48884,13922,179,2012-07-10,2012-07-17,2012-07-22,1000.0,1,1000.0
SO48885,6756,160,2012-07-11,2012-07-18,2012-07-23,2182.0,1,2182.0
SO48885,6756,161,2012-07-11,2012-07-18,2012-07-23,2182.0,1,2182.0
SO48886,1474,141,2012-07-11,2012-07-18,2012-07-23,2071.0,1,2071.0
SO48886,1474,142,2012-07-11,2012-07-18,2012-07-23,2071.0,1,2071.0
SO48887,15812,145,2012-07-11,2012-07-18,2012-07-23,2071.0,1,2071.0
SO48887,15812,146,2012-07-11,2012-07-18,2012-07-23,2071.0,1,2071.0
SO48888,4483,117,2012-07-11,2012-07-18,2012-07-23,783.0,1,783.0
SO48888,4483,118,2012-07-11,2012-07-18,2012-07-23,783.0,1,783.0
SO48889,15712,151,2012-07-11,2012-07-18,2012-07-23,2049.0,1,2049.0
SO48889,15712,152,2012-07-11,2012-07-18,2012-07-23,2049.0,1,2049.0
SO48890,2619,147,2012-07-11,2012-07-18,2012-07-23,2049.0,1,2049.0
SO48890,2619,148,2012-07-11,2012-07-18,2012-07-23,2049.0,1,2049.0
SO48891,2651,149,2012-07-11,2012-07-18,2012-07-23,2049.0,1,2049.0
SO48891,2651,150,2012-07-11,2012-07-18,2012-07-23,2049.0,1,2049.0
SO48892,6715,178,2012-07-12,2012-07-19,2012-07-24,1000.0,1,1000.0
SO48892,6715,179,2012-07-12,2012-07-19,2012-07-24,1000.0,1,1000.0
SO48893,6773,166,2012-07-12,2012-07-19,2012-07-24,2182.0,1,2182.0
SO48893,6773,167,2012-07-12,2012-07-19,2012-07-24,2182.0,1,2182.0
SO48894,8035,172,2012-07-12,2012-07-19,2012-07-24,1000.0,1,1000.0
SO48894,8035,173,2012-07-12,2012-07-19,2012-07-24,1000.0,1,1000.0
SO48895,8419,172,2012-07-12,2012-07-19,2012-07-24,1000.0,1,1000.0
SO48895,8419,173,2012-07-12,2012-07-19,2012-07-24,1000.0,1,1000.0
SO48896,6633,162,2012-07-12,2012-07-19,2012-07-24,2182.0,1,2182.0
SO48896,6633,163,2012-07-12,2012-07-19,2012-07-24,2182.0,1,2182.0
SO48897,5541,166,2012-07-12,2012-07-19,2012-07-24,2182.0,1,2182.0
SO48897,5541,167,2012-07-12,2012-07-19,2012-07-24,2182.0,1,2182.0
SO48898,2857,162,2012-07-12,2012-07-19,2012-07-24,2182.0,1,2182.0
SO48898,2857,163,2012-07-12,2012-07-19,2012-07-24,2182.0,1,2182.0
SO48899,12314,162,2012-07-12,2012-07-19,2012-07-24,2182.0,1,2182.0
SO48899,12314,163,2012-07-12,2012-07-19,2012-07-24,2182.0,1,2182.0
SO48900,15735,147,2012-07-12,2012-07-19,2012-07-24,2049.0,1,2049.0
SO48900,15735,148,2012-07-12,2012-07-19,2012-07-24,2049.0,1,2049.0
SO48901,2961,141,2012-07-12,2012-07-19,2012-07-24,2071.0,1,2071.0
SO48901,2961,142,2012-07-12,2012-07-19,2012-07-24,2071.0,1,2071.0
SO48902,2967,147,2012-07-12,2012-07-19,2012-07-24,2049.0,1,2049.0
SO48902,2967,148,2012-07-12,2012-07-19,2012-07-24,2049.0,1,2049.0
SO48903,15654,131,2012-07-12,2012-07-19,2012-07-24,783.0,1,783.0
SO48903,15654,132,2012-07-12,2012-07-19,2012-07-24,783.0,1,783.0
SO48904,1493,151,2012-07-13,2012-07-20,2012-07-25,2049.0,1,2049.0
SO48904,1493,152,2012-07-13,2012-07-20,2012-07-25,2049.0,1,2049.0
SO48905,15815,151,2012-07-13,2012-07-20,2012-07-25,2049.0,1,2049.0
SO48905,15815,152,2012-07-13,2012-07-20,2012-07-25,2049.0,1,2049.0
SO48906,15706,145,2012-07-13,2012-07-20,2012-07-25,2071.0,1,2071.0
SO48906,15706,146,2012-07-13,2012-07-20,2012-07-25,2071.0,1,2071.0
SO48907,15728,151,2012-07-13,2012-07-20,2012-07-25,2049.0,1,2049.0
SO48907,15728,152,2012-07-13,2012-07-20,2012-07-25,2049.0,1,2049.0
SO48908,2627,151,2012-07-13,2012-07-20,2012-07-25,2049.0,1,2049.0
SO48908,2627,152,2012-07-13,2012-07-20,2012-07-25,2049.0,1,2049.0
SO48909,2954,141,2012-07-13,2012-07-20,2012-07-25,2071.0,1,2071.0
SO48909,2954,142,2012-07-13,2012-07-20,2012-07-25,2071.0,1,2071.0
SO48910,5588,166,2012-07-14,2012-07-21,2012-07-26,2182.0,1,2182.0
SO48910,5588,167,2012-07-14,2012-07-21,2012-07-26,2182.0,1,2182.0
SO48911,9881,123,2012-07-14,2012-07-21,2012-07-26,783.0,1,783.0
SO48911,9881,124,2012-07-14,2012-07-21,2012-07-26,783.0,1,783.0
SO48912,9842,117,2012-07-14,2012-07-21,2012-07-26,783.0,1,783.0
SO48912,9842,118,2012-07-14,2012-07-21,2012-07-26,783.0,1,783.0
SO48913,12413,158,2012-07-14,2012-07-21,2012-07-26,2443.0,1,2443.0
SO48914,15736,145,2012-07-14,2012-07-21,2012-07-26,2071.0,1,2071.0
SO48914,15736,146,2012-07-14,2012-07-21,2012-07-26,2071.0,1,2071.0
SO48915,4482,123,2012-07-14,2012-07-21,2012-07-26,783.0,1,783.0
SO48915,4482,124,2012-07-14,2012-07-21,2012-07-26,783.0,1,783.0
SO48916,2617,147,2012-07-14,2012-07-21,2012-07-26,2049.0,1,2049.0
SO48916,2617,148,2012-07-14,2012-07-21,2012-07-26,2049.0,1,2049.0
SO48917,2637,145,2012-07-14,2012-07-21,2012-07-26,2071.0,1,2071.0
SO48917,2637,146,2012-07-14,2012-07-21,2012-07-26,2071.0,1,2071.0
SO48918,2639,151,2012-07-14,2012-07-21,2012-07-26,2049.0,1,2049.0
SO48918,2639,152,2012-07-14,2012-07-21,2012-07-26,2049.0,1,2049.0
SO48919,15659,115,2012-07-14,2012-07-21,2012-07-26,783.0,1,783.0
SO48919,15659,116,2012-07-14,2012-07-21,2012-07-26,783.0,1,783.0
SO48920,1276,143,2012-07-15,2012-07-22,2012-07-27,2071.0,1,2071.0
SO48920,1276,144,2012-07-15,2012-07-22,2012-07-27,2071.0,1,2071.0
SO48921,1561,149,2012-07-15,2012-07-22,2012-07-27,2049.0,1,2049.0
SO48921,1561,150,2012-07-15,2012-07-22,2012-07-27,2049.0,1,2049.0
SO48922,4096,157,2012-07-15,2012-07-22,2012-07-27,2443.0,1,2443.0
SO48923,3299,172,2012-07-15,2012-07-22,2012-07-27,1000.0,1,1000.0
SO48923,3299,173,2012-07-15,2012-07-22,2012-07-27,1000.0,1,1000.0
SO48924,15041,157,2012-07-15,2012-07-22,2012-07-27,2443.0,1,2443.0
SO48925,4481,113,2012-07-15,2012-07-22,2012-07-27,783.0,1,783.0
SO48925,4481,114,2012-07-15,2012-07-22,2012-07-27,783.0,1,783.0
SO48926,12118,162,2012-07-15,2012-07-22,2012-07-27,2182.0,1,2182.0
SO48926,12118,163,2012-07-15,2012-07-22,2012-07-27,2182.0,1,2182.0
SO48927,15704,151,2012-07-15,2012-07-22,2012-07-27,2049.0,1,2049.0
SO48927,15704,152,2012-07-15,2012-07-22,2012-07-27,2049.0,1,2049.0
SO48928,4503,121,2012-07-15,2012-07-22,2012-07-27,783.0,1,783.0
SO48928,4503,122,2012-07-15,2012-07-22,2012-07-27,783.0,1,783.0
SO48929,2527,141,2012-07-15,2012-07-22,2012-07-27,2071.0,1,2071.0
SO48929,2527,142,2012-07-15,2012-07-22,2012-07-27,2071.0,1,2071.0
SO48930,4087,160,2012-07-15,2012-07-22,2012-07-27,2182.0,1,2182.0
SO48930,4087,161,2012-07-15,2012-07-22,2012-07-27,2182.0,1,2182.0
SO48931,8383,176,2012-07-16,2012-07-23,2012-07-28,1000.0,1,1000.0
SO48931,8383,177,2012-07-16,2012-07-23,2012-07-28,1000.0,1,1000.0
SO48932,3298,174,2012-07-16,2012-07-23,2012-07-28,1000.0,1,1000.0
SO48932,3298,175,2012-07-16,2012-07-23,2012-07-28,1000.0,1,1000.0
SO48933,15695,151,2012-07-16,2012-07-23,2012-07-28,2049.0,1,2049.0
SO48933,15695,152,2012-07-16,2012-07-23,2012-07-28,2049.0,1,2049.0
SO48934,15711,143,2012-07-16,2012-07-23,2012-07-28,2071.0,1,2071.0
SO48934,15711,144,2012-07-16,2012-07-23,2012-07-28,2071.0,1,2071.0
SO48935,4519,119,2012-07-16,2012-07-23,2012-07-28,783.0,1,783.0
SO48935,4519,120,2012-07-16,2012-07-23,2012-07-28,783.0,1,783.0
SO48936,2645,141,2012-07-16,2012-07-23,2012-07-28,2071.0,1,2071.0
SO48936,2645,142,2012-07-16,2012-07-23,2012-07-28,2071.0,1,2071.0
SO48937,2530,141,2012-07-16,2012-07-23,2012-07-28,2071.0,1,2071.0
SO48937,2530,142,2012-07-16,2012-07-23,2012-07-28,2071.0,1,2071.0
SO48938,6721,162,2012-07-17,2012-07-24,2012-07-29,2182.0,1,2182.0
SO48938,6721,163,2012-07-17,2012-07-24,2012-07-29,2182.0,1,2182.0
SO48939,4463,158,2012-07-17,2012-07-24,2012-07-29,2443.0,1,2443.0
SO48940,9836,113,2012-07-17,2012-07-24,2012-07-29,783.0,1,783.0
SO48940,9836,114,2012-07-17,2012-07-24,2012-07-29,783.0,1,783.0
SO48941,15014,158,2012-07-17,2012-07-24,2012-07-29,2443.0,1,2443.0
SO48942,15729,151,2012-07-17,2012-07-24,2012-07-29,2049.0,1,2049.0
SO48942,15729,152,2012-07-17,2012-07-24,2012-07-29,2049.0,1,2049.0
SO48943,2974,141,2012-07-17,2012-07-24,2012-07-29,2071.0,1,2071.0
SO48943,2974,142,2012-07-17,2012-07-24,2012-07-29,2071.0,1,2071.0
SO48944,14011,172,2012-07-17,2012-07-24,2012-07-29,1000.0,1,1000.0
SO48944,14011,173,2012-07-17,2012-07-24,2012-07-29,1000.0,1,1000.0
SO48945,6645,159,2012-07-18,2012-07-25,2012-07-30,2443.0,1,2443.0
SO48946,15726,147,2012-07-18,2012-07-25,2012-07-30,2049.0,1,2049.0
SO48946,15726,148,2012-07-18,2012-07-25,2012-07-30,2049.0,1,2049.0
SO48947,2958,141,2012-07-18,2012-07-25,2012-07-30,2071.0,1,2071.0
SO48947,2958,142,2012-07-18,2012-07-25,2012-07-30,2071.0,1,2071.0
SO48948,2975,143,2012-07-18,2012-07-25,2012-07-30,2071.0,1,2071.0
SO48948,2975,144,2012-07-18,2012-07-25,2012-07-30,2071.0,1,2071.0
SO48949,15592,123,2012-07-18,2012-07-25,2012-07-30,783.0,1,783.0
SO48949,15592,124,2012-07-18,2012-07-25,2012-07-30,783.0,1,783.0
SO48950,1487,147,2012-07-19,2012-07-26,2012-07-31,2049.0,1,2049.0
SO48950,1487,148,2012-07-19,2012-07-26,2012-07-31,2049.0,1,2049.0
SO48951,18389,141,2012-07-19,2012-07-26,2012-07-31,2071.0,1,2071.0
SO48951,18389,142,2012-07-19,2012-07-26,2012-07-31,2071.0,1,2071.0
SO48952,4094,157,2012-07-19,2012-07-26,2012-07-31,2443.0,1,2443.0
SO48953,12414,159,2012-07-19,2012-07-26,2012-07-31,2443.0,1,2443.0
SO48954,15725,151,2012-07-19,2012-07-26,2012-07-31,2049.0,1,2049.0
SO48954,15725,152,2012-07-19,2012-07-26,2012-07-31,2049.0,1,2049.0
SO48955,2646,147,2012-07-19,2012-07-26,2012-07-31,2049.0,1,2049.0
SO48955,2646,148,2012-07-19,2012-07-26,2012-07-31,2049.0,1,2049.0
SO48956,2969,145,2012-07-19,2012-07-26,2012-07-31,2071.0,1,2071.0
SO48956,2969,146,2012-07-19,2012-07-26,2012-07-31,2071.0,1,2071.0
SO48957,9837,121,2012-07-20,2012-07-27,2012-08-01,783.0,1,783.0
SO48957,9837,122,2012-07-20,2012-07-27,2012-08-01,783.0,1,783.0
SO48958,12311,166,2012-07-20,2012-07-27,2012-08-01,2182.0,1,2182.0
SO48958,12311,167,2012-07-20,2012-07-27,2012-08-01,2182.0,1,2182.0
SO48959,12418,164,2012-07-20,2012-07-27,2012-08-01,2182.0,1,2182.0
SO48959,12418,165,2012-07-20,2012-07-27,2012-08-01,2182.0,1,2182.0
SO48960,15727,143,2012-07-20,2012-07-27,2012-08-01,2071.0,1,2071.0
SO48960,15727,144,2012-07-20,2012-07-27,2012-08-01,2071.0,1,2071.0
SO48961,2620,147,2012-07-20,2012-07-27,2012-08-01,2049.0,1,2049.0
SO48961,2620,148,2012-07-20,2012-07-27,2012-08-01,2049.0,1,2049.0
SO48962,2650,151,2012-07-20,2012-07-27,2012-08-01,2049.0,1,2049.0
SO48962,2650,152,2012-07-20,2012-07-27,2012-08-01,2049.0,1,2049.0
SO48963,14012,172,2012-07-20,2012-07-27,2012-08-01,1000.0,1,1000.0
SO48963,14012,173,2012-07-20,2012-07-27,2012-08-01,1000.0,1,1000.0
SO48964,5825,160,2012-07-21,2012-07-28,2012-08-02,2182.0,1,2182.0
SO48964,5825,161,2012-07-21,2012-07-28,2012-08-02,2182.0,1,2182.0
SO48965,8031,178,2012-07-21,2012-07-28,2012-08-02,1000.0,1,1000.0
SO48965,8031,179,2012-07-21,2012-07-28,2012-08-02,1000.0,1,1000.0
SO48966,6640,162,2012-07-21,2012-07-28,2012-08-02,2182.0,1,2182.0
SO48966,6640,163,2012-07-21,2012-07-28,2012-08-02,2182.0,1,2182.0
SO48967,3293,176,2012-07-21,2012-07-28,2012-08-02,1000.0,1,1000.0
SO48967,3293,177,2012-07-21,2012-07-28,2012-08-02,1000.0,1,1000.0
SO48968,2743,160,2012-07-21,2012-07-28,2012-08-02,2182.0,1,2182.0
SO48968,2743,161,2012-07-21,2012-07-28,2012-08-02,2182.0,1,2182.0
SO48969,12321,168,2012-07-21,2012-07-28,2012-08-02,2182.0,1,2182.0
SO48969,12321,169,2012-07-21,2012-07-28,2012-08-02,2182.0,1,2182.0
SO48970,15530,174,2012-07-21,2012-07-28,2012-08-02,1000.0,1,1000.0
SO48970,15530,175,2012-07-21,2012-07-28,2012-08-02,1000.0,1,1000.0
SO48971,2626,151,2012-07-21,2012-07-28,2012-08-02,2049.0,1,2049.0
SO48971,2626,152,2012-07-21,2012-07-28,2012-08-02,2049.0,1,2049.0
SO48972,2630,149,2012-07-21,2012-07-28,2012-08-02,2049.0,1,2049.0
SO48972,2630,150,2012-07-21,2012-07-28,2012-08-02,2049.0,1,2049.0
SO48973,15657,125,2012-07-21,2012-07-28,2012-08-02,783.0,1,783.0
SO48973,15657,126,2012-07-21,2012-07-28,2012-08-02,783.0,1,783.0
SO48974,6718,164,2012-07-22,2012-07-29,2012-08-03,2182.0,1,2182.0
SO48974,6718,165,2012-07-22,2012-07-29,2012-08-03,2182.0,1,2182.0
SO48975,6740,176,2012-07-22,2012-07-29,2012-08-03,1000.0,1,1000.0
SO48975,6740,177,2012-07-22,2012-07-29,2012-08-03,1000.0,1,1000.0
SO48976,1405,143,2012-07-22,2012-07-29,2012-08-03,2071.0,1,2071.0
SO48976,1405,144,2012-07-22,2012-07-29,2012-08-03,2071.0,1,2071.0
SO48977,9843,109,2012-07-22,2012-07-29,2012-08-03,783.0,1,783.0
SO48977,9843,110,2012-07-22,2012-07-29,2012-08-03,783.0,1,783.0
SO48978,3291,176,2012-07-22,2012-07-29,2012-08-03,1000.0,1,1000.0
SO48978,3291,177,2012-07-22,2012-07-29,2012-08-03,1000.0,1,1000.0
SO48979,2856,164,2012-07-22,2012-07-29,2012-08-03,2182.0,1,2182.0
SO48979,2856,165,2012-07-22,2012-07-29,2012-08-03,2182.0,1,2182.0
SO48980,12323,158,2012-07-22,2012-07-29,2012-08-03,2443.0,1,2443.0
SO48981,12349,157,2012-07-22,2012-07-29,2012-08-03,2443.0,1,2443.0
SO48982,4485,111,2012-07-22,2012-07-29,2012-08-03,783.0,1,783.0
SO48982,4485,112,2012-07-22,2012-07-29,2012-08-03,783.0,1,783.0
SO48983,4501,121,2012-07-22,2012-07-29,2012-08-03,783.0,1,783.0
SO48983,4501,122,2012-07-22,2012-07-29,2012-08-03,783.0,1,783.0
SO48984,2633,143,2012-07-22,2012-07-29,2012-08-03,2071.0,1,2071.0
SO48984,2633,144,2012-07-22,2012-07-29,2012-08-03,2071.0,1,2071.0
SO48985,2647,149,2012-07-22,2012-07-29,2012-08-03,2049.0,1,2049.0
SO48985,2647,150,2012-07-22,2012-07-29,2012-08-03,2049.0,1,2049.0
SO48986,15652,113,2012-07-22,2012-07-29,2012-08-03,783.0,1,783.0
SO48986,15652,114,2012-07-22,2012-07-29,2012-08-03,783.0,1,783.0
SO48987,15656,109,2012-07-22,2012-07-29,2012-08-03,783.0,1,783.0
SO48987,15656,110,2012-07-22,2012-07-29,2012-08-03,783.0,1,783.0
SO48988,5566,159,2012-07-23,2012-07-30,2012-08-04,2443.0,1,2443.0
SO48989,18365,149,2012-07-23,2012-07-30,2012-08-04,2049.0,1,2049.0
SO48989,18365,150,2012-07-23,2012-07-30,2012-08-04,2049.0,1,2049.0
SO48990,1560,151,2012-07-23,2012-07-30,2012-08-04,2049.0,1,2049.0
SO48990,1560,152,2012-07-23,2012-07-30,2012-08-04,2049.0,1,2049.0
SO48991,1292,143,2012-07-23,2012-07-30,2012-08-04,2071.0,1,2071.0
SO48991,1292,144,2012-07-23,2012-07-30,2012-08-04,2071.0,1,2071.0
SO48992,2863,168,2012-07-23,2012-07-30,2012-08-04,2182.0,1,2182.0
SO48992,2863,169,2012-07-23,2012-07-30,2012-08-04,2182.0,1,2182.0
SO48993,12411,166,2012-07-23,2012-07-30,2012-08-04,2182.0,1,2182.0
SO48993,12411,167,2012-07-23,2012-07-30,2012-08-04,2182.0,1,2182.0
SO48994,4507,113,2012-07-23,2012-07-30,2012-08-04,783.0,1,783.0
SO48994,4507,114,2012-07-23,2012-07-30,2012-08-04,783.0,1,783.0
SO48995,17886,143,2012-07-24,2012-07-31,2012-08-05,2071.0,1,2071.0
SO48995,17886,144,2012-07-24,2012-07-31,2012-08-05,2071.0,1,2071.0
SO48996,3335,176,2012-07-24,2012-07-31,2012-08-05,1000.0,1,1000.0
SO48996,3335,177,2012-07-24,2012-07-31,2012-08-05,1000.0,1,1000.0
SO48997,2855,158,2012-07-24,2012-07-31,2012-08-05,2443.0,1,2443.0
SO48998,15662,121,2012-07-24,2012-07-31,2012-08-05,783.0,1,783.0
SO48998,15662,122,2012-07-24,2012-07-31,2012-08-05,783.0,1,783.0
SO48999,4464,166,2012-07-25,2012-08-01,2012-08-06,2182.0,1,2182.0
SO48999,4464,167,2012-07-25,2012-08-01,2012-08-06,2182.0,1,2182.0
SO49000,1461,149,2012-07-25,2012-08-01,2012-08-06,2049.0,1,2049.0
SO49000,1461,150,2012-07-25,2012-08-01,2012-08-06,2049.0,1,2049.0
SO49001,18381,145,2012-07-25,2012-08-01,2012-08-06,2071.0,1,2071.0
SO49001,18381,146,2012-07-25,2012-08-01,2012-08-06,2071.0,1,2071.0
SO49002,12324,160,2012-07-25,2012-08-01,2012-08-06,2182.0,1,2182.0
SO49002,12324,161,2012-07-25,2012-08-01,2012-08-06,2182.0,1,2182.0
SO49003,12326,158,2012-07-25,2012-08-01,2012-08-06,2443.0,1,2443.0
SO49004,12421,159,2012-07-25,2012-08-01,2012-08-06,2443.0,1,2443.0
SO49005,15724,151,2012-07-25,2012-08-01,2012-08-06,2049.0,1,2049.0
SO49005,15724,152,2012-07-25,2012-08-01,2012-08-06,2049.0,1,2049.0
SO49006,2634,149,2012-07-25,2012-08-01,2012-08-06,2049.0,1,2049.0
SO49006,2634,150,2012-07-25,2012-08-01,2012-08-06,2049.0,1,2049.0
SO49007,2638,151,2012-07-25,2012-08-01,2012-08-06,2049.0,1,2049.0
SO49007,2638,152,2012-07-25,2012-08-01,2012-08-06,2049.0,1,2049.0
SO49008,15661,119,2012-07-25,2012-08-01,2012-08-06,783.0,1,783.0
SO49008,15661,120,2012-07-25,2012-08-01,2012-08-06,783.0,1,783.0
SO49009,9891,121,2012-07-26,2012-08-02,2012-08-07,783.0,1,783.0
SO49009,9891,122,2012-07-26,2012-08-02,2012-08-07,783.0,1,783.0
SO49010,12417,158,2012-07-26,2012-08-02,2012-08-07,2443.0,1,2443.0
SO49011,15699,147,2012-07-26,2012-08-02,2012-08-07,2049.0,1,2049.0
SO49011,15699,148,2012-07-26,2012-08-02,2012-08-07,2049.0,1,2049.0
SO49012,5573,157,2012-07-27,2012-08-03,2012-08-08,2443.0,1,2443.0
SO49013,2746,159,2012-07-27,2012-08-03,2012-08-08,2443.0,1,2443.0
SO49014,12332,157,2012-07-27,2012-08-03,2012-08-08,2443.0,1,2443.0
SO49015,2966,141,2012-07-27,2012-08-03,2012-08-08,2071.0,1,2071.0
SO49015,2966,142,2012-07-27,2012-08-03,2012-08-08,2071.0,1,2071.0
SO49016,2972,147,2012-07-27,2012-08-03,2012-08-08,2049.0,1,2049.0
SO49016,2972,148,2012-07-27,2012-08-03,2012-08-08,2049.0,1,2049.0
SO49017,6745,164,2012-07-28,2012-08-04,2012-08-09,2182.0,1,2182.0
SO49017,6745,165,2012-07-28,2012-08-04,2012-08-09,2182.0,1,2182.0
SO49018,6748,160,2012-07-28,2012-08-04,2012-08-09,2182.0,1,2182.0
SO49018,6748,161,2012-07-28,2012-08-04,2012-08-09,2182.0,1,2182.0
SO49019,6783,160,2012-07-28,2012-08-04,2012-08-09,2182.0,1,2182.0
SO49019,6783,161,2012-07-28,2012-08-04,2012-08-09,2182.0,1,2182.0
SO49020,8036,174,2012-07-28,2012-08-04,2012-08-09,1000.0,1,1000.0
SO49020,8036,175,2012-07-28,2012-08-04,2012-08-09,1000.0,1,1000.0
SO49021,2745,160,2012-07-28,2012-08-04,2012-08-09,2182.0,1,2182.0
SO49021,2745,161,2012-07-28,2012-08-04,2012-08-09,2182.0,1,2182.0
SO49022,12117,166,2012-07-28,2012-08-04,2012-08-09,2182.0,1,2182.0
SO49022,12117,167,2012-07-28,2012-08-04,2012-08-09,2182.0,1,2182.0
SO49023,15590,117,2012-07-28,2012-08-04,2012-08-09,783.0,1,783.0
SO49023,15590,118,2012-07-28,2012-08-04,2012-08-09,783.0,1,783.0
SO49024,15655,129,2012-07-28,2012-08-04,2012-08-09,783.0,1,783.0
SO49024,15655,130,2012-07-28,2012-08-04,2012-08-09,783.0,1,783.0
SO49025,8320,121,2012-07-29,2012-08-05,2012-08-10,783.0,1,783.0
SO49025,8320,122,2012-07-29,2012-08-05,2012-08-10,783.0,1,783.0
SO49026,5550,159,2012-07-29,2012-08-05,2012-08-10,2443.0,1,2443.0
SO49027,4502,113,2012-07-29,2012-08-05,2012-08-10,783.0,1,783.0
SO49027,4502,114,2012-07-29,2012-08-05,2012-08-10,783.0,1,783.0
SO49028,2649,149,2012-07-29,2012-08-05,2012-08-10,2049.0,1,2049.0
SO49028,2649,150,2012-07-29,2012-08-05,2012-08-10,2049.0,1,2049.0
SO49029,14021,172,2012-07-29,2012-08-05,2012-08-10,1000.0,1,1000.0
SO49029,14021,173,2012-07-29,2012-08-05,2012-08-10,1000.0,1,1000.0
SO49030,12120,164,2012-07-29,2012-08-05,2012-08-10,2182.0,1,2182.0
SO49030,12120,165,2012-07-29,2012-08-05,2012-08-10,2182.0,1,2182.0
SO49031,18390,151,2012-07-30,2012-08-06,2012-08-11,2049.0,1,2049.0
SO49031,18390,152,2012-07-30,2012-08-06,2012-08-11,2049.0,1,2049.0
SO49032,4086,157,2012-07-30,2012-08-06,2012-08-11,2443.0,1,2443.0
SO49033,2748,164,2012-07-30,2012-08-06,2012-08-11,2182.0,1,2182.0
SO49033,2748,165,2012-07-30,2012-08-06,2012-08-11,2182.0,1,2182.0
SO49034,12322,157,2012-07-30,2012-08-06,2012-08-11,2443.0,1,2443.0
SO49035,12344,164,2012-07-30,2012-08-06,2012-08-11,2182.0,1,2182.0
SO49035,12344,165,2012-07-30,2012-08-06,2012-08-11,2182.0,1,2182.0
SO49036,15732,149,2012-07-30,2012-08-06,2012-08-11,2049.0,1,2049.0
SO49036,15732,150,2012-07-30,2012-08-06,2012-08-11,2049.0,1,2049.0
SO49037,9709,145,2012-07-30,2012-08-06,2012-08-11,2071.0,1,2071.0
SO49037,9709,146,2012-07-30,2012-08-06,2012-08-11,2071.0,1,2071.0
SO49038,10139,149,2012-07-30,2012-08-06,2012-08-11,2049.0,1,2049.0
SO49038,10139,150,2012-07-30,2012-08-06,2012-08-11,2049.0,1,2049.0
SO49171,2866,164,2012-07-31,2012-08-07,2012-08-12,2182.0,1,2182.0
SO49171,2866,165,2012-07-31,2012-08-07,2012-08-12,2182.0,1,2182.0
SO49172,2886,157,2012-07-31,2012-08-07,2012-08-12,2443.0,1,2443.0
SO49173,3048,141,2012-07-31,2012-08-07,2012-08-12,2071.0,1,2071.0
SO49173,3048,142,2012-07-31,2012-08-07,2012-08-12,2071.0,1,2071.0
SO49174,3050,143,2012-07-31,2012-08-07,2012-08-12,2071.0,1,2071.0
SO49174,3050,144,2012-07-31,2012-08-07,2012-08-12,2071.0,1,2071.0
SO49175,12432,159,2012-07-31,2012-08-07,2012-08-12,2443.0,1,2443.0
SO49176,16055,145,2012-07-31,2012-08-07,2012-08-12,2071.0,1,2071.0
SO49176,16055,146,2012-07-31,2012-08-07,2012-08-12,2071.0,1,2071.0
SO49177,16065,143,2012-07-31,2012-08-07,2012-08-12,2071.0,1,2071.0
SO49177,16065,144,2012-07-31,2012-08-07,2012-08-12,2071.0,1,2071.0
SO49178,3343,176,2012-07-31,2012-08-07,2012-08-12,1000.0,1,1000.0
SO49178,3343,177,2012-07-31,2012-08-07,2012-08-12,1000.0,1,1000.0
SO49179,3366,170,2012-07-31,2012-08-07,2012-08-12,1000.0,1,1000.0
SO49179,3366,171,2012-07-31,2012-08-07,2012-08-12,1000.0,1,1000.0
SO49180,15745,121,2012-07-31,2012-08-07,2012-08-12,783.0,1,783.0
SO49180,15745,122,2012-07-31,2012-08-07,2012-08-12,783.0,1,783.0
SO49181,6891,164,2012-08-01,2012-08-08,2012-08-13,2182.0,1,2182.0
SO49181,6891,165,2012-08-01,2012-08-08,2012-08-13,2182.0,1,2182.0
SO49182,5831,158,2012-08-01,2012-08-08,2012-08-13,2443.0,1,2443.0
SO49183,5945,159,2012-08-01,2012-08-08,2012-08-13,2443.0,1,2443.0
SO49184,3130,151,2012-08-01,2012-08-08,2012-08-13,2049.0,1,2049.0
SO49184,3130,152,2012-08-01,2012-08-08,2012-08-13,2049.0,1,2049.0
SO49185,3135,151,2012-08-01,2012-08-08,2012-08-13,2049.0,1,2049.0
SO49185,3135,152,2012-08-01,2012-08-08,2012-08-13,2049.0,1,2049.0
SO49186,12527,159,2012-08-01,2012-08-08,2012-08-13,2443.0,1,2443.0
SO49187,12546,168,2012-08-01,2012-08-08,2012-08-13,2182.0,1,2182.0
SO49187,12546,169,2012-08-01,2012-08-08,2012-08-13,2182.0,1,2182.0
SO49188,15816,147,2012-08-01,2012-08-08,2012-08-13,2049.0,1,2049.0
SO49188,15816,148,2012-08-01,2012-08-08,2012-08-13,2049.0,1,2049.0
SO49189,4526,129,2012-08-01,2012-08-08,2012-08-13,783.0,1,783.0
SO49189,4526,130,2012-08-01,2012-08-08,2012-08-13,783.0,1,783.0
SO49190,14034,172,2012-08-01,2012-08-08,2012-08-13,1000.0,1,1000.0
SO49190,14034,173,2012-08-01,2012-08-08,2012-08-13,1000.0,1,1000.0
SO49191,8436,176,2012-08-02,2012-08-09,2012-08-14,1000.0,1,1000.0
SO49191,8436,177,2012-08-02,2012-08-09,2012-08-14,1000.0,1,1000.0
SO49192,8041,176,2012-08-02,2012-08-09,2012-08-14,1000.0,1,1000.0
SO49192,8041,177,2012-08-02,2012-08-09,2012-08-14,1000.0,1,1000.0
SO49193,18391,149,2012-08-02,2012-08-09,2012-08-14,2049.0,1,2049.0
SO49193,18391,150,2012-08-02,2012-08-09,2012-08-14,2049.0,1,2049.0
SO49194,9923,123,2012-08-02,2012-08-09,2012-08-14,783.0,1,783.0
SO49194,9923,124,2012-08-02,2012-08-09,2012-08-14,783.0,1,783.0
SO49195,9846,109,2012-08-02,2012-08-09,2012-08-14,783.0,1,783.0
SO49195,9846,110,2012-08-02,2012-08-09,2012-08-14,783.0,1,783.0
SO49196,1387,143,2012-08-02,2012-08-09,2012-08-14,2071.0,1,2071.0
SO49196,1387,144,2012-08-02,2012-08-09,2012-08-14,2071.0,1,2071.0
SO49197,18416,149,2012-08-02,2012-08-09,2012-08-14,2049.0,1,2049.0
SO49197,18416,150,2012-08-02,2012-08-09,2012-08-14,2049.0,1,2049.0
SO49198,15663,131,2012-08-02,2012-08-09,2012-08-14,783.0,1,783.0
SO49198,15663,132,2012-08-02,2012-08-09,2012-08-14,783.0,1,783.0
SO49199,15668,125,2012-08-02,2012-08-09,2012-08-14,783.0,1,783.0
SO49199,15668,126,2012-08-02,2012-08-09,2012-08-14,783.0,1,783.0
SO49200,6890,157,2012-08-03,2012-08-10,2012-08-15,2443.0,1,2443.0
SO49201,6796,159,2012-08-03,2012-08-10,2012-08-15,2443.0,1,2443.0
SO49202,6830,164,2012-08-03,2012-08-10,2012-08-15,2182.0,1,2182.0
SO49202,6830,165,2012-08-03,2012-08-10,2012-08-15,2182.0,1,2182.0
SO49203,8344,119,2012-08-03,2012-08-10,2012-08-15,783.0,1,783.0
SO49203,8344,120,2012-08-03,2012-08-10,2012-08-15,783.0,1,783.0
SO49204,3104,141,2012-08-03,2012-08-10,2012-08-15,2071.0,1,2071.0
SO49204,3104,142,2012-08-03,2012-08-10,2012-08-15,2071.0,1,2071.0
SO49205,3131,147,2012-08-03,2012-08-10,2012-08-15,2049.0,1,2049.0
SO49205,3131,148,2012-08-03,2012-08-10,2012-08-15,2049.0,1,2049.0
SO49206,12424,164,2012-08-03,2012-08-10,2012-08-15,2182.0,1,2182.0
SO49206,12424,165,2012-08-03,2012-08-10,2012-08-15,2182.0,1,2182.0
SO49207,12433,158,2012-08-03,2012-08-10,2012-08-15,2443.0,1,2443.0
SO49208,12532,164,2012-08-03,2012-08-10,2012-08-15,2182.0,1,2182.0
SO49208,12532,165,2012-08-03,2012-08-10,2012-08-15,2182.0,1,2182.0
SO49209,12542,160,2012-08-03,2012-08-10,2012-08-15,2182.0,1,2182.0
SO49209,12542,161,2012-08-03,2012-08-10,2012-08-15,2182.0,1,2182.0
SO49210,10332,145,2012-08-03,2012-08-10,2012-08-15,2071.0,1,2071.0
SO49210,10332,146,2012-08-03,2012-08-10,2012-08-15,2071.0,1,2071.0
SO49211,16021,143,2012-08-03,2012-08-10,2012-08-15,2071.0,1,2071.0
SO49211,16021,144,2012-08-03,2012-08-10,2012-08-15,2071.0,1,2071.0
SO49212,3338,176,2012-08-03,2012-08-10,2012-08-15,1000.0,1,1000.0
SO49212,3338,177,2012-08-03,2012-08-10,2012-08-15,1000.0,1,1000.0
SO49213,14035,176,2012-08-03,2012-08-10,2012-08-15,1000.0,1,1000.0
SO49213,14035,177,2012-08-03,2012-08-10,2012-08-15,1000.0,1,1000.0
SO49214,12576,168,2012-08-03,2012-08-10,2012-08-15,2182.0,1,2182.0
SO49214,12576,169,2012-08-03,2012-08-10,2012-08-15,2182.0,1,2182.0
SO49215,4522,113,2012-08-03,2012-08-10,2012-08-15,783.0,1,783.0
SO49215,4522,114,2012-08-03,2012-08-10,2012-08-15,783.0,1,783.0
SO49216,15750,115,2012-08-03,2012-08-10,2012-08-15,783.0,1,783.0
SO49216,15750,116,2012-08-03,2012-08-10,2012-08-15,783.0,1,783.0
SO49217,4638,166,2012-08-04,2012-08-11,2012-08-16,2182.0,1,2182.0
SO49217,4638,167,2012-08-04,2012-08-11,2012-08-16,2182.0,1,2182.0
SO49218,15114,168,2012-08-04,2012-08-11,2012-08-16,2182.0,1,2182.0
SO49218,15114,169,2012-08-04,2012-08-11,2012-08-16,2182.0,1,2182.0
SO49219,1620,151,2012-08-04,2012-08-11,2012-08-16,2049.0,1,2049.0
SO49219,1620,152,2012-08-04,2012-08-11,2012-08-16,2049.0,1,2049.0
SO49220,3033,141,2012-08-04,2012-08-11,2012-08-16,2071.0,1,2071.0
SO49220,3033,142,2012-08-04,2012-08-11,2012-08-16,2071.0,1,2071.0
SO49221,12533,168,2012-08-04,2012-08-11,2012-08-16,2182.0,1,2182.0
SO49221,12533,169,2012-08-04,2012-08-11,2012-08-16,2182.0,1,2182.0
SO49222,16079,141,2012-08-04,2012-08-11,2012-08-16,2071.0,1,2071.0
SO49222,16079,142,2012-08-04,2012-08-11,2012-08-16,2071.0,1,2071.0
SO49223,16018,149,2012-08-04,2012-08-11,2012-08-16,2049.0,1,2049.0
SO49223,16018,150,2012-08-04,2012-08-11,2012-08-16,2049.0,1,2049.0
SO49224,16074,147,2012-08-04,2012-08-11,2012-08-16,2049.0,1,2049.0
SO49224,16074,148,2012-08-04,2012-08-11,2012-08-16,2049.0,1,2049.0
SO49225,6192,164,2012-08-05,2012-08-12,2012-08-17,2182.0,1,2182.0
SO49225,6192,165,2012-08-05,2012-08-12,2012-08-17,2182.0,1,2182.0
SO49226,6793,159,2012-08-05,2012-08-12,2012-08-17,2443.0,1,2443.0
SO49227,2874,158,2012-08-05,2012-08-12,2012-08-17,2443.0,1,2443.0
SO49228,18405,149,2012-08-05,2012-08-12,2012-08-17,2049.0,1,2049.0
SO49228,18405,150,2012-08-05,2012-08-12,2012-08-17,2049.0,1,2049.0
SO49229,1391,145,2012-08-05,2012-08-12,2012-08-17,2071.0,1,2071.0
SO49229,1391,146,2012-08-05,2012-08-12,2012-08-17,2071.0,1,2071.0
SO49230,10267,147,2012-08-05,2012-08-12,2012-08-17,2049.0,1,2049.0
SO49230,10267,148,2012-08-05,2012-08-12,2012-08-17,2049.0,1,2049.0
SO49231,16059,151,2012-08-05,2012-08-12,2012-08-17,2049.0,1,2049.0
SO49231,16059,152,2012-08-05,2012-08-12,2012-08-17,2049.0,1,2049.0
SO49232,4530,109,2012-08-05,2012-08-12,2012-08-17,783.0,1,783.0
SO49232,4530,110,2012-08-05,2012-08-12,2012-08-17,783.0,1,783.0
SO49233,4532,113,2012-08-05,2012-08-12,2012-08-17,783.0,1,783.0
SO49233,4532,114,2012-08-05,2012-08-12,2012-08-17,783.0,1,783.0
SO49234,4535,117,2012-08-05,2012-08-12,2012-08-17,783.0,1,783.0
SO49234,4535,118,2012-08-05,2012-08-12,2012-08-17,783.0,1,783.0
SO49235,4538,109,2012-08-05,2012-08-12,2012-08-17,783.0,1,783.0
SO49235,4538,110,2012-08-05,2012-08-12,2012-08-17,783.0,1,783.0
SO49236,14022,178,2012-08-05,2012-08-12,2012-08-17,1000.0,1,1000.0
SO49236,14022,179,2012-08-05,2012-08-12,2012-08-17,1000.0,1,1000.0
SO49237,14036,174,2012-08-05,2012-08-12,2012-08-17,1000.0,1,1000.0
SO49237,14036,175,2012-08-05,2012-08-12,2012-08-17,1000.0,1,1000.0
SO49238,12594,168,2012-08-05,2012-08-12,2012-08-17,2182.0,1,2182.0
SO49238,12594,169,2012-08-05,2012-08-12,2012-08-17,2182.0,1,2182.0
SO49239,3012,143,2012-08-06,2012-08-13,2012-08-18,2071.0,1,2071.0
SO49239,3012,144,2012-08-06,2012-08-13,2012-08-18,2071.0,1,2071.0
SO49240,3059,141,2012-08-06,2012-08-13,2012-08-18,2071.0,1,2071.0
SO49240,3059,142,2012-08-06,2012-08-13,2012-08-18,2071.0,1,2071.0
SO49241,3066,143,2012-08-06,2012-08-13,2012-08-18,2071.0,1,2071.0
SO49241,3066,144,2012-08-06,2012-08-13,2012-08-18,2071.0,1,2071.0
SO49242,12525,157,2012-08-06,2012-08-13,2012-08-18,2443.0,1,2443.0
SO49243,16075,147,2012-08-06,2012-08-13,2012-08-18,2049.0,1,2049.0
SO49243,16075,148,2012-08-06,2012-08-13,2012-08-18,2049.0,1,2049.0
SO49244,10285,151,2012-08-06,2012-08-13,2012-08-18,2049.0,1,2049.0
SO49244,10285,152,2012-08-06,2012-08-13,2012-08-18,2049.0,1,2049.0
SO49245,14030,178,2012-08-06,2012-08-13,2012-08-18,1000.0,1,1000.0
SO49245,14030,179,2012-08-06,2012-08-13,2012-08-18,1000.0,1,1000.0
SO49246,12641,162,2012-08-06,2012-08-13,2012-08-18,2182.0,1,2182.0
SO49246,12641,163,2012-08-06,2012-08-13,2012-08-18,2182.0,1,2182.0
SO49247,6794,158,2012-08-07,2012-08-14,2012-08-19,2443.0,1,2443.0
SO49248,6767,176,2012-08-07,2012-08-14,2012-08-19,1000.0,1,1000.0
SO49248,6767,177,2012-08-07,2012-08-14,2012-08-19,1000.0,1,1000.0
SO49249,6768,174,2012-08-07,2012-08-14,2012-08-19,1000.0,1,1000.0
SO49249,6768,175,2012-08-07,2012-08-14,2012-08-19,1000.0,1,1000.0
SO49250,8324,131,2012-08-07,2012-08-14,2012-08-19,783.0,1,783.0
SO49250,8324,132,2012-08-07,2012-08-14,2012-08-19,783.0,1,783.0
SO49251,2872,166,2012-08-07,2012-08-14,2012-08-19,2182.0,1,2182.0
SO49251,2872,167,2012-08-07,2012-08-14,2012-08-19,2182.0,1,2182.0
SO49252,1379,141,2012-08-07,2012-08-14,2012-08-19,2071.0,1,2071.0
SO49252,1379,142,2012-08-07,2012-08-14,2012-08-19,2071.0,1,2071.0
SO49253,3212,149,2012-08-07,2012-08-14,2012-08-19,2049.0,1,2049.0
SO49253,3212,150,2012-08-07,2012-08-14,2012-08-19,2049.0,1,2049.0
SO49254,3217,147,2012-08-07,2012-08-14,2012-08-19,2049.0,1,2049.0
SO49254,3217,148,2012-08-07,2012-08-14,2012-08-19,2049.0,1,2049.0
SO49255,4524,115,2012-08-07,2012-08-14,2012-08-19,783.0,1,783.0
SO49255,4524,116,2012-08-07,2012-08-14,2012-08-19,783.0,1,783.0
SO49256,2998,143,2012-08-07,2012-08-14,2012-08-19,2071.0,1,2071.0
SO49256,2998,144,2012-08-07,2012-08-14,2012-08-19,2071.0,1,2071.0
SO49257,15747,109,2012-08-07,2012-08-14,2012-08-19,783.0,1,783.0
SO49257,15747,110,2012-08-07,2012-08-14,2012-08-19,783.0,1,783.0
SO49258,6829,157,2012-08-08,2012-08-15,2012-08-20,2443.0,1,2443.0
SO49259,18398,149,2012-08-08,2012-08-15,2012-08-20,2049.0,1,2049.0
SO49259,18398,150,2012-08-08,2012-08-15,2012-08-20,2049.0,1,2049.0
SO49260,1609,151,2012-08-08,2012-08-15,2012-08-20,2049.0,1,2049.0
SO49260,1609,152,2012-08-08,2012-08-15,2012-08-20,2049.0,1,2049.0
SO49261,1610,149,2012-08-08,2012-08-15,2012-08-20,2049.0,1,2049.0
SO49261,1610,150,2012-08-08,2012-08-15,2012-08-20,2049.0,1,2049.0
SO49262,8336,121,2012-08-08,2012-08-15,2012-08-20,783.0,1,783.0
SO49262,8336,122,2012-08-08,2012-08-15,2012-08-20,783.0,1,783.0
SO49263,9844,131,2012-08-08,2012-08-15,2012-08-20,783.0,1,783.0
SO49263,9844,132,2012-08-08,2012-08-15,2012-08-20,783.0,1,783.0
SO49264,3047,145,2012-08-08,2012-08-15,2012-08-20,2071.0,1,2071.0
SO49264,3047,146,2012-08-08,2012-08-15,2012-08-20,2071.0,1,2071.0
SO49265,3051,145,2012-08-08,2012-08-15,2012-08-20,2071.0,1,2071.0
SO49265,3051,146,2012-08-08,2012-08-15,2012-08-20,2071.0,1,2071.0
SO49266,3052,151,2012-08-08,2012-08-15,2012-08-20,2049.0,1,2049.0
SO49266,3052,152,2012-08-08,2012-08-15,2012-08-20,2049.0,1,2049.0
SO49267,3132,145,2012-08-08,2012-08-15,2012-08-20,2071.0,1,2071.0
SO49267,3132,146,2012-08-08,2012-08-15,2012-08-20,2071.0,1,2071.0
SO49268,16057,145,2012-08-08,2012-08-15,2012-08-20,2071.0,1,2071.0
SO49268,16057,146,2012-08-08,2012-08-15,2012-08-20,2071.0,1,2071.0
SO49269,2885,162,2012-08-09,2012-08-16,2012-08-21,2182.0,1,2182.0
SO49269,2885,163,2012-08-09,2012-08-16,2012-08-21,2182.0,1,2182.0
SO49270,18413,141,2012-08-09,2012-08-16,2012-08-21,2071.0,1,2071.0
SO49270,18413,142,2012-08-09,2012-08-16,2012-08-21,2071.0,1,2071.0
SO49271,1631,143,2012-08-09,2012-08-16,2012-08-21,2071.0,1,2071.0
SO49271,1631,144,2012-08-09,2012-08-16,2012-08-21,2071.0,1,2071.0
SO49272,3056,151,2012-08-09,2012-08-16,2012-08-21,2049.0,1,2049.0
SO49272,3056,152,2012-08-09,2012-08-16,2012-08-21,2049.0,1,2049.0
SO49273,10273,141,2012-08-09,2012-08-16,2012-08-21,2071.0,1,2071.0
SO49273,10273,142,2012-08-09,2012-08-16,2012-08-21,2071.0,1,2071.0
SO49274,10312,151,2012-08-09,2012-08-16,2012-08-21,2049.0,1,2049.0
SO49274,10312,152,2012-08-09,2012-08-16,2012-08-21,2049.0,1,2049.0
SO49275,12646,157,2012-08-09,2012-08-16,2012-08-21,2443.0,1,2443.0
SO49276,6850,168,2012-08-10,2012-08-17,2012-08-22,2182.0,1,2182.0
SO49276,6850,169,2012-08-10,2012-08-17,2012-08-22,2182.0,1,2182.0
SO49277,1616,141,2012-08-10,2012-08-17,2012-08-22,2071.0,1,2071.0
SO49277,1616,142,2012-08-10,2012-08-17,2012-08-22,2071.0,1,2071.0
SO49278,3039,147,2012-08-10,2012-08-17,2012-08-22,2049.0,1,2049.0
SO49278,3039,148,2012-08-10,2012-08-17,2012-08-22,2049.0,1,2049.0
SO49279,3046,151,2012-08-10,2012-08-17,2012-08-22,2049.0,1,2049.0
SO49279,3046,152,2012-08-10,2012-08-17,2012-08-22,2049.0,1,2049.0
SO49280,6816,157,2012-08-11,2012-08-18,2012-08-23,2443.0,1,2443.0
SO49281,8325,131,2012-08-11,2012-08-18,2012-08-23,783.0,1,783.0
SO49281,8325,132,2012-08-11,2012-08-18,2012-08-23,783.0,1,783.0
SO49282,3134,151,2012-08-11,2012-08-18,2012-08-23,2049.0,1,2049.0
SO49282,3134,152,2012-08-11,2012-08-18,2012-08-23,2049.0,1,2049.0
SO49283,3221,141,2012-08-11,2012-08-18,2012-08-23,2071.0,1,2071.0
SO49283,3221,142,2012-08-11,2012-08-18,2012-08-23,2071.0,1,2071.0
SO49284,12437,164,2012-08-11,2012-08-18,2012-08-23,2182.0,1,2182.0
SO49284,12437,165,2012-08-11,2012-08-18,2012-08-23,2182.0,1,2182.0
SO49285,16078,145,2012-08-11,2012-08-18,2012-08-23,2071.0,1,2071.0
SO49285,16078,146,2012-08-11,2012-08-18,2012-08-23,2071.0,1,2071.0
SO49286,16051,141,2012-08-11,2012-08-18,2012-08-23,2071.0,1,2071.0
SO49286,16051,142,2012-08-11,2012-08-18,2012-08-23,2071.0,1,2071.0
SO49287,3008,145,2012-08-11,2012-08-18,2012-08-23,2071.0,1,2071.0
SO49287,3008,146,2012-08-11,2012-08-18,2012-08-23,2071.0,1,2071.0
SO49288,2995,143,2012-08-11,2012-08-18,2012-08-23,2071.0,1,2071.0
SO49288,2995,144,2012-08-11,2012-08-18,2012-08-23,2071.0,1,2071.0
SO49289,15749,119,2012-08-11,2012-08-18,2012-08-23,783.0,1,783.0
SO49289,15749,120,2012-08-11,2012-08-18,2012-08-23,783.0,1,783.0
SO49290,5941,158,2012-08-12,2012-08-19,2012-08-24,2443.0,1,2443.0
SO49291,8434,176,2012-08-12,2012-08-19,2012-08-24,1000.0,1,1000.0
SO49291,8434,177,2012-08-12,2012-08-19,2012-08-24,1000.0,1,1000.0
SO49292,8039,178,2012-08-12,2012-08-19,2012-08-24,1000.0,1,1000.0
SO49292,8039,179,2012-08-12,2012-08-19,2012-08-24,1000.0,1,1000.0
SO49293,1298,147,2012-08-12,2012-08-19,2012-08-24,2049.0,1,2049.0
SO49293,1298,148,2012-08-12,2012-08-19,2012-08-24,2049.0,1,2049.0
SO49294,2883,157,2012-08-12,2012-08-19,2012-08-24,2443.0,1,2443.0
SO49295,1389,151,2012-08-12,2012-08-19,2012-08-24,2049.0,1,2049.0
SO49295,1389,152,2012-08-12,2012-08-19,2012-08-24,2049.0,1,2049.0
SO49296,3011,145,2012-08-12,2012-08-19,2012-08-24,2071.0,1,2071.0
SO49296,3011,146,2012-08-12,2012-08-19,2012-08-24,2071.0,1,2071.0
SO49297,3128,147,2012-08-12,2012-08-19,2012-08-24,2049.0,1,2049.0
SO49297,3128,148,2012-08-12,2012-08-19,2012-08-24,2049.0,1,2049.0
SO49298,3211,145,2012-08-12,2012-08-19,2012-08-24,2071.0,1,2071.0
SO49298,3211,146,2012-08-12,2012-08-19,2012-08-24,2071.0,1,2071.0
SO49299,12534,166,2012-08-12,2012-08-19,2012-08-24,2182.0,1,2182.0
SO49299,12534,167,2012-08-12,2012-08-19,2012-08-24,2182.0,1,2182.0
SO49300,3363,172,2012-08-12,2012-08-19,2012-08-24,1000.0,1,1000.0
SO49300,3363,173,2012-08-12,2012-08-19,2012-08-24,1000.0,1,1000.0
SO49301,4666,166,2012-08-13,2012-08-20,2012-08-25,2182.0,1,2182.0
SO49301,4666,167,2012-08-13,2012-08-20,2012-08-25,2182.0,1,2182.0
SO49302,4652,160,2012-08-13,2012-08-20,2012-08-25,2182.0,1,2182.0
SO49302,4652,161,2012-08-13,2012-08-20,2012-08-25,2182.0,1,2182.0
SO49303,6104,166,2012-08-13,2012-08-20,2012-08-25,2182.0,1,2182.0
SO49303,6104,167,2012-08-13,2012-08-20,2012-08-25,2182.0,1,2182.0
SO49304,8438,170,2012-08-13,2012-08-20,2012-08-25,1000.0,1,1000.0
SO49304,8438,171,2012-08-13,2012-08-20,2012-08-25,1000.0,1,1000.0
SO49305,2867,160,2012-08-13,2012-08-20,2012-08-25,2182.0,1,2182.0
SO49305,2867,161,2012-08-13,2012-08-20,2012-08-25,2182.0,1,2182.0
SO49306,2887,162,2012-08-13,2012-08-20,2012-08-25,2182.0,1,2182.0
SO49306,2887,163,2012-08-13,2012-08-20,2012-08-25,2182.0,1,2182.0
SO49307,3072,147,2012-08-13,2012-08-20,2012-08-25,2049.0,1,2049.0
SO49307,3072,148,2012-08-13,2012-08-20,2012-08-25,2049.0,1,2049.0
SO49308,3129,141,2012-08-13,2012-08-20,2012-08-25,2071.0,1,2071.0
SO49308,3129,142,2012-08-13,2012-08-20,2012-08-25,2071.0,1,2071.0
SO49309,3365,170,2012-08-13,2012-08-20,2012-08-25,1000.0,1,1000.0
SO49309,3365,171,2012-08-13,2012-08-20,2012-08-25,1000.0,1,1000.0
SO49310,4528,125,2012-08-13,2012-08-20,2012-08-25,783.0,1,783.0
SO49310,4528,126,2012-08-13,2012-08-20,2012-08-25,783.0,1,783.0
SO49311,15744,123,2012-08-13,2012-08-20,2012-08-25,783.0,1,783.0
SO49311,15744,124,2012-08-13,2012-08-20,2012-08-25,783.0,1,783.0
SO49312,6087,158,2012-08-14,2012-08-21,2012-08-26,2443.0,1,2443.0
SO49313,3040,147,2012-08-14,2012-08-21,2012-08-26,2049.0,1,2049.0
SO49313,3040,148,2012-08-14,2012-08-21,2012-08-26,2049.0,1,2049.0
SO49314,3215,151,2012-08-14,2012-08-21,2012-08-26,2049.0,1,2049.0
SO49314,3215,152,2012-08-14,2012-08-21,2012-08-26,2049.0,1,2049.0
SO49315,3216,151,2012-08-14,2012-08-21,2012-08-26,2049.0,1,2049.0
SO49315,3216,152,2012-08-14,2012-08-21,2012-08-26,2049.0,1,2049.0
SO49316,12434,168,2012-08-14,2012-08-21,2012-08-26,2182.0,1,2182.0
SO49316,12434,169,2012-08-14,2012-08-21,2012-08-26,2182.0,1,2182.0
SO49317,3356,170,2012-08-14,2012-08-21,2012-08-26,1000.0,1,1000.0
SO49317,3356,171,2012-08-14,2012-08-21,2012-08-26,1000.0,1,1000.0
SO49318,16268,121,2012-08-14,2012-08-21,2012-08-26,783.0,1,783.0
SO49318,16268,122,2012-08-14,2012-08-21,2012-08-26,783.0,1,783.0
SO49319,14023,176,2012-08-14,2012-08-21,2012-08-26,1000.0,1,1000.0
SO49319,14023,177,2012-08-14,2012-08-21,2012-08-26,1000.0,1,1000.0
SO49320,12650,162,2012-08-14,2012-08-21,2012-08-26,2182.0,1,2182.0
SO49320,12650,163,2012-08-14,2012-08-21,2012-08-26,2182.0,1,2182.0
SO49321,16064,145,2012-08-14,2012-08-21,2012-08-26,2071.0,1,2071.0
SO49321,16064,146,2012-08-14,2012-08-21,2012-08-26,2071.0,1,2071.0
SO49322,15748,117,2012-08-14,2012-08-21,2012-08-26,783.0,1,783.0
SO49322,15748,118,2012-08-14,2012-08-21,2012-08-26,783.0,1,783.0
SO49323,1613,151,2012-08-15,2012-08-22,2012-08-27,2049.0,1,2049.0
SO49323,1613,152,2012-08-15,2012-08-22,2012-08-27,2049.0,1,2049.0
SO49324,1462,141,2012-08-15,2012-08-22,2012-08-27,2071.0,1,2071.0
SO49324,1462,142,2012-08-15,2012-08-22,2012-08-27,2071.0,1,2071.0
SO49325,3220,145,2012-08-15,2012-08-22,2012-08-27,2071.0,1,2071.0
SO49325,3220,146,2012-08-15,2012-08-22,2012-08-27,2071.0,1,2071.0
SO49326,10306,149,2012-08-15,2012-08-22,2012-08-27,2049.0,1,2049.0
SO49326,10306,150,2012-08-15,2012-08-22,2012-08-27,2049.0,1,2049.0
SO49327,6791,158,2012-08-16,2012-08-23,2012-08-28,2443.0,1,2443.0
SO49328,6813,162,2012-08-16,2012-08-23,2012-08-28,2182.0,1,2182.0
SO49328,6813,163,2012-08-16,2012-08-23,2012-08-28,2182.0,1,2182.0
SO49329,6755,176,2012-08-16,2012-08-23,2012-08-28,1000.0,1,1000.0
SO49329,6755,177,2012-08-16,2012-08-23,2012-08-28,1000.0,1,1000.0
SO49330,1315,143,2012-08-16,2012-08-23,2012-08-28,2071.0,1,2071.0
SO49330,1315,144,2012-08-16,2012-08-23,2012-08-28,2071.0,1,2071.0
SO49331,1385,147,2012-08-16,2012-08-23,2012-08-28,2049.0,1,2049.0
SO49331,1385,148,2012-08-16,2012-08-23,2012-08-28,2049.0,1,2049.0
SO49332,3064,141,2012-08-16,2012-08-23,2012-08-28,2071.0,1,2071.0
SO49332,3064,142,2012-08-16,2012-08-23,2012-08-28,2071.0,1,2071.0
SO49333,3103,143,2012-08-16,2012-08-23,2012-08-28,2071.0,1,2071.0
SO49333,3103,144,2012-08-16,2012-08-23,2012-08-28,2071.0,1,2071.0
SO49334,3133,149,2012-08-16,2012-08-23,2012-08-28,2049.0,1,2049.0
SO49334,3133,150,2012-08-16,2012-08-23,2012-08-28,2049.0,1,2049.0
SO49335,12430,164,2012-08-16,2012-08-23,2012-08-28,2182.0,1,2182.0
SO49335,12430,165,2012-08-16,2012-08-23,2012-08-28,2182.0,1,2182.0
SO49336,12524,166,2012-08-16,2012-08-23,2012-08-28,2182.0,1,2182.0
SO49336,12524,167,2012-08-16,2012-08-23,2012-08-28,2182.0,1,2182.0
SO49337,16069,151,2012-08-16,2012-08-23,2012-08-28,2049.0,1,2049.0
SO49337,16069,152,2012-08-16,2012-08-23,2012-08-28,2049.0,1,2049.0
SO49338,12572,158,2012-08-16,2012-08-23,2012-08-28,2443.0,1,2443.0
SO49339,6184,157,2012-08-17,2012-08-24,2012-08-29,2443.0,1,2443.0
SO49340,4625,164,2012-08-17,2012-08-24,2012-08-29,2182.0,1,2182.0
SO49340,4625,165,2012-08-17,2012-08-24,2012-08-29,2182.0,1,2182.0
SO49341,6757,170,2012-08-17,2012-08-24,2012-08-29,1000.0,1,1000.0
SO49341,6757,171,2012-08-17,2012-08-24,2012-08-29,1000.0,1,1000.0
SO49342,1600,145,2012-08-17,2012-08-24,2012-08-29,2071.0,1,2071.0
SO49342,1600,146,2012-08-17,2012-08-24,2012-08-29,2071.0,1,2071.0
SO49343,3034,145,2012-08-17,2012-08-24,2012-08-29,2071.0,1,2071.0
SO49343,3034,146,2012-08-17,2012-08-24,2012-08-29,2071.0,1,2071.0
SO49344,3049,141,2012-08-17,2012-08-24,2012-08-29,2071.0,1,2071.0
SO49344,3049,142,2012-08-17,2012-08-24,2012-08-29,2071.0,1,2071.0
SO49345,3071,151,2012-08-17,2012-08-24,2012-08-29,2049.0,1,2049.0
SO49345,3071,152,2012-08-17,2012-08-24,2012-08-29,2049.0,1,2049.0
SO49346,3219,151,2012-08-17,2012-08-24,2012-08-29,2049.0,1,2049.0
SO49346,3219,152,2012-08-17,2012-08-24,2012-08-29,2049.0,1,2049.0
SO49347,12540,158,2012-08-17,2012-08-24,2012-08-29,2443.0,1,2443.0
SO49348,12548,158,2012-08-17,2012-08-24,2012-08-29,2443.0,1,2443.0
SO49349,16046,149,2012-08-17,2012-08-24,2012-08-29,2049.0,1,2049.0
SO49349,16046,150,2012-08-17,2012-08-24,2012-08-29,2049.0,1,2049.0
SO49350,4548,119,2012-08-17,2012-08-24,2012-08-29,783.0,1,783.0
SO49350,4548,120,2012-08-17,2012-08-24,2012-08-29,783.0,1,783.0
SO49351,15674,117,2012-08-17,2012-08-24,2012-08-29,783.0,1,783.0
SO49351,15674,118,2012-08-17,2012-08-24,2012-08-29,783.0,1,783.0
SO49352,6083,164,2012-08-18,2012-08-25,2012-08-30,2182.0,1,2182.0
SO49352,6083,165,2012-08-18,2012-08-25,2012-08-30,2182.0,1,2182.0
SO49353,9932,113,2012-08-18,2012-08-25,2012-08-30,783.0,1,783.0
SO49353,9932,114,2012-08-18,2012-08-25,2012-08-30,783.0,1,783.0
SO49354,2884,162,2012-08-18,2012-08-25,2012-08-30,2182.0,1,2182.0
SO49354,2884,163,2012-08-18,2012-08-25,2012-08-30,2182.0,1,2182.0
SO49355,3032,151,2012-08-18,2012-08-25,2012-08-30,2049.0,1,2049.0
SO49355,3032,152,2012-08-18,2012-08-25,2012-08-30,2049.0,1,2049.0
SO49356,12541,158,2012-08-18,2012-08-25,2012-08-30,2443.0,1,2443.0
SO49357,12543,166,2012-08-18,2012-08-25,2012-08-30,2182.0,1,2182.0
SO49357,12543,167,2012-08-18,2012-08-25,2012-08-30,2182.0,1,2182.0
SO49358,16077,145,2012-08-18,2012-08-25,2012-08-30,2071.0,1,2071.0
SO49358,16077,146,2012-08-18,2012-08-25,2012-08-30,2071.0,1,2071.0
SO49359,3344,174,2012-08-18,2012-08-25,2012-08-30,1000.0,1,1000.0
SO49359,3344,175,2012-08-18,2012-08-25,2012-08-30,1000.0,1,1000.0
SO49360,16070,147,2012-08-18,2012-08-25,2012-08-30,2049.0,1,2049.0
SO49360,16070,148,2012-08-18,2012-08-25,2012-08-30,2049.0,1,2049.0
SO49361,4664,162,2012-08-18,2012-08-25,2012-08-30,2182.0,1,2182.0
SO49361,4664,163,2012-08-18,2012-08-25,2012-08-30,2182.0,1,2182.0
SO49362,1623,147,2012-08-19,2012-08-26,2012-08-31,2049.0,1,2049.0
SO49362,1623,148,2012-08-19,2012-08-26,2012-08-31,2049.0,1,2049.0
SO49363,3063,149,2012-08-19,2012-08-26,2012-08-31,2049.0,1,2049.0
SO49363,3063,150,2012-08-19,2012-08-26,2012-08-31,2049.0,1,2049.0
SO49364,12435,168,2012-08-19,2012-08-26,2012-08-31,2182.0,1,2182.0
SO49364,12435,169,2012-08-19,2012-08-26,2012-08-31,2182.0,1,2182.0
SO49365,12530,157,2012-08-19,2012-08-26,2012-08-31,2443.0,1,2443.0
SO49366,12547,166,2012-08-19,2012-08-26,2012-08-31,2182.0,1,2182.0
SO49366,12547,167,2012-08-19,2012-08-26,2012-08-31,2182.0,1,2182.0
SO49367,16048,151,2012-08-19,2012-08-26,2012-08-31,2049.0,1,2049.0
SO49367,16048,152,2012-08-19,2012-08-26,2012-08-31,2049.0,1,2049.0
SO49368,4529,113,2012-08-19,2012-08-26,2012-08-31,783.0,1,783.0
SO49368,4529,114,2012-08-19,2012-08-26,2012-08-31,783.0,1,783.0
SO49369,4553,131,2012-08-19,2012-08-26,2012-08-31,783.0,1,783.0
SO49369,4553,132,2012-08-19,2012-08-26,2012-08-31,783.0,1,783.0
SO49370,12575,168,2012-08-19,2012-08-26,2012-08-31,2182.0,1,2182.0
SO49370,12575,169,2012-08-19,2012-08-26,2012-08-31,2182.0,1,2182.0
SO49371,15664,117,2012-08-19,2012-08-26,2012-08-31,783.0,1,783.0
SO49371,15664,118,2012-08-19,2012-08-26,2012-08-31,783.0,1,783.0
SO49372,4667,158,2012-08-20,2012-08-27,2012-09-01,2443.0,1,2443.0
SO49373,6753,172,2012-08-20,2012-08-27,2012-09-01,1000.0,1,1000.0
SO49373,6753,173,2012-08-20,2012-08-27,2012-09-01,1000.0,1,1000.0
SO49374,9934,121,2012-08-20,2012-08-27,2012-09-01,783.0,1,783.0
SO49374,9934,122,2012-08-20,2012-08-27,2012-09-01,783.0,1,783.0
SO49375,1331,143,2012-08-20,2012-08-27,2012-09-01,2071.0,1,2071.0
SO49375,1331,144,2012-08-20,2012-08-27,2012-09-01,2071.0,1,2071.0
SO49376,3126,143,2012-08-20,2012-08-27,2012-09-01,2071.0,1,2071.0
SO49376,3126,144,2012-08-20,2012-08-27,2012-09-01,2071.0,1,2071.0
SO49377,12436,160,2012-08-20,2012-08-27,2012-09-01,2182.0,1,2182.0
SO49377,12436,161,2012-08-20,2012-08-27,2012-09-01,2182.0,1,2182.0
SO49378,16052,149,2012-08-20,2012-08-27,2012-09-01,2049.0,1,2049.0
SO49378,16052,150,2012-08-20,2012-08-27,2012-09-01,2049.0,1,2049.0
SO49379,16068,149,2012-08-20,2012-08-27,2012-09-01,2049.0,1,2049.0
SO49379,16068,150,2012-08-20,2012-08-27,2012-09-01,2049.0,1,2049.0
SO49380,4543,125,2012-08-20,2012-08-27,2012-09-01,783.0,1,783.0
SO49380,4543,126,2012-08-20,2012-08-27,2012-09-01,783.0,1,783.0
SO49381,4554,121,2012-08-20,2012-08-27,2012-09-01,783.0,1,783.0
SO49381,4554,122,2012-08-20,2012-08-27,2012-09-01,783.0,1,783.0
SO49382,14031,172,2012-08-20,2012-08-27,2012-09-01,1000.0,1,1000.0
SO49382,14031,173,2012-08-20,2012-08-27,2012-09-01,1000.0,1,1000.0
SO49383,14033,172,2012-08-20,2012-08-27,2012-09-01,1000.0,1,1000.0
SO49383,14033,173,2012-08-20,2012-08-27,2012-09-01,1000.0,1,1000.0
SO49384,18415,143,2012-08-20,2012-08-27,2012-09-01,2071.0,1,2071.0
SO49384,18415,144,2012-08-20,2012-08-27,2012-09-01,2071.0,1,2071.0
SO49385,6804,164,2012-08-21,2012-08-28,2012-09-02,2182.0,1,2182.0
SO49385,6804,165,2012-08-21,2012-08-28,2012-09-02,2182.0,1,2182.0
SO49386,6094,162,2012-08-21,2012-08-28,2012-09-02,2182.0,1,2182.0
SO49386,6094,163,2012-08-21,2012-08-28,2012-09-02,2182.0,1,2182.0
SO49387,6115,158,2012-08-21,2012-08-28,2012-09-02,2443.0,1,2443.0
SO49388,1299,145,2012-08-21,2012-08-28,2012-09-02,2071.0,1,2071.0
SO49388,1299,146,2012-08-21,2012-08-28,2012-09-02,2071.0,1,2071.0
SO49389,9976,123,2012-08-21,2012-08-28,2012-09-02,783.0,1,783.0
SO49389,9976,124,2012-08-21,2012-08-28,2012-09-02,783.0,1,783.0
SO49390,8327,123,2012-08-21,2012-08-28,2012-09-02,783.0,1,783.0
SO49390,8327,124,2012-08-21,2012-08-28,2012-09-02,783.0,1,783.0
SO49391,2878,168,2012-08-21,2012-08-28,2012-09-02,2182.0,1,2182.0
SO49391,2878,169,2012-08-21,2012-08-28,2012-09-02,2182.0,1,2182.0
SO49392,3067,151,2012-08-21,2012-08-28,2012-09-02,2049.0,1,2049.0
SO49392,3067,152,2012-08-21,2012-08-28,2012-09-02,2049.0,1,2049.0
SO49393,12423,164,2012-08-21,2012-08-28,2012-09-02,2182.0,1,2182.0
SO49393,12423,165,2012-08-21,2012-08-28,2012-09-02,2182.0,1,2182.0
SO49394,12526,168,2012-08-21,2012-08-28,2012-09-02,2182.0,1,2182.0
SO49394,12526,169,2012-08-21,2012-08-28,2012-09-02,2182.0,1,2182.0
SO49395,12573,158,2012-08-21,2012-08-28,2012-09-02,2443.0,1,2443.0
SO49396,12539,159,2012-08-22,2012-08-29,2012-09-03,2443.0,1,2443.0
SO49397,4552,109,2012-08-22,2012-08-29,2012-09-03,783.0,1,783.0
SO49397,4552,110,2012-08-22,2012-08-29,2012-09-03,783.0,1,783.0
SO49398,15746,119,2012-08-22,2012-08-29,2012-09-03,783.0,1,783.0
SO49398,15746,120,2012-08-22,2012-08-29,2012-09-03,783.0,1,783.0
SO49399,4541,127,2012-08-23,2012-08-30,2012-09-04,783.0,1,783.0
SO49399,4541,128,2012-08-23,2012-08-30,2012-09-04,783.0,1,783.0
SO49400,6795,162,2012-08-23,2012-08-30,2012-09-04,2182.0,1,2182.0
SO49400,6795,163,2012-08-23,2012-08-30,2012-09-04,2182.0,1,2182.0
SO49401,6814,158,2012-08-23,2012-08-30,2012-09-04,2443.0,1,2443.0
SO49402,1303,141,2012-08-23,2012-08-30,2012-09-04,2071.0,1,2071.0
SO49402,1303,142,2012-08-23,2012-08-30,2012-09-04,2071.0,1,2071.0
SO49403,1398,151,2012-08-23,2012-08-30,2012-09-04,2049.0,1,2049.0
SO49403,1398,152,2012-08-23,2012-08-30,2012-09-04,2049.0,1,2049.0
SO49404,12426,166,2012-08-23,2012-08-30,2012-09-04,2182.0,1,2182.0
SO49404,12426,167,2012-08-23,2012-08-30,2012-09-04,2182.0,1,2182.0
SO49405,10333,149,2012-08-23,2012-08-30,2012-09-04,2049.0,1,2049.0
SO49405,10333,150,2012-08-23,2012-08-30,2012-09-04,2049.0,1,2049.0
SO49406,16022,143,2012-08-23,2012-08-30,2012-09-04,2071.0,1,2071.0
SO49406,16022,144,2012-08-23,2012-08-30,2012-09-04,2071.0,1,2071.0
SO49407,3357,178,2012-08-23,2012-08-30,2012-09-04,1000.0,1,1000.0
SO49407,3357,179,2012-08-23,2012-08-30,2012-09-04,1000.0,1,1000.0
SO49408,4536,111,2012-08-23,2012-08-30,2012-09-04,783.0,1,783.0
SO49408,4536,112,2012-08-23,2012-08-30,2012-09-04,783.0,1,783.0
SO49409,2976,147,2012-08-23,2012-08-30,2012-09-04,2049.0,1,2049.0
SO49409,2976,148,2012-08-23,2012-08-30,2012-09-04,2049.0,1,2049.0
SO49410,6185,158,2012-08-24,2012-08-31,2012-09-05,2443.0,1,2443.0
SO49411,4677,157,2012-08-24,2012-08-31,2012-09-05,2443.0,1,2443.0
SO49412,5827,162,2012-08-24,2012-08-31,2012-09-05,2182.0,1,2182.0
SO49412,5827,163,2012-08-24,2012-08-31,2012-09-05,2182.0,1,2182.0
SO49413,6799,158,2012-08-24,2012-08-31,2012-09-05,2443.0,1,2443.0
SO49414,6097,157,2012-08-24,2012-08-31,2012-09-05,2443.0,1,2443.0
SO49415,6108,159,2012-08-24,2012-08-31,2012-09-05,2443.0,1,2443.0
SO49416,9918,129,2012-08-24,2012-08-31,2012-09-05,783.0,1,783.0
SO49416,9918,130,2012-08-24,2012-08-31,2012-09-05,783.0,1,783.0
SO49417,1624,151,2012-08-24,2012-08-31,2012-09-05,2049.0,1,2049.0
SO49417,1624,152,2012-08-24,2012-08-31,2012-09-05,2049.0,1,2049.0
SO49418,3031,141,2012-08-24,2012-08-31,2012-09-05,2071.0,1,2071.0
SO49418,3031,142,2012-08-24,2012-08-31,2012-09-05,2071.0,1,2071.0
SO49419,12535,157,2012-08-24,2012-08-31,2012-09-05,2443.0,1,2443.0
SO49420,3355,178,2012-08-24,2012-08-31,2012-09-05,1000.0,1,1000.0
SO49420,3355,179,2012-08-24,2012-08-31,2012-09-05,1000.0,1,1000.0
SO49421,12574,168,2012-08-24,2012-08-31,2012-09-05,2182.0,1,2182.0
SO49421,12574,169,2012-08-24,2012-08-31,2012-09-05,2182.0,1,2182.0
SO49422,12649,159,2012-08-24,2012-08-31,2012-09-05,2443.0,1,2443.0
SO49423,15667,119,2012-08-24,2012-08-31,2012-09-05,783.0,1,783.0
SO49423,15667,120,2012-08-24,2012-08-31,2012-09-05,783.0,1,783.0
SO49424,15741,131,2012-08-24,2012-08-31,2012-09-05,783.0,1,783.0
SO49424,15741,132,2012-08-24,2012-08-31,2012-09-05,783.0,1,783.0
SO49425,4624,158,2012-08-25,2012-09-01,2012-09-06,2443.0,1,2443.0
SO49426,9922,111,2012-08-25,2012-09-01,2012-09-06,783.0,1,783.0
SO49426,9922,112,2012-08-25,2012-09-01,2012-09-06,783.0,1,783.0
SO49427,8339,127,2012-08-25,2012-09-01,2012-09-06,783.0,1,783.0
SO49427,8339,128,2012-08-25,2012-09-01,2012-09-06,783.0,1,783.0
SO49428,2871,157,2012-08-25,2012-09-01,2012-09-06,2443.0,1,2443.0
SO49429,3013,149,2012-08-25,2012-09-01,2012-09-06,2049.0,1,2049.0
SO49429,3013,150,2012-08-25,2012-09-01,2012-09-06,2049.0,1,2049.0
SO49430,4539,115,2012-08-25,2012-09-01,2012-09-06,783.0,1,783.0
SO49430,4539,116,2012-08-25,2012-09-01,2012-09-06,783.0,1,783.0
SO49431,4549,121,2012-08-25,2012-09-01,2012-09-06,783.0,1,783.0
SO49431,4549,122,2012-08-25,2012-09-01,2012-09-06,783.0,1,783.0
SO49432,6842,162,2012-08-26,2012-09-02,2012-09-07,2182.0,1,2182.0
SO49432,6842,163,2012-08-26,2012-09-02,2012-09-07,2182.0,1,2182.0
SO49433,12545,162,2012-08-26,2012-09-02,2012-09-07,2182.0,1,2182.0
SO49433,12545,163,2012-08-26,2012-09-02,2012-09-07,2182.0,1,2182.0
SO49434,3358,170,2012-08-26,2012-09-02,2012-09-07,1000.0,1,1000.0
SO49434,3358,171,2012-08-26,2012-09-02,2012-09-07,1000.0,1,1000.0
SO49435,6182,166,2012-08-27,2012-09-03,2012-09-08,2182.0,1,2182.0
SO49435,6182,167,2012-08-27,2012-09-03,2012-09-08,2182.0,1,2182.0
SO49436,9848,111,2012-08-27,2012-09-03,2012-09-08,783.0,1,783.0
SO49436,9848,112,2012-08-27,2012-09-03,2012-09-08,783.0,1,783.0
SO49437,8337,119,2012-08-27,2012-09-03,2012-09-08,783.0,1,783.0
SO49437,8337,120,2012-08-27,2012-09-03,2012-09-08,783.0,1,783.0
SO49438,3021,145,2012-08-27,2012-09-03,2012-09-08,2071.0,1,2071.0
SO49438,3021,146,2012-08-27,2012-09-03,2012-09-08,2071.0,1,2071.0
SO49439,3065,145,2012-08-27,2012-09-03,2012-09-08,2071.0,1,2071.0
SO49439,3065,146,2012-08-27,2012-09-03,2012-09-08,2071.0,1,2071.0
SO49440,3102,149,2012-08-27,2012-09-03,2012-09-08,2049.0,1,2049.0
SO49440,3102,150,2012-08-27,2012-09-03,2012-09-08,2049.0,1,2049.0
SO49441,16045,147,2012-08-27,2012-09-03,2012-09-08,2049.0,1,2049.0
SO49441,16045,148,2012-08-27,2012-09-03,2012-09-08,2049.0,1,2049.0
SO49442,4533,123,2012-08-27,2012-09-03,2012-09-08,783.0,1,783.0
SO49442,4533,124,2012-08-27,2012-09-03,2012-09-08,783.0,1,783.0
SO49549,8441,170,2012-08-28,2012-09-04,2012-09-09,1000.0,1,1000.0
SO49549,8441,171,2012-08-28,2012-09-04,2012-09-09,1000.0,1,1000.0
SO49550,8381,117,2012-08-28,2012-09-04,2012-09-09,783.0,1,783.0
SO49550,8381,118,2012-08-28,2012-09-04,2012-09-09,783.0,1,783.0
SO49551,10041,121,2012-08-28,2012-09-04,2012-09-09,783.0,1,783.0
SO49551,10041,122,2012-08-28,2012-09-04,2012-09-09,783.0,1,783.0
SO49552,1648,147,2012-08-28,2012-09-04,2012-09-09,2049.0,1,2049.0
SO49552,1648,148,2012-08-28,2012-09-04,2012-09-09,2049.0,1,2049.0
SO49553,3303,143,2012-08-28,2012-09-04,2012-09-09,2071.0,1,2071.0
SO49553,3303,144,2012-08-28,2012-09-04,2012-09-09,2071.0,1,2071.0
SO49554,4740,125,2012-08-28,2012-09-04,2012-09-09,783.0,1,783.0
SO49554,4740,126,2012-08-28,2012-09-04,2012-09-09,783.0,1,783.0
SO49555,14037,176,2012-08-28,2012-09-04,2012-09-09,1000.0,1,1000.0
SO49555,14037,177,2012-08-28,2012-09-04,2012-09-09,1000.0,1,1000.0
SO49556,15753,127,2012-08-28,2012-09-04,2012-09-09,783.0,1,783.0
SO49556,15753,128,2012-08-28,2012-09-04,2012-09-09,783.0,1,783.0
SO49557,15754,123,2012-08-28,2012-09-04,2012-09-09,783.0,1,783.0
SO49557,15754,124,2012-08-28,2012-09-04,2012-09-09,783.0,1,783.0
SO49558,8367,121,2012-08-29,2012-09-05,2012-09-10,783.0,1,783.0
SO49558,8367,122,2012-08-29,2012-09-05,2012-09-10,783.0,1,783.0
SO49559,15116,158,2012-08-29,2012-09-05,2012-09-10,2443.0,1,2443.0
SO49560,2893,164,2012-08-29,2012-09-05,2012-09-10,2182.0,1,2182.0
SO49560,2893,165,2012-08-29,2012-09-05,2012-09-10,2182.0,1,2182.0
SO49561,3682,147,2012-08-29,2012-09-05,2012-09-10,2049.0,1,2049.0
SO49561,3682,148,2012-08-29,2012-09-05,2012-09-10,2049.0,1,2049.0
SO49562,3235,143,2012-08-29,2012-09-05,2012-09-10,2071.0,1,2071.0
SO49562,3235,144,2012-08-29,2012-09-05,2012-09-10,2071.0,1,2071.0
SO49563,16088,143,2012-08-29,2012-09-05,2012-09-10,2071.0,1,2071.0
SO49563,16088,144,2012-08-29,2012-09-05,2012-09-10,2071.0,1,2071.0
SO49564,15534,176,2012-08-29,2012-09-05,2012-09-10,1000.0,1,1000.0
SO49564,15534,177,2012-08-29,2012-09-05,2012-09-10,1000.0,1,1000.0
SO49565,10502,145,2012-08-29,2012-09-05,2012-09-10,2071.0,1,2071.0
SO49565,10502,146,2012-08-29,2012-09-05,2012-09-10,2071.0,1,2071.0
SO49566,4566,121,2012-08-29,2012-09-05,2012-09-10,783.0,1,783.0
SO49566,4566,122,2012-08-29,2012-09-05,2012-09-10,783.0,1,783.0
SO49567,1635,145,2012-08-29,2012-09-05,2012-09-10,2071.0,1,2071.0
SO49567,1635,146,2012-08-29,2012-09-05,2012-09-10,2071.0,1,2071.0
SO49568,13004,164,2012-08-29,2012-09-05,2012-09-10,2182.0,1,2182.0
SO49568,13004,165,2012-08-29,2012-09-05,2012-09-10,2182.0,1,2182.0
SO49569,5263,160,2012-08-30,2012-09-06,2012-09-11,2182.0,1,2182.0
SO49569,5263,161,2012-08-30,2012-09-06,2012-09-11,2182.0,1,2182.0
SO49570,3317,147,2012-08-30,2012-09-06,2012-09-11,2049.0,1,2049.0
SO49570,3317,148,2012-08-30,2012-09-06,2012-09-11,2049.0,1,2049.0
SO49571,3346,147,2012-08-30,2012-09-06,2012-09-11,2049.0,1,2049.0
SO49571,3346,148,2012-08-30,2012-09-06,2012-09-11,2049.0,1,2049.0
SO49572,16108,141,2012-08-30,2012-09-06,2012-09-11,2071.0,1,2071.0
SO49572,16108,142,2012-08-30,2012-09-06,2012-09-11,2071.0,1,2071.0
SO49573,13010,160,2012-08-30,2012-09-06,2012-09-11,2182.0,1,2182.0
SO49573,13010,161,2012-08-30,2012-09-06,2012-09-11,2182.0,1,2182.0
SO49574,15765,109,2012-08-30,2012-09-06,2012-09-11,783.0,1,783.0
SO49574,15765,110,2012-08-30,2012-09-06,2012-09-11,783.0,1,783.0
SO49575,4924,159,2012-08-31,2012-09-07,2012-09-12,2443.0,1,2443.0
SO49576,6762,168,2012-08-31,2012-09-07,2012-09-12,2182.0,1,2182.0
SO49576,6762,169,2012-08-31,2012-09-07,2012-09-12,2182.0,1,2182.0
SO49577,6763,166,2012-08-31,2012-09-07,2012-09-12,2182.0,1,2182.0
SO49577,6763,167,2012-08-31,2012-09-07,2012-09-12,2182.0,1,2182.0
SO49578,8058,178,2012-08-31,2012-09-07,2012-09-12,1000.0,1,1000.0
SO49578,8058,179,2012-08-31,2012-09-07,2012-09-12,1000.0,1,1000.0
SO49579,3323,147,2012-08-31,2012-09-07,2012-09-12,2049.0,1,2049.0
SO49579,3323,148,2012-08-31,2012-09-07,2012-09-12,2049.0,1,2049.0
SO49580,3226,147,2012-08-31,2012-09-07,2012-09-12,2049.0,1,2049.0
SO49580,3226,148,2012-08-31,2012-09-07,2012-09-12,2049.0,1,2049.0
SO49581,6938,158,2012-09-01,2012-09-08,2012-09-13,2443.0,1,2443.0
SO49582,6221,166,2012-09-01,2012-09-08,2012-09-13,2182.0,1,2182.0
SO49582,6221,167,2012-09-01,2012-09-08,2012-09-13,2182.0,1,2182.0
SO49583,5204,166,2012-09-01,2012-09-08,2012-09-13,2182.0,1,2182.0
SO49583,5204,167,2012-09-01,2012-09-08,2012-09-13,2182.0,1,2182.0
SO49584,2895,157,2012-09-01,2012-09-08,2012-09-13,2443.0,1,2443.0
SO49585,1645,151,2012-09-01,2012-09-08,2012-09-13,2049.0,1,2049.0
SO49585,1645,152,2012-09-01,2012-09-08,2012-09-13,2049.0,1,2049.0
SO49586,1501,141,2012-09-01,2012-09-08,2012-09-13,2071.0,1,2071.0
SO49586,1501,142,2012-09-01,2012-09-08,2012-09-13,2071.0,1,2071.0
SO49587,3302,145,2012-09-01,2012-09-08,2012-09-13,2071.0,1,2071.0
SO49587,3302,146,2012-09-01,2012-09-08,2012-09-13,2071.0,1,2071.0
SO49588,3227,143,2012-09-01,2012-09-08,2012-09-13,2071.0,1,2071.0
SO49588,3227,144,2012-09-01,2012-09-08,2012-09-13,2071.0,1,2071.0
SO49589,3264,151,2012-09-01,2012-09-08,2012-09-13,2049.0,1,2049.0
SO49589,3264,152,2012-09-01,2012-09-08,2012-09-13,2049.0,1,2049.0
SO49590,10349,149,2012-09-01,2012-09-08,2012-09-13,2049.0,1,2049.0
SO49590,10349,150,2012-09-01,2012-09-08,2012-09-13,2049.0,1,2049.0
SO49591,16093,141,2012-09-01,2012-09-08,2012-09-13,2071.0,1,2071.0
SO49591,16093,142,2012-09-01,2012-09-08,2012-09-13,2071.0,1,2071.0
SO49592,4559,115,2012-09-01,2012-09-08,2012-09-13,783.0,1,783.0
SO49592,4559,116,2012-09-01,2012-09-08,2012-09-13,783.0,1,783.0
SO49593,4562,115,2012-09-01,2012-09-08,2012-09-13,783.0,1,783.0
SO49593,4562,116,2012-09-01,2012-09-08,2012-09-13,783.0,1,783.0
SO49594,13006,168,2012-09-01,2012-09-08,2012-09-13,2182.0,1,2182.0
SO49594,13006,169,2012-09-01,2012-09-08,2012-09-13,2182.0,1,2182.0
SO49595,14108,172,2012-09-01,2012-09-08,2012-09-13,1000.0,1,1000.0
SO49595,14108,173,2012-09-01,2012-09-08,2012-09-13,1000.0,1,1000.0
SO49596,12654,168,2012-09-01,2012-09-08,2012-09-13,2182.0,1,2182.0
SO49596,12654,169,2012-09-01,2012-09-08,2012-09-13,2182.0,1,2182.0
SO49597,13002,157,2012-09-01,2012-09-08,2012-09-13,2443.0,1,2443.0
SO49598,4711,164,2012-09-02,2012-09-09,2012-09-14,2182.0,1,2182.0
SO49598,4711,165,2012-09-02,2012-09-09,2012-09-14,2182.0,1,2182.0
SO49599,4922,157,2012-09-02,2012-09-09,2012-09-14,2443.0,1,2443.0
SO49600,3382,170,2012-09-02,2012-09-09,2012-09-14,1000.0,1,1000.0
SO49600,3382,171,2012-09-02,2012-09-09,2012-09-14,1000.0,1,1000.0
SO49601,3383,178,2012-09-02,2012-09-09,2012-09-14,1000.0,1,1000.0
SO49601,3383,179,2012-09-02,2012-09-09,2012-09-14,1000.0,1,1000.0
SO49602,4738,119,2012-09-02,2012-09-09,2012-09-14,783.0,1,783.0
SO49602,4738,120,2012-09-02,2012-09-09,2012-09-14,783.0,1,783.0
SO49603,12656,157,2012-09-02,2012-09-09,2012-09-14,2443.0,1,2443.0
SO49604,6222,159,2012-09-03,2012-09-10,2012-09-15,2443.0,1,2443.0
SO49605,8066,170,2012-09-03,2012-09-10,2012-09-15,1000.0,1,1000.0
SO49605,8066,171,2012-09-03,2012-09-10,2012-09-15,1000.0,1,1000.0
SO49606,10035,125,2012-09-03,2012-09-10,2012-09-15,783.0,1,783.0
SO49606,10035,126,2012-09-03,2012-09-10,2012-09-15,783.0,1,783.0
SO49607,1476,141,2012-09-03,2012-09-10,2012-09-15,2071.0,1,2071.0
SO49607,1476,142,2012-09-03,2012-09-10,2012-09-15,2071.0,1,2071.0
SO49608,3263,145,2012-09-03,2012-09-10,2012-09-15,2071.0,1,2071.0
SO49608,3263,146,2012-09-03,2012-09-10,2012-09-15,2071.0,1,2071.0
SO49609,3368,176,2012-09-03,2012-09-10,2012-09-15,1000.0,1,1000.0
SO49609,3368,177,2012-09-03,2012-09-10,2012-09-15,1000.0,1,1000.0
SO49610,16106,147,2012-09-03,2012-09-10,2012-09-15,2049.0,1,2049.0
SO49610,16106,148,2012-09-03,2012-09-10,2012-09-15,2049.0,1,2049.0
SO49611,4555,131,2012-09-03,2012-09-10,2012-09-15,783.0,1,783.0
SO49611,4555,132,2012-09-03,2012-09-10,2012-09-15,783.0,1,783.0
SO49612,10040,127,2012-09-03,2012-09-10,2012-09-15,783.0,1,783.0
SO49612,10040,128,2012-09-03,2012-09-10,2012-09-15,783.0,1,783.0
SO49613,5053,164,2012-09-04,2012-09-11,2012-09-16,2182.0,1,2182.0
SO49613,5053,165,2012-09-04,2012-09-11,2012-09-16,2182.0,1,2182.0
SO49614,9983,131,2012-09-04,2012-09-11,2012-09-16,783.0,1,783.0
SO49614,9983,132,2012-09-04,2012-09-11,2012-09-16,783.0,1,783.0
SO49615,10021,115,2012-09-04,2012-09-11,2012-09-16,783.0,1,783.0
SO49615,10021,116,2012-09-04,2012-09-11,2012-09-16,783.0,1,783.0
SO49616,1480,141,2012-09-04,2012-09-11,2012-09-16,2071.0,1,2071.0
SO49616,1480,142,2012-09-04,2012-09-11,2012-09-16,2071.0,1,2071.0
SO49617,18480,147,2012-09-04,2012-09-11,2012-09-16,2049.0,1,2049.0
SO49617,18480,148,2012-09-04,2012-09-11,2012-09-16,2049.0,1,2049.0
SO49618,3307,141,2012-09-04,2012-09-11,2012-09-16,2071.0,1,2071.0
SO49618,3307,142,2012-09-04,2012-09-11,2012-09-16,2071.0,1,2071.0
SO49619,3325,151,2012-09-04,2012-09-11,2012-09-16,2049.0,1,2049.0
SO49619,3325,152,2012-09-04,2012-09-11,2012-09-16,2049.0,1,2049.0
SO49620,3327,145,2012-09-04,2012-09-11,2012-09-16,2071.0,1,2071.0
SO49620,3327,146,2012-09-04,2012-09-11,2012-09-16,2071.0,1,2071.0
SO49621,3349,141,2012-09-04,2012-09-11,2012-09-16,2071.0,1,2071.0
SO49621,3349,142,2012-09-04,2012-09-11,2012-09-16,2071.0,1,2071.0
SO49622,3669,141,2012-09-04,2012-09-11,2012-09-16,2071.0,1,2071.0
SO49622,3669,142,2012-09-04,2012-09-11,2012-09-16,2071.0,1,2071.0
SO49623,16089,145,2012-09-04,2012-09-11,2012-09-16,2071.0,1,2071.0
SO49623,16089,146,2012-09-04,2012-09-11,2012-09-16,2071.0,1,2071.0
SO49624,14052,170,2012-09-04,2012-09-11,2012-09-16,1000.0,1,1000.0
SO49624,14052,171,2012-09-04,2012-09-11,2012-09-16,1000.0,1,1000.0
SO49625,14054,170,2012-09-04,2012-09-11,2012-09-16,1000.0,1,1000.0
SO49625,14054,171,2012-09-04,2012-09-11,2012-09-16,1000.0,1,1000.0
SO49626,12999,166,2012-09-04,2012-09-11,2012-09-16,2182.0,1,2182.0
SO49626,12999,167,2012-09-04,2012-09-11,2012-09-16,2182.0,1,2182.0
SO49627,3231,147,2012-09-05,2012-09-12,2012-09-17,2049.0,1,2049.0
SO49627,3231,148,2012-09-05,2012-09-12,2012-09-17,2049.0,1,2049.0
SO49628,16105,151,2012-09-05,2012-09-12,2012-09-17,2049.0,1,2049.0
SO49628,16105,152,2012-09-05,2012-09-12,2012-09-17,2049.0,1,2049.0
SO49629,4558,113,2012-09-05,2012-09-12,2012-09-17,783.0,1,783.0
SO49629,4558,114,2012-09-05,2012-09-12,2012-09-17,783.0,1,783.0
SO49630,12652,164,2012-09-05,2012-09-12,2012-09-17,2182.0,1,2182.0
SO49630,12652,165,2012-09-05,2012-09-12,2012-09-17,2182.0,1,2182.0
SO49631,3261,143,2012-09-05,2012-09-12,2012-09-17,2071.0,1,2071.0
SO49631,3261,144,2012-09-05,2012-09-12,2012-09-17,2071.0,1,2071.0
SO49632,9861,123,2012-09-06,2012-09-13,2012-09-18,783.0,1,783.0
SO49632,9861,124,2012-09-06,2012-09-13,2012-09-18,783.0,1,783.0
SO49633,15203,162,2012-09-06,2012-09-13,2012-09-18,2182.0,1,2182.0
SO49633,15203,163,2012-09-06,2012-09-13,2012-09-18,2182.0,1,2182.0
SO49634,3280,149,2012-09-06,2012-09-13,2012-09-18,2049.0,1,2049.0
SO49634,3280,150,2012-09-06,2012-09-13,2012-09-18,2049.0,1,2049.0
SO49635,16098,145,2012-09-06,2012-09-13,2012-09-18,2071.0,1,2071.0
SO49635,16098,146,2012-09-06,2012-09-13,2012-09-18,2071.0,1,2071.0
SO49636,12666,158,2012-09-06,2012-09-13,2012-09-18,2443.0,1,2443.0
SO49637,6944,166,2012-09-07,2012-09-14,2012-09-19,2182.0,1,2182.0
SO49637,6944,167,2012-09-07,2012-09-14,2012-09-19,2182.0,1,2182.0
SO49638,8068,174,2012-09-07,2012-09-14,2012-09-19,1000.0,1,1000.0
SO49638,8068,175,2012-09-07,2012-09-14,2012-09-19,1000.0,1,1000.0
SO49639,8387,117,2012-09-07,2012-09-14,2012-09-19,783.0,1,783.0
SO49639,8387,118,2012-09-07,2012-09-14,2012-09-19,783.0,1,783.0
SO49640,1463,151,2012-09-07,2012-09-14,2012-09-19,2049.0,1,2049.0
SO49640,1463,152,2012-09-07,2012-09-14,2012-09-19,2049.0,1,2049.0
SO49641,3277,147,2012-09-07,2012-09-14,2012-09-19,2049.0,1,2049.0
SO49641,3277,148,2012-09-07,2012-09-14,2012-09-19,2049.0,1,2049.0
SO49642,3300,145,2012-09-07,2012-09-14,2012-09-19,2071.0,1,2071.0
SO49642,3300,146,2012-09-07,2012-09-14,2012-09-19,2071.0,1,2071.0
SO49643,13007,164,2012-09-07,2012-09-14,2012-09-19,2182.0,1,2182.0
SO49643,13007,165,2012-09-07,2012-09-14,2012-09-19,2182.0,1,2182.0
SO49644,15769,115,2012-09-07,2012-09-14,2012-09-19,783.0,1,783.0
SO49644,15769,116,2012-09-07,2012-09-14,2012-09-19,783.0,1,783.0
SO49645,4679,159,2012-09-08,2012-09-15,2012-09-20,2443.0,1,2443.0
SO49646,4689,168,2012-09-08,2012-09-15,2012-09-20,2182.0,1,2182.0
SO49646,4689,169,2012-09-08,2012-09-15,2012-09-20,2182.0,1,2182.0
SO49647,6743,157,2012-09-08,2012-09-15,2012-09-20,2443.0,1,2443.0
SO49648,8456,172,2012-09-08,2012-09-15,2012-09-20,1000.0,1,1000.0
SO49648,8456,173,2012-09-08,2012-09-15,2012-09-20,1000.0,1,1000.0
SO49649,10028,115,2012-09-08,2012-09-15,2012-09-20,783.0,1,783.0
SO49649,10028,116,2012-09-08,2012-09-15,2012-09-20,783.0,1,783.0
SO49650,1638,149,2012-09-08,2012-09-15,2012-09-20,2049.0,1,2049.0
SO49650,1638,150,2012-09-08,2012-09-15,2012-09-20,2049.0,1,2049.0
SO49651,3671,141,2012-09-08,2012-09-15,2012-09-20,2071.0,1,2071.0
SO49651,3671,142,2012-09-08,2012-09-15,2012-09-20,2071.0,1,2071.0
SO49652,3856,151,2012-09-08,2012-09-15,2012-09-20,2049.0,1,2049.0
SO49652,3856,152,2012-09-08,2012-09-15,2012-09-20,2049.0,1,2049.0
SO49653,4015,141,2012-09-08,2012-09-15,2012-09-20,2071.0,1,2071.0
SO49653,4015,142,2012-09-08,2012-09-15,2012-09-20,2071.0,1,2071.0
SO49654,3225,147,2012-09-08,2012-09-15,2012-09-20,2049.0,1,2049.0
SO49654,3225,148,2012-09-08,2012-09-15,2012-09-20,2049.0,1,2049.0
SO49655,16080,145,2012-09-08,2012-09-15,2012-09-20,2071.0,1,2071.0
SO49655,16080,146,2012-09-08,2012-09-15,2012-09-20,2071.0,1,2071.0
SO49656,16084,151,2012-09-08,2012-09-15,2012-09-20,2049.0,1,2049.0
SO49656,16084,152,2012-09-08,2012-09-15,2012-09-20,2049.0,1,2049.0
SO49657,4751,129,2012-09-08,2012-09-15,2012-09-20,783.0,1,783.0
SO49657,4751,130,2012-09-08,2012-09-15,2012-09-20,783.0,1,783.0
SO49658,4764,125,2012-09-08,2012-09-15,2012-09-20,783.0,1,783.0
SO49658,4764,126,2012-09-08,2012-09-15,2012-09-20,783.0,1,783.0
SO49659,10355,141,2012-09-08,2012-09-15,2012-09-20,2071.0,1,2071.0
SO49659,10355,142,2012-09-08,2012-09-15,2012-09-20,2071.0,1,2071.0
SO49660,12661,160,2012-09-08,2012-09-15,2012-09-20,2182.0,1,2182.0
SO49660,12661,161,2012-09-08,2012-09-15,2012-09-20,2182.0,1,2182.0
SO49661,12996,159,2012-09-08,2012-09-15,2012-09-20,2443.0,1,2443.0
SO49662,15764,119,2012-09-08,2012-09-15,2012-09-20,783.0,1,783.0
SO49662,15764,120,2012-09-08,2012-09-15,2012-09-20,783.0,1,783.0
SO49663,15768,127,2012-09-08,2012-09-15,2012-09-20,783.0,1,783.0
SO49663,15768,128,2012-09-08,2012-09-15,2012-09-20,783.0,1,783.0
SO49664,6897,157,2012-09-09,2012-09-16,2012-09-21,2443.0,1,2443.0
SO49665,18484,149,2012-09-09,2012-09-16,2012-09-21,2049.0,1,2049.0
SO49665,18484,150,2012-09-09,2012-09-16,2012-09-21,2049.0,1,2049.0
SO49666,3288,151,2012-09-09,2012-09-16,2012-09-21,2049.0,1,2049.0
SO49666,3288,152,2012-09-09,2012-09-16,2012-09-21,2049.0,1,2049.0
SO49667,3674,143,2012-09-09,2012-09-16,2012-09-21,2071.0,1,2071.0
SO49667,3674,144,2012-09-09,2012-09-16,2012-09-21,2071.0,1,2071.0
SO49668,3262,151,2012-09-09,2012-09-16,2012-09-21,2049.0,1,2049.0
SO49668,3262,152,2012-09-09,2012-09-16,2012-09-21,2049.0,1,2049.0
SO49669,16081,141,2012-09-09,2012-09-16,2012-09-21,2071.0,1,2071.0
SO49669,16081,142,2012-09-09,2012-09-16,2012-09-21,2071.0,1,2071.0
SO49670,12997,166,2012-09-09,2012-09-16,2012-09-21,2182.0,1,2182.0
SO49670,12997,167,2012-09-09,2012-09-16,2012-09-21,2182.0,1,2182.0
SO49671,6200,162,2012-09-10,2012-09-17,2012-09-22,2182.0,1,2182.0
SO49671,6200,163,2012-09-10,2012-09-17,2012-09-22,2182.0,1,2182.0
SO49672,5260,168,2012-09-10,2012-09-17,2012-09-22,2182.0,1,2182.0
SO49672,5260,169,2012-09-10,2012-09-17,2012-09-22,2182.0,1,2182.0
SO49673,10012,113,2012-09-10,2012-09-17,2012-09-22,783.0,1,783.0
SO49673,10012,114,2012-09-10,2012-09-17,2012-09-22,783.0,1,783.0
SO49674,2888,158,2012-09-10,2012-09-17,2012-09-22,2443.0,1,2443.0
SO49675,242,149,2012-09-10,2012-09-17,2012-09-22,2049.0,1,2049.0
SO49675,242,150,2012-09-10,2012-09-17,2012-09-22,2049.0,1,2049.0
SO49676,1659,145,2012-09-10,2012-09-17,2012-09-22,2071.0,1,2071.0
SO49676,1659,146,2012-09-10,2012-09-17,2012-09-22,2071.0,1,2071.0
SO49677,3667,147,2012-09-10,2012-09-17,2012-09-22,2049.0,1,2049.0
SO49677,3667,148,2012-09-10,2012-09-17,2012-09-22,2049.0,1,2049.0
SO49678,16082,147,2012-09-10,2012-09-17,2012-09-22,2049.0,1,2049.0
SO49678,16082,148,2012-09-10,2012-09-17,2012-09-22,2049.0,1,2049.0
SO49679,15761,117,2012-09-10,2012-09-17,2012-09-22,783.0,1,783.0
SO49679,15761,118,2012-09-10,2012-09-17,2012-09-22,783.0,1,783.0
SO49680,6970,159,2012-09-11,2012-09-18,2012-09-23,2443.0,1,2443.0
SO49681,2891,168,2012-09-11,2012-09-18,2012-09-23,2182.0,1,2182.0
SO49681,2891,169,2012-09-11,2012-09-18,2012-09-23,2182.0,1,2182.0
SO49682,10353,145,2012-09-11,2012-09-18,2012-09-23,2071.0,1,2071.0
SO49682,10353,146,2012-09-11,2012-09-18,2012-09-23,2071.0,1,2071.0
SO49683,16109,145,2012-09-11,2012-09-18,2012-09-23,2071.0,1,2071.0
SO49683,16109,146,2012-09-11,2012-09-18,2012-09-23,2071.0,1,2071.0
SO49684,13001,159,2012-09-11,2012-09-18,2012-09-23,2443.0,1,2443.0
SO49685,6960,162,2012-09-12,2012-09-19,2012-09-24,2182.0,1,2182.0
SO49685,6960,163,2012-09-12,2012-09-19,2012-09-24,2182.0,1,2182.0
SO49686,5052,166,2012-09-12,2012-09-19,2012-09-24,2182.0,1,2182.0
SO49686,5052,167,2012-09-12,2012-09-19,2012-09-24,2182.0,1,2182.0
SO49687,5206,160,2012-09-12,2012-09-19,2012-09-24,2182.0,1,2182.0
SO49687,5206,161,2012-09-12,2012-09-19,2012-09-24,2182.0,1,2182.0
SO49688,1654,151,2012-09-12,2012-09-19,2012-09-24,2049.0,1,2049.0
SO49688,1654,152,2012-09-12,2012-09-19,2012-09-24,2049.0,1,2049.0
SO49689,3378,170,2012-09-12,2012-09-19,2012-09-24,1000.0,1,1000.0
SO49689,3378,171,2012-09-12,2012-09-19,2012-09-24,1000.0,1,1000.0
SO49690,13009,164,2012-09-12,2012-09-19,2012-09-24,2182.0,1,2182.0
SO49690,13009,165,2012-09-12,2012-09-19,2012-09-24,2182.0,1,2182.0
SO49691,12663,162,2012-09-12,2012-09-19,2012-09-24,2182.0,1,2182.0
SO49691,12663,163,2012-09-12,2012-09-19,2012-09-24,2182.0,1,2182.0
SO49692,6961,164,2012-09-13,2012-09-20,2012-09-25,2182.0,1,2182.0
SO49692,6961,165,2012-09-13,2012-09-20,2012-09-25,2182.0,1,2182.0
SO49693,6742,158,2012-09-13,2012-09-20,2012-09-25,2443.0,1,2443.0
SO49694,6969,157,2012-09-13,2012-09-20,2012-09-25,2443.0,1,2443.0
SO49695,1500,151,2012-09-13,2012-09-20,2012-09-25,2049.0,1,2049.0
SO49695,1500,152,2012-09-13,2012-09-20,2012-09-25,2049.0,1,2049.0
SO49696,3324,145,2012-09-13,2012-09-20,2012-09-25,2071.0,1,2071.0
SO49696,3324,146,2012-09-13,2012-09-20,2012-09-25,2071.0,1,2071.0
SO49697,3239,147,2012-09-13,2012-09-20,2012-09-25,2049.0,1,2049.0
SO49697,3239,148,2012-09-13,2012-09-20,2012-09-25,2049.0,1,2049.0
SO49698,10337,143,2012-09-13,2012-09-20,2012-09-25,2071.0,1,2071.0
SO49698,10337,144,2012-09-13,2012-09-20,2012-09-25,2071.0,1,2071.0
SO49699,14038,170,2012-09-13,2012-09-20,2012-09-25,1000.0,1,1000.0
SO49699,14038,171,2012-09-13,2012-09-20,2012-09-25,1000.0,1,1000.0
SO49700,12665,164,2012-09-13,2012-09-20,2012-09-25,2182.0,1,2182.0
SO49700,12665,165,2012-09-13,2012-09-20,2012-09-25,2182.0,1,2182.0
SO49701,6934,157,2012-09-14,2012-09-21,2012-09-26,2443.0,1,2443.0
SO49702,4688,164,2012-09-14,2012-09-21,2012-09-26,2182.0,1,2182.0
SO49702,4688,165,2012-09-14,2012-09-21,2012-09-26,2182.0,1,2182.0
SO49703,4925,162,2012-09-14,2012-09-21,2012-09-26,2182.0,1,2182.0
SO49703,4925,163,2012-09-14,2012-09-21,2012-09-26,2182.0,1,2182.0
SO49704,6963,166,2012-09-14,2012-09-21,2012-09-26,2182.0,1,2182.0
SO49704,6963,167,2012-09-14,2012-09-21,2012-09-26,2182.0,1,2182.0
SO49705,4926,159,2012-09-14,2012-09-21,2012-09-26,2443.0,1,2443.0
SO49706,6771,172,2012-09-14,2012-09-21,2012-09-26,1000.0,1,1000.0
SO49706,6771,173,2012-09-14,2012-09-21,2012-09-26,1000.0,1,1000.0
SO49707,2890,160,2012-09-14,2012-09-21,2012-09-26,2182.0,1,2182.0
SO49707,2890,161,2012-09-14,2012-09-21,2012-09-26,2182.0,1,2182.0
SO49708,1488,141,2012-09-14,2012-09-21,2012-09-26,2071.0,1,2071.0
SO49708,1488,142,2012-09-14,2012-09-21,2012-09-26,2071.0,1,2071.0
SO49709,3301,141,2012-09-14,2012-09-21,2012-09-26,2071.0,1,2071.0
SO49709,3301,142,2012-09-14,2012-09-21,2012-09-26,2071.0,1,2071.0
SO49710,3309,151,2012-09-14,2012-09-21,2012-09-26,2049.0,1,2049.0
SO49710,3309,152,2012-09-14,2012-09-21,2012-09-26,2049.0,1,2049.0
SO49711,3677,151,2012-09-14,2012-09-21,2012-09-26,2049.0,1,2049.0
SO49711,3677,152,2012-09-14,2012-09-21,2012-09-26,2049.0,1,2049.0
SO49712,16096,149,2012-09-14,2012-09-21,2012-09-26,2049.0,1,2049.0
SO49712,16096,150,2012-09-14,2012-09-21,2012-09-26,2049.0,1,2049.0
SO49713,10401,143,2012-09-14,2012-09-21,2012-09-26,2071.0,1,2071.0
SO49713,10401,144,2012-09-14,2012-09-21,2012-09-26,2071.0,1,2071.0
SO49714,12664,164,2012-09-14,2012-09-21,2012-09-26,2182.0,1,2182.0
SO49714,12664,165,2012-09-14,2012-09-21,2012-09-26,2182.0,1,2182.0
SO49715,15762,113,2012-09-14,2012-09-21,2012-09-26,783.0,1,783.0
SO49715,15762,114,2012-09-14,2012-09-21,2012-09-26,783.0,1,783.0
SO49716,6723,166,2012-09-15,2012-09-22,2012-09-27,2182.0,1,2182.0
SO49716,6723,167,2012-09-15,2012-09-22,2012-09-27,2182.0,1,2182.0
SO49717,5205,157,2012-09-15,2012-09-22,2012-09-27,2443.0,1,2443.0
SO49718,8197,176,2012-09-15,2012-09-22,2012-09-27,1000.0,1,1000.0
SO49718,8197,177,2012-09-15,2012-09-22,2012-09-27,1000.0,1,1000.0
SO49719,9855,115,2012-09-15,2012-09-22,2012-09-27,783.0,1,783.0
SO49719,9855,116,2012-09-15,2012-09-22,2012-09-27,783.0,1,783.0
SO49720,1641,147,2012-09-15,2012-09-22,2012-09-27,2049.0,1,2049.0
SO49720,1641,148,2012-09-15,2012-09-22,2012-09-27,2049.0,1,2049.0
SO49721,1646,145,2012-09-15,2012-09-22,2012-09-27,2071.0,1,2071.0
SO49721,1646,146,2012-09-15,2012-09-22,2012-09-27,2071.0,1,2071.0
SO49722,3265,141,2012-09-15,2012-09-22,2012-09-27,2071.0,1,2071.0
SO49722,3265,142,2012-09-15,2012-09-22,2012-09-27,2071.0,1,2071.0
SO49723,3367,176,2012-09-15,2012-09-22,2012-09-27,1000.0,1,1000.0
SO49723,3367,177,2012-09-15,2012-09-22,2012-09-27,1000.0,1,1000.0
SO49724,16107,145,2012-09-15,2012-09-22,2012-09-27,2071.0,1,2071.0
SO49724,16107,146,2012-09-15,2012-09-22,2012-09-27,2071.0,1,2071.0
SO49725,13008,159,2012-09-15,2012-09-22,2012-09-27,2443.0,1,2443.0
SO49726,14058,170,2012-09-15,2012-09-22,2012-09-27,1000.0,1,1000.0
SO49726,14058,171,2012-09-15,2012-09-22,2012-09-27,1000.0,1,1000.0
SO49727,15775,113,2012-09-15,2012-09-22,2012-09-27,783.0,1,783.0
SO49727,15775,114,2012-09-15,2012-09-22,2012-09-27,783.0,1,783.0
SO49728,6636,157,2012-09-16,2012-09-23,2012-09-28,2443.0,1,2443.0
SO49729,8047,176,2012-09-16,2012-09-23,2012-09-28,1000.0,1,1000.0
SO49729,8047,177,2012-09-16,2012-09-23,2012-09-28,1000.0,1,1000.0
SO49730,10037,127,2012-09-16,2012-09-23,2012-09-28,783.0,1,783.0
SO49730,10037,128,2012-09-16,2012-09-23,2012-09-28,783.0,1,783.0
SO49731,18451,149,2012-09-16,2012-09-23,2012-09-28,2049.0,1,2049.0
SO49731,18451,150,2012-09-16,2012-09-23,2012-09-28,2049.0,1,2049.0
SO49732,3524,145,2012-09-16,2012-09-23,2012-09-28,2071.0,1,2071.0
SO49732,3524,146,2012-09-16,2012-09-23,2012-09-28,2071.0,1,2071.0
SO49733,3260,149,2012-09-16,2012-09-23,2012-09-28,2049.0,1,2049.0
SO49733,3260,150,2012-09-16,2012-09-23,2012-09-28,2049.0,1,2049.0
SO49734,16087,151,2012-09-16,2012-09-23,2012-09-28,2049.0,1,2049.0
SO49734,16087,152,2012-09-16,2012-09-23,2012-09-28,2049.0,1,2049.0
SO49735,4570,131,2012-09-16,2012-09-23,2012-09-28,783.0,1,783.0
SO49735,4570,132,2012-09-16,2012-09-23,2012-09-28,783.0,1,783.0
SO49736,4556,119,2012-09-16,2012-09-23,2012-09-28,783.0,1,783.0
SO49736,4556,120,2012-09-16,2012-09-23,2012-09-28,783.0,1,783.0
SO49737,14107,174,2012-09-16,2012-09-23,2012-09-28,1000.0,1,1000.0
SO49737,14107,175,2012-09-16,2012-09-23,2012-09-28,1000.0,1,1000.0
SO49738,15752,129,2012-09-16,2012-09-23,2012-09-28,783.0,1,783.0
SO49738,15752,130,2012-09-16,2012-09-23,2012-09-28,783.0,1,783.0
SO49739,2896,166,2012-09-17,2012-09-24,2012-09-29,2182.0,1,2182.0
SO49739,2896,167,2012-09-17,2012-09-24,2012-09-29,2182.0,1,2182.0
SO49740,3311,143,2012-09-17,2012-09-24,2012-09-29,2071.0,1,2071.0
SO49740,3311,144,2012-09-17,2012-09-24,2012-09-29,2071.0,1,2071.0
SO49741,3379,178,2012-09-17,2012-09-24,2012-09-29,1000.0,1,1000.0
SO49741,3379,179,2012-09-17,2012-09-24,2012-09-29,1000.0,1,1000.0
SO49742,16286,119,2012-09-17,2012-09-24,2012-09-29,783.0,1,783.0
SO49742,16286,120,2012-09-17,2012-09-24,2012-09-29,783.0,1,783.0
SO49743,12994,157,2012-09-17,2012-09-24,2012-09-29,2443.0,1,2443.0
SO49744,8189,178,2012-09-18,2012-09-25,2012-09-30,1000.0,1,1000.0
SO49744,8189,179,2012-09-18,2012-09-25,2012-09-30,1000.0,1,1000.0
SO49745,8449,176,2012-09-18,2012-09-25,2012-09-30,1000.0,1,1000.0
SO49745,8449,177,2012-09-18,2012-09-25,2012-09-30,1000.0,1,1000.0
SO49746,18483,147,2012-09-18,2012-09-25,2012-09-30,2049.0,1,2049.0
SO49746,18483,148,2012-09-18,2012-09-25,2012-09-30,2049.0,1,2049.0
SO49747,1496,145,2012-09-18,2012-09-25,2012-09-30,2071.0,1,2071.0
SO49747,1496,146,2012-09-18,2012-09-25,2012-09-30,2071.0,1,2071.0
SO49748,3381,178,2012-09-18,2012-09-25,2012-09-30,1000.0,1,1000.0
SO49748,3381,179,2012-09-18,2012-09-25,2012-09-30,1000.0,1,1000.0
SO49749,15755,115,2012-09-18,2012-09-25,2012-09-30,783.0,1,783.0
SO49749,15755,116,2012-09-18,2012-09-25,2012-09-30,783.0,1,783.0
SO49750,15758,117,2012-09-18,2012-09-25,2012-09-30,783.0,1,783.0
SO49750,15758,118,2012-09-18,2012-09-25,2012-09-30,783.0,1,783.0
SO49751,6967,157,2012-09-19,2012-09-26,2012-10-01,2443.0,1,2443.0
SO49752,243,149,2012-09-19,2012-09-26,2012-10-01,2049.0,1,2049.0
SO49752,243,150,2012-09-19,2012-09-26,2012-10-01,2049.0,1,2049.0
SO49753,3276,147,2012-09-19,2012-09-26,2012-10-01,2049.0,1,2049.0
SO49753,3276,148,2012-09-19,2012-09-26,2012-10-01,2049.0,1,2049.0
SO49754,3304,149,2012-09-19,2012-09-26,2012-10-01,2049.0,1,2049.0
SO49754,3304,150,2012-09-19,2012-09-26,2012-10-01,2049.0,1,2049.0
SO49755,3306,151,2012-09-19,2012-09-26,2012-10-01,2049.0,1,2049.0
SO49755,3306,152,2012-09-19,2012-09-26,2012-10-01,2049.0,1,2049.0
SO49756,12659,160,2012-09-19,2012-09-26,2012-10-01,2182.0,1,2182.0
SO49756,12659,161,2012-09-19,2012-09-26,2012-10-01,2182.0,1,2182.0
SO49757,6966,168,2012-09-20,2012-09-27,2012-10-02,2182.0,1,2182.0
SO49757,6966,169,2012-09-20,2012-09-27,2012-10-02,2182.0,1,2182.0
SO49758,8382,119,2012-09-20,2012-09-27,2012-10-02,783.0,1,783.0
SO49758,8382,120,2012-09-20,2012-09-27,2012-10-02,783.0,1,783.0
SO49759,3380,178,2012-09-20,2012-09-27,2012-10-02,1000.0,1,1000.0
SO49759,3380,179,2012-09-20,2012-09-27,2012-10-02,1000.0,1,1000.0
SO49760,10424,147,2012-09-20,2012-09-27,2012-10-02,2049.0,1,2049.0
SO49760,10424,148,2012-09-20,2012-09-27,2012-10-02,2049.0,1,2049.0
SO49761,16271,127,2012-09-20,2012-09-27,2012-10-02,783.0,1,783.0
SO49761,16271,128,2012-09-20,2012-09-27,2012-10-02,783.0,1,783.0
SO49762,6949,157,2012-09-21,2012-09-28,2012-10-03,2443.0,1,2443.0
SO49763,3278,145,2012-09-21,2012-09-28,2012-10-03,2071.0,1,2071.0
SO49763,3278,146,2012-09-21,2012-09-28,2012-10-03,2071.0,1,2071.0
SO49764,3237,145,2012-09-21,2012-09-28,2012-10-03,2071.0,1,2071.0
SO49764,3237,146,2012-09-21,2012-09-28,2012-10-03,2071.0,1,2071.0
SO49765,16095,143,2012-09-21,2012-09-28,2012-10-03,2071.0,1,2071.0
SO49765,16095,144,2012-09-21,2012-09-28,2012-10-03,2071.0,1,2071.0
SO49766,8420,117,2012-09-22,2012-09-29,2012-10-04,783.0,1,783.0
SO49766,8420,118,2012-09-22,2012-09-29,2012-10-04,783.0,1,783.0
SO49767,3348,145,2012-09-22,2012-09-29,2012-10-04,2071.0,1,2071.0
SO49767,3348,146,2012-09-22,2012-09-29,2012-10-04,2071.0,1,2071.0
SO49768,16104,149,2012-09-22,2012-09-29,2012-10-04,2049.0,1,2049.0
SO49768,16104,150,2012-09-22,2012-09-29,2012-10-04,2049.0,1,2049.0
SO49769,16092,145,2012-09-22,2012-09-29,2012-10-04,2071.0,1,2071.0
SO49769,16092,146,2012-09-22,2012-09-29,2012-10-04,2071.0,1,2071.0
SO49770,16299,131,2012-09-22,2012-09-29,2012-10-04,783.0,1,783.0
SO49770,16299,132,2012-09-22,2012-09-29,2012-10-04,783.0,1,783.0
SO49771,4571,131,2012-09-22,2012-09-29,2012-10-04,783.0,1,783.0
SO49771,4571,132,2012-09-22,2012-09-29,2012-10-04,783.0,1,783.0
SO49772,12662,168,2012-09-22,2012-09-29,2012-10-04,2182.0,1,2182.0
SO49772,12662,169,2012-09-22,2012-09-29,2012-10-04,2182.0,1,2182.0
SO49773,15751,131,2012-09-22,2012-09-29,2012-10-04,783.0,1,783.0
SO49773,15751,132,2012-09-22,2012-09-29,2012-10-04,783.0,1,783.0
SO49774,1649,147,2012-09-23,2012-09-30,2012-10-05,2049.0,1,2049.0
SO49774,1649,148,2012-09-23,2012-09-30,2012-10-05,2049.0,1,2049.0
SO49775,3236,141,2012-09-23,2012-09-30,2012-10-05,2071.0,1,2071.0
SO49775,3236,142,2012-09-23,2012-09-30,2012-10-05,2071.0,1,2071.0
SO49776,16298,119,2012-09-23,2012-09-30,2012-10-05,783.0,1,783.0
SO49776,16298,120,2012-09-23,2012-09-30,2012-10-05,783.0,1,783.0
SO49777,16405,123,2012-09-23,2012-09-30,2012-10-05,783.0,1,783.0
SO49777,16405,124,2012-09-23,2012-09-30,2012-10-05,783.0,1,783.0
SO49778,6199,158,2012-09-24,2012-10-01,2012-10-06,2443.0,1,2443.0
SO49779,6210,158,2012-09-24,2012-10-01,2012-10-06,2443.0,1,2443.0
SO49780,6959,162,2012-09-24,2012-10-01,2012-10-06,2182.0,1,2182.0
SO49780,6959,163,2012-09-24,2012-10-01,2012-10-06,2182.0,1,2182.0
SO49781,1485,151,2012-09-24,2012-10-01,2012-10-06,2049.0,1,2049.0
SO49781,1485,152,2012-09-24,2012-10-01,2012-10-06,2049.0,1,2049.0
SO49782,10019,113,2012-09-24,2012-10-01,2012-10-06,783.0,1,783.0
SO49782,10019,114,2012-09-24,2012-10-01,2012-10-06,783.0,1,783.0
SO49783,9862,131,2012-09-24,2012-10-01,2012-10-06,783.0,1,783.0
SO49783,9862,132,2012-09-24,2012-10-01,2012-10-06,783.0,1,783.0
SO49784,3326,151,2012-09-24,2012-10-01,2012-10-06,2049.0,1,2049.0
SO49784,3326,152,2012-09-24,2012-10-01,2012-10-06,2049.0,1,2049.0
SO49785,3668,147,2012-09-24,2012-10-01,2012-10-06,2049.0,1,2049.0
SO49785,3668,148,2012-09-24,2012-10-01,2012-10-06,2049.0,1,2049.0
SO49786,16091,151,2012-09-24,2012-10-01,2012-10-06,2049.0,1,2049.0
SO49786,16091,152,2012-09-24,2012-10-01,2012-10-06,2049.0,1,2049.0
SO49787,12657,157,2012-09-24,2012-10-01,2012-10-06,2443.0,1,2443.0
SO49788,12993,157,2012-09-24,2012-10-01,2012-10-06,2443.0,1,2443.0
SO49789,13003,162,2012-09-24,2012-10-01,2012-10-06,2182.0,1,2182.0
SO49789,13003,163,2012-09-24,2012-10-01,2012-10-06,2182.0,1,2182.0
SO49790,15759,117,2012-09-24,2012-10-01,2012-10-06,783.0,1,783.0
SO49790,15759,118,2012-09-24,2012-10-01,2012-10-06,783.0,1,783.0
SO49791,5262,159,2012-09-25,2012-10-02,2012-10-07,2443.0,1,2443.0
SO49792,10013,131,2012-09-25,2012-10-02,2012-10-07,783.0,1,783.0
SO49792,10013,132,2012-09-25,2012-10-02,2012-10-07,783.0,1,783.0
SO49793,3672,141,2012-09-25,2012-10-02,2012-10-07,2071.0,1,2071.0
SO49793,3672,142,2012-09-25,2012-10-02,2012-10-07,2071.0,1,2071.0
SO49794,10350,141,2012-09-25,2012-10-02,2012-10-07,2071.0,1,2071.0
SO49794,10350,142,2012-09-25,2012-10-02,2012-10-07,2071.0,1,2071.0
SO49795,16094,143,2012-09-25,2012-10-02,2012-10-07,2071.0,1,2071.0
SO49795,16094,144,2012-09-25,2012-10-02,2012-10-07,2071.0,1,2071.0
SO49796,4563,125,2012-09-25,2012-10-02,2012-10-07,783.0,1,783.0
SO49796,4563,126,2012-09-25,2012-10-02,2012-10-07,783.0,1,783.0
SO49797,4569,117,2012-09-25,2012-10-02,2012-10-07,783.0,1,783.0
SO49797,4569,118,2012-09-25,2012-10-02,2012-10-07,783.0,1,783.0
SO49798,13160,164,2012-09-25,2012-10-02,2012-10-07,2182.0,1,2182.0
SO49798,13160,165,2012-09-25,2012-10-02,2012-10-07,2182.0,1,2182.0
SO49799,12995,164,2012-09-25,2012-10-02,2012-10-07,2182.0,1,2182.0
SO49799,12995,165,2012-09-25,2012-10-02,2012-10-07,2182.0,1,2182.0
SO49800,13005,164,2012-09-25,2012-10-02,2012-10-07,2182.0,1,2182.0
SO49800,13005,165,2012-09-25,2012-10-02,2012-10-07,2182.0,1,2182.0
SO49801,4921,164,2012-09-26,2012-10-03,2012-10-08,2182.0,1,2182.0
SO49801,4921,165,2012-09-26,2012-10-03,2012-10-08,2182.0,1,2182.0
SO49802,6630,159,2012-09-26,2012-10-03,2012-10-08,2443.0,1,2443.0
SO49803,4932,159,2012-09-26,2012-10-03,2012-10-08,2443.0,1,2443.0
SO49804,15201,166,2012-09-26,2012-10-03,2012-10-08,2182.0,1,2182.0
SO49804,15201,167,2012-09-26,2012-10-03,2012-10-08,2182.0,1,2182.0
SO49805,3287,149,2012-09-26,2012-10-03,2012-10-08,2049.0,1,2049.0
SO49805,3287,150,2012-09-26,2012-10-03,2012-10-08,2049.0,1,2049.0
SO49806,3305,151,2012-09-26,2012-10-03,2012-10-08,2049.0,1,2049.0
SO49806,3305,152,2012-09-26,2012-10-03,2012-10-08,2049.0,1,2049.0
SO49807,3347,145,2012-09-26,2012-10-03,2012-10-08,2071.0,1,2071.0
SO49807,3347,146,2012-09-26,2012-10-03,2012-10-08,2071.0,1,2071.0
SO49808,3673,143,2012-09-26,2012-10-03,2012-10-08,2071.0,1,2071.0
SO49808,3673,144,2012-09-26,2012-10-03,2012-10-08,2071.0,1,2071.0
SO49809,13161,157,2012-09-26,2012-10-03,2012-10-08,2443.0,1,2443.0
SO49810,14053,178,2012-09-26,2012-10-03,2012-10-08,1000.0,1,1000.0
SO49810,14053,179,2012-09-26,2012-10-03,2012-10-08,1000.0,1,1000.0
SO49811,6893,164,2012-09-27,2012-10-04,2012-10-09,2182.0,1,2182.0
SO49811,6893,165,2012-09-27,2012-10-04,2012-10-09,2182.0,1,2182.0
SO49812,4678,157,2012-09-27,2012-10-04,2012-10-09,2443.0,1,2443.0
SO49813,4701,168,2012-09-27,2012-10-04,2012-10-09,2182.0,1,2182.0
SO49813,4701,169,2012-09-27,2012-10-04,2012-10-09,2182.0,1,2182.0
SO49814,337,145,2012-09-27,2012-10-04,2012-10-09,2071.0,1,2071.0
SO49814,337,146,2012-09-27,2012-10-04,2012-10-09,2071.0,1,2071.0
SO49815,16090,151,2012-09-27,2012-10-04,2012-10-09,2049.0,1,2049.0
SO49815,16090,152,2012-09-27,2012-10-04,2012-10-09,2049.0,1,2049.0
SO49816,3375,176,2012-09-27,2012-10-04,2012-10-09,1000.0,1,1000.0
SO49816,3375,177,2012-09-27,2012-10-04,2012-10-09,1000.0,1,1000.0
SO49817,16097,143,2012-09-27,2012-10-04,2012-10-09,2071.0,1,2071.0
SO49817,16097,144,2012-09-27,2012-10-04,2012-10-09,2071.0,1,2071.0
SO49818,12653,166,2012-09-27,2012-10-04,2012-10-09,2182.0,1,2182.0
SO49818,12653,167,2012-09-27,2012-10-04,2012-10-09,2182.0,1,2182.0
SO49819,12660,157,2012-09-27,2012-10-04,2012-10-09,2443.0,1,2443.0
SO49820,13000,160,2012-09-27,2012-10-04,2012-10-09,2182.0,1,2182.0
SO49820,13000,161,2012-09-27,2012-10-04,2012-10-09,2182.0,1,2182.0
SO49895,6790,162,2012-09-28,2012-10-05,2012-10-10,2182.0,1,2182.0
SO49895,6790,163,2012-09-28,2012-10-05,2012-10-10,2182.0,1,2182.0
SO49896,5389,164,2012-09-28,2012-10-05,2012-10-10,2182.0,1,2182.0
SO49896,5389,165,2012-09-28,2012-10-05,2012-10-10,2182.0,1,2182.0
SO49897,5393,160,2012-09-28,2012-10-05,2012-10-10,2182.0,1,2182.0
SO49897,5393,161,2012-09-28,2012-10-05,2012-10-10,2182.0,1,2182.0
SO49898,6825,159,2012-09-28,2012-10-05,2012-10-10,2443.0,1,2443.0
SO49899,6874,157,2012-09-28,2012-10-05,2012-10-10,2443.0,1,2443.0
SO49900,5287,168,2012-09-28,2012-10-05,2012-10-10,2182.0,1,2182.0
SO49900,5287,169,2012-09-28,2012-10-05,2012-10-10,2182.0,1,2182.0
SO49901,8428,119,2012-09-28,2012-10-05,2012-10-10,783.0,1,783.0
SO49901,8428,120,2012-09-28,2012-10-05,2012-10-10,783.0,1,783.0
SO49902,1502,141,2012-09-28,2012-10-05,2012-10-10,2071.0,1,2071.0
SO49902,1502,142,2012-09-28,2012-10-05,2012-10-10,2071.0,1,2071.0
SO49903,4852,117,2012-09-28,2012-10-05,2012-10-10,783.0,1,783.0
SO49903,4852,118,2012-09-28,2012-10-05,2012-10-10,783.0,1,783.0
SO49904,4883,129,2012-09-28,2012-10-05,2012-10-10,783.0,1,783.0
SO49904,4883,130,2012-09-28,2012-10-05,2012-10-10,783.0,1,783.0
SO49905,14121,174,2012-09-28,2012-10-05,2012-10-10,1000.0,1,1000.0
SO49905,14121,175,2012-09-28,2012-10-05,2012-10-10,1000.0,1,1000.0
SO49906,16194,149,2012-09-29,2012-10-06,2012-10-11,2049.0,1,2049.0
SO49906,16194,150,2012-09-29,2012-10-06,2012-10-11,2049.0,1,2049.0
SO49907,10590,149,2012-09-29,2012-10-06,2012-10-11,2049.0,1,2049.0
SO49907,10590,150,2012-09-29,2012-10-06,2012-10-11,2049.0,1,2049.0
SO49908,16200,147,2012-09-29,2012-10-06,2012-10-11,2049.0,1,2049.0
SO49908,16200,148,2012-09-29,2012-10-06,2012-10-11,2049.0,1,2049.0
SO49909,6982,157,2012-09-29,2012-10-06,2012-10-11,2443.0,1,2443.0
SO49910,2904,160,2012-09-29,2012-10-06,2012-10-11,2182.0,1,2182.0
SO49910,2904,161,2012-09-29,2012-10-06,2012-10-11,2182.0,1,2182.0
SO49911,1858,147,2012-09-29,2012-10-06,2012-10-11,2049.0,1,2049.0
SO49911,1858,148,2012-09-29,2012-10-06,2012-10-11,2049.0,1,2049.0
SO49912,4186,145,2012-09-29,2012-10-06,2012-10-11,2071.0,1,2071.0
SO49912,4186,146,2012-09-29,2012-10-06,2012-10-11,2071.0,1,2071.0
SO49913,4193,147,2012-09-29,2012-10-06,2012-10-11,2049.0,1,2049.0
SO49913,4193,148,2012-09-29,2012-10-06,2012-10-11,2049.0,1,2049.0
SO49914,4208,145,2012-09-29,2012-10-06,2012-10-11,2071.0,1,2071.0
SO49914,4208,146,2012-09-29,2012-10-06,2012-10-11,2071.0,1,2071.0
SO49915,4144,143,2012-09-29,2012-10-06,2012-10-11,2071.0,1,2071.0
SO49915,4144,144,2012-09-29,2012-10-06,2012-10-11,2071.0,1,2071.0
SO49916,4146,145,2012-09-29,2012-10-06,2012-10-11,2071.0,1,2071.0
SO49916,4146,146,2012-09-29,2012-10-06,2012-10-11,2071.0,1,2071.0
SO49917,13178,168,2012-09-29,2012-10-06,2012-10-11,2182.0,1,2182.0
SO49917,13178,169,2012-09-29,2012-10-06,2012-10-11,2182.0,1,2182.0
SO49918,14109,174,2012-09-29,2012-10-06,2012-10-11,1000.0,1,1000.0
SO49918,14109,175,2012-09-29,2012-10-06,2012-10-11,1000.0,1,1000.0
SO49919,6797,160,2012-09-30,2012-10-07,2012-10-12,2182.0,1,2182.0
SO49919,6797,161,2012-09-30,2012-10-07,2012-10-12,2182.0,1,2182.0
SO49920,8478,176,2012-09-30,2012-10-07,2012-10-12,1000.0,1,1000.0
SO49920,8478,177,2012-09-30,2012-10-07,2012-10-12,1000.0,1,1000.0
SO49921,2912,168,2012-09-30,2012-10-07,2012-10-12,2182.0,1,2182.0
SO49921,2912,169,2012-09-30,2012-10-07,2012-10-12,2182.0,1,2182.0
SO49922,4172,149,2012-09-30,2012-10-07,2012-10-12,2049.0,1,2049.0
SO49922,4172,150,2012-09-30,2012-10-07,2012-10-12,2049.0,1,2049.0
SO49923,16339,115,2012-09-30,2012-10-07,2012-10-12,783.0,1,783.0
SO49923,16339,116,2012-09-30,2012-10-07,2012-10-12,783.0,1,783.0
SO49924,10596,151,2012-10-01,2012-10-08,2012-10-13,2049.0,1,2049.0
SO49924,10596,152,2012-10-01,2012-10-08,2012-10-13,2049.0,1,2049.0
SO49925,5392,166,2012-10-01,2012-10-08,2012-10-13,2182.0,1,2182.0
SO49925,5392,167,2012-10-01,2012-10-08,2012-10-13,2182.0,1,2182.0
SO49926,5401,159,2012-10-01,2012-10-08,2012-10-13,2443.0,1,2443.0
SO49927,6776,176,2012-10-01,2012-10-08,2012-10-13,1000.0,1,1000.0
SO49927,6776,177,2012-10-01,2012-10-08,2012-10-13,1000.0,1,1000.0
SO49928,8443,109,2012-10-01,2012-10-08,2012-10-13,783.0,1,783.0
SO49928,8443,110,2012-10-01,2012-10-08,2012-10-13,783.0,1,783.0
SO49929,347,149,2012-10-01,2012-10-08,2012-10-13,2049.0,1,2049.0
SO49929,347,150,2012-10-01,2012-10-08,2012-10-13,2049.0,1,2049.0
SO49930,1855,149,2012-10-01,2012-10-08,2012-10-13,2049.0,1,2049.0
SO49930,1855,150,2012-10-01,2012-10-08,2012-10-13,2049.0,1,2049.0
SO49931,4861,119,2012-10-01,2012-10-08,2012-10-13,783.0,1,783.0
SO49931,4861,120,2012-10-01,2012-10-08,2012-10-13,783.0,1,783.0
SO49932,3419,172,2012-10-01,2012-10-08,2012-10-13,1000.0,1,1000.0
SO49932,3419,173,2012-10-01,2012-10-08,2012-10-13,1000.0,1,1000.0
SO49933,4170,141,2012-10-01,2012-10-08,2012-10-13,2071.0,1,2071.0
SO49933,4170,142,2012-10-01,2012-10-08,2012-10-13,2071.0,1,2071.0
SO49934,13267,168,2012-10-01,2012-10-08,2012-10-13,2182.0,1,2182.0
SO49934,13267,169,2012-10-01,2012-10-08,2012-10-13,2182.0,1,2182.0
SO49935,15917,109,2012-10-01,2012-10-08,2012-10-13,783.0,1,783.0
SO49935,15917,110,2012-10-01,2012-10-08,2012-10-13,783.0,1,783.0
SO49936,16202,149,2012-10-02,2012-10-09,2012-10-14,2049.0,1,2049.0
SO49936,16202,150,2012-10-02,2012-10-09,2012-10-14,2049.0,1,2049.0
SO49937,16252,147,2012-10-02,2012-10-09,2012-10-14,2049.0,1,2049.0
SO49937,16252,148,2012-10-02,2012-10-09,2012-10-14,2049.0,1,2049.0
SO49938,8275,174,2012-10-02,2012-10-09,2012-10-14,1000.0,1,1000.0
SO49938,8275,175,2012-10-02,2012-10-09,2012-10-14,1000.0,1,1000.0
SO49939,380,149,2012-10-02,2012-10-09,2012-10-14,2049.0,1,2049.0
SO49939,380,150,2012-10-02,2012-10-09,2012-10-14,2049.0,1,2049.0
SO49940,1860,143,2012-10-02,2012-10-09,2012-10-14,2071.0,1,2071.0
SO49940,1860,144,2012-10-02,2012-10-09,2012-10-14,2071.0,1,2071.0
SO49941,4023,145,2012-10-02,2012-10-09,2012-10-14,2071.0,1,2071.0
SO49941,4023,146,2012-10-02,2012-10-09,2012-10-14,2071.0,1,2071.0
SO49942,3401,174,2012-10-02,2012-10-09,2012-10-14,1000.0,1,1000.0
SO49942,3401,175,2012-10-02,2012-10-09,2012-10-14,1000.0,1,1000.0
SO49943,3418,172,2012-10-02,2012-10-09,2012-10-14,1000.0,1,1000.0
SO49943,3418,173,2012-10-02,2012-10-09,2012-10-14,1000.0,1,1000.0
SO49944,4211,143,2012-10-02,2012-10-09,2012-10-14,2071.0,1,2071.0
SO49944,4211,144,2012-10-02,2012-10-09,2012-10-14,2071.0,1,2071.0
SO49945,14120,178,2012-10-02,2012-10-09,2012-10-14,1000.0,1,1000.0
SO49945,14120,179,2012-10-02,2012-10-09,2012-10-14,1000.0,1,1000.0
SO49946,7022,160,2012-10-03,2012-10-10,2012-10-15,2182.0,1,2182.0
SO49946,7022,161,2012-10-03,2012-10-10,2012-10-15,2182.0,1,2182.0
SO49947,8472,174,2012-10-03,2012-10-10,2012-10-15,1000.0,1,1000.0
SO49947,8472,175,2012-10-03,2012-10-10,2012-10-15,1000.0,1,1000.0
SO49948,4016,151,2012-10-03,2012-10-10,2012-10-15,2049.0,1,2049.0
SO49948,4016,152,2012-10-03,2012-10-10,2012-10-15,2049.0,1,2049.0
SO49949,3412,176,2012-10-03,2012-10-10,2012-10-15,1000.0,1,1000.0
SO49949,3412,177,2012-10-03,2012-10-10,2012-10-15,1000.0,1,1000.0
SO49950,13164,160,2012-10-03,2012-10-10,2012-10-15,2182.0,1,2182.0
SO49950,13164,161,2012-10-03,2012-10-10,2012-10-15,2182.0,1,2182.0
SO49951,16232,149,2012-10-04,2012-10-11,2012-10-16,2049.0,1,2049.0
SO49951,16232,150,2012-10-04,2012-10-11,2012-10-16,2049.0,1,2049.0
SO49952,4841,121,2012-10-04,2012-10-11,2012-10-16,783.0,1,783.0
SO49952,4841,122,2012-10-04,2012-10-11,2012-10-16,783.0,1,783.0
SO49953,4214,149,2012-10-04,2012-10-11,2012-10-16,2049.0,1,2049.0
SO49953,4214,150,2012-10-04,2012-10-11,2012-10-16,2049.0,1,2049.0
SO49954,4145,149,2012-10-04,2012-10-11,2012-10-16,2049.0,1,2049.0
SO49954,4145,150,2012-10-04,2012-10-11,2012-10-16,2049.0,1,2049.0
SO49955,4153,149,2012-10-04,2012-10-11,2012-10-16,2049.0,1,2049.0
SO49955,4153,150,2012-10-04,2012-10-11,2012-10-16,2049.0,1,2049.0
SO49956,14113,176,2012-10-04,2012-10-11,2012-10-16,1000.0,1,1000.0
SO49956,14113,177,2012-10-04,2012-10-11,2012-10-16,1000.0,1,1000.0
SO49957,14115,176,2012-10-04,2012-10-11,2012-10-16,1000.0,1,1000.0
SO49957,14115,177,2012-10-04,2012-10-11,2012-10-16,1000.0,1,1000.0
SO49958,13168,157,2012-10-04,2012-10-11,2012-10-16,2443.0,1,2443.0
SO49959,13242,157,2012-10-04,2012-10-11,2012-10-16,2443.0,1,2443.0
SO49960,13250,164,2012-10-04,2012-10-11,2012-10-16,2182.0,1,2182.0
SO49960,13250,165,2012-10-04,2012-10-11,2012-10-16,2182.0,1,2182.0
SO49961,15922,115,2012-10-04,2012-10-11,2012-10-16,783.0,1,783.0
SO49961,15922,116,2012-10-04,2012-10-11,2012-10-16,783.0,1,783.0
SO49962,16227,147,2012-10-05,2012-10-12,2012-10-17,2049.0,1,2049.0
SO49962,16227,148,2012-10-05,2012-10-12,2012-10-17,2049.0,1,2049.0
SO49963,6848,159,2012-10-05,2012-10-12,2012-10-17,2443.0,1,2443.0
SO49964,5395,166,2012-10-05,2012-10-12,2012-10-17,2182.0,1,2182.0
SO49964,5395,167,2012-10-05,2012-10-12,2012-10-17,2182.0,1,2182.0
SO49965,10072,129,2012-10-05,2012-10-12,2012-10-17,783.0,1,783.0
SO49965,10072,130,2012-10-05,2012-10-12,2012-10-17,783.0,1,783.0
SO49966,1857,141,2012-10-05,2012-10-12,2012-10-17,2071.0,1,2071.0
SO49966,1857,142,2012-10-05,2012-10-12,2012-10-17,2071.0,1,2071.0
SO49967,1522,143,2012-10-05,2012-10-12,2012-10-17,2071.0,1,2071.0
SO49967,1522,144,2012-10-05,2012-10-12,2012-10-17,2071.0,1,2071.0
SO49968,4030,143,2012-10-05,2012-10-12,2012-10-17,2071.0,1,2071.0
SO49968,4030,144,2012-10-05,2012-10-12,2012-10-17,2071.0,1,2071.0
SO49969,4769,115,2012-10-05,2012-10-12,2012-10-17,783.0,1,783.0
SO49969,4769,116,2012-10-05,2012-10-12,2012-10-17,783.0,1,783.0
SO49970,4770,115,2012-10-05,2012-10-12,2012-10-17,783.0,1,783.0
SO49970,4770,116,2012-10-05,2012-10-12,2012-10-17,783.0,1,783.0
SO49971,4209,147,2012-10-05,2012-10-12,2012-10-17,2049.0,1,2049.0
SO49971,4209,148,2012-10-05,2012-10-12,2012-10-17,2049.0,1,2049.0
SO49972,4212,145,2012-10-05,2012-10-12,2012-10-17,2071.0,1,2071.0
SO49972,4212,146,2012-10-05,2012-10-12,2012-10-17,2071.0,1,2071.0
SO49973,13174,168,2012-10-05,2012-10-12,2012-10-17,2182.0,1,2182.0
SO49973,13174,169,2012-10-05,2012-10-12,2012-10-17,2182.0,1,2182.0
SO49974,13249,160,2012-10-05,2012-10-12,2012-10-17,2182.0,1,2182.0
SO49974,13249,161,2012-10-05,2012-10-12,2012-10-17,2182.0,1,2182.0
SO49975,5292,159,2012-10-06,2012-10-13,2012-10-18,2443.0,1,2443.0
SO49976,2907,164,2012-10-06,2012-10-13,2012-10-18,2182.0,1,2182.0
SO49976,2907,165,2012-10-06,2012-10-13,2012-10-18,2182.0,1,2182.0
SO49977,2911,166,2012-10-06,2012-10-13,2012-10-18,2182.0,1,2182.0
SO49977,2911,167,2012-10-06,2012-10-13,2012-10-18,2182.0,1,2182.0
SO49978,1547,141,2012-10-06,2012-10-13,2012-10-18,2071.0,1,2071.0
SO49978,1547,142,2012-10-06,2012-10-13,2012-10-18,2071.0,1,2071.0
SO49979,1856,141,2012-10-06,2012-10-13,2012-10-18,2071.0,1,2071.0
SO49979,1856,142,2012-10-06,2012-10-13,2012-10-18,2071.0,1,2071.0
SO49980,4028,147,2012-10-06,2012-10-13,2012-10-18,2049.0,1,2049.0
SO49980,4028,148,2012-10-06,2012-10-13,2012-10-18,2049.0,1,2049.0
SO49981,4033,151,2012-10-06,2012-10-13,2012-10-18,2049.0,1,2049.0
SO49981,4033,152,2012-10-06,2012-10-13,2012-10-18,2049.0,1,2049.0
SO49982,3407,172,2012-10-06,2012-10-13,2012-10-18,1000.0,1,1000.0
SO49982,3407,173,2012-10-06,2012-10-13,2012-10-18,1000.0,1,1000.0
SO49983,4180,145,2012-10-06,2012-10-13,2012-10-18,2071.0,1,2071.0
SO49983,4180,146,2012-10-06,2012-10-13,2012-10-18,2071.0,1,2071.0
SO49984,14116,172,2012-10-06,2012-10-13,2012-10-18,1000.0,1,1000.0
SO49984,14116,173,2012-10-06,2012-10-13,2012-10-18,1000.0,1,1000.0
SO49985,340,149,2012-10-07,2012-10-14,2012-10-19,2049.0,1,2049.0
SO49985,340,150,2012-10-07,2012-10-14,2012-10-19,2049.0,1,2049.0
SO49986,10583,151,2012-10-07,2012-10-14,2012-10-19,2049.0,1,2049.0
SO49986,10583,152,2012-10-07,2012-10-14,2012-10-19,2049.0,1,2049.0
SO49987,4205,151,2012-10-07,2012-10-14,2012-10-19,2049.0,1,2049.0
SO49987,4205,152,2012-10-07,2012-10-14,2012-10-19,2049.0,1,2049.0
SO49988,4121,151,2012-10-07,2012-10-14,2012-10-19,2049.0,1,2049.0
SO49988,4121,152,2012-10-07,2012-10-14,2012-10-19,2049.0,1,2049.0
SO49989,4131,147,2012-10-07,2012-10-14,2012-10-19,2049.0,1,2049.0
SO49989,4131,148,2012-10-07,2012-10-14,2012-10-19,2049.0,1,2049.0
SO49990,4181,145,2012-10-07,2012-10-14,2012-10-19,2071.0,1,2071.0
SO49990,4181,146,2012-10-07,2012-10-14,2012-10-19,2071.0,1,2071.0
SO49991,16212,145,2012-10-08,2012-10-15,2012-10-20,2071.0,1,2071.0
SO49991,16212,146,2012-10-08,2012-10-15,2012-10-20,2071.0,1,2071.0
SO49992,16241,147,2012-10-08,2012-10-15,2012-10-20,2049.0,1,2049.0
SO49992,16241,148,2012-10-08,2012-10-15,2012-10-20,2049.0,1,2049.0
SO49993,6782,158,2012-10-08,2012-10-15,2012-10-20,2443.0,1,2443.0
SO49994,6800,168,2012-10-08,2012-10-15,2012-10-20,2182.0,1,2182.0
SO49994,6800,169,2012-10-08,2012-10-15,2012-10-20,2182.0,1,2182.0
SO49995,10061,119,2012-10-08,2012-10-15,2012-10-20,783.0,1,783.0
SO49995,10061,120,2012-10-08,2012-10-15,2012-10-20,783.0,1,783.0
SO49996,1736,151,2012-10-08,2012-10-15,2012-10-20,2049.0,1,2049.0
SO49996,1736,152,2012-10-08,2012-10-15,2012-10-20,2049.0,1,2049.0
SO49997,1737,145,2012-10-08,2012-10-15,2012-10-20,2071.0,1,2071.0
SO49997,1737,146,2012-10-08,2012-10-15,2012-10-20,2071.0,1,2071.0
SO49998,1809,151,2012-10-08,2012-10-15,2012-10-20,2049.0,1,2049.0
SO49998,1809,152,2012-10-08,2012-10-15,2012-10-20,2049.0,1,2049.0
SO49999,3393,174,2012-10-08,2012-10-15,2012-10-20,1000.0,1,1000.0
SO49999,3393,175,2012-10-08,2012-10-15,2012-10-20,1000.0,1,1000.0
SO50000,16117,141,2012-10-08,2012-10-15,2012-10-20,2071.0,1,2071.0
SO50000,16117,142,2012-10-08,2012-10-15,2012-10-20,2071.0,1,2071.0
SO50001,4184,141,2012-10-08,2012-10-15,2012-10-20,2071.0,1,2071.0
SO50001,4184,142,2012-10-08,2012-10-15,2012-10-20,2071.0,1,2071.0
SO50002,13171,157,2012-10-08,2012-10-15,2012-10-20,2443.0,1,2443.0
SO50003,15797,125,2012-10-08,2012-10-15,2012-10-20,783.0,1,783.0
SO50003,15797,126,2012-10-08,2012-10-15,2012-10-20,783.0,1,783.0
SO50004,16229,143,2012-10-09,2012-10-16,2012-10-21,2071.0,1,2071.0
SO50004,16229,144,2012-10-09,2012-10-16,2012-10-21,2071.0,1,2071.0
SO50005,6849,160,2012-10-09,2012-10-16,2012-10-21,2182.0,1,2182.0
SO50005,6849,161,2012-10-09,2012-10-16,2012-10-21,2182.0,1,2182.0
SO50006,9897,121,2012-10-09,2012-10-16,2012-10-21,783.0,1,783.0
SO50006,9897,122,2012-10-09,2012-10-16,2012-10-21,783.0,1,783.0
SO50007,4182,143,2012-10-09,2012-10-16,2012-10-21,2071.0,1,2071.0
SO50007,4182,144,2012-10-09,2012-10-16,2012-10-21,2071.0,1,2071.0
SO50008,4123,145,2012-10-09,2012-10-16,2012-10-21,2071.0,1,2071.0
SO50008,4123,146,2012-10-09,2012-10-16,2012-10-21,2071.0,1,2071.0
SO50009,14112,178,2012-10-09,2012-10-16,2012-10-21,1000.0,1,1000.0
SO50009,14112,179,2012-10-09,2012-10-16,2012-10-21,1000.0,1,1000.0
SO50010,13172,158,2012-10-09,2012-10-16,2012-10-21,2443.0,1,2443.0
SO50011,16233,147,2012-10-10,2012-10-17,2012-10-22,2049.0,1,2049.0
SO50011,16233,148,2012-10-10,2012-10-17,2012-10-22,2049.0,1,2049.0
SO50012,16256,147,2012-10-10,2012-10-17,2012-10-22,2049.0,1,2049.0
SO50012,16256,148,2012-10-10,2012-10-17,2012-10-22,2049.0,1,2049.0
SO50013,6980,168,2012-10-10,2012-10-17,2012-10-22,2182.0,1,2182.0
SO50013,6980,169,2012-10-10,2012-10-17,2012-10-22,2182.0,1,2182.0
SO50014,6834,158,2012-10-10,2012-10-17,2012-10-22,2443.0,1,2443.0
SO50015,8255,170,2012-10-10,2012-10-17,2012-10-22,1000.0,1,1000.0
SO50015,8255,171,2012-10-10,2012-10-17,2012-10-22,1000.0,1,1000.0
SO50016,9871,121,2012-10-10,2012-10-17,2012-10-22,783.0,1,783.0
SO50016,9871,122,2012-10-10,2012-10-17,2012-10-22,783.0,1,783.0
SO50017,10057,115,2012-10-10,2012-10-17,2012-10-22,783.0,1,783.0
SO50017,10057,116,2012-10-10,2012-10-17,2012-10-22,783.0,1,783.0
SO50018,9877,109,2012-10-10,2012-10-17,2012-10-22,783.0,1,783.0
SO50018,9877,110,2012-10-10,2012-10-17,2012-10-22,783.0,1,783.0
SO50019,15236,164,2012-10-10,2012-10-17,2012-10-22,2182.0,1,2182.0
SO50019,15236,165,2012-10-10,2012-10-17,2012-10-22,2182.0,1,2182.0
SO50020,1739,151,2012-10-10,2012-10-17,2012-10-22,2049.0,1,2049.0
SO50020,1739,152,2012-10-10,2012-10-17,2012-10-22,2049.0,1,2049.0
SO50021,1840,151,2012-10-10,2012-10-17,2012-10-22,2049.0,1,2049.0
SO50021,1840,152,2012-10-10,2012-10-17,2012-10-22,2049.0,1,2049.0
SO50022,1713,147,2012-10-10,2012-10-17,2012-10-22,2049.0,1,2049.0
SO50022,1713,148,2012-10-10,2012-10-17,2012-10-22,2049.0,1,2049.0
SO50023,4781,129,2012-10-10,2012-10-17,2012-10-22,783.0,1,783.0
SO50023,4781,130,2012-10-10,2012-10-17,2012-10-22,783.0,1,783.0
SO50024,16407,117,2012-10-10,2012-10-17,2012-10-22,783.0,1,783.0
SO50024,16407,118,2012-10-10,2012-10-17,2012-10-22,783.0,1,783.0
SO50025,3387,176,2012-10-10,2012-10-17,2012-10-22,1000.0,1,1000.0
SO50025,3387,177,2012-10-10,2012-10-17,2012-10-22,1000.0,1,1000.0
SO50026,4206,145,2012-10-10,2012-10-17,2012-10-22,2071.0,1,2071.0
SO50026,4206,146,2012-10-10,2012-10-17,2012-10-22,2071.0,1,2071.0
SO50027,13273,160,2012-10-10,2012-10-17,2012-10-22,2182.0,1,2182.0
SO50027,13273,161,2012-10-10,2012-10-17,2012-10-22,2182.0,1,2182.0
SO50028,13274,168,2012-10-10,2012-10-17,2012-10-22,2182.0,1,2182.0
SO50028,13274,169,2012-10-10,2012-10-17,2012-10-22,2182.0,1,2182.0
SO50029,16196,145,2012-10-11,2012-10-18,2012-10-23,2071.0,1,2071.0
SO50029,16196,146,2012-10-11,2012-10-18,2012-10-23,2071.0,1,2071.0
SO50030,16235,141,2012-10-11,2012-10-18,2012-10-23,2071.0,1,2071.0
SO50030,16235,142,2012-10-11,2012-10-18,2012-10-23,2071.0,1,2071.0
SO50031,8422,131,2012-10-11,2012-10-18,2012-10-23,783.0,1,783.0
SO50031,8422,132,2012-10-11,2012-10-18,2012-10-23,783.0,1,783.0
SO50032,2897,158,2012-10-11,2012-10-18,2012-10-23,2443.0,1,2443.0
SO50033,1714,145,2012-10-11,2012-10-18,2012-10-23,2071.0,1,2071.0
SO50033,1714,146,2012-10-11,2012-10-18,2012-10-23,2071.0,1,2071.0
SO50034,4130,143,2012-10-11,2012-10-18,2012-10-23,2071.0,1,2071.0
SO50034,4130,144,2012-10-11,2012-10-18,2012-10-23,2071.0,1,2071.0
SO50035,13271,162,2012-10-11,2012-10-18,2012-10-23,2182.0,1,2182.0
SO50035,13271,163,2012-10-11,2012-10-18,2012-10-23,2182.0,1,2182.0
SO50036,16213,145,2012-10-12,2012-10-19,2012-10-24,2071.0,1,2071.0
SO50036,16213,146,2012-10-12,2012-10-19,2012-10-24,2071.0,1,2071.0
SO50037,5290,168,2012-10-12,2012-10-19,2012-10-24,2182.0,1,2182.0
SO50037,5290,169,2012-10-12,2012-10-19,2012-10-24,2182.0,1,2182.0
SO50038,6785,168,2012-10-12,2012-10-19,2012-10-24,2182.0,1,2182.0
SO50038,6785,169,2012-10-12,2012-10-19,2012-10-24,2182.0,1,2182.0
SO50039,7001,158,2012-10-12,2012-10-19,2012-10-24,2443.0,1,2443.0
SO50040,4044,143,2012-10-12,2012-10-19,2012-10-24,2071.0,1,2071.0
SO50040,4044,144,2012-10-12,2012-10-19,2012-10-24,2071.0,1,2071.0
SO50041,4842,129,2012-10-12,2012-10-19,2012-10-24,783.0,1,783.0
SO50041,4842,130,2012-10-12,2012-10-19,2012-10-24,783.0,1,783.0
SO50042,4771,115,2012-10-12,2012-10-19,2012-10-24,783.0,1,783.0
SO50042,4771,116,2012-10-12,2012-10-19,2012-10-24,783.0,1,783.0
SO50043,3399,174,2012-10-12,2012-10-19,2012-10-24,1000.0,1,1000.0
SO50043,3399,175,2012-10-12,2012-10-19,2012-10-24,1000.0,1,1000.0
SO50044,13163,157,2012-10-12,2012-10-19,2012-10-24,2443.0,1,2443.0
SO50045,15925,115,2012-10-12,2012-10-19,2012-10-24,783.0,1,783.0
SO50045,15925,116,2012-10-12,2012-10-19,2012-10-24,783.0,1,783.0
SO50046,5405,159,2012-10-13,2012-10-20,2012-10-25,2443.0,1,2443.0
SO50047,5409,164,2012-10-13,2012-10-20,2012-10-25,2182.0,1,2182.0
SO50047,5409,165,2012-10-13,2012-10-20,2012-10-25,2182.0,1,2182.0
SO50048,8198,178,2012-10-13,2012-10-20,2012-10-25,1000.0,1,1000.0
SO50048,8198,179,2012-10-13,2012-10-20,2012-10-25,1000.0,1,1000.0
SO50049,1746,143,2012-10-13,2012-10-20,2012-10-25,2071.0,1,2071.0
SO50049,1746,144,2012-10-13,2012-10-20,2012-10-25,2071.0,1,2071.0
SO50050,4036,145,2012-10-13,2012-10-20,2012-10-25,2071.0,1,2071.0
SO50050,4036,146,2012-10-13,2012-10-20,2012-10-25,2071.0,1,2071.0
SO50051,4128,145,2012-10-13,2012-10-20,2012-10-25,2071.0,1,2071.0
SO50051,4128,146,2012-10-13,2012-10-20,2012-10-25,2071.0,1,2071.0
SO50052,16207,141,2012-10-13,2012-10-20,2012-10-25,2071.0,1,2071.0
SO50052,16207,142,2012-10-13,2012-10-20,2012-10-25,2071.0,1,2071.0
SO50053,6812,160,2012-10-14,2012-10-21,2012-10-26,2182.0,1,2182.0
SO50053,6812,161,2012-10-14,2012-10-21,2012-10-26,2182.0,1,2182.0
SO50054,5413,158,2012-10-14,2012-10-21,2012-10-26,2443.0,1,2443.0
SO50055,8480,172,2012-10-14,2012-10-21,2012-10-26,1000.0,1,1000.0
SO50055,8480,173,2012-10-14,2012-10-21,2012-10-26,1000.0,1,1000.0
SO50056,4843,113,2012-10-14,2012-10-21,2012-10-26,783.0,1,783.0
SO50056,4843,114,2012-10-14,2012-10-21,2012-10-26,783.0,1,783.0
SO50057,4835,111,2012-10-14,2012-10-21,2012-10-26,783.0,1,783.0
SO50057,4835,112,2012-10-14,2012-10-21,2012-10-26,783.0,1,783.0
SO50058,3415,170,2012-10-14,2012-10-21,2012-10-26,1000.0,1,1000.0
SO50058,3415,171,2012-10-14,2012-10-21,2012-10-26,1000.0,1,1000.0
SO50059,3416,174,2012-10-14,2012-10-21,2012-10-26,1000.0,1,1000.0
SO50059,3416,175,2012-10-14,2012-10-21,2012-10-26,1000.0,1,1000.0
SO50060,4152,151,2012-10-14,2012-10-21,2012-10-26,2049.0,1,2049.0
SO50060,4152,152,2012-10-14,2012-10-21,2012-10-26,2049.0,1,2049.0
SO50061,13167,166,2012-10-14,2012-10-21,2012-10-26,2182.0,1,2182.0
SO50061,13167,167,2012-10-14,2012-10-21,2012-10-26,2182.0,1,2182.0
SO50062,13173,162,2012-10-14,2012-10-21,2012-10-26,2182.0,1,2182.0
SO50062,13173,163,2012-10-14,2012-10-21,2012-10-26,2182.0,1,2182.0
SO50063,13176,160,2012-10-14,2012-10-21,2012-10-26,2182.0,1,2182.0
SO50063,13176,161,2012-10-14,2012-10-21,2012-10-26,2182.0,1,2182.0
SO50064,13272,166,2012-10-14,2012-10-21,2012-10-26,2182.0,1,2182.0
SO50064,13272,167,2012-10-14,2012-10-21,2012-10-26,2182.0,1,2182.0
SO50065,4045,147,2012-10-14,2012-10-21,2012-10-26,2049.0,1,2049.0
SO50065,4045,148,2012-10-14,2012-10-21,2012-10-26,2049.0,1,2049.0
SO50066,13243,166,2012-10-14,2012-10-21,2012-10-26,2182.0,1,2182.0
SO50066,13243,167,2012-10-14,2012-10-21,2012-10-26,2182.0,1,2182.0
SO50067,15924,129,2012-10-14,2012-10-21,2012-10-26,783.0,1,783.0
SO50067,15924,130,2012-10-14,2012-10-21,2012-10-26,783.0,1,783.0
SO50068,15798,127,2012-10-14,2012-10-21,2012-10-26,783.0,1,783.0
SO50068,15798,128,2012-10-14,2012-10-21,2012-10-26,783.0,1,783.0
SO50069,6973,160,2012-10-15,2012-10-22,2012-10-27,2182.0,1,2182.0
SO50069,6973,161,2012-10-15,2012-10-22,2012-10-27,2182.0,1,2182.0
SO50070,1625,147,2012-10-15,2012-10-22,2012-10-27,2049.0,1,2049.0
SO50070,1625,148,2012-10-15,2012-10-22,2012-10-27,2049.0,1,2049.0
SO50071,1854,151,2012-10-15,2012-10-22,2012-10-27,2049.0,1,2049.0
SO50071,1854,152,2012-10-15,2012-10-22,2012-10-27,2049.0,1,2049.0
SO50072,4037,151,2012-10-15,2012-10-22,2012-10-27,2049.0,1,2049.0
SO50072,4037,152,2012-10-15,2012-10-22,2012-10-27,2049.0,1,2049.0
SO50073,4863,127,2012-10-15,2012-10-22,2012-10-27,783.0,1,783.0
SO50073,4863,128,2012-10-15,2012-10-22,2012-10-27,783.0,1,783.0
SO50074,16118,145,2012-10-15,2012-10-22,2012-10-27,2071.0,1,2071.0
SO50074,16118,146,2012-10-15,2012-10-22,2012-10-27,2071.0,1,2071.0
SO50075,4171,145,2012-10-15,2012-10-22,2012-10-27,2071.0,1,2071.0
SO50075,4171,146,2012-10-15,2012-10-22,2012-10-27,2071.0,1,2071.0
SO50076,13170,168,2012-10-15,2012-10-22,2012-10-27,2182.0,1,2182.0
SO50076,13170,169,2012-10-15,2012-10-22,2012-10-27,2182.0,1,2182.0
SO50077,13245,157,2012-10-15,2012-10-22,2012-10-27,2443.0,1,2443.0
SO50078,13252,159,2012-10-15,2012-10-22,2012-10-27,2443.0,1,2443.0
SO50079,13253,168,2012-10-15,2012-10-22,2012-10-27,2182.0,1,2182.0
SO50079,13253,169,2012-10-15,2012-10-22,2012-10-27,2182.0,1,2182.0
SO50080,16240,143,2012-10-16,2012-10-23,2012-10-28,2071.0,1,2071.0
SO50080,16240,144,2012-10-16,2012-10-23,2012-10-28,2071.0,1,2071.0
SO50081,8435,129,2012-10-16,2012-10-23,2012-10-28,783.0,1,783.0
SO50081,8435,130,2012-10-16,2012-10-23,2012-10-28,783.0,1,783.0
SO50082,9875,113,2012-10-16,2012-10-23,2012-10-28,783.0,1,783.0
SO50082,9875,114,2012-10-16,2012-10-23,2012-10-28,783.0,1,783.0
SO50083,8447,121,2012-10-16,2012-10-23,2012-10-28,783.0,1,783.0
SO50083,8447,122,2012-10-16,2012-10-23,2012-10-28,783.0,1,783.0
SO50084,1549,151,2012-10-16,2012-10-23,2012-10-28,2049.0,1,2049.0
SO50084,1549,152,2012-10-16,2012-10-23,2012-10-28,2049.0,1,2049.0
SO50085,13165,162,2012-10-16,2012-10-23,2012-10-28,2182.0,1,2182.0
SO50085,13165,163,2012-10-16,2012-10-23,2012-10-28,2182.0,1,2182.0
SO50086,13175,157,2012-10-16,2012-10-23,2012-10-28,2443.0,1,2443.0
SO50087,10614,147,2012-10-17,2012-10-24,2012-10-29,2049.0,1,2049.0
SO50087,10614,148,2012-10-17,2012-10-24,2012-10-29,2049.0,1,2049.0
SO50088,5394,168,2012-10-17,2012-10-24,2012-10-29,2182.0,1,2182.0
SO50088,5394,169,2012-10-17,2012-10-24,2012-10-29,2182.0,1,2182.0
SO50089,6779,178,2012-10-17,2012-10-24,2012-10-29,1000.0,1,1000.0
SO50089,6779,179,2012-10-17,2012-10-24,2012-10-29,1000.0,1,1000.0
SO50090,8424,115,2012-10-17,2012-10-24,2012-10-29,783.0,1,783.0
SO50090,8424,116,2012-10-17,2012-10-24,2012-10-29,783.0,1,783.0
SO50091,8437,123,2012-10-17,2012-10-24,2012-10-29,783.0,1,783.0
SO50091,8437,124,2012-10-17,2012-10-24,2012-10-29,783.0,1,783.0
SO50092,379,143,2012-10-17,2012-10-24,2012-10-29,2071.0,1,2071.0
SO50092,379,144,2012-10-17,2012-10-24,2012-10-29,2071.0,1,2071.0
SO50093,4782,109,2012-10-17,2012-10-24,2012-10-29,783.0,1,783.0
SO50093,4782,110,2012-10-17,2012-10-24,2012-10-29,783.0,1,783.0
SO50094,4185,141,2012-10-17,2012-10-24,2012-10-29,2071.0,1,2071.0
SO50094,4185,142,2012-10-17,2012-10-24,2012-10-29,2071.0,1,2071.0
SO50095,4179,151,2012-10-17,2012-10-24,2012-10-29,2049.0,1,2049.0
SO50095,4179,152,2012-10-17,2012-10-24,2012-10-29,2049.0,1,2049.0
SO50096,6979,166,2012-10-18,2012-10-25,2012-10-30,2182.0,1,2182.0
SO50096,6979,167,2012-10-18,2012-10-25,2012-10-30,2182.0,1,2182.0
SO50097,8448,111,2012-10-18,2012-10-25,2012-10-30,783.0,1,783.0
SO50097,8448,112,2012-10-18,2012-10-25,2012-10-30,783.0,1,783.0
SO50098,4844,119,2012-10-18,2012-10-25,2012-10-30,783.0,1,783.0
SO50098,4844,120,2012-10-18,2012-10-25,2012-10-30,783.0,1,783.0
SO50099,4853,109,2012-10-18,2012-10-25,2012-10-30,783.0,1,783.0
SO50099,4853,110,2012-10-18,2012-10-25,2012-10-30,783.0,1,783.0
SO50100,3386,174,2012-10-18,2012-10-25,2012-10-30,1000.0,1,1000.0
SO50100,3386,175,2012-10-18,2012-10-25,2012-10-30,1000.0,1,1000.0
SO50101,5311,158,2012-10-19,2012-10-26,2012-10-31,2443.0,1,2443.0
SO50102,2899,159,2012-10-19,2012-10-26,2012-10-31,2443.0,1,2443.0
SO50103,4828,111,2012-10-19,2012-10-26,2012-10-31,783.0,1,783.0
SO50103,4828,112,2012-10-19,2012-10-26,2012-10-31,783.0,1,783.0
SO50104,3395,174,2012-10-19,2012-10-26,2012-10-31,1000.0,1,1000.0
SO50104,3395,175,2012-10-19,2012-10-26,2012-10-31,1000.0,1,1000.0
SO50105,14114,178,2012-10-19,2012-10-26,2012-10-31,1000.0,1,1000.0
SO50105,14114,179,2012-10-19,2012-10-26,2012-10-31,1000.0,1,1000.0
SO50106,16300,131,2012-10-19,2012-10-26,2012-10-31,783.0,1,783.0
SO50106,16300,132,2012-10-19,2012-10-26,2012-10-31,783.0,1,783.0
SO50107,16255,149,2012-10-20,2012-10-27,2012-11-01,2049.0,1,2049.0
SO50107,16255,150,2012-10-20,2012-10-27,2012-11-01,2049.0,1,2049.0
SO50108,6975,162,2012-10-20,2012-10-27,2012-11-01,2182.0,1,2182.0
SO50108,6975,163,2012-10-20,2012-10-27,2012-11-01,2182.0,1,2182.0
SO50109,5269,162,2012-10-20,2012-10-27,2012-11-01,2182.0,1,2182.0
SO50109,5269,163,2012-10-20,2012-10-27,2012-11-01,2182.0,1,2182.0
SO50110,8442,113,2012-10-20,2012-10-27,2012-11-01,783.0,1,783.0
SO50110,8442,114,2012-10-20,2012-10-27,2012-11-01,783.0,1,783.0
SO50111,13251,166,2012-10-20,2012-10-27,2012-11-01,2182.0,1,2182.0
SO50111,13251,167,2012-10-20,2012-10-27,2012-11-01,2182.0,1,2182.0
SO50112,15918,117,2012-10-20,2012-10-27,2012-11-01,783.0,1,783.0
SO50112,15918,118,2012-10-20,2012-10-27,2012-11-01,783.0,1,783.0
SO50113,16236,147,2012-10-21,2012-10-28,2012-11-02,2049.0,1,2049.0
SO50113,16236,148,2012-10-21,2012-10-28,2012-11-02,2049.0,1,2049.0
SO50114,16257,145,2012-10-21,2012-10-28,2012-11-02,2071.0,1,2071.0
SO50114,16257,146,2012-10-21,2012-10-28,2012-11-02,2071.0,1,2071.0
SO50115,6765,162,2012-10-21,2012-10-28,2012-11-02,2182.0,1,2182.0
SO50115,6765,163,2012-10-21,2012-10-28,2012-11-02,2182.0,1,2182.0
SO50116,6826,166,2012-10-21,2012-10-28,2012-11-02,2182.0,1,2182.0
SO50116,6826,167,2012-10-21,2012-10-28,2012-11-02,2182.0,1,2182.0
SO50117,6894,164,2012-10-21,2012-10-28,2012-11-02,2182.0,1,2182.0
SO50117,6894,165,2012-10-21,2012-10-28,2012-11-02,2182.0,1,2182.0
SO50118,10045,109,2012-10-21,2012-10-28,2012-11-02,783.0,1,783.0
SO50118,10045,110,2012-10-21,2012-10-28,2012-11-02,783.0,1,783.0
SO50119,2908,166,2012-10-21,2012-10-28,2012-11-02,2182.0,1,2182.0
SO50119,2908,167,2012-10-21,2012-10-28,2012-11-02,2182.0,1,2182.0
SO50120,4041,141,2012-10-21,2012-10-28,2012-11-02,2071.0,1,2071.0
SO50120,4041,142,2012-10-21,2012-10-28,2012-11-02,2071.0,1,2071.0
SO50121,4043,143,2012-10-21,2012-10-28,2012-11-02,2071.0,1,2071.0
SO50121,4043,144,2012-10-21,2012-10-28,2012-11-02,2071.0,1,2071.0
SO50122,4845,129,2012-10-21,2012-10-28,2012-11-02,783.0,1,783.0
SO50122,4845,130,2012-10-21,2012-10-28,2012-11-02,783.0,1,783.0
SO50123,4779,119,2012-10-21,2012-10-28,2012-11-02,783.0,1,783.0
SO50123,4779,120,2012-10-21,2012-10-28,2012-11-02,783.0,1,783.0
SO50124,16115,141,2012-10-21,2012-10-28,2012-11-02,2071.0,1,2071.0
SO50124,16115,142,2012-10-21,2012-10-28,2012-11-02,2071.0,1,2071.0
SO50125,4210,147,2012-10-21,2012-10-28,2012-11-02,2049.0,1,2049.0
SO50125,4210,148,2012-10-21,2012-10-28,2012-11-02,2049.0,1,2049.0
SO50126,4136,145,2012-10-21,2012-10-28,2012-11-02,2071.0,1,2071.0
SO50126,4136,146,2012-10-21,2012-10-28,2012-11-02,2071.0,1,2071.0
SO50127,13177,159,2012-10-21,2012-10-28,2012-11-02,2443.0,1,2443.0
SO50128,16228,141,2012-10-22,2012-10-29,2012-11-03,2071.0,1,2071.0
SO50128,16228,142,2012-10-22,2012-10-29,2012-11-03,2071.0,1,2071.0
SO50129,6991,168,2012-10-22,2012-10-29,2012-11-03,2182.0,1,2182.0
SO50129,6991,169,2012-10-22,2012-10-29,2012-11-03,2182.0,1,2182.0
SO50130,8285,172,2012-10-22,2012-10-29,2012-11-03,1000.0,1,1000.0
SO50130,8285,173,2012-10-22,2012-10-29,2012-11-03,1000.0,1,1000.0
SO50131,8427,115,2012-10-22,2012-10-29,2012-11-03,783.0,1,783.0
SO50131,8427,116,2012-10-22,2012-10-29,2012-11-03,783.0,1,783.0
SO50132,10054,125,2012-10-22,2012-10-29,2012-11-03,783.0,1,783.0
SO50132,10054,126,2012-10-22,2012-10-29,2012-11-03,783.0,1,783.0
SO50133,346,151,2012-10-22,2012-10-29,2012-11-03,2049.0,1,2049.0
SO50133,346,152,2012-10-22,2012-10-29,2012-11-03,2049.0,1,2049.0
SO50134,4029,143,2012-10-22,2012-10-29,2012-11-03,2071.0,1,2071.0
SO50134,4029,144,2012-10-22,2012-10-29,2012-11-03,2071.0,1,2071.0
SO50135,4038,143,2012-10-22,2012-10-29,2012-11-03,2071.0,1,2071.0
SO50135,4038,144,2012-10-22,2012-10-29,2012-11-03,2071.0,1,2071.0
SO50136,4846,109,2012-10-22,2012-10-29,2012-11-03,783.0,1,783.0
SO50136,4846,110,2012-10-22,2012-10-29,2012-11-03,783.0,1,783.0
SO50137,4866,129,2012-10-22,2012-10-29,2012-11-03,783.0,1,783.0
SO50137,4866,130,2012-10-22,2012-10-29,2012-11-03,783.0,1,783.0
SO50138,3414,178,2012-10-22,2012-10-29,2012-11-03,1000.0,1,1000.0
SO50138,3414,179,2012-10-22,2012-10-29,2012-11-03,1000.0,1,1000.0
SO50139,4183,141,2012-10-22,2012-10-29,2012-11-03,2071.0,1,2071.0
SO50139,4183,142,2012-10-22,2012-10-29,2012-11-03,2071.0,1,2071.0
SO50140,13162,157,2012-10-22,2012-10-29,2012-11-03,2443.0,1,2443.0
SO50141,13180,158,2012-10-22,2012-10-29,2012-11-03,2443.0,1,2443.0
SO50142,15921,111,2012-10-22,2012-10-29,2012-11-03,783.0,1,783.0
SO50142,15921,112,2012-10-22,2012-10-29,2012-11-03,783.0,1,783.0
SO50143,16206,149,2012-10-23,2012-10-30,2012-11-04,2049.0,1,2049.0
SO50143,16206,150,2012-10-23,2012-10-30,2012-11-04,2049.0,1,2049.0
SO50144,8460,178,2012-10-23,2012-10-30,2012-11-04,1000.0,1,1000.0
SO50144,8460,179,2012-10-23,2012-10-30,2012-11-04,1000.0,1,1000.0
SO50145,8284,176,2012-10-23,2012-10-30,2012-11-04,1000.0,1,1000.0
SO50145,8284,177,2012-10-23,2012-10-30,2012-11-04,1000.0,1,1000.0
SO50146,2898,166,2012-10-23,2012-10-30,2012-11-04,2182.0,1,2182.0
SO50146,2898,167,2012-10-23,2012-10-30,2012-11-04,2182.0,1,2182.0
SO50147,16430,109,2012-10-23,2012-10-30,2012-11-04,783.0,1,783.0
SO50147,16430,110,2012-10-23,2012-10-30,2012-11-04,783.0,1,783.0
SO50148,4772,117,2012-10-23,2012-10-30,2012-11-04,783.0,1,783.0
SO50148,4772,118,2012-10-23,2012-10-30,2012-11-04,783.0,1,783.0
SO50149,4135,143,2012-10-23,2012-10-30,2012-11-04,2071.0,1,2071.0
SO50149,4135,144,2012-10-23,2012-10-30,2012-11-04,2071.0,1,2071.0
SO50150,15920,127,2012-10-23,2012-10-30,2012-11-04,783.0,1,783.0
SO50150,15920,128,2012-10-23,2012-10-30,2012-11-04,783.0,1,783.0
SO50151,15968,123,2012-10-23,2012-10-30,2012-11-04,783.0,1,783.0
SO50151,15968,124,2012-10-23,2012-10-30,2012-11-04,783.0,1,783.0
SO50152,6769,160,2012-10-24,2012-10-31,2012-11-05,2182.0,1,2182.0
SO50152,6769,161,2012-10-24,2012-10-31,2012-11-05,2182.0,1,2182.0
SO50153,10093,123,2012-10-24,2012-10-31,2012-11-05,783.0,1,783.0
SO50153,10093,124,2012-10-24,2012-10-31,2012-11-05,783.0,1,783.0
SO50154,2905,162,2012-10-24,2012-10-31,2012-11-05,2182.0,1,2182.0
SO50154,2905,163,2012-10-24,2012-10-31,2012-11-05,2182.0,1,2182.0
SO50155,4031,145,2012-10-24,2012-10-31,2012-11-05,2071.0,1,2071.0
SO50155,4031,146,2012-10-24,2012-10-31,2012-11-05,2071.0,1,2071.0
SO50156,4039,147,2012-10-24,2012-10-31,2012-11-05,2049.0,1,2049.0
SO50156,4039,148,2012-10-24,2012-10-31,2012-11-05,2049.0,1,2049.0
SO50157,4122,145,2012-10-24,2012-10-31,2012-11-05,2071.0,1,2071.0
SO50157,4122,146,2012-10-24,2012-10-31,2012-11-05,2071.0,1,2071.0
SO50158,4134,141,2012-10-24,2012-10-31,2012-11-05,2071.0,1,2071.0
SO50158,4134,142,2012-10-24,2012-10-31,2012-11-05,2071.0,1,2071.0
SO50159,13166,159,2012-10-24,2012-10-31,2012-11-05,2443.0,1,2443.0
SO50160,4874,109,2012-10-24,2012-10-31,2012-11-05,783.0,1,783.0
SO50160,4874,110,2012-10-24,2012-10-31,2012-11-05,783.0,1,783.0
SO50161,13248,166,2012-10-24,2012-10-31,2012-11-05,2182.0,1,2182.0
SO50161,13248,167,2012-10-24,2012-10-31,2012-11-05,2182.0,1,2182.0
SO50162,15919,109,2012-10-24,2012-10-31,2012-11-05,783.0,1,783.0
SO50162,15919,110,2012-10-24,2012-10-31,2012-11-05,783.0,1,783.0
SO50163,16251,143,2012-10-25,2012-11-01,2012-11-06,2071.0,1,2071.0
SO50163,16251,144,2012-10-25,2012-11-01,2012-11-06,2071.0,1,2071.0
SO50164,6766,166,2012-10-25,2012-11-01,2012-11-06,2182.0,1,2182.0
SO50164,6766,167,2012-10-25,2012-11-01,2012-11-06,2182.0,1,2182.0
SO50165,6978,168,2012-10-25,2012-11-01,2012-11-06,2182.0,1,2182.0
SO50165,6978,169,2012-10-25,2012-11-01,2012-11-06,2182.0,1,2182.0
SO50166,8468,174,2012-10-25,2012-11-01,2012-11-06,1000.0,1,1000.0
SO50166,8468,175,2012-10-25,2012-11-01,2012-11-06,1000.0,1,1000.0
SO50167,2906,160,2012-10-25,2012-11-01,2012-11-06,2182.0,1,2182.0
SO50167,2906,161,2012-10-25,2012-11-01,2012-11-06,2182.0,1,2182.0
SO50168,4034,145,2012-10-25,2012-11-01,2012-11-06,2071.0,1,2071.0
SO50168,4034,146,2012-10-25,2012-11-01,2012-11-06,2071.0,1,2071.0
SO50169,4042,145,2012-10-25,2012-11-01,2012-11-06,2071.0,1,2071.0
SO50169,4042,146,2012-10-25,2012-11-01,2012-11-06,2071.0,1,2071.0
SO50170,13258,160,2012-10-25,2012-11-01,2012-11-06,2182.0,1,2182.0
SO50170,13258,161,2012-10-25,2012-11-01,2012-11-06,2182.0,1,2182.0
SO50171,5289,164,2012-10-26,2012-11-02,2012-11-07,2182.0,1,2182.0
SO50171,5289,165,2012-10-26,2012-11-02,2012-11-07,2182.0,1,2182.0
SO50172,6774,172,2012-10-26,2012-11-02,2012-11-07,1000.0,1,1000.0
SO50172,6774,173,2012-10-26,2012-11-02,2012-11-07,1000.0,1,1000.0
SO50173,14122,174,2012-10-26,2012-11-02,2012-11-07,1000.0,1,1000.0
SO50173,14122,175,2012-10-26,2012-11-02,2012-11-07,1000.0,1,1000.0
SO50174,13169,162,2012-10-26,2012-11-02,2012-11-07,2182.0,1,2182.0
SO50174,13169,163,2012-10-26,2012-11-02,2012-11-07,2182.0,1,2182.0
SO50175,13179,160,2012-10-26,2012-11-02,2012-11-07,2182.0,1,2182.0
SO50175,13179,161,2012-10-26,2012-11-02,2012-11-07,2182.0,1,2182.0
SO50176,5274,160,2012-10-26,2012-11-02,2012-11-07,2182.0,1,2182.0
SO50176,5274,161,2012-10-26,2012-11-02,2012-11-07,2182.0,1,2182.0
SO50177,15796,111,2012-10-26,2012-11-02,2012-11-07,783.0,1,783.0
SO50177,15796,112,2012-10-26,2012-11-02,2012-11-07,783.0,1,783.0
SO50178,16258,143,2012-10-27,2012-11-03,2012-11-08,2071.0,1,2071.0
SO50178,16258,144,2012-10-27,2012-11-03,2012-11-08,2071.0,1,2071.0
SO50179,6770,166,2012-10-27,2012-11-03,2012-11-08,2182.0,1,2182.0
SO50179,6770,167,2012-10-27,2012-11-03,2012-11-08,2182.0,1,2182.0
SO50180,6778,158,2012-10-27,2012-11-03,2012-11-08,2443.0,1,2443.0
SO50181,8258,174,2012-10-27,2012-11-03,2012-11-08,1000.0,1,1000.0
SO50181,8258,175,2012-10-27,2012-11-03,2012-11-08,1000.0,1,1000.0
SO50182,10068,113,2012-10-27,2012-11-03,2012-11-08,783.0,1,783.0
SO50182,10068,114,2012-10-27,2012-11-03,2012-11-08,783.0,1,783.0
SO50183,9913,117,2012-10-27,2012-11-03,2012-11-08,783.0,1,783.0
SO50183,9913,118,2012-10-27,2012-11-03,2012-11-08,783.0,1,783.0
SO50184,341,149,2012-10-27,2012-11-03,2012-11-08,2049.0,1,2049.0
SO50184,341,150,2012-10-27,2012-11-03,2012-11-08,2049.0,1,2049.0
SO50185,1658,149,2012-10-27,2012-11-03,2012-11-08,2049.0,1,2049.0
SO50185,1658,150,2012-10-27,2012-11-03,2012-11-08,2049.0,1,2049.0
SO50186,3413,174,2012-10-27,2012-11-03,2012-11-08,1000.0,1,1000.0
SO50186,3413,175,2012-10-27,2012-11-03,2012-11-08,1000.0,1,1000.0
SO50187,4151,149,2012-10-27,2012-11-03,2012-11-08,2049.0,1,2049.0
SO50187,4151,150,2012-10-27,2012-11-03,2012-11-08,2049.0,1,2049.0
SO50188,15923,117,2012-10-27,2012-11-03,2012-11-08,783.0,1,783.0
SO50188,15923,118,2012-10-27,2012-11-03,2012-11-08,783.0,1,783.0
SO50323,16448,145,2012-10-28,2012-11-04,2012-11-09,2071.0,1,2071.0
SO50323,16448,146,2012-10-28,2012-11-04,2012-11-09,2071.0,1,2071.0
SO50324,7159,166,2012-10-28,2012-11-04,2012-11-09,2182.0,1,2182.0
SO50324,7159,167,2012-10-28,2012-11-04,2012-11-09,2182.0,1,2182.0
SO50325,16292,145,2012-10-28,2012-11-04,2012-11-09,2071.0,1,2071.0
SO50325,16292,146,2012-10-28,2012-11-04,2012-11-09,2071.0,1,2071.0
SO50326,10621,143,2012-10-28,2012-11-04,2012-11-09,2071.0,1,2071.0
SO50326,10621,144,2012-10-28,2012-11-04,2012-11-09,2071.0,1,2071.0
SO50327,10131,131,2012-10-28,2012-11-04,2012-11-09,783.0,1,783.0
SO50327,10131,132,2012-10-28,2012-11-04,2012-11-09,783.0,1,783.0
SO50328,402,145,2012-10-28,2012-11-04,2012-11-09,2071.0,1,2071.0
SO50328,402,146,2012-10-28,2012-11-04,2012-11-09,2071.0,1,2071.0
SO50329,404,143,2012-10-28,2012-11-04,2012-11-09,2071.0,1,2071.0
SO50329,404,144,2012-10-28,2012-11-04,2012-11-09,2071.0,1,2071.0
SO50330,4893,111,2012-10-28,2012-11-04,2012-11-09,783.0,1,783.0
SO50330,4893,112,2012-10-28,2012-11-04,2012-11-09,783.0,1,783.0
SO50331,4916,117,2012-10-28,2012-11-04,2012-11-09,783.0,1,783.0
SO50331,4916,118,2012-10-28,2012-11-04,2012-11-09,783.0,1,783.0
SO50332,14223,174,2012-10-28,2012-11-04,2012-11-09,1000.0,1,1000.0
SO50332,14223,175,2012-10-28,2012-11-04,2012-11-09,1000.0,1,1000.0
SO50333,4581,141,2012-10-28,2012-11-04,2012-11-09,2071.0,1,2071.0
SO50333,4581,142,2012-10-28,2012-11-04,2012-11-09,2071.0,1,2071.0
SO50334,4596,149,2012-10-28,2012-11-04,2012-11-09,2049.0,1,2049.0
SO50334,4596,150,2012-10-28,2012-11-04,2012-11-09,2049.0,1,2049.0
SO50335,4649,145,2012-10-28,2012-11-04,2012-11-09,2071.0,1,2071.0
SO50335,4649,146,2012-10-28,2012-11-04,2012-11-09,2071.0,1,2071.0
SO50336,16450,151,2012-10-29,2012-11-05,2012-11-10,2049.0,1,2049.0
SO50336,16450,152,2012-10-29,2012-11-05,2012-11-10,2049.0,1,2049.0
SO50337,10653,147,2012-10-29,2012-11-05,2012-11-10,2049.0,1,2049.0
SO50337,10653,148,2012-10-29,2012-11-05,2012-11-10,2049.0,1,2049.0
SO50338,6947,166,2012-10-29,2012-11-05,2012-11-10,2182.0,1,2182.0
SO50338,6947,167,2012-10-29,2012-11-05,2012-11-10,2182.0,1,2182.0
SO50339,7027,168,2012-10-29,2012-11-05,2012-11-10,2182.0,1,2182.0
SO50339,7027,169,2012-10-29,2012-11-05,2012-11-10,2182.0,1,2182.0
SO50340,5425,168,2012-10-29,2012-11-05,2012-11-10,2182.0,1,2182.0
SO50340,5425,169,2012-10-29,2012-11-05,2012-11-10,2182.0,1,2182.0
SO50341,16290,145,2012-10-29,2012-11-05,2012-11-10,2071.0,1,2071.0
SO50341,16290,146,2012-10-29,2012-11-05,2012-11-10,2071.0,1,2071.0
SO50342,16426,149,2012-10-29,2012-11-05,2012-11-10,2049.0,1,2049.0
SO50342,16426,150,2012-10-29,2012-11-05,2012-11-10,2049.0,1,2049.0
SO50343,15311,166,2012-10-29,2012-11-05,2012-11-10,2182.0,1,2182.0
SO50343,15311,167,2012-10-29,2012-11-05,2012-11-10,2182.0,1,2182.0
SO50344,4938,125,2012-10-29,2012-11-05,2012-11-10,783.0,1,783.0
SO50344,4938,126,2012-10-29,2012-11-05,2012-11-10,783.0,1,783.0
SO50345,4226,143,2012-10-29,2012-11-05,2012-11-10,2071.0,1,2071.0
SO50345,4226,144,2012-10-29,2012-11-05,2012-11-10,2071.0,1,2071.0
SO50346,4576,143,2012-10-29,2012-11-05,2012-11-10,2071.0,1,2071.0
SO50346,4576,144,2012-10-29,2012-11-05,2012-11-10,2071.0,1,2071.0
SO50347,16406,145,2012-10-30,2012-11-06,2012-11-11,2071.0,1,2071.0
SO50347,16406,146,2012-10-30,2012-11-06,2012-11-11,2071.0,1,2071.0
SO50348,8312,170,2012-10-30,2012-11-06,2012-11-11,1000.0,1,1000.0
SO50348,8312,171,2012-10-30,2012-11-06,2012-11-11,1000.0,1,1000.0
SO50349,8315,170,2012-10-30,2012-11-06,2012-11-11,1000.0,1,1000.0
SO50349,8315,171,2012-10-30,2012-11-06,2012-11-11,1000.0,1,1000.0
SO50350,10104,131,2012-10-30,2012-11-06,2012-11-11,783.0,1,783.0
SO50350,10104,132,2012-10-30,2012-11-06,2012-11-11,783.0,1,783.0
SO50351,4886,125,2012-10-30,2012-11-06,2012-11-11,783.0,1,783.0
SO50351,4886,126,2012-10-30,2012-11-06,2012-11-11,783.0,1,783.0
SO50352,4949,123,2012-10-30,2012-11-06,2012-11-11,783.0,1,783.0
SO50352,4949,124,2012-10-30,2012-11-06,2012-11-11,783.0,1,783.0
SO50353,3441,174,2012-10-30,2012-11-06,2012-11-11,1000.0,1,1000.0
SO50353,3441,175,2012-10-30,2012-11-06,2012-11-11,1000.0,1,1000.0
SO50354,3457,170,2012-10-30,2012-11-06,2012-11-11,1000.0,1,1000.0
SO50354,3457,171,2012-10-30,2012-11-06,2012-11-11,1000.0,1,1000.0
SO50355,4269,141,2012-10-30,2012-11-06,2012-11-11,2071.0,1,2071.0
SO50355,4269,142,2012-10-30,2012-11-06,2012-11-11,2071.0,1,2071.0
SO50356,4601,143,2012-10-30,2012-11-06,2012-11-11,2071.0,1,2071.0
SO50356,4601,144,2012-10-30,2012-11-06,2012-11-11,2071.0,1,2071.0
SO50357,4644,141,2012-10-30,2012-11-06,2012-11-11,2071.0,1,2071.0
SO50357,4644,142,2012-10-30,2012-11-06,2012-11-11,2071.0,1,2071.0
SO50358,16340,121,2012-10-30,2012-11-06,2012-11-11,783.0,1,783.0
SO50358,16340,122,2012-10-30,2012-11-06,2012-11-11,783.0,1,783.0
SO50359,13275,159,2012-10-30,2012-11-06,2012-11-11,2443.0,1,2443.0
SO50360,13302,157,2012-10-30,2012-11-06,2012-11-11,2443.0,1,2443.0
SO50361,8511,176,2012-10-30,2012-11-06,2012-11-11,1000.0,1,1000.0
SO50361,8511,177,2012-10-30,2012-11-06,2012-11-11,1000.0,1,1000.0
SO50362,16293,151,2012-10-31,2012-11-07,2012-11-12,2049.0,1,2049.0
SO50362,16293,152,2012-10-31,2012-11-07,2012-11-12,2049.0,1,2049.0
SO50363,16264,147,2012-10-31,2012-11-07,2012-11-12,2049.0,1,2049.0
SO50363,16264,148,2012-10-31,2012-11-07,2012-11-12,2049.0,1,2049.0
SO50364,10107,113,2012-10-31,2012-11-07,2012-11-12,783.0,1,783.0
SO50364,10107,114,2012-10-31,2012-11-07,2012-11-12,783.0,1,783.0
SO50365,2926,159,2012-10-31,2012-11-07,2012-11-12,2443.0,1,2443.0
SO50366,15295,158,2012-10-31,2012-11-07,2012-11-12,2443.0,1,2443.0
SO50367,15573,170,2012-10-31,2012-11-07,2012-11-12,1000.0,1,1000.0
SO50367,15573,171,2012-10-31,2012-11-07,2012-11-12,1000.0,1,1000.0
SO50368,4266,151,2012-10-31,2012-11-07,2012-11-12,2049.0,1,2049.0
SO50368,4266,152,2012-10-31,2012-11-07,2012-11-12,2049.0,1,2049.0
SO50369,4643,141,2012-10-31,2012-11-07,2012-11-12,2071.0,1,2071.0
SO50369,4643,142,2012-10-31,2012-11-07,2012-11-12,2071.0,1,2071.0
SO50370,6942,166,2012-10-31,2012-11-07,2012-11-12,2182.0,1,2182.0
SO50370,6942,167,2012-10-31,2012-11-07,2012-11-12,2182.0,1,2182.0
SO50371,5432,162,2012-11-01,2012-11-08,2012-11-13,2182.0,1,2182.0
SO50371,5432,163,2012-11-01,2012-11-08,2012-11-13,2182.0,1,2182.0
SO50372,16441,147,2012-11-01,2012-11-08,2012-11-13,2049.0,1,2049.0
SO50372,16441,148,2012-11-01,2012-11-08,2012-11-13,2049.0,1,2049.0
SO50373,16261,147,2012-11-01,2012-11-08,2012-11-13,2049.0,1,2049.0
SO50373,16261,148,2012-11-01,2012-11-08,2012-11-13,2049.0,1,2049.0
SO50374,6788,172,2012-11-01,2012-11-08,2012-11-13,1000.0,1,1000.0
SO50374,6788,173,2012-11-01,2012-11-08,2012-11-13,1000.0,1,1000.0
SO50375,6831,170,2012-11-01,2012-11-08,2012-11-13,1000.0,1,1000.0
SO50375,6831,171,2012-11-01,2012-11-08,2012-11-13,1000.0,1,1000.0
SO50376,6832,174,2012-11-01,2012-11-08,2012-11-13,1000.0,1,1000.0
SO50376,6832,175,2012-11-01,2012-11-08,2012-11-13,1000.0,1,1000.0
SO50377,9914,121,2012-11-01,2012-11-08,2012-11-13,783.0,1,783.0
SO50377,9914,122,2012-11-01,2012-11-08,2012-11-13,783.0,1,783.0
SO50378,8474,109,2012-11-01,2012-11-08,2012-11-13,783.0,1,783.0
SO50378,8474,110,2012-11-01,2012-11-08,2012-11-13,783.0,1,783.0
SO50379,2252,147,2012-11-01,2012-11-08,2012-11-13,2049.0,1,2049.0
SO50379,2252,148,2012-11-01,2012-11-08,2012-11-13,2049.0,1,2049.0
SO50380,421,145,2012-11-01,2012-11-08,2012-11-13,2071.0,1,2071.0
SO50380,421,146,2012-11-01,2012-11-08,2012-11-13,2071.0,1,2071.0
SO50381,4437,145,2012-11-01,2012-11-08,2012-11-13,2071.0,1,2071.0
SO50381,4437,146,2012-11-01,2012-11-08,2012-11-13,2071.0,1,2071.0
SO50382,4592,149,2012-11-01,2012-11-08,2012-11-13,2049.0,1,2049.0
SO50382,4592,150,2012-11-01,2012-11-08,2012-11-13,2049.0,1,2049.0
SO50383,16354,115,2012-11-01,2012-11-08,2012-11-13,783.0,1,783.0
SO50383,16354,116,2012-11-01,2012-11-08,2012-11-13,783.0,1,783.0
SO50384,16372,129,2012-11-01,2012-11-08,2012-11-13,783.0,1,783.0
SO50384,16372,130,2012-11-01,2012-11-08,2012-11-13,783.0,1,783.0
SO50385,16259,145,2012-11-02,2012-11-09,2012-11-14,2071.0,1,2071.0
SO50385,16259,146,2012-11-02,2012-11-09,2012-11-14,2071.0,1,2071.0
SO50386,6943,162,2012-11-02,2012-11-09,2012-11-14,2182.0,1,2182.0
SO50386,6943,163,2012-11-02,2012-11-09,2012-11-14,2182.0,1,2182.0
SO50387,16408,143,2012-11-02,2012-11-09,2012-11-14,2071.0,1,2071.0
SO50387,16408,144,2012-11-02,2012-11-09,2012-11-14,2071.0,1,2071.0
SO50388,16267,141,2012-11-02,2012-11-09,2012-11-14,2071.0,1,2071.0
SO50388,16267,142,2012-11-02,2012-11-09,2012-11-14,2071.0,1,2071.0
SO50389,1814,151,2012-11-02,2012-11-09,2012-11-14,2049.0,1,2049.0
SO50389,1814,152,2012-11-02,2012-11-09,2012-11-14,2049.0,1,2049.0
SO50390,2254,141,2012-11-02,2012-11-09,2012-11-14,2071.0,1,2071.0
SO50390,2254,142,2012-11-02,2012-11-09,2012-11-14,2071.0,1,2071.0
SO50391,4902,125,2012-11-02,2012-11-09,2012-11-14,783.0,1,783.0
SO50391,4902,126,2012-11-02,2012-11-09,2012-11-14,783.0,1,783.0
SO50392,4903,117,2012-11-02,2012-11-09,2012-11-14,783.0,1,783.0
SO50392,4903,118,2012-11-02,2012-11-09,2012-11-14,783.0,1,783.0
SO50393,4919,123,2012-11-02,2012-11-09,2012-11-14,783.0,1,783.0
SO50393,4919,124,2012-11-02,2012-11-09,2012-11-14,783.0,1,783.0
SO50394,16558,121,2012-11-02,2012-11-09,2012-11-14,783.0,1,783.0
SO50394,16558,122,2012-11-02,2012-11-09,2012-11-14,783.0,1,783.0
SO50395,3440,172,2012-11-02,2012-11-09,2012-11-14,1000.0,1,1000.0
SO50395,3440,173,2012-11-02,2012-11-09,2012-11-14,1000.0,1,1000.0
SO50396,4440,151,2012-11-02,2012-11-09,2012-11-14,2049.0,1,2049.0
SO50396,4440,152,2012-11-02,2012-11-09,2012-11-14,2049.0,1,2049.0
SO50397,4589,149,2012-11-02,2012-11-09,2012-11-14,2049.0,1,2049.0
SO50397,4589,150,2012-11-02,2012-11-09,2012-11-14,2049.0,1,2049.0
SO50398,4646,149,2012-11-02,2012-11-09,2012-11-14,2049.0,1,2049.0
SO50398,4646,150,2012-11-02,2012-11-09,2012-11-14,2049.0,1,2049.0
SO50399,13458,168,2012-11-02,2012-11-09,2012-11-14,2182.0,1,2182.0
SO50399,13458,169,2012-11-02,2012-11-09,2012-11-14,2182.0,1,2182.0
SO50400,7174,157,2012-11-03,2012-11-10,2012-11-15,2443.0,1,2443.0
SO50401,7128,160,2012-11-03,2012-11-10,2012-11-15,2182.0,1,2182.0
SO50401,7128,161,2012-11-03,2012-11-10,2012-11-15,2182.0,1,2182.0
SO50402,10623,151,2012-11-03,2012-11-10,2012-11-15,2049.0,1,2049.0
SO50402,10623,152,2012-11-03,2012-11-10,2012-11-15,2049.0,1,2049.0
SO50403,9915,109,2012-11-03,2012-11-10,2012-11-15,783.0,1,783.0
SO50403,9915,110,2012-11-03,2012-11-10,2012-11-15,783.0,1,783.0
SO50404,383,147,2012-11-03,2012-11-10,2012-11-15,2049.0,1,2049.0
SO50404,383,148,2012-11-03,2012-11-10,2012-11-15,2049.0,1,2049.0
SO50405,3452,176,2012-11-03,2012-11-10,2012-11-15,1000.0,1,1000.0
SO50405,3452,177,2012-11-03,2012-11-10,2012-11-15,1000.0,1,1000.0
SO50406,4230,149,2012-11-03,2012-11-10,2012-11-15,2049.0,1,2049.0
SO50406,4230,150,2012-11-03,2012-11-10,2012-11-15,2049.0,1,2049.0
SO50407,13303,160,2012-11-03,2012-11-10,2012-11-15,2182.0,1,2182.0
SO50407,13303,161,2012-11-03,2012-11-10,2012-11-15,2182.0,1,2182.0
SO50408,13369,162,2012-11-03,2012-11-10,2012-11-15,2182.0,1,2182.0
SO50408,13369,163,2012-11-03,2012-11-10,2012-11-15,2182.0,1,2182.0
SO50409,7178,160,2012-11-04,2012-11-11,2012-11-16,2182.0,1,2182.0
SO50409,7178,161,2012-11-04,2012-11-11,2012-11-16,2182.0,1,2182.0
SO50410,7136,166,2012-11-04,2012-11-11,2012-11-16,2182.0,1,2182.0
SO50410,7136,167,2012-11-04,2012-11-11,2012-11-16,2182.0,1,2182.0
SO50411,7142,168,2012-11-04,2012-11-11,2012-11-16,2182.0,1,2182.0
SO50411,7142,169,2012-11-04,2012-11-11,2012-11-16,2182.0,1,2182.0
SO50412,16269,147,2012-11-04,2012-11-11,2012-11-16,2049.0,1,2049.0
SO50412,16269,148,2012-11-04,2012-11-11,2012-11-16,2049.0,1,2049.0
SO50413,16274,143,2012-11-04,2012-11-11,2012-11-16,2071.0,1,2071.0
SO50413,16274,144,2012-11-04,2012-11-11,2012-11-16,2071.0,1,2071.0
SO50414,8286,176,2012-11-04,2012-11-11,2012-11-16,1000.0,1,1000.0
SO50414,8286,177,2012-11-04,2012-11-11,2012-11-16,1000.0,1,1000.0
SO50415,9971,111,2012-11-04,2012-11-11,2012-11-16,783.0,1,783.0
SO50415,9971,112,2012-11-04,2012-11-11,2012-11-16,783.0,1,783.0
SO50416,407,151,2012-11-04,2012-11-11,2012-11-16,2049.0,1,2049.0
SO50416,407,152,2012-11-04,2012-11-11,2012-11-16,2049.0,1,2049.0
SO50417,418,147,2012-11-04,2012-11-11,2012-11-16,2049.0,1,2049.0
SO50417,418,148,2012-11-04,2012-11-11,2012-11-16,2049.0,1,2049.0
SO50418,4898,119,2012-11-04,2012-11-11,2012-11-16,783.0,1,783.0
SO50418,4898,120,2012-11-04,2012-11-11,2012-11-16,783.0,1,783.0
SO50419,3454,176,2012-11-04,2012-11-11,2012-11-16,1000.0,1,1000.0
SO50419,3454,177,2012-11-04,2012-11-11,2012-11-16,1000.0,1,1000.0
SO50420,14216,176,2012-11-04,2012-11-11,2012-11-16,1000.0,1,1000.0
SO50420,14216,177,2012-11-04,2012-11-11,2012-11-16,1000.0,1,1000.0
SO50421,4725,147,2012-11-04,2012-11-11,2012-11-16,2049.0,1,2049.0
SO50421,4725,148,2012-11-04,2012-11-11,2012-11-16,2049.0,1,2049.0
SO50422,4224,141,2012-11-04,2012-11-11,2012-11-16,2071.0,1,2071.0
SO50422,4224,142,2012-11-04,2012-11-11,2012-11-16,2071.0,1,2071.0
SO50423,13361,159,2012-11-04,2012-11-11,2012-11-16,2443.0,1,2443.0
SO50424,5434,166,2012-11-05,2012-11-12,2012-11-17,2182.0,1,2182.0
SO50424,5434,167,2012-11-05,2012-11-12,2012-11-17,2182.0,1,2182.0
SO50425,16422,149,2012-11-05,2012-11-12,2012-11-17,2049.0,1,2049.0
SO50425,16422,150,2012-11-05,2012-11-12,2012-11-17,2049.0,1,2049.0
SO50426,10643,143,2012-11-05,2012-11-12,2012-11-17,2071.0,1,2071.0
SO50426,10643,144,2012-11-05,2012-11-12,2012-11-17,2071.0,1,2071.0
SO50427,4945,123,2012-11-05,2012-11-12,2012-11-17,783.0,1,783.0
SO50427,4945,124,2012-11-05,2012-11-12,2012-11-17,783.0,1,783.0
SO50428,3422,170,2012-11-05,2012-11-12,2012-11-17,1000.0,1,1000.0
SO50428,3422,171,2012-11-05,2012-11-12,2012-11-17,1000.0,1,1000.0
SO50429,3434,176,2012-11-05,2012-11-12,2012-11-17,1000.0,1,1000.0
SO50429,3434,177,2012-11-05,2012-11-12,2012-11-17,1000.0,1,1000.0
SO50430,14127,176,2012-11-05,2012-11-12,2012-11-17,1000.0,1,1000.0
SO50430,14127,177,2012-11-05,2012-11-12,2012-11-17,1000.0,1,1000.0
SO50431,13372,159,2012-11-05,2012-11-12,2012-11-17,2443.0,1,2443.0
SO50432,6941,166,2012-11-06,2012-11-13,2012-11-18,2182.0,1,2182.0
SO50432,6941,167,2012-11-06,2012-11-13,2012-11-18,2182.0,1,2182.0
SO50433,10009,115,2012-11-06,2012-11-13,2012-11-18,783.0,1,783.0
SO50433,10009,116,2012-11-06,2012-11-13,2012-11-18,783.0,1,783.0
SO50434,2913,164,2012-11-06,2012-11-13,2012-11-18,2182.0,1,2182.0
SO50434,2913,165,2012-11-06,2012-11-13,2012-11-18,2182.0,1,2182.0
SO50435,1874,145,2012-11-06,2012-11-13,2012-11-18,2071.0,1,2071.0
SO50435,1874,146,2012-11-06,2012-11-13,2012-11-18,2071.0,1,2071.0
SO50436,14134,174,2012-11-06,2012-11-13,2012-11-18,1000.0,1,1000.0
SO50436,14134,175,2012-11-06,2012-11-13,2012-11-18,1000.0,1,1000.0
SO50437,4648,147,2012-11-06,2012-11-13,2012-11-18,2049.0,1,2049.0
SO50437,4648,148,2012-11-06,2012-11-13,2012-11-18,2049.0,1,2049.0
SO50438,6930,160,2012-11-07,2012-11-14,2012-11-19,2182.0,1,2182.0
SO50438,6930,161,2012-11-07,2012-11-14,2012-11-19,2182.0,1,2182.0
SO50439,10619,149,2012-11-07,2012-11-14,2012-11-19,2049.0,1,2049.0
SO50439,10619,150,2012-11-07,2012-11-14,2012-11-19,2049.0,1,2049.0
SO50440,8503,170,2012-11-07,2012-11-14,2012-11-19,1000.0,1,1000.0
SO50440,8503,171,2012-11-07,2012-11-14,2012-11-19,1000.0,1,1000.0
SO50441,10105,111,2012-11-07,2012-11-14,2012-11-19,783.0,1,783.0
SO50441,10105,112,2012-11-07,2012-11-14,2012-11-19,783.0,1,783.0
SO50442,403,141,2012-11-07,2012-11-14,2012-11-19,2071.0,1,2071.0
SO50442,403,142,2012-11-07,2012-11-14,2012-11-19,2071.0,1,2071.0
SO50443,417,151,2012-11-07,2012-11-14,2012-11-19,2049.0,1,2049.0
SO50443,417,152,2012-11-07,2012-11-14,2012-11-19,2049.0,1,2049.0
SO50444,3439,178,2012-11-07,2012-11-14,2012-11-19,1000.0,1,1000.0
SO50444,3439,179,2012-11-07,2012-11-14,2012-11-19,1000.0,1,1000.0
SO50445,15616,176,2012-11-07,2012-11-14,2012-11-19,1000.0,1,1000.0
SO50445,15616,177,2012-11-07,2012-11-14,2012-11-19,1000.0,1,1000.0
SO50446,14128,176,2012-11-07,2012-11-14,2012-11-19,1000.0,1,1000.0
SO50446,14128,177,2012-11-07,2012-11-14,2012-11-19,1000.0,1,1000.0
SO50447,4727,151,2012-11-07,2012-11-14,2012-11-19,2049.0,1,2049.0
SO50447,4727,152,2012-11-07,2012-11-14,2012-11-19,2049.0,1,2049.0
SO50448,4220,147,2012-11-07,2012-11-14,2012-11-19,2049.0,1,2049.0
SO50448,4220,148,2012-11-07,2012-11-14,2012-11-19,2049.0,1,2049.0
SO50449,4436,141,2012-11-07,2012-11-14,2012-11-19,2071.0,1,2071.0
SO50449,4436,142,2012-11-07,2012-11-14,2012-11-19,2071.0,1,2071.0
SO50450,5417,157,2012-11-08,2012-11-15,2012-11-20,2443.0,1,2443.0
SO50451,16273,149,2012-11-08,2012-11-15,2012-11-20,2049.0,1,2049.0
SO50451,16273,150,2012-11-08,2012-11-15,2012-11-20,2049.0,1,2049.0
SO50452,16281,149,2012-11-08,2012-11-15,2012-11-20,2049.0,1,2049.0
SO50452,16281,150,2012-11-08,2012-11-15,2012-11-20,2049.0,1,2049.0
SO50453,6780,170,2012-11-08,2012-11-15,2012-11-20,1000.0,1,1000.0
SO50453,6780,171,2012-11-08,2012-11-15,2012-11-20,1000.0,1,1000.0
SO50454,8494,178,2012-11-08,2012-11-15,2012-11-20,1000.0,1,1000.0
SO50454,8494,179,2012-11-08,2012-11-15,2012-11-20,1000.0,1,1000.0
SO50455,8481,125,2012-11-08,2012-11-15,2012-11-20,783.0,1,783.0
SO50455,8481,126,2012-11-08,2012-11-15,2012-11-20,783.0,1,783.0
SO50456,4724,149,2012-11-08,2012-11-15,2012-11-20,2049.0,1,2049.0
SO50456,4724,150,2012-11-08,2012-11-15,2012-11-20,2049.0,1,2049.0
SO50457,4228,147,2012-11-08,2012-11-15,2012-11-20,2049.0,1,2049.0
SO50457,4228,148,2012-11-08,2012-11-15,2012-11-20,2049.0,1,2049.0
SO50458,4439,143,2012-11-08,2012-11-15,2012-11-20,2071.0,1,2071.0
SO50458,4439,144,2012-11-08,2012-11-15,2012-11-20,2071.0,1,2071.0
SO50459,13459,158,2012-11-08,2012-11-15,2012-11-20,2443.0,1,2443.0
SO50460,16353,119,2012-11-08,2012-11-15,2012-11-20,783.0,1,783.0
SO50460,16353,120,2012-11-08,2012-11-15,2012-11-20,783.0,1,783.0
SO50461,16356,129,2012-11-08,2012-11-15,2012-11-20,783.0,1,783.0
SO50461,16356,130,2012-11-08,2012-11-15,2012-11-20,783.0,1,783.0
SO50462,13365,160,2012-11-08,2012-11-15,2012-11-20,2182.0,1,2182.0
SO50462,13365,161,2012-11-08,2012-11-15,2012-11-20,2182.0,1,2182.0
SO50463,7167,159,2012-11-09,2012-11-16,2012-11-21,2443.0,1,2443.0
SO50464,8500,170,2012-11-09,2012-11-16,2012-11-21,1000.0,1,1000.0
SO50464,8500,171,2012-11-09,2012-11-16,2012-11-21,1000.0,1,1000.0
SO50465,8295,170,2012-11-09,2012-11-16,2012-11-21,1000.0,1,1000.0
SO50465,8295,171,2012-11-09,2012-11-16,2012-11-21,1000.0,1,1000.0
SO50466,10106,119,2012-11-09,2012-11-16,2012-11-21,783.0,1,783.0
SO50466,10106,120,2012-11-09,2012-11-16,2012-11-21,783.0,1,783.0
SO50467,4222,145,2012-11-09,2012-11-16,2012-11-21,2071.0,1,2071.0
SO50467,4222,146,2012-11-09,2012-11-16,2012-11-21,2071.0,1,2071.0
SO50468,16347,121,2012-11-09,2012-11-16,2012-11-21,783.0,1,783.0
SO50468,16347,122,2012-11-09,2012-11-16,2012-11-21,783.0,1,783.0
SO50469,16349,109,2012-11-09,2012-11-16,2012-11-21,783.0,1,783.0
SO50469,16349,110,2012-11-09,2012-11-16,2012-11-21,783.0,1,783.0
SO50470,16371,127,2012-11-09,2012-11-16,2012-11-21,783.0,1,783.0
SO50470,16371,128,2012-11-09,2012-11-16,2012-11-21,783.0,1,783.0
SO50471,1808,141,2012-11-09,2012-11-16,2012-11-21,2071.0,1,2071.0
SO50471,1808,142,2012-11-09,2012-11-16,2012-11-21,2071.0,1,2071.0
SO50472,16289,147,2012-11-10,2012-11-17,2012-11-22,2049.0,1,2049.0
SO50472,16289,148,2012-11-10,2012-11-17,2012-11-22,2049.0,1,2049.0
SO50473,6828,170,2012-11-10,2012-11-17,2012-11-22,1000.0,1,1000.0
SO50473,6828,171,2012-11-10,2012-11-17,2012-11-22,1000.0,1,1000.0
SO50474,16270,151,2012-11-10,2012-11-17,2012-11-22,2049.0,1,2049.0
SO50474,16270,152,2012-11-10,2012-11-17,2012-11-22,2049.0,1,2049.0
SO50475,8912,170,2012-11-10,2012-11-17,2012-11-22,1000.0,1,1000.0
SO50475,8912,171,2012-11-10,2012-11-17,2012-11-22,1000.0,1,1000.0
SO50476,9981,129,2012-11-10,2012-11-17,2012-11-22,783.0,1,783.0
SO50476,9981,130,2012-11-10,2012-11-17,2012-11-22,783.0,1,783.0
SO50477,2253,145,2012-11-10,2012-11-17,2012-11-22,2071.0,1,2071.0
SO50477,2253,146,2012-11-10,2012-11-17,2012-11-22,2071.0,1,2071.0
SO50478,4894,127,2012-11-10,2012-11-17,2012-11-22,783.0,1,783.0
SO50478,4894,128,2012-11-10,2012-11-17,2012-11-22,783.0,1,783.0
SO50479,3450,174,2012-11-10,2012-11-17,2012-11-22,1000.0,1,1000.0
SO50479,3450,175,2012-11-10,2012-11-17,2012-11-22,1000.0,1,1000.0
SO50480,14139,172,2012-11-10,2012-11-17,2012-11-22,1000.0,1,1000.0
SO50480,14139,173,2012-11-10,2012-11-17,2012-11-22,1000.0,1,1000.0
SO50481,4263,143,2012-11-10,2012-11-17,2012-11-22,2071.0,1,2071.0
SO50481,4263,144,2012-11-10,2012-11-17,2012-11-22,2071.0,1,2071.0
SO50482,16355,113,2012-11-10,2012-11-17,2012-11-22,783.0,1,783.0
SO50482,16355,114,2012-11-10,2012-11-17,2012-11-22,783.0,1,783.0
SO50483,4579,141,2012-11-10,2012-11-17,2012-11-22,2071.0,1,2071.0
SO50483,4579,142,2012-11-10,2012-11-17,2012-11-22,2071.0,1,2071.0
SO50484,7029,164,2012-11-11,2012-11-18,2012-11-23,2182.0,1,2182.0
SO50484,7029,165,2012-11-11,2012-11-18,2012-11-23,2182.0,1,2182.0
SO50485,16447,149,2012-11-11,2012-11-18,2012-11-23,2049.0,1,2049.0
SO50485,16447,150,2012-11-11,2012-11-18,2012-11-23,2049.0,1,2049.0
SO50486,3449,170,2012-11-11,2012-11-18,2012-11-23,1000.0,1,1000.0
SO50486,3449,171,2012-11-11,2012-11-18,2012-11-23,1000.0,1,1000.0
SO50487,14214,172,2012-11-11,2012-11-18,2012-11-23,1000.0,1,1000.0
SO50487,14214,173,2012-11-11,2012-11-18,2012-11-23,1000.0,1,1000.0
SO50488,14219,178,2012-11-11,2012-11-18,2012-11-23,1000.0,1,1000.0
SO50488,14219,179,2012-11-11,2012-11-18,2012-11-23,1000.0,1,1000.0
SO50489,4718,151,2012-11-11,2012-11-18,2012-11-23,2049.0,1,2049.0
SO50489,4718,152,2012-11-11,2012-11-18,2012-11-23,2049.0,1,2049.0
SO50490,4227,141,2012-11-11,2012-11-18,2012-11-23,2071.0,1,2071.0
SO50490,4227,142,2012-11-11,2012-11-18,2012-11-23,2071.0,1,2071.0
SO50491,4645,145,2012-11-11,2012-11-18,2012-11-23,2071.0,1,2071.0
SO50491,4645,146,2012-11-11,2012-11-18,2012-11-23,2071.0,1,2071.0
SO50492,13363,159,2012-11-11,2012-11-18,2012-11-23,2443.0,1,2443.0
SO50493,16454,151,2012-11-12,2012-11-19,2012-11-24,2049.0,1,2049.0
SO50493,16454,152,2012-11-12,2012-11-19,2012-11-24,2049.0,1,2049.0
SO50494,5433,168,2012-11-12,2012-11-19,2012-11-24,2182.0,1,2182.0
SO50494,5433,169,2012-11-12,2012-11-19,2012-11-24,2182.0,1,2182.0
SO50495,8476,113,2012-11-12,2012-11-19,2012-11-24,783.0,1,783.0
SO50495,8476,114,2012-11-12,2012-11-19,2012-11-24,783.0,1,783.0
SO50496,3453,170,2012-11-12,2012-11-19,2012-11-24,1000.0,1,1000.0
SO50496,3453,171,2012-11-12,2012-11-19,2012-11-24,1000.0,1,1000.0
SO50497,3420,178,2012-11-12,2012-11-19,2012-11-24,1000.0,1,1000.0
SO50497,3420,179,2012-11-12,2012-11-19,2012-11-24,1000.0,1,1000.0
SO50498,3435,178,2012-11-12,2012-11-19,2012-11-24,1000.0,1,1000.0
SO50498,3435,179,2012-11-12,2012-11-19,2012-11-24,1000.0,1,1000.0
SO50499,4215,141,2012-11-12,2012-11-19,2012-11-24,2071.0,1,2071.0
SO50499,4215,142,2012-11-12,2012-11-19,2012-11-24,2071.0,1,2071.0
SO50500,4426,143,2012-11-12,2012-11-19,2012-11-24,2071.0,1,2071.0
SO50500,4426,144,2012-11-12,2012-11-19,2012-11-24,2071.0,1,2071.0
SO50501,7626,166,2012-11-13,2012-11-20,2012-11-25,2182.0,1,2182.0
SO50501,7626,167,2012-11-13,2012-11-20,2012-11-25,2182.0,1,2182.0
SO50502,5426,164,2012-11-13,2012-11-20,2012-11-25,2182.0,1,2182.0
SO50502,5426,165,2012-11-13,2012-11-20,2012-11-25,2182.0,1,2182.0
SO50503,8287,178,2012-11-13,2012-11-20,2012-11-25,1000.0,1,1000.0
SO50503,8287,179,2012-11-13,2012-11-20,2012-11-25,1000.0,1,1000.0
SO50504,1875,145,2012-11-13,2012-11-20,2012-11-25,2071.0,1,2071.0
SO50504,1875,146,2012-11-13,2012-11-20,2012-11-25,2071.0,1,2071.0
SO50505,411,149,2012-11-13,2012-11-20,2012-11-25,2049.0,1,2049.0
SO50505,411,150,2012-11-13,2012-11-20,2012-11-25,2049.0,1,2049.0
SO50506,16343,123,2012-11-13,2012-11-20,2012-11-25,783.0,1,783.0
SO50506,16343,124,2012-11-13,2012-11-20,2012-11-25,783.0,1,783.0
SO50507,16367,121,2012-11-13,2012-11-20,2012-11-25,783.0,1,783.0
SO50507,16367,122,2012-11-13,2012-11-20,2012-11-25,783.0,1,783.0
SO50508,13362,162,2012-11-13,2012-11-20,2012-11-25,2182.0,1,2182.0
SO50508,13362,163,2012-11-13,2012-11-20,2012-11-25,2182.0,1,2182.0
SO50509,5416,159,2012-11-14,2012-11-21,2012-11-26,2443.0,1,2443.0
SO50510,13366,166,2012-11-14,2012-11-21,2012-11-26,2182.0,1,2182.0
SO50510,13366,167,2012-11-14,2012-11-21,2012-11-26,2182.0,1,2182.0
SO50511,7622,158,2012-11-15,2012-11-22,2012-11-27,2443.0,1,2443.0
SO50512,16419,145,2012-11-15,2012-11-22,2012-11-27,2071.0,1,2071.0
SO50512,16419,146,2012-11-15,2012-11-22,2012-11-27,2071.0,1,2071.0
SO50513,1826,151,2012-11-15,2012-11-22,2012-11-27,2049.0,1,2049.0
SO50513,1826,152,2012-11-15,2012-11-22,2012-11-27,2049.0,1,2049.0
SO50514,4905,129,2012-11-15,2012-11-22,2012-11-27,783.0,1,783.0
SO50514,4905,130,2012-11-15,2012-11-22,2012-11-27,783.0,1,783.0
SO50515,4216,147,2012-11-15,2012-11-22,2012-11-27,2049.0,1,2049.0
SO50515,4216,148,2012-11-15,2012-11-22,2012-11-27,2049.0,1,2049.0
SO50516,4647,149,2012-11-15,2012-11-22,2012-11-27,2049.0,1,2049.0
SO50516,4647,150,2012-11-15,2012-11-22,2012-11-27,2049.0,1,2049.0
SO50517,16424,141,2012-11-15,2012-11-22,2012-11-27,2071.0,1,2071.0
SO50517,16424,142,2012-11-15,2012-11-22,2012-11-27,2071.0,1,2071.0
SO50518,7137,162,2012-11-16,2012-11-23,2012-11-28,2182.0,1,2182.0
SO50518,7137,163,2012-11-16,2012-11-23,2012-11-28,2182.0,1,2182.0
SO50519,6935,160,2012-11-16,2012-11-23,2012-11-28,2182.0,1,2182.0
SO50519,6935,161,2012-11-16,2012-11-23,2012-11-28,2182.0,1,2182.0
SO50520,16265,145,2012-11-16,2012-11-23,2012-11-28,2071.0,1,2071.0
SO50520,16265,146,2012-11-16,2012-11-23,2012-11-28,2071.0,1,2071.0
SO50521,16280,145,2012-11-16,2012-11-23,2012-11-28,2071.0,1,2071.0
SO50521,16280,146,2012-11-16,2012-11-23,2012-11-28,2071.0,1,2071.0
SO50522,6781,178,2012-11-16,2012-11-23,2012-11-28,1000.0,1,1000.0
SO50522,6781,179,2012-11-16,2012-11-23,2012-11-28,1000.0,1,1000.0
SO50523,1861,149,2012-11-16,2012-11-23,2012-11-28,2049.0,1,2049.0
SO50523,1861,150,2012-11-16,2012-11-23,2012-11-28,2049.0,1,2049.0
SO50524,4915,109,2012-11-16,2012-11-23,2012-11-28,783.0,1,783.0
SO50524,4915,110,2012-11-16,2012-11-23,2012-11-28,783.0,1,783.0
SO50525,3448,176,2012-11-16,2012-11-23,2012-11-28,1000.0,1,1000.0
SO50525,3448,177,2012-11-16,2012-11-23,2012-11-28,1000.0,1,1000.0
SO50526,16341,109,2012-11-16,2012-11-23,2012-11-28,783.0,1,783.0
SO50526,16341,110,2012-11-16,2012-11-23,2012-11-28,783.0,1,783.0
SO50527,13378,166,2012-11-16,2012-11-23,2012-11-28,2182.0,1,2182.0
SO50527,13378,167,2012-11-16,2012-11-23,2012-11-28,2182.0,1,2182.0
SO50528,7161,160,2012-11-17,2012-11-24,2012-11-29,2182.0,1,2182.0
SO50528,7161,161,2012-11-17,2012-11-24,2012-11-29,2182.0,1,2182.0
SO50529,16296,147,2012-11-17,2012-11-24,2012-11-29,2049.0,1,2049.0
SO50529,16296,148,2012-11-17,2012-11-24,2012-11-29,2049.0,1,2049.0
SO50530,8913,176,2012-11-17,2012-11-24,2012-11-29,1000.0,1,1000.0
SO50530,8913,177,2012-11-17,2012-11-24,2012-11-29,1000.0,1,1000.0
SO50531,8453,119,2012-11-17,2012-11-24,2012-11-29,783.0,1,783.0
SO50531,8453,120,2012-11-17,2012-11-24,2012-11-29,783.0,1,783.0
SO50532,2916,160,2012-11-17,2012-11-24,2012-11-29,2182.0,1,2182.0
SO50532,2916,161,2012-11-17,2012-11-24,2012-11-29,2182.0,1,2182.0
SO50533,410,147,2012-11-17,2012-11-24,2012-11-29,2049.0,1,2049.0
SO50533,410,148,2012-11-17,2012-11-24,2012-11-29,2049.0,1,2049.0
SO50534,1827,145,2012-11-17,2012-11-24,2012-11-29,2071.0,1,2071.0
SO50534,1827,146,2012-11-17,2012-11-24,2012-11-29,2071.0,1,2071.0
SO50535,13461,168,2012-11-17,2012-11-24,2012-11-29,2182.0,1,2182.0
SO50535,13461,169,2012-11-17,2012-11-24,2012-11-29,2182.0,1,2182.0
SO50536,13463,158,2012-11-17,2012-11-24,2012-11-29,2443.0,1,2443.0
SO50537,16342,121,2012-11-17,2012-11-24,2012-11-29,783.0,1,783.0
SO50537,16342,122,2012-11-17,2012-11-24,2012-11-29,783.0,1,783.0
SO50538,10615,147,2012-11-18,2012-11-25,2012-11-30,2049.0,1,2049.0
SO50538,10615,148,2012-11-18,2012-11-25,2012-11-30,2049.0,1,2049.0
SO50539,16262,147,2012-11-18,2012-11-25,2012-11-30,2049.0,1,2049.0
SO50539,16262,148,2012-11-18,2012-11-25,2012-11-30,2049.0,1,2049.0
SO50540,8507,178,2012-11-18,2012-11-25,2012-11-30,1000.0,1,1000.0
SO50540,8507,179,2012-11-18,2012-11-25,2012-11-30,1000.0,1,1000.0
SO50541,1807,151,2012-11-18,2012-11-25,2012-11-30,2049.0,1,2049.0
SO50541,1807,152,2012-11-18,2012-11-25,2012-11-30,2049.0,1,2049.0
SO50542,3443,174,2012-11-18,2012-11-25,2012-11-30,1000.0,1,1000.0
SO50542,3443,175,2012-11-18,2012-11-25,2012-11-30,1000.0,1,1000.0
SO50543,14222,170,2012-11-18,2012-11-25,2012-11-30,1000.0,1,1000.0
SO50543,14222,171,2012-11-18,2012-11-25,2012-11-30,1000.0,1,1000.0
SO50544,4723,151,2012-11-18,2012-11-25,2012-11-30,2049.0,1,2049.0
SO50544,4723,152,2012-11-18,2012-11-25,2012-11-30,2049.0,1,2049.0
SO50545,4588,143,2012-11-18,2012-11-25,2012-11-30,2071.0,1,2071.0
SO50545,4588,144,2012-11-18,2012-11-25,2012-11-30,2071.0,1,2071.0
SO50546,4598,143,2012-11-18,2012-11-25,2012-11-30,2071.0,1,2071.0
SO50546,4598,144,2012-11-18,2012-11-25,2012-11-30,2071.0,1,2071.0
SO50547,13382,160,2012-11-18,2012-11-25,2012-11-30,2182.0,1,2182.0
SO50547,13382,161,2012-11-18,2012-11-25,2012-11-30,2182.0,1,2182.0
SO50548,13462,160,2012-11-18,2012-11-25,2012-11-30,2182.0,1,2182.0
SO50548,13462,161,2012-11-18,2012-11-25,2012-11-30,2182.0,1,2182.0
SO50549,16366,113,2012-11-18,2012-11-25,2012-11-30,783.0,1,783.0
SO50549,16366,114,2012-11-18,2012-11-25,2012-11-30,783.0,1,783.0
SO50550,16449,145,2012-11-19,2012-11-26,2012-12-01,2071.0,1,2071.0
SO50550,16449,146,2012-11-19,2012-11-26,2012-12-01,2071.0,1,2071.0
SO50551,7169,162,2012-11-19,2012-11-26,2012-12-01,2182.0,1,2182.0
SO50551,7169,163,2012-11-19,2012-11-26,2012-12-01,2182.0,1,2182.0
SO50552,5431,164,2012-11-19,2012-11-26,2012-12-01,2182.0,1,2182.0
SO50552,5431,165,2012-11-19,2012-11-26,2012-12-01,2182.0,1,2182.0
SO50553,8501,176,2012-11-19,2012-11-26,2012-12-01,1000.0,1,1000.0
SO50553,8501,177,2012-11-19,2012-11-26,2012-12-01,1000.0,1,1000.0
SO50554,10016,109,2012-11-19,2012-11-26,2012-12-01,783.0,1,783.0
SO50554,10016,110,2012-11-19,2012-11-26,2012-12-01,783.0,1,783.0
SO50555,10007,117,2012-11-19,2012-11-26,2012-12-01,783.0,1,783.0
SO50555,10007,118,2012-11-19,2012-11-26,2012-12-01,783.0,1,783.0
SO50556,2928,166,2012-11-19,2012-11-26,2012-12-01,2182.0,1,2182.0
SO50556,2928,167,2012-11-19,2012-11-26,2012-12-01,2182.0,1,2182.0
SO50557,1862,149,2012-11-19,2012-11-26,2012-12-01,2049.0,1,2049.0
SO50557,1862,150,2012-11-19,2012-11-26,2012-12-01,2049.0,1,2049.0
SO50558,1817,149,2012-11-19,2012-11-26,2012-12-01,2049.0,1,2049.0
SO50558,1817,150,2012-11-19,2012-11-26,2012-12-01,2049.0,1,2049.0
SO50559,4229,149,2012-11-19,2012-11-26,2012-12-01,2049.0,1,2049.0
SO50559,4229,150,2012-11-19,2012-11-26,2012-12-01,2049.0,1,2049.0
SO50560,4717,151,2012-11-19,2012-11-26,2012-12-01,2049.0,1,2049.0
SO50560,4717,152,2012-11-19,2012-11-26,2012-12-01,2049.0,1,2049.0
SO50561,13460,168,2012-11-19,2012-11-26,2012-12-01,2182.0,1,2182.0
SO50561,13460,169,2012-11-19,2012-11-26,2012-12-01,2182.0,1,2182.0
SO50562,6946,162,2012-11-20,2012-11-27,2012-12-02,2182.0,1,2182.0
SO50562,6946,163,2012-11-20,2012-11-27,2012-12-02,2182.0,1,2182.0
SO50563,7634,168,2012-11-20,2012-11-27,2012-12-02,2182.0,1,2182.0
SO50563,7634,169,2012-11-20,2012-11-27,2012-12-02,2182.0,1,2182.0
SO50564,16425,149,2012-11-20,2012-11-27,2012-12-02,2049.0,1,2049.0
SO50564,16425,150,2012-11-20,2012-11-27,2012-12-02,2049.0,1,2049.0
SO50565,16440,151,2012-11-20,2012-11-27,2012-12-02,2049.0,1,2049.0
SO50565,16440,152,2012-11-20,2012-11-27,2012-12-02,2049.0,1,2049.0
SO50566,10622,147,2012-11-20,2012-11-27,2012-12-02,2049.0,1,2049.0
SO50566,10622,148,2012-11-20,2012-11-27,2012-12-02,2049.0,1,2049.0
SO50567,16287,141,2012-11-20,2012-11-27,2012-12-02,2071.0,1,2071.0
SO50567,16287,142,2012-11-20,2012-11-27,2012-12-02,2071.0,1,2071.0
SO50568,10094,129,2012-11-20,2012-11-27,2012-12-02,783.0,1,783.0
SO50568,10094,130,2012-11-20,2012-11-27,2012-12-02,783.0,1,783.0
SO50569,9931,123,2012-11-20,2012-11-27,2012-12-02,783.0,1,783.0
SO50569,9931,124,2012-11-20,2012-11-27,2012-12-02,783.0,1,783.0
SO50570,2940,166,2012-11-20,2012-11-27,2012-12-02,2182.0,1,2182.0
SO50570,2940,167,2012-11-20,2012-11-27,2012-12-02,2182.0,1,2182.0
SO50571,4891,131,2012-11-20,2012-11-27,2012-12-02,783.0,1,783.0
SO50571,4891,132,2012-11-20,2012-11-27,2012-12-02,783.0,1,783.0
SO50572,4900,117,2012-11-20,2012-11-27,2012-12-02,783.0,1,783.0
SO50572,4900,118,2012-11-20,2012-11-27,2012-12-02,783.0,1,783.0
SO50573,4935,117,2012-11-20,2012-11-27,2012-12-02,783.0,1,783.0
SO50573,4935,118,2012-11-20,2012-11-27,2012-12-02,783.0,1,783.0
SO50574,4268,149,2012-11-20,2012-11-27,2012-12-02,2049.0,1,2049.0
SO50574,4268,150,2012-11-20,2012-11-27,2012-12-02,2049.0,1,2049.0
SO50575,16360,113,2012-11-20,2012-11-27,2012-12-02,783.0,1,783.0
SO50575,16360,114,2012-11-20,2012-11-27,2012-12-02,783.0,1,783.0
SO50576,13301,158,2012-11-20,2012-11-27,2012-12-02,2443.0,1,2443.0
SO50577,13373,160,2012-11-20,2012-11-27,2012-12-02,2182.0,1,2182.0
SO50577,13373,161,2012-11-20,2012-11-27,2012-12-02,2182.0,1,2182.0
SO50578,7127,168,2012-11-21,2012-11-28,2012-12-03,2182.0,1,2182.0
SO50578,7127,169,2012-11-21,2012-11-28,2012-12-03,2182.0,1,2182.0
SO50579,6835,176,2012-11-21,2012-11-28,2012-12-03,1000.0,1,1000.0
SO50579,6835,177,2012-11-21,2012-11-28,2012-12-03,1000.0,1,1000.0
SO50580,13306,168,2012-11-21,2012-11-28,2012-12-03,2182.0,1,2182.0
SO50580,13306,169,2012-11-21,2012-11-28,2012-12-03,2182.0,1,2182.0
SO50581,4910,115,2012-11-21,2012-11-28,2012-12-03,783.0,1,783.0
SO50581,4910,116,2012-11-21,2012-11-28,2012-12-03,783.0,1,783.0
SO50582,15583,178,2012-11-21,2012-11-28,2012-12-03,1000.0,1,1000.0
SO50582,15583,179,2012-11-21,2012-11-28,2012-12-03,1000.0,1,1000.0
SO50583,4726,143,2012-11-21,2012-11-28,2012-12-03,2071.0,1,2071.0
SO50583,4726,144,2012-11-21,2012-11-28,2012-12-03,2071.0,1,2071.0
SO50584,4586,147,2012-11-21,2012-11-28,2012-12-03,2049.0,1,2049.0
SO50584,4586,148,2012-11-21,2012-11-28,2012-12-03,2049.0,1,2049.0
SO50585,16453,141,2012-11-22,2012-11-29,2012-12-04,2071.0,1,2071.0
SO50585,16453,142,2012-11-22,2012-11-29,2012-12-04,2071.0,1,2071.0
SO50586,6899,158,2012-11-22,2012-11-29,2012-12-04,2443.0,1,2443.0
SO50587,16263,149,2012-11-22,2012-11-29,2012-12-04,2049.0,1,2049.0
SO50587,16263,150,2012-11-22,2012-11-29,2012-12-04,2049.0,1,2049.0
SO50588,16275,151,2012-11-22,2012-11-29,2012-12-04,2049.0,1,2049.0
SO50588,16275,152,2012-11-22,2012-11-29,2012-12-04,2049.0,1,2049.0
SO50589,16277,147,2012-11-22,2012-11-29,2012-12-04,2049.0,1,2049.0
SO50589,16277,148,2012-11-22,2012-11-29,2012-12-04,2049.0,1,2049.0
SO50590,16288,143,2012-11-22,2012-11-29,2012-12-04,2071.0,1,2071.0
SO50590,16288,144,2012-11-22,2012-11-29,2012-12-04,2071.0,1,2071.0
SO50591,426,149,2012-11-22,2012-11-29,2012-12-04,2049.0,1,2049.0
SO50591,426,150,2012-11-22,2012-11-29,2012-12-04,2049.0,1,2049.0
SO50592,16561,121,2012-11-22,2012-11-29,2012-12-04,783.0,1,783.0
SO50592,16561,122,2012-11-22,2012-11-29,2012-12-04,783.0,1,783.0
SO50593,4267,141,2012-11-22,2012-11-29,2012-12-04,2071.0,1,2071.0
SO50593,4267,142,2012-11-22,2012-11-29,2012-12-04,2071.0,1,2071.0
SO50594,4602,149,2012-11-22,2012-11-29,2012-12-04,2049.0,1,2049.0
SO50594,4602,150,2012-11-22,2012-11-29,2012-12-04,2049.0,1,2049.0
SO50595,6929,160,2012-11-23,2012-11-30,2012-12-05,2182.0,1,2182.0
SO50595,6929,161,2012-11-23,2012-11-30,2012-12-05,2182.0,1,2182.0
SO50596,16417,151,2012-11-23,2012-11-30,2012-12-05,2049.0,1,2049.0
SO50596,16417,152,2012-11-23,2012-11-30,2012-12-05,2049.0,1,2049.0
SO50597,10630,151,2012-11-23,2012-11-30,2012-12-05,2049.0,1,2049.0
SO50597,10630,152,2012-11-23,2012-11-30,2012-12-05,2049.0,1,2049.0
SO50598,16272,143,2012-11-23,2012-11-30,2012-12-05,2071.0,1,2071.0
SO50598,16272,144,2012-11-23,2012-11-30,2012-12-05,2071.0,1,2071.0
SO50599,9924,131,2012-11-23,2012-11-30,2012-12-05,783.0,1,783.0
SO50599,9924,132,2012-11-23,2012-11-30,2012-12-05,783.0,1,783.0
SO50600,8459,115,2012-11-23,2012-11-30,2012-12-05,783.0,1,783.0
SO50600,8459,116,2012-11-23,2012-11-30,2012-12-05,783.0,1,783.0
SO50601,1743,143,2012-11-23,2012-11-30,2012-12-05,2071.0,1,2071.0
SO50601,1743,144,2012-11-23,2012-11-30,2012-12-05,2071.0,1,2071.0
SO50602,4720,151,2012-11-23,2012-11-30,2012-12-05,2049.0,1,2049.0
SO50602,4720,152,2012-11-23,2012-11-30,2012-12-05,2049.0,1,2049.0
SO50603,4577,149,2012-11-23,2012-11-30,2012-12-05,2049.0,1,2049.0
SO50603,4577,150,2012-11-23,2012-11-30,2012-12-05,2049.0,1,2049.0
SO50604,13283,162,2012-11-23,2012-11-30,2012-12-05,2182.0,1,2182.0
SO50604,13283,163,2012-11-23,2012-11-30,2012-12-05,2182.0,1,2182.0
SO50605,16451,143,2012-11-24,2012-12-01,2012-12-06,2071.0,1,2071.0
SO50605,16451,144,2012-11-24,2012-12-01,2012-12-06,2071.0,1,2071.0
SO50606,16295,143,2012-11-24,2012-12-01,2012-12-06,2071.0,1,2071.0
SO50606,16295,144,2012-11-24,2012-12-01,2012-12-06,2071.0,1,2071.0
SO50607,9980,115,2012-11-24,2012-12-01,2012-12-06,783.0,1,783.0
SO50607,9980,116,2012-11-24,2012-12-01,2012-12-06,783.0,1,783.0
SO50608,15280,162,2012-11-24,2012-12-01,2012-12-06,2182.0,1,2182.0
SO50608,15280,163,2012-11-24,2012-12-01,2012-12-06,2182.0,1,2182.0
SO50609,4887,109,2012-11-24,2012-12-01,2012-12-06,783.0,1,783.0
SO50609,4887,110,2012-11-24,2012-12-01,2012-12-06,783.0,1,783.0
SO50610,4942,127,2012-11-24,2012-12-01,2012-12-06,783.0,1,783.0
SO50610,4942,128,2012-11-24,2012-12-01,2012-12-06,783.0,1,783.0
SO50611,4221,151,2012-11-24,2012-12-01,2012-12-06,2049.0,1,2049.0
SO50611,4221,152,2012-11-24,2012-12-01,2012-12-06,2049.0,1,2049.0
SO50612,4591,147,2012-11-24,2012-12-01,2012-12-06,2049.0,1,2049.0
SO50612,4591,148,2012-11-24,2012-12-01,2012-12-06,2049.0,1,2049.0
SO50613,4597,149,2012-11-24,2012-12-01,2012-12-06,2049.0,1,2049.0
SO50613,4597,150,2012-11-24,2012-12-01,2012-12-06,2049.0,1,2049.0
SO50614,16470,131,2012-11-24,2012-12-01,2012-12-06,783.0,1,783.0
SO50614,16470,132,2012-11-24,2012-12-01,2012-12-06,783.0,1,783.0
SO50615,13305,162,2012-11-24,2012-12-01,2012-12-06,2182.0,1,2182.0
SO50615,13305,163,2012-11-24,2012-12-01,2012-12-06,2182.0,1,2182.0
SO50616,13367,158,2012-11-24,2012-12-01,2012-12-06,2443.0,1,2443.0
SO50617,16297,143,2012-11-25,2012-12-02,2012-12-07,2071.0,1,2071.0
SO50617,16297,144,2012-11-25,2012-12-02,2012-12-07,2071.0,1,2071.0
SO50618,16432,149,2012-11-25,2012-12-02,2012-12-07,2049.0,1,2049.0
SO50618,16432,150,2012-11-25,2012-12-02,2012-12-07,2049.0,1,2049.0
SO50619,16278,143,2012-11-25,2012-12-02,2012-12-07,2071.0,1,2071.0
SO50619,16278,144,2012-11-25,2012-12-02,2012-12-07,2071.0,1,2071.0
SO50620,16282,145,2012-11-25,2012-12-02,2012-12-07,2071.0,1,2071.0
SO50620,16282,146,2012-11-25,2012-12-02,2012-12-07,2071.0,1,2071.0
SO50621,8475,129,2012-11-25,2012-12-02,2012-12-07,783.0,1,783.0
SO50621,8475,130,2012-11-25,2012-12-02,2012-12-07,783.0,1,783.0
SO50622,16537,131,2012-11-25,2012-12-02,2012-12-07,783.0,1,783.0
SO50622,16537,132,2012-11-25,2012-12-02,2012-12-07,783.0,1,783.0
SO50623,16546,109,2012-11-25,2012-12-02,2012-12-07,783.0,1,783.0
SO50623,16546,110,2012-11-25,2012-12-02,2012-12-07,783.0,1,783.0
SO50624,13282,160,2012-11-25,2012-12-02,2012-12-07,2182.0,1,2182.0
SO50624,13282,161,2012-11-25,2012-12-02,2012-12-07,2182.0,1,2182.0
SO50625,13368,158,2012-11-25,2012-12-02,2012-12-07,2443.0,1,2443.0
SO50626,7621,162,2012-11-26,2012-12-03,2012-12-08,2182.0,1,2182.0
SO50626,7621,163,2012-11-26,2012-12-03,2012-12-08,2182.0,1,2182.0
SO50627,7628,159,2012-11-26,2012-12-03,2012-12-08,2443.0,1,2443.0
SO50628,6903,157,2012-11-26,2012-12-03,2012-12-08,2443.0,1,2443.0
SO50629,5427,166,2012-11-26,2012-12-03,2012-12-08,2182.0,1,2182.0
SO50629,5427,167,2012-11-26,2012-12-03,2012-12-08,2182.0,1,2182.0
SO50630,8290,172,2012-11-26,2012-12-03,2012-12-08,1000.0,1,1000.0
SO50630,8290,173,2012-11-26,2012-12-03,2012-12-08,1000.0,1,1000.0
SO50631,8512,172,2012-11-26,2012-12-03,2012-12-08,1000.0,1,1000.0
SO50631,8512,173,2012-11-26,2012-12-03,2012-12-08,1000.0,1,1000.0
SO50632,4909,121,2012-11-26,2012-12-03,2012-12-08,783.0,1,783.0
SO50632,4909,122,2012-11-26,2012-12-03,2012-12-08,783.0,1,783.0
SO50633,3421,176,2012-11-26,2012-12-03,2012-12-08,1000.0,1,1000.0
SO50633,3421,177,2012-11-26,2012-12-03,2012-12-08,1000.0,1,1000.0
SO50634,4219,151,2012-11-26,2012-12-03,2012-12-08,2049.0,1,2049.0
SO50634,4219,152,2012-11-26,2012-12-03,2012-12-08,2049.0,1,2049.0
SO50635,4587,145,2012-11-26,2012-12-03,2012-12-08,2071.0,1,2071.0
SO50635,4587,146,2012-11-26,2012-12-03,2012-12-08,2071.0,1,2071.0
SO50636,4590,143,2012-11-26,2012-12-03,2012-12-08,2071.0,1,2071.0
SO50636,4590,144,2012-11-26,2012-12-03,2012-12-08,2071.0,1,2071.0
SO50637,16357,117,2012-11-26,2012-12-03,2012-12-08,783.0,1,783.0
SO50637,16357,118,2012-11-26,2012-12-03,2012-12-08,783.0,1,783.0
SO50638,13284,160,2012-11-26,2012-12-03,2012-12-08,2182.0,1,2182.0
SO50638,13284,161,2012-11-26,2012-12-03,2012-12-08,2182.0,1,2182.0
SO50639,13304,158,2012-11-26,2012-12-03,2012-12-08,2443.0,1,2443.0
SO50640,13308,158,2012-11-26,2012-12-03,2012-12-08,2443.0,1,2443.0
SO50641,16456,143,2012-11-27,2012-12-04,2012-12-09,2071.0,1,2071.0
SO50641,16456,144,2012-11-27,2012-12-04,2012-12-09,2071.0,1,2071.0
SO50642,7148,162,2012-11-27,2012-12-04,2012-12-09,2182.0,1,2182.0
SO50642,7148,163,2012-11-27,2012-12-04,2012-12-09,2182.0,1,2182.0
SO50643,16428,141,2012-11-27,2012-12-04,2012-12-09,2071.0,1,2071.0
SO50643,16428,142,2012-11-27,2012-12-04,2012-12-09,2071.0,1,2071.0
SO50644,16276,151,2012-11-27,2012-12-04,2012-12-09,2049.0,1,2049.0
SO50644,16276,152,2012-11-27,2012-12-04,2012-12-09,2049.0,1,2049.0
SO50645,8289,176,2012-11-27,2012-12-04,2012-12-09,1000.0,1,1000.0
SO50645,8289,177,2012-11-27,2012-12-04,2012-12-09,1000.0,1,1000.0
SO50646,8299,172,2012-11-27,2012-12-04,2012-12-09,1000.0,1,1000.0
SO50646,8299,173,2012-11-27,2012-12-04,2012-12-09,1000.0,1,1000.0
SO50647,9946,127,2012-11-27,2012-12-04,2012-12-09,783.0,1,783.0
SO50647,9946,128,2012-11-27,2012-12-04,2012-12-09,783.0,1,783.0
SO50648,2918,158,2012-11-27,2012-12-04,2012-12-09,2443.0,1,2443.0
SO50649,2939,160,2012-11-27,2012-12-04,2012-12-09,2182.0,1,2182.0
SO50649,2939,161,2012-11-27,2012-12-04,2012-12-09,2182.0,1,2182.0
SO50650,1748,147,2012-11-27,2012-12-04,2012-12-09,2049.0,1,2049.0
SO50650,1748,148,2012-11-27,2012-12-04,2012-12-09,2049.0,1,2049.0
SO50651,4889,123,2012-11-27,2012-12-04,2012-12-09,783.0,1,783.0
SO50651,4889,124,2012-11-27,2012-12-04,2012-12-09,783.0,1,783.0
SO50652,4904,115,2012-11-27,2012-12-04,2012-12-09,783.0,1,783.0
SO50652,4904,116,2012-11-27,2012-12-04,2012-12-09,783.0,1,783.0
SO50653,16551,123,2012-11-27,2012-12-04,2012-12-09,783.0,1,783.0
SO50653,16551,124,2012-11-27,2012-12-04,2012-12-09,783.0,1,783.0
SO50654,14215,178,2012-11-27,2012-12-04,2012-12-09,1000.0,1,1000.0
SO50654,14215,179,2012-11-27,2012-12-04,2012-12-09,1000.0,1,1000.0
SO50655,4583,147,2012-11-27,2012-12-04,2012-12-09,2049.0,1,2049.0
SO50655,4583,148,2012-11-27,2012-12-04,2012-12-09,2049.0,1,2049.0
SO50656,16363,125,2012-11-27,2012-12-04,2012-12-09,783.0,1,783.0
SO50656,16363,126,2012-11-27,2012-12-04,2012-12-09,783.0,1,783.0
SO50657,13379,158,2012-11-27,2012-12-04,2012-12-09,2443.0,1,2443.0
SO50760,16550,143,2012-11-28,2012-12-05,2012-12-10,2071.0,1,2071.0
SO50760,16550,144,2012-11-28,2012-12-05,2012-12-10,2071.0,1,2071.0
SO50761,8322,176,2012-11-28,2012-12-05,2012-12-10,1000.0,1,1000.0
SO50761,8322,177,2012-11-28,2012-12-05,2012-12-10,1000.0,1,1000.0
SO50762,6964,166,2012-11-28,2012-12-05,2012-12-10,2182.0,1,2182.0
SO50762,6964,167,2012-11-28,2012-12-05,2012-12-10,2182.0,1,2182.0
SO50763,5514,162,2012-11-28,2012-12-05,2012-12-10,2182.0,1,2182.0
SO50763,5514,163,2012-11-28,2012-12-05,2012-12-10,2182.0,1,2182.0
SO50764,10535,125,2012-11-28,2012-12-05,2012-12-10,783.0,1,783.0
SO50764,10535,126,2012-11-28,2012-12-05,2012-12-10,783.0,1,783.0
SO50765,10670,127,2012-11-28,2012-12-05,2012-12-10,783.0,1,783.0
SO50765,10670,128,2012-11-28,2012-12-05,2012-12-10,783.0,1,783.0
SO50766,2978,158,2012-11-28,2012-12-05,2012-12-10,2443.0,1,2443.0
SO50767,3487,178,2012-11-28,2012-12-05,2012-12-10,1000.0,1,1000.0
SO50767,3487,179,2012-11-28,2012-12-05,2012-12-10,1000.0,1,1000.0
SO50768,5177,149,2012-11-28,2012-12-05,2012-12-10,2049.0,1,2049.0
SO50768,5177,150,2012-11-28,2012-12-05,2012-12-10,2049.0,1,2049.0
SO50769,13485,157,2012-11-28,2012-12-05,2012-12-10,2443.0,1,2443.0
SO50770,13466,168,2012-11-28,2012-12-05,2012-12-10,2182.0,1,2182.0
SO50770,13466,169,2012-11-28,2012-12-05,2012-12-10,2182.0,1,2182.0
SO50771,13469,159,2012-11-28,2012-12-05,2012-12-10,2443.0,1,2443.0
SO50772,13477,158,2012-11-28,2012-12-05,2012-12-10,2443.0,1,2443.0
SO50773,8904,119,2012-11-28,2012-12-05,2012-12-10,783.0,1,783.0
SO50773,8904,120,2012-11-28,2012-12-05,2012-12-10,783.0,1,783.0
SO50774,16488,119,2012-11-28,2012-12-05,2012-12-10,783.0,1,783.0
SO50774,16488,120,2012-11-28,2012-12-05,2012-12-10,783.0,1,783.0
SO50775,16554,147,2012-11-29,2012-12-06,2012-12-11,2049.0,1,2049.0
SO50775,16554,148,2012-11-29,2012-12-06,2012-12-11,2049.0,1,2049.0
SO50776,8941,170,2012-11-29,2012-12-06,2012-12-11,1000.0,1,1000.0
SO50776,8941,171,2012-11-29,2012-12-06,2012-12-11,1000.0,1,1000.0
SO50777,440,143,2012-11-29,2012-12-06,2012-12-11,2071.0,1,2071.0
SO50777,440,144,2012-11-29,2012-12-06,2012-12-11,2071.0,1,2071.0
SO50778,579,145,2012-11-29,2012-12-06,2012-12-11,2071.0,1,2071.0
SO50778,579,146,2012-11-29,2012-12-06,2012-12-11,2071.0,1,2071.0
SO50779,10509,123,2012-11-29,2012-12-06,2012-12-11,783.0,1,783.0
SO50779,10509,124,2012-11-29,2012-12-06,2012-12-11,783.0,1,783.0
SO50780,8946,109,2012-11-29,2012-12-06,2012-12-11,783.0,1,783.0
SO50780,8946,110,2012-11-29,2012-12-06,2012-12-11,783.0,1,783.0
SO50781,2562,149,2012-11-29,2012-12-06,2012-12-11,2049.0,1,2049.0
SO50781,2562,150,2012-11-29,2012-12-06,2012-12-11,2049.0,1,2049.0
SO50782,588,149,2012-11-29,2012-12-06,2012-12-11,2049.0,1,2049.0
SO50782,588,150,2012-11-29,2012-12-06,2012-12-11,2049.0,1,2049.0
SO50783,589,147,2012-11-29,2012-12-06,2012-12-11,2049.0,1,2049.0
SO50783,589,148,2012-11-29,2012-12-06,2012-12-11,2049.0,1,2049.0
SO50784,3499,172,2012-11-29,2012-12-06,2012-12-11,1000.0,1,1000.0
SO50784,3499,173,2012-11-29,2012-12-06,2012-12-11,1000.0,1,1000.0
SO50785,4786,145,2012-11-29,2012-12-06,2012-12-11,2071.0,1,2071.0
SO50785,4786,146,2012-11-29,2012-12-06,2012-12-11,2071.0,1,2071.0
SO50786,4798,145,2012-11-29,2012-12-06,2012-12-11,2071.0,1,2071.0
SO50786,4798,146,2012-11-29,2012-12-06,2012-12-11,2071.0,1,2071.0
SO50787,4801,147,2012-11-29,2012-12-06,2012-12-11,2049.0,1,2049.0
SO50787,4801,148,2012-11-29,2012-12-06,2012-12-11,2049.0,1,2049.0
SO50788,16576,143,2012-11-30,2012-12-07,2012-12-12,2071.0,1,2071.0
SO50788,16576,144,2012-11-30,2012-12-07,2012-12-12,2071.0,1,2071.0
SO50789,2554,141,2012-11-30,2012-12-07,2012-12-12,2071.0,1,2071.0
SO50789,2554,142,2012-11-30,2012-12-07,2012-12-12,2071.0,1,2071.0
SO50790,10510,109,2012-11-30,2012-12-07,2012-12-12,783.0,1,783.0
SO50790,10510,110,2012-11-30,2012-12-07,2012-12-12,783.0,1,783.0
SO50791,4970,129,2012-11-30,2012-12-07,2012-12-12,783.0,1,783.0
SO50791,4970,130,2012-11-30,2012-12-07,2012-12-12,783.0,1,783.0
SO50792,4973,111,2012-11-30,2012-12-07,2012-12-12,783.0,1,783.0
SO50792,4973,112,2012-11-30,2012-12-07,2012-12-12,783.0,1,783.0
SO50793,3458,172,2012-11-30,2012-12-07,2012-12-12,1000.0,1,1000.0
SO50793,3458,173,2012-11-30,2012-12-07,2012-12-12,1000.0,1,1000.0
SO50794,16489,117,2012-11-30,2012-12-07,2012-12-12,783.0,1,783.0
SO50794,16489,118,2012-11-30,2012-12-07,2012-12-12,783.0,1,783.0
SO50795,16490,113,2012-11-30,2012-12-07,2012-12-12,783.0,1,783.0
SO50795,16490,114,2012-11-30,2012-12-07,2012-12-12,783.0,1,783.0
SO50796,16491,131,2012-11-30,2012-12-07,2012-12-12,783.0,1,783.0
SO50796,16491,132,2012-11-30,2012-12-07,2012-12-12,783.0,1,783.0
SO50797,6965,162,2012-12-01,2012-12-08,2012-12-13,2182.0,1,2182.0
SO50797,6965,163,2012-12-01,2012-12-08,2012-12-13,2182.0,1,2182.0
SO50798,6901,176,2012-12-01,2012-12-08,2012-12-13,1000.0,1,1000.0
SO50798,6901,177,2012-12-01,2012-12-08,2012-12-13,1000.0,1,1000.0
SO50799,10017,117,2012-12-01,2012-12-08,2012-12-13,783.0,1,783.0
SO50799,10017,118,2012-12-01,2012-12-08,2012-12-13,783.0,1,783.0
SO50800,591,151,2012-12-01,2012-12-08,2012-12-13,2049.0,1,2049.0
SO50800,591,152,2012-12-01,2012-12-08,2012-12-13,2049.0,1,2049.0
SO50801,4990,123,2012-12-01,2012-12-08,2012-12-13,783.0,1,783.0
SO50801,4990,124,2012-12-01,2012-12-08,2012-12-13,783.0,1,783.0
SO50802,3495,174,2012-12-01,2012-12-08,2012-12-13,1000.0,1,1000.0
SO50802,3495,175,2012-12-01,2012-12-08,2012-12-13,1000.0,1,1000.0
SO50803,4790,151,2012-12-01,2012-12-08,2012-12-13,2049.0,1,2049.0
SO50803,4790,152,2012-12-01,2012-12-08,2012-12-13,2049.0,1,2049.0
SO50804,13467,168,2012-12-01,2012-12-08,2012-12-13,2182.0,1,2182.0
SO50804,13467,169,2012-12-01,2012-12-08,2012-12-13,2182.0,1,2182.0
SO50805,3472,174,2012-12-01,2012-12-08,2012-12-13,1000.0,1,1000.0
SO50805,3472,175,2012-12-01,2012-12-08,2012-12-13,1000.0,1,1000.0
SO50806,6981,157,2012-12-02,2012-12-09,2012-12-14,2443.0,1,2443.0
SO50807,434,149,2012-12-02,2012-12-09,2012-12-14,2049.0,1,2049.0
SO50807,434,150,2012-12-02,2012-12-09,2012-12-14,2049.0,1,2049.0
SO50808,547,141,2012-12-02,2012-12-09,2012-12-14,2071.0,1,2071.0
SO50808,547,142,2012-12-02,2012-12-09,2012-12-14,2071.0,1,2071.0
SO50809,3485,176,2012-12-02,2012-12-09,2012-12-14,1000.0,1,1000.0
SO50809,3485,177,2012-12-02,2012-12-09,2012-12-14,1000.0,1,1000.0
SO50810,16484,113,2012-12-02,2012-12-09,2012-12-14,783.0,1,783.0
SO50810,16484,114,2012-12-02,2012-12-09,2012-12-14,783.0,1,783.0
SO50811,16494,125,2012-12-02,2012-12-09,2012-12-14,783.0,1,783.0
SO50811,16494,126,2012-12-02,2012-12-09,2012-12-14,783.0,1,783.0
SO50812,16499,113,2012-12-02,2012-12-09,2012-12-14,783.0,1,783.0
SO50812,16499,114,2012-12-02,2012-12-09,2012-12-14,783.0,1,783.0
SO50813,2256,149,2012-12-02,2012-12-09,2012-12-14,2049.0,1,2049.0
SO50813,2256,150,2012-12-02,2012-12-09,2012-12-14,2049.0,1,2049.0
SO50814,16548,145,2012-12-03,2012-12-10,2012-12-15,2071.0,1,2071.0
SO50814,16548,146,2012-12-03,2012-12-10,2012-12-15,2071.0,1,2071.0
SO50815,10659,143,2012-12-03,2012-12-10,2012-12-15,2071.0,1,2071.0
SO50815,10659,144,2012-12-03,2012-12-10,2012-12-15,2071.0,1,2071.0
SO50816,6945,176,2012-12-03,2012-12-10,2012-12-15,1000.0,1,1000.0
SO50816,6945,177,2012-12-03,2012-12-10,2012-12-15,1000.0,1,1000.0
SO50817,6990,168,2012-12-03,2012-12-10,2012-12-15,2182.0,1,2182.0
SO50817,6990,169,2012-12-03,2012-12-10,2012-12-15,2182.0,1,2182.0
SO50818,7020,166,2012-12-03,2012-12-10,2012-12-15,2182.0,1,2182.0
SO50818,7020,167,2012-12-03,2012-12-10,2012-12-15,2182.0,1,2182.0
SO50819,4793,143,2012-12-03,2012-12-10,2012-12-15,2071.0,1,2071.0
SO50819,4793,144,2012-12-03,2012-12-10,2012-12-15,2071.0,1,2071.0
SO50820,4809,149,2012-12-03,2012-12-10,2012-12-15,2049.0,1,2049.0
SO50820,4809,150,2012-12-03,2012-12-10,2012-12-15,2049.0,1,2049.0
SO50821,5026,145,2012-12-03,2012-12-10,2012-12-15,2071.0,1,2071.0
SO50821,5026,146,2012-12-03,2012-12-10,2012-12-15,2071.0,1,2071.0
SO50822,5032,147,2012-12-03,2012-12-10,2012-12-15,2049.0,1,2049.0
SO50822,5032,148,2012-12-03,2012-12-10,2012-12-15,2049.0,1,2049.0
SO50823,13602,162,2012-12-03,2012-12-10,2012-12-15,2182.0,1,2182.0
SO50823,13602,163,2012-12-03,2012-12-10,2012-12-15,2182.0,1,2182.0
SO50824,16500,129,2012-12-03,2012-12-10,2012-12-15,783.0,1,783.0
SO50824,16500,130,2012-12-03,2012-12-10,2012-12-15,783.0,1,783.0
SO50825,16571,141,2012-12-04,2012-12-11,2012-12-16,2071.0,1,2071.0
SO50825,16571,142,2012-12-04,2012-12-11,2012-12-16,2071.0,1,2071.0
SO50826,5477,168,2012-12-04,2012-12-11,2012-12-16,2182.0,1,2182.0
SO50826,5477,169,2012-12-04,2012-12-11,2012-12-16,2182.0,1,2182.0
SO50827,8918,178,2012-12-04,2012-12-11,2012-12-16,1000.0,1,1000.0
SO50827,8918,179,2012-12-04,2012-12-11,2012-12-16,1000.0,1,1000.0
SO50828,2552,147,2012-12-04,2012-12-11,2012-12-16,2049.0,1,2049.0
SO50828,2552,148,2012-12-04,2012-12-11,2012-12-16,2049.0,1,2049.0
SO50829,10541,131,2012-12-04,2012-12-11,2012-12-16,783.0,1,783.0
SO50829,10541,132,2012-12-04,2012-12-11,2012-12-16,783.0,1,783.0
SO50830,16614,121,2012-12-04,2012-12-11,2012-12-16,783.0,1,783.0
SO50830,16614,122,2012-12-04,2012-12-11,2012-12-16,783.0,1,783.0
SO50831,4962,113,2012-12-04,2012-12-11,2012-12-16,783.0,1,783.0
SO50831,4962,114,2012-12-04,2012-12-11,2012-12-16,783.0,1,783.0
SO50832,3478,170,2012-12-04,2012-12-11,2012-12-16,1000.0,1,1000.0
SO50832,3478,171,2012-12-04,2012-12-11,2012-12-16,1000.0,1,1000.0
SO50833,4755,143,2012-12-04,2012-12-11,2012-12-16,2071.0,1,2071.0
SO50833,4755,144,2012-12-04,2012-12-11,2012-12-16,2071.0,1,2071.0
SO50834,13599,158,2012-12-04,2012-12-11,2012-12-16,2443.0,1,2443.0
SO50835,13475,162,2012-12-04,2012-12-11,2012-12-16,2182.0,1,2182.0
SO50835,13475,163,2012-12-04,2012-12-11,2012-12-16,2182.0,1,2182.0
SO50836,16536,147,2012-12-05,2012-12-12,2012-12-17,2049.0,1,2049.0
SO50836,16536,148,2012-12-05,2012-12-12,2012-12-17,2049.0,1,2049.0
SO50837,16538,141,2012-12-05,2012-12-12,2012-12-17,2071.0,1,2071.0
SO50837,16538,142,2012-12-05,2012-12-12,2012-12-17,2071.0,1,2071.0
SO50838,16574,141,2012-12-05,2012-12-12,2012-12-17,2071.0,1,2071.0
SO50838,16574,142,2012-12-05,2012-12-12,2012-12-17,2071.0,1,2071.0
SO50839,8919,178,2012-12-05,2012-12-12,2012-12-17,1000.0,1,1000.0
SO50839,8919,179,2012-12-05,2012-12-12,2012-12-17,1000.0,1,1000.0
SO50840,5437,160,2012-12-05,2012-12-12,2012-12-17,2182.0,1,2182.0
SO50840,5437,161,2012-12-05,2012-12-12,2012-12-17,2182.0,1,2182.0
SO50841,8033,168,2012-12-05,2012-12-12,2012-12-17,2182.0,1,2182.0
SO50841,8033,169,2012-12-05,2012-12-12,2012-12-17,2182.0,1,2182.0
SO50842,480,145,2012-12-05,2012-12-12,2012-12-17,2071.0,1,2071.0
SO50842,480,146,2012-12-05,2012-12-12,2012-12-17,2071.0,1,2071.0
SO50843,1853,151,2012-12-05,2012-12-12,2012-12-17,2049.0,1,2049.0
SO50843,1853,152,2012-12-05,2012-12-12,2012-12-17,2049.0,1,2049.0
SO50844,8504,115,2012-12-05,2012-12-12,2012-12-17,783.0,1,783.0
SO50844,8504,116,2012-12-05,2012-12-12,2012-12-17,783.0,1,783.0
SO50845,2948,164,2012-12-05,2012-12-12,2012-12-17,2182.0,1,2182.0
SO50845,2948,165,2012-12-05,2012-12-12,2012-12-17,2182.0,1,2182.0
SO50846,2980,157,2012-12-05,2012-12-12,2012-12-17,2443.0,1,2443.0
SO50847,4954,113,2012-12-05,2012-12-12,2012-12-17,783.0,1,783.0
SO50847,4954,114,2012-12-05,2012-12-12,2012-12-17,783.0,1,783.0
SO50848,4987,123,2012-12-05,2012-12-12,2012-12-17,783.0,1,783.0
SO50848,4987,124,2012-12-05,2012-12-12,2012-12-17,783.0,1,783.0
SO50849,5027,147,2012-12-05,2012-12-12,2012-12-17,2049.0,1,2049.0
SO50849,5027,148,2012-12-05,2012-12-12,2012-12-17,2049.0,1,2049.0
SO50850,5156,149,2012-12-05,2012-12-12,2012-12-17,2049.0,1,2049.0
SO50850,5156,150,2012-12-05,2012-12-12,2012-12-17,2049.0,1,2049.0
SO50851,13597,158,2012-12-05,2012-12-12,2012-12-17,2443.0,1,2443.0
SO50852,4832,151,2012-12-05,2012-12-12,2012-12-17,2049.0,1,2049.0
SO50852,4832,152,2012-12-05,2012-12-12,2012-12-17,2049.0,1,2049.0
SO50853,16543,145,2012-12-06,2012-12-13,2012-12-18,2071.0,1,2071.0
SO50853,16543,146,2012-12-06,2012-12-13,2012-12-18,2071.0,1,2071.0
SO50854,16552,147,2012-12-06,2012-12-13,2012-12-18,2049.0,1,2049.0
SO50854,16552,148,2012-12-06,2012-12-13,2012-12-18,2049.0,1,2049.0
SO50855,16559,147,2012-12-06,2012-12-13,2012-12-18,2049.0,1,2049.0
SO50855,16559,148,2012-12-06,2012-12-13,2012-12-18,2049.0,1,2049.0
SO50856,6950,170,2012-12-06,2012-12-13,2012-12-18,1000.0,1,1000.0
SO50856,6950,171,2012-12-06,2012-12-13,2012-12-18,1000.0,1,1000.0
SO50857,5159,149,2012-12-06,2012-12-13,2012-12-18,2049.0,1,2049.0
SO50857,5159,150,2012-12-06,2012-12-13,2012-12-18,2049.0,1,2049.0
SO50858,5164,145,2012-12-06,2012-12-13,2012-12-18,2071.0,1,2071.0
SO50858,5164,146,2012-12-06,2012-12-13,2012-12-18,2071.0,1,2071.0
SO50859,13503,157,2012-12-06,2012-12-13,2012-12-18,2443.0,1,2443.0
SO50860,16505,141,2012-12-07,2012-12-14,2012-12-19,2071.0,1,2071.0
SO50860,16505,142,2012-12-07,2012-12-14,2012-12-19,2071.0,1,2071.0
SO50861,16535,145,2012-12-07,2012-12-14,2012-12-19,2071.0,1,2071.0
SO50861,16535,146,2012-12-07,2012-12-14,2012-12-19,2071.0,1,2071.0
SO50862,16542,145,2012-12-07,2012-12-14,2012-12-19,2071.0,1,2071.0
SO50862,16542,146,2012-12-07,2012-12-14,2012-12-19,2071.0,1,2071.0
SO50863,16553,145,2012-12-07,2012-12-14,2012-12-19,2071.0,1,2071.0
SO50863,16553,146,2012-12-07,2012-12-14,2012-12-19,2071.0,1,2071.0
SO50864,2412,145,2012-12-07,2012-12-14,2012-12-19,2071.0,1,2071.0
SO50864,2412,146,2012-12-07,2012-12-14,2012-12-19,2071.0,1,2071.0
SO50865,583,151,2012-12-07,2012-12-14,2012-12-19,2049.0,1,2049.0
SO50865,583,152,2012-12-07,2012-12-14,2012-12-19,2049.0,1,2049.0
SO50866,4992,121,2012-12-07,2012-12-14,2012-12-19,783.0,1,783.0
SO50866,4992,122,2012-12-07,2012-12-14,2012-12-19,783.0,1,783.0
SO50867,4965,131,2012-12-07,2012-12-14,2012-12-19,783.0,1,783.0
SO50867,4965,132,2012-12-07,2012-12-14,2012-12-19,783.0,1,783.0
SO50868,3474,172,2012-12-07,2012-12-14,2012-12-19,1000.0,1,1000.0
SO50868,3474,173,2012-12-07,2012-12-14,2012-12-19,1000.0,1,1000.0
SO50869,14226,170,2012-12-07,2012-12-14,2012-12-19,1000.0,1,1000.0
SO50869,14226,171,2012-12-07,2012-12-14,2012-12-19,1000.0,1,1000.0
SO50870,4765,141,2012-12-07,2012-12-14,2012-12-19,2071.0,1,2071.0
SO50870,4765,142,2012-12-07,2012-12-14,2012-12-19,2071.0,1,2071.0
SO50871,5028,141,2012-12-07,2012-12-14,2012-12-19,2071.0,1,2071.0
SO50871,5028,142,2012-12-07,2012-12-14,2012-12-19,2071.0,1,2071.0
SO50872,13598,168,2012-12-07,2012-12-14,2012-12-19,2182.0,1,2182.0
SO50872,13598,169,2012-12-07,2012-12-14,2012-12-19,2182.0,1,2182.0
SO50873,13464,166,2012-12-07,2012-12-14,2012-12-19,2182.0,1,2182.0
SO50873,13464,167,2012-12-07,2012-12-14,2012-12-19,2182.0,1,2182.0
SO50874,5571,157,2012-12-08,2012-12-15,2012-12-20,2443.0,1,2443.0
SO50875,1830,151,2012-12-08,2012-12-15,2012-12-20,2049.0,1,2049.0
SO50875,1830,152,2012-12-08,2012-12-15,2012-12-20,2049.0,1,2049.0
SO50876,1828,145,2012-12-08,2012-12-15,2012-12-20,2071.0,1,2071.0
SO50876,1828,146,2012-12-08,2012-12-15,2012-12-20,2071.0,1,2071.0
SO50877,1864,141,2012-12-08,2012-12-15,2012-12-20,2071.0,1,2071.0
SO50877,1864,142,2012-12-08,2012-12-15,2012-12-20,2071.0,1,2071.0
SO50878,4734,147,2012-12-08,2012-12-15,2012-12-20,2049.0,1,2049.0
SO50878,4734,148,2012-12-08,2012-12-15,2012-12-20,2049.0,1,2049.0
SO50879,4753,145,2012-12-08,2012-12-15,2012-12-20,2071.0,1,2071.0
SO50879,4753,146,2012-12-08,2012-12-15,2012-12-20,2071.0,1,2071.0
SO50880,13468,168,2012-12-08,2012-12-15,2012-12-20,2182.0,1,2182.0
SO50880,13468,169,2012-12-08,2012-12-15,2012-12-20,2182.0,1,2182.0
SO50881,13481,157,2012-12-08,2012-12-15,2012-12-20,2443.0,1,2443.0
SO50882,16474,131,2012-12-08,2012-12-15,2012-12-20,783.0,1,783.0
SO50882,16474,132,2012-12-08,2012-12-15,2012-12-20,783.0,1,783.0
SO50883,7046,164,2012-12-08,2012-12-15,2012-12-20,2182.0,1,2182.0
SO50883,7046,165,2012-12-08,2012-12-15,2012-12-20,2182.0,1,2182.0
SO50884,16544,151,2012-12-09,2012-12-16,2012-12-21,2049.0,1,2049.0
SO50884,16544,152,2012-12-09,2012-12-16,2012-12-21,2049.0,1,2049.0
SO50885,16573,143,2012-12-09,2012-12-16,2012-12-21,2071.0,1,2071.0
SO50885,16573,144,2012-12-09,2012-12-16,2012-12-21,2071.0,1,2071.0
SO50886,8049,159,2012-12-09,2012-12-16,2012-12-21,2443.0,1,2443.0
SO50887,5597,164,2012-12-09,2012-12-16,2012-12-21,2182.0,1,2182.0
SO50887,5597,165,2012-12-09,2012-12-16,2012-12-21,2182.0,1,2182.0
SO50888,8917,170,2012-12-09,2012-12-16,2012-12-21,1000.0,1,1000.0
SO50888,8917,171,2012-12-09,2012-12-16,2012-12-21,1000.0,1,1000.0
SO50889,573,141,2012-12-09,2012-12-16,2012-12-21,2071.0,1,2071.0
SO50889,573,142,2012-12-09,2012-12-16,2012-12-21,2071.0,1,2071.0
SO50890,2985,157,2012-12-09,2012-12-16,2012-12-21,2443.0,1,2443.0
SO50891,4977,127,2012-12-09,2012-12-16,2012-12-21,783.0,1,783.0
SO50891,4977,128,2012-12-09,2012-12-16,2012-12-21,783.0,1,783.0
SO50892,4754,149,2012-12-09,2012-12-16,2012-12-21,2049.0,1,2049.0
SO50892,4754,150,2012-12-09,2012-12-16,2012-12-21,2049.0,1,2049.0
SO50893,5029,141,2012-12-09,2012-12-16,2012-12-21,2071.0,1,2071.0
SO50893,5029,142,2012-12-09,2012-12-16,2012-12-21,2071.0,1,2071.0
SO50894,5161,147,2012-12-09,2012-12-16,2012-12-21,2049.0,1,2049.0
SO50894,5161,148,2012-12-09,2012-12-16,2012-12-21,2049.0,1,2049.0
SO50895,16556,149,2012-12-10,2012-12-17,2012-12-22,2049.0,1,2049.0
SO50895,16556,150,2012-12-10,2012-12-17,2012-12-22,2049.0,1,2049.0
SO50896,16570,143,2012-12-10,2012-12-17,2012-12-22,2071.0,1,2071.0
SO50896,16570,144,2012-12-10,2012-12-17,2012-12-22,2071.0,1,2071.0
SO50897,433,141,2012-12-10,2012-12-17,2012-12-22,2071.0,1,2071.0
SO50897,433,142,2012-12-10,2012-12-17,2012-12-22,2071.0,1,2071.0
SO50898,2949,160,2012-12-10,2012-12-17,2012-12-22,2182.0,1,2182.0
SO50898,2949,161,2012-12-10,2012-12-17,2012-12-22,2182.0,1,2182.0
SO50899,4984,121,2012-12-10,2012-12-17,2012-12-22,783.0,1,783.0
SO50899,4984,122,2012-12-10,2012-12-17,2012-12-22,783.0,1,783.0
SO50900,14236,174,2012-12-10,2012-12-17,2012-12-22,1000.0,1,1000.0
SO50900,14236,175,2012-12-10,2012-12-17,2012-12-22,1000.0,1,1000.0
SO50901,4834,141,2012-12-10,2012-12-17,2012-12-22,2071.0,1,2071.0
SO50901,4834,142,2012-12-10,2012-12-17,2012-12-22,2071.0,1,2071.0
SO50902,13507,157,2012-12-10,2012-12-17,2012-12-22,2443.0,1,2443.0
SO50903,13587,159,2012-12-10,2012-12-17,2012-12-22,2443.0,1,2443.0
SO50904,13591,168,2012-12-10,2012-12-17,2012-12-22,2182.0,1,2182.0
SO50904,13591,169,2012-12-10,2012-12-17,2012-12-22,2182.0,1,2182.0
SO50905,16577,141,2012-12-11,2012-12-18,2012-12-23,2071.0,1,2071.0
SO50905,16577,142,2012-12-11,2012-12-18,2012-12-23,2071.0,1,2071.0
SO50906,6948,168,2012-12-11,2012-12-18,2012-12-23,2182.0,1,2182.0
SO50906,6948,169,2012-12-11,2012-12-18,2012-12-23,2182.0,1,2182.0
SO50907,6895,174,2012-12-11,2012-12-18,2012-12-23,1000.0,1,1000.0
SO50907,6895,175,2012-12-11,2012-12-18,2012-12-23,1000.0,1,1000.0
SO50908,2255,147,2012-12-11,2012-12-18,2012-12-23,2049.0,1,2049.0
SO50908,2255,148,2012-12-11,2012-12-18,2012-12-23,2049.0,1,2049.0
SO50909,2555,145,2012-12-11,2012-12-18,2012-12-23,2071.0,1,2071.0
SO50909,2555,146,2012-12-11,2012-12-18,2012-12-23,2071.0,1,2071.0
SO50910,10036,131,2012-12-11,2012-12-18,2012-12-23,783.0,1,783.0
SO50910,10036,132,2012-12-11,2012-12-18,2012-12-23,783.0,1,783.0
SO50911,1868,145,2012-12-11,2012-12-18,2012-12-23,2071.0,1,2071.0
SO50911,1868,146,2012-12-11,2012-12-18,2012-12-23,2071.0,1,2071.0
SO50912,14232,170,2012-12-11,2012-12-18,2012-12-23,1000.0,1,1000.0
SO50912,14232,171,2012-12-11,2012-12-18,2012-12-23,1000.0,1,1000.0
SO50913,13482,157,2012-12-11,2012-12-18,2012-12-23,2443.0,1,2443.0
SO50914,16485,131,2012-12-11,2012-12-18,2012-12-23,783.0,1,783.0
SO50914,16485,132,2012-12-11,2012-12-18,2012-12-23,783.0,1,783.0
SO50915,16493,121,2012-12-11,2012-12-18,2012-12-23,783.0,1,783.0
SO50915,16493,122,2012-12-11,2012-12-18,2012-12-23,783.0,1,783.0
SO50916,16532,143,2012-12-12,2012-12-19,2012-12-24,2071.0,1,2071.0
SO50916,16532,144,2012-12-12,2012-12-19,2012-12-24,2071.0,1,2071.0
SO50917,5534,168,2012-12-12,2012-12-19,2012-12-24,2182.0,1,2182.0
SO50917,5534,169,2012-12-12,2012-12-19,2012-12-24,2182.0,1,2182.0
SO50918,5548,157,2012-12-12,2012-12-19,2012-12-24,2443.0,1,2443.0
SO50919,7028,168,2012-12-12,2012-12-19,2012-12-24,2182.0,1,2182.0
SO50919,7028,169,2012-12-12,2012-12-19,2012-12-24,2182.0,1,2182.0
SO50920,572,145,2012-12-12,2012-12-19,2012-12-24,2071.0,1,2071.0
SO50920,572,146,2012-12-12,2012-12-19,2012-12-24,2071.0,1,2071.0
SO50921,10518,123,2012-12-12,2012-12-19,2012-12-24,783.0,1,783.0
SO50921,10518,124,2012-12-12,2012-12-19,2012-12-24,783.0,1,783.0
SO50922,10038,129,2012-12-12,2012-12-19,2012-12-24,783.0,1,783.0
SO50922,10038,130,2012-12-12,2012-12-19,2012-12-24,783.0,1,783.0
SO50923,4985,121,2012-12-12,2012-12-19,2012-12-24,783.0,1,783.0
SO50923,4985,122,2012-12-12,2012-12-19,2012-12-24,783.0,1,783.0
SO50924,4733,145,2012-12-12,2012-12-19,2012-12-24,2071.0,1,2071.0
SO50924,4733,146,2012-12-12,2012-12-19,2012-12-24,2071.0,1,2071.0
SO50925,4791,145,2012-12-12,2012-12-19,2012-12-24,2071.0,1,2071.0
SO50925,4791,146,2012-12-12,2012-12-19,2012-12-24,2071.0,1,2071.0
SO50926,4800,143,2012-12-12,2012-12-19,2012-12-24,2071.0,1,2071.0
SO50926,4800,144,2012-12-12,2012-12-19,2012-12-24,2071.0,1,2071.0
SO50927,13505,159,2012-12-12,2012-12-19,2012-12-24,2443.0,1,2443.0
SO50928,13593,160,2012-12-12,2012-12-19,2012-12-24,2182.0,1,2182.0
SO50928,13593,161,2012-12-12,2012-12-19,2012-12-24,2182.0,1,2182.0
SO50929,14243,178,2012-12-12,2012-12-19,2012-12-24,1000.0,1,1000.0
SO50929,14243,179,2012-12-12,2012-12-19,2012-12-24,1000.0,1,1000.0
SO50930,6951,170,2012-12-13,2012-12-20,2012-12-25,1000.0,1,1000.0
SO50930,6951,171,2012-12-13,2012-12-20,2012-12-25,1000.0,1,1000.0
SO50931,5570,168,2012-12-13,2012-12-20,2012-12-25,2182.0,1,2182.0
SO50931,5570,169,2012-12-13,2012-12-20,2012-12-25,2182.0,1,2182.0
SO50932,6886,172,2012-12-13,2012-12-20,2012-12-25,1000.0,1,1000.0
SO50932,6886,173,2012-12-13,2012-12-20,2012-12-25,1000.0,1,1000.0
SO50933,8923,129,2012-12-13,2012-12-20,2012-12-25,783.0,1,783.0
SO50933,8923,130,2012-12-13,2012-12-20,2012-12-25,783.0,1,783.0
SO50934,2257,141,2012-12-13,2012-12-20,2012-12-25,2071.0,1,2071.0
SO50934,2257,142,2012-12-13,2012-12-20,2012-12-25,2071.0,1,2071.0
SO50935,4981,109,2012-12-13,2012-12-20,2012-12-25,783.0,1,783.0
SO50935,4981,110,2012-12-13,2012-12-20,2012-12-25,783.0,1,783.0
SO50936,13606,159,2012-12-13,2012-12-20,2012-12-25,2443.0,1,2443.0
SO50937,16509,145,2012-12-14,2012-12-21,2012-12-26,2071.0,1,2071.0
SO50937,16509,146,2012-12-14,2012-12-21,2012-12-26,2071.0,1,2071.0
SO50938,6984,168,2012-12-14,2012-12-21,2012-12-26,2182.0,1,2182.0
SO50938,6984,169,2012-12-14,2012-12-21,2012-12-26,2182.0,1,2182.0
SO50939,6898,178,2012-12-14,2012-12-21,2012-12-26,1000.0,1,1000.0
SO50939,6898,179,2012-12-14,2012-12-21,2012-12-26,1000.0,1,1000.0
SO50940,2409,149,2012-12-14,2012-12-21,2012-12-26,2049.0,1,2049.0
SO50940,2409,150,2012-12-14,2012-12-21,2012-12-26,2049.0,1,2049.0
SO50941,8518,125,2012-12-14,2012-12-21,2012-12-26,783.0,1,783.0
SO50941,8518,126,2012-12-14,2012-12-21,2012-12-26,783.0,1,783.0
SO50942,430,143,2012-12-14,2012-12-21,2012-12-26,2071.0,1,2071.0
SO50942,430,144,2012-12-14,2012-12-21,2012-12-26,2071.0,1,2071.0
SO50943,4785,147,2012-12-14,2012-12-21,2012-12-26,2049.0,1,2049.0
SO50943,4785,148,2012-12-14,2012-12-21,2012-12-26,2049.0,1,2049.0
SO50944,5170,149,2012-12-14,2012-12-21,2012-12-26,2049.0,1,2049.0
SO50944,5170,150,2012-12-14,2012-12-21,2012-12-26,2049.0,1,2049.0
SO50945,13479,160,2012-12-14,2012-12-21,2012-12-26,2182.0,1,2182.0
SO50945,13479,161,2012-12-14,2012-12-21,2012-12-26,2182.0,1,2182.0
SO50946,14244,172,2012-12-14,2012-12-21,2012-12-26,1000.0,1,1000.0
SO50946,14244,173,2012-12-14,2012-12-21,2012-12-26,1000.0,1,1000.0
SO50947,16528,141,2012-12-15,2012-12-22,2012-12-27,2071.0,1,2071.0
SO50947,16528,142,2012-12-15,2012-12-22,2012-12-27,2071.0,1,2071.0
SO50948,8038,159,2012-12-15,2012-12-22,2012-12-27,2443.0,1,2443.0
SO50949,8071,158,2012-12-15,2012-12-22,2012-12-27,2443.0,1,2443.0
SO50950,577,143,2012-12-15,2012-12-22,2012-12-27,2071.0,1,2071.0
SO50950,577,144,2012-12-15,2012-12-22,2012-12-27,2071.0,1,2071.0
SO50951,2558,145,2012-12-15,2012-12-22,2012-12-27,2071.0,1,2071.0
SO50951,2558,146,2012-12-15,2012-12-22,2012-12-27,2071.0,1,2071.0
SO50952,4995,125,2012-12-15,2012-12-22,2012-12-27,783.0,1,783.0
SO50952,4995,126,2012-12-15,2012-12-22,2012-12-27,783.0,1,783.0
SO50953,3465,176,2012-12-15,2012-12-22,2012-12-27,1000.0,1,1000.0
SO50953,3465,177,2012-12-15,2012-12-22,2012-12-27,1000.0,1,1000.0
SO50954,5162,147,2012-12-15,2012-12-22,2012-12-27,2049.0,1,2049.0
SO50954,5162,148,2012-12-15,2012-12-22,2012-12-27,2049.0,1,2049.0
SO50955,16469,143,2012-12-16,2012-12-23,2012-12-28,2071.0,1,2071.0
SO50955,16469,144,2012-12-16,2012-12-23,2012-12-28,2071.0,1,2071.0
SO50956,16555,143,2012-12-16,2012-12-23,2012-12-28,2071.0,1,2071.0
SO50956,16555,144,2012-12-16,2012-12-23,2012-12-28,2071.0,1,2071.0
SO50957,6933,172,2012-12-16,2012-12-23,2012-12-28,1000.0,1,1000.0
SO50957,6933,173,2012-12-16,2012-12-23,2012-12-28,1000.0,1,1000.0
SO50958,5549,164,2012-12-16,2012-12-23,2012-12-28,2182.0,1,2182.0
SO50958,5549,165,2012-12-16,2012-12-23,2012-12-28,2182.0,1,2182.0
SO50959,5561,168,2012-12-16,2012-12-23,2012-12-28,2182.0,1,2182.0
SO50959,5561,169,2012-12-16,2012-12-23,2012-12-28,2182.0,1,2182.0
SO50960,6987,164,2012-12-16,2012-12-23,2012-12-28,2182.0,1,2182.0
SO50960,6987,165,2012-12-16,2012-12-23,2012-12-28,2182.0,1,2182.0
SO50961,5581,157,2012-12-16,2012-12-23,2012-12-28,2443.0,1,2443.0
SO50962,5938,166,2012-12-16,2012-12-23,2012-12-28,2182.0,1,2182.0
SO50962,5938,167,2012-12-16,2012-12-23,2012-12-28,2182.0,1,2182.0
SO50963,2405,151,2012-12-16,2012-12-23,2012-12-28,2049.0,1,2049.0
SO50963,2405,152,2012-12-16,2012-12-23,2012-12-28,2049.0,1,2049.0
SO50964,1859,145,2012-12-16,2012-12-23,2012-12-28,2071.0,1,2071.0
SO50964,1859,146,2012-12-16,2012-12-23,2012-12-28,2071.0,1,2071.0
SO50965,4953,117,2012-12-16,2012-12-23,2012-12-28,783.0,1,783.0
SO50965,4953,118,2012-12-16,2012-12-23,2012-12-28,783.0,1,783.0
SO50966,4955,109,2012-12-16,2012-12-23,2012-12-28,783.0,1,783.0
SO50966,4955,110,2012-12-16,2012-12-23,2012-12-28,783.0,1,783.0
SO50967,4966,109,2012-12-16,2012-12-23,2012-12-28,783.0,1,783.0
SO50967,4966,110,2012-12-16,2012-12-23,2012-12-28,783.0,1,783.0
SO50968,4969,117,2012-12-16,2012-12-23,2012-12-28,783.0,1,783.0
SO50968,4969,118,2012-12-16,2012-12-23,2012-12-28,783.0,1,783.0
SO50969,16461,145,2012-12-17,2012-12-24,2012-12-29,2071.0,1,2071.0
SO50969,16461,146,2012-12-17,2012-12-24,2012-12-29,2071.0,1,2071.0
SO50970,16575,151,2012-12-17,2012-12-24,2012-12-29,2049.0,1,2049.0
SO50970,16575,152,2012-12-17,2012-12-24,2012-12-29,2049.0,1,2049.0
SO50971,10546,125,2012-12-17,2012-12-24,2012-12-29,783.0,1,783.0
SO50971,10546,126,2012-12-17,2012-12-24,2012-12-29,783.0,1,783.0
SO50972,14230,170,2012-12-17,2012-12-24,2012-12-29,1000.0,1,1000.0
SO50972,14230,171,2012-12-17,2012-12-24,2012-12-29,1000.0,1,1000.0
SO50973,16603,129,2012-12-17,2012-12-24,2012-12-29,783.0,1,783.0
SO50973,16603,130,2012-12-17,2012-12-24,2012-12-29,783.0,1,783.0
SO50974,3471,170,2012-12-17,2012-12-24,2012-12-29,1000.0,1,1000.0
SO50974,3471,171,2012-12-17,2012-12-24,2012-12-29,1000.0,1,1000.0
SO50975,4789,145,2012-12-17,2012-12-24,2012-12-29,2071.0,1,2071.0
SO50975,4789,146,2012-12-17,2012-12-24,2012-12-29,2071.0,1,2071.0
SO50976,4794,149,2012-12-17,2012-12-24,2012-12-29,2049.0,1,2049.0
SO50976,4794,150,2012-12-17,2012-12-24,2012-12-29,2049.0,1,2049.0
SO50977,5158,145,2012-12-17,2012-12-24,2012-12-29,2071.0,1,2071.0
SO50977,5158,146,2012-12-17,2012-12-24,2012-12-29,2071.0,1,2071.0
SO50978,13504,158,2012-12-17,2012-12-24,2012-12-29,2443.0,1,2443.0
SO50979,16460,151,2012-12-18,2012-12-25,2012-12-30,2049.0,1,2049.0
SO50979,16460,152,2012-12-18,2012-12-25,2012-12-30,2049.0,1,2049.0
SO50980,16541,143,2012-12-18,2012-12-25,2012-12-30,2071.0,1,2071.0
SO50980,16541,144,2012-12-18,2012-12-25,2012-12-30,2071.0,1,2071.0
SO50981,8032,157,2012-12-18,2012-12-25,2012-12-30,2443.0,1,2443.0
SO50982,8074,159,2012-12-18,2012-12-25,2012-12-30,2443.0,1,2443.0
SO50983,10517,109,2012-12-18,2012-12-25,2012-12-30,783.0,1,783.0
SO50983,10517,110,2012-12-18,2012-12-25,2012-12-30,783.0,1,783.0
SO50984,8903,125,2012-12-18,2012-12-25,2012-12-30,783.0,1,783.0
SO50984,8903,126,2012-12-18,2012-12-25,2012-12-30,783.0,1,783.0
SO50985,3482,170,2012-12-18,2012-12-25,2012-12-30,1000.0,1,1000.0
SO50985,3482,171,2012-12-18,2012-12-25,2012-12-30,1000.0,1,1000.0
SO50986,3486,172,2012-12-18,2012-12-25,2012-12-30,1000.0,1,1000.0
SO50986,3486,173,2012-12-18,2012-12-25,2012-12-30,1000.0,1,1000.0
SO50987,3496,176,2012-12-18,2012-12-25,2012-12-30,1000.0,1,1000.0
SO50987,3496,177,2012-12-18,2012-12-25,2012-12-30,1000.0,1,1000.0
SO50988,5165,151,2012-12-18,2012-12-25,2012-12-30,2049.0,1,2049.0
SO50988,5165,152,2012-12-18,2012-12-25,2012-12-30,2049.0,1,2049.0
SO50989,13483,160,2012-12-18,2012-12-25,2012-12-30,2182.0,1,2182.0
SO50989,13483,161,2012-12-18,2012-12-25,2012-12-30,2182.0,1,2182.0
SO50990,13506,166,2012-12-18,2012-12-25,2012-12-30,2182.0,1,2182.0
SO50990,13506,167,2012-12-18,2012-12-25,2012-12-30,2182.0,1,2182.0
SO50991,13586,166,2012-12-18,2012-12-25,2012-12-30,2182.0,1,2182.0
SO50991,13586,167,2012-12-18,2012-12-25,2012-12-30,2182.0,1,2182.0
SO50992,16472,125,2012-12-18,2012-12-25,2012-12-30,783.0,1,783.0
SO50992,16472,126,2012-12-18,2012-12-25,2012-12-30,783.0,1,783.0
SO50993,16473,127,2012-12-18,2012-12-25,2012-12-30,783.0,1,783.0
SO50993,16473,128,2012-12-18,2012-12-25,2012-12-30,783.0,1,783.0
SO50994,16486,121,2012-12-18,2012-12-25,2012-12-30,783.0,1,783.0
SO50994,16486,122,2012-12-18,2012-12-25,2012-12-30,783.0,1,783.0
SO50995,16524,149,2012-12-19,2012-12-26,2012-12-31,2049.0,1,2049.0
SO50995,16524,150,2012-12-19,2012-12-26,2012-12-31,2049.0,1,2049.0
SO50996,16545,145,2012-12-19,2012-12-26,2012-12-31,2071.0,1,2071.0
SO50996,16545,146,2012-12-19,2012-12-26,2012-12-31,2071.0,1,2071.0
SO50997,6985,158,2012-12-19,2012-12-26,2012-12-31,2443.0,1,2443.0
SO50998,8317,170,2012-12-19,2012-12-26,2012-12-31,1000.0,1,1000.0
SO50998,8317,171,2012-12-19,2012-12-26,2012-12-31,1000.0,1,1000.0
SO50999,8505,117,2012-12-19,2012-12-26,2012-12-31,783.0,1,783.0
SO50999,8505,118,2012-12-19,2012-12-26,2012-12-31,783.0,1,783.0
SO51000,16471,131,2012-12-19,2012-12-26,2012-12-31,783.0,1,783.0
SO51000,16471,132,2012-12-19,2012-12-26,2012-12-31,783.0,1,783.0
SO51001,16468,147,2012-12-20,2012-12-27,2013-01-01,2049.0,1,2049.0
SO51001,16468,148,2012-12-20,2012-12-27,2013-01-01,2049.0,1,2049.0
SO51002,6977,168,2012-12-20,2012-12-27,2013-01-01,2182.0,1,2182.0
SO51002,6977,169,2012-12-20,2012-12-27,2013-01-01,2182.0,1,2182.0
SO51003,7006,160,2012-12-20,2012-12-27,2013-01-01,2182.0,1,2182.0
SO51003,7006,161,2012-12-20,2012-12-27,2013-01-01,2182.0,1,2182.0
SO51004,2979,158,2012-12-20,2012-12-27,2013-01-01,2443.0,1,2443.0
SO51005,4991,129,2012-12-20,2012-12-27,2013-01-01,783.0,1,783.0
SO51005,4991,130,2012-12-20,2012-12-27,2013-01-01,783.0,1,783.0
SO51006,3462,178,2012-12-20,2012-12-27,2013-01-01,1000.0,1,1000.0
SO51006,3462,179,2012-12-20,2012-12-27,2013-01-01,1000.0,1,1000.0
SO51007,14235,176,2012-12-20,2012-12-27,2013-01-01,1000.0,1,1000.0
SO51007,14235,177,2012-12-20,2012-12-27,2013-01-01,1000.0,1,1000.0
SO51008,4831,145,2012-12-20,2012-12-27,2013-01-01,2071.0,1,2071.0
SO51008,4831,146,2012-12-20,2012-12-27,2013-01-01,2071.0,1,2071.0
SO51009,5030,143,2012-12-20,2012-12-27,2013-01-01,2071.0,1,2071.0
SO51009,5030,144,2012-12-20,2012-12-27,2013-01-01,2071.0,1,2071.0
SO51010,16547,147,2012-12-21,2012-12-28,2013-01-02,2049.0,1,2049.0
SO51010,16547,148,2012-12-21,2012-12-28,2013-01-02,2049.0,1,2049.0
SO51011,5552,158,2012-12-21,2012-12-28,2013-01-02,2443.0,1,2443.0
SO51012,1847,143,2012-12-21,2012-12-28,2013-01-02,2071.0,1,2071.0
SO51012,1847,144,2012-12-21,2012-12-28,2013-01-02,2071.0,1,2071.0
SO51013,578,147,2012-12-21,2012-12-28,2013-01-02,2049.0,1,2049.0
SO51013,578,148,2012-12-21,2012-12-28,2013-01-02,2049.0,1,2049.0
SO51014,584,141,2012-12-21,2012-12-28,2013-01-02,2071.0,1,2071.0
SO51014,584,142,2012-12-21,2012-12-28,2013-01-02,2071.0,1,2071.0
SO51015,6892,174,2012-12-21,2012-12-28,2013-01-02,1000.0,1,1000.0
SO51015,6892,175,2012-12-21,2012-12-28,2013-01-02,1000.0,1,1000.0
SO51016,8900,119,2012-12-21,2012-12-28,2013-01-02,783.0,1,783.0
SO51016,8900,120,2012-12-21,2012-12-28,2013-01-02,783.0,1,783.0
SO51017,4988,117,2012-12-21,2012-12-28,2013-01-02,783.0,1,783.0
SO51017,4988,118,2012-12-21,2012-12-28,2013-01-02,783.0,1,783.0
SO51018,4752,141,2012-12-21,2012-12-28,2013-01-02,2071.0,1,2071.0
SO51018,4752,142,2012-12-21,2012-12-28,2013-01-02,2071.0,1,2071.0
SO51019,4768,151,2012-12-21,2012-12-28,2013-01-02,2049.0,1,2049.0
SO51019,4768,152,2012-12-21,2012-12-28,2013-01-02,2049.0,1,2049.0
SO51020,5160,143,2012-12-21,2012-12-28,2013-01-02,2071.0,1,2071.0
SO51020,5160,144,2012-12-21,2012-12-28,2013-01-02,2071.0,1,2071.0
SO51021,5533,158,2012-12-22,2012-12-29,2013-01-03,2443.0,1,2443.0
SO51022,484,145,2012-12-22,2012-12-29,2013-01-03,2071.0,1,2071.0
SO51022,484,146,2012-12-22,2012-12-29,2013-01-03,2071.0,1,2071.0
SO51023,2518,149,2012-12-22,2012-12-29,2013-01-03,2049.0,1,2049.0
SO51023,2518,150,2012-12-22,2012-12-29,2013-01-03,2049.0,1,2049.0
SO51024,10030,111,2012-12-22,2012-12-29,2013-01-03,783.0,1,783.0
SO51024,10030,112,2012-12-22,2012-12-29,2013-01-03,783.0,1,783.0
SO51025,14227,170,2012-12-22,2012-12-29,2013-01-03,1000.0,1,1000.0
SO51025,14227,171,2012-12-22,2012-12-29,2013-01-03,1000.0,1,1000.0
SO51026,14229,178,2012-12-22,2012-12-29,2013-01-03,1000.0,1,1000.0
SO51026,14229,179,2012-12-22,2012-12-29,2013-01-03,1000.0,1,1000.0
SO51027,4766,147,2012-12-22,2012-12-29,2013-01-03,2049.0,1,2049.0
SO51027,4766,148,2012-12-22,2012-12-29,2013-01-03,2049.0,1,2049.0
SO51028,13588,162,2012-12-22,2012-12-29,2013-01-03,2182.0,1,2182.0
SO51028,13588,163,2012-12-22,2012-12-29,2013-01-03,2182.0,1,2182.0
SO51029,13476,166,2012-12-22,2012-12-29,2013-01-03,2182.0,1,2182.0
SO51029,13476,167,2012-12-22,2012-12-29,2013-01-03,2182.0,1,2182.0
SO51030,16525,151,2012-12-23,2012-12-30,2013-01-04,2049.0,1,2049.0
SO51030,16525,152,2012-12-23,2012-12-30,2013-01-04,2049.0,1,2049.0
SO51031,2563,149,2012-12-23,2012-12-30,2013-01-04,2049.0,1,2049.0
SO51031,2563,150,2012-12-23,2012-12-30,2013-01-04,2049.0,1,2049.0
SO51032,4950,117,2012-12-23,2012-12-30,2013-01-04,783.0,1,783.0
SO51032,4950,118,2012-12-23,2012-12-30,2013-01-04,783.0,1,783.0
SO51033,5340,147,2012-12-23,2012-12-30,2013-01-04,2049.0,1,2049.0
SO51033,5340,148,2012-12-23,2012-12-30,2013-01-04,2049.0,1,2049.0
SO51034,13486,162,2012-12-23,2012-12-30,2013-01-04,2182.0,1,2182.0
SO51034,13486,163,2012-12-23,2012-12-30,2013-01-04,2182.0,1,2182.0
SO51035,16487,129,2012-12-23,2012-12-30,2013-01-04,783.0,1,783.0
SO51035,16487,130,2012-12-23,2012-12-30,2013-01-04,783.0,1,783.0
SO51036,14241,172,2012-12-23,2012-12-30,2013-01-04,1000.0,1,1000.0
SO51036,14241,173,2012-12-23,2012-12-30,2013-01-04,1000.0,1,1000.0
SO51037,10669,111,2012-12-23,2012-12-30,2013-01-04,783.0,1,783.0
SO51037,10669,112,2012-12-23,2012-12-30,2013-01-04,783.0,1,783.0
SO51038,16560,151,2012-12-24,2012-12-31,2013-01-05,2049.0,1,2049.0
SO51038,16560,152,2012-12-24,2012-12-31,2013-01-05,2049.0,1,2049.0
SO51039,6953,162,2012-12-24,2012-12-31,2013-01-05,2182.0,1,2182.0
SO51039,6953,163,2012-12-24,2012-12-31,2013-01-05,2182.0,1,2182.0
SO51040,8037,157,2012-12-24,2012-12-31,2013-01-05,2443.0,1,2443.0
SO51041,5560,162,2012-12-24,2012-12-31,2013-01-05,2182.0,1,2182.0
SO51041,5560,163,2012-12-24,2012-12-31,2013-01-05,2182.0,1,2182.0
SO51042,5567,160,2012-12-24,2012-12-31,2013-01-05,2182.0,1,2182.0
SO51042,5567,161,2012-12-24,2012-12-31,2013-01-05,2182.0,1,2182.0
SO51043,8050,158,2012-12-24,2012-12-31,2013-01-05,2443.0,1,2443.0
SO51044,6986,157,2012-12-24,2012-12-31,2013-01-05,2443.0,1,2443.0
SO51045,1834,151,2012-12-24,2012-12-31,2013-01-05,2049.0,1,2049.0
SO51045,1834,152,2012-12-24,2012-12-31,2013-01-05,2049.0,1,2049.0
SO51046,2977,160,2012-12-24,2012-12-31,2013-01-05,2182.0,1,2182.0
SO51046,2977,161,2012-12-24,2012-12-31,2013-01-05,2182.0,1,2182.0
SO51047,4756,147,2012-12-24,2012-12-31,2013-01-05,2049.0,1,2049.0
SO51047,4756,148,2012-12-24,2012-12-31,2013-01-05,2049.0,1,2049.0
SO51048,4758,143,2012-12-24,2012-12-31,2013-01-05,2071.0,1,2071.0
SO51048,4758,144,2012-12-24,2012-12-31,2013-01-05,2071.0,1,2071.0
SO51049,4803,151,2012-12-24,2012-12-31,2013-01-05,2049.0,1,2049.0
SO51049,4803,152,2012-12-24,2012-12-31,2013-01-05,2049.0,1,2049.0
SO51050,4833,145,2012-12-24,2012-12-31,2013-01-05,2071.0,1,2071.0
SO51050,4833,146,2012-12-24,2012-12-31,2013-01-05,2071.0,1,2071.0
SO51051,16569,145,2012-12-25,2013-01-01,2013-01-06,2071.0,1,2071.0
SO51051,16569,146,2012-12-25,2013-01-01,2013-01-06,2071.0,1,2071.0
SO51052,6999,157,2012-12-25,2013-01-01,2013-01-06,2443.0,1,2443.0
SO51053,481,141,2012-12-25,2013-01-01,2013-01-06,2071.0,1,2071.0
SO51053,481,142,2012-12-25,2013-01-01,2013-01-06,2071.0,1,2071.0
SO51054,548,143,2012-12-25,2013-01-01,2013-01-06,2071.0,1,2071.0
SO51054,548,144,2012-12-25,2013-01-01,2013-01-06,2071.0,1,2071.0
SO51055,8944,129,2012-12-25,2013-01-01,2013-01-06,783.0,1,783.0
SO51055,8944,130,2012-12-25,2013-01-01,2013-01-06,783.0,1,783.0
SO51056,2950,164,2012-12-25,2013-01-01,2013-01-06,2182.0,1,2182.0
SO51056,2950,165,2012-12-25,2013-01-01,2013-01-06,2182.0,1,2182.0
SO51057,4986,117,2012-12-25,2013-01-01,2013-01-06,783.0,1,783.0
SO51057,4986,118,2012-12-25,2013-01-01,2013-01-06,783.0,1,783.0
SO51058,3473,174,2012-12-25,2013-01-01,2013-01-06,1000.0,1,1000.0
SO51058,3473,175,2012-12-25,2013-01-01,2013-01-06,1000.0,1,1000.0
SO51059,4735,141,2012-12-25,2013-01-01,2013-01-06,2071.0,1,2071.0
SO51059,4735,142,2012-12-25,2013-01-01,2013-01-06,2071.0,1,2071.0
SO51060,4757,141,2012-12-25,2013-01-01,2013-01-06,2071.0,1,2071.0
SO51060,4757,142,2012-12-25,2013-01-01,2013-01-06,2071.0,1,2071.0
SO51061,13605,159,2012-12-25,2013-01-01,2013-01-06,2443.0,1,2443.0
SO51062,16495,129,2012-12-25,2013-01-01,2013-01-06,783.0,1,783.0
SO51062,16495,130,2012-12-25,2013-01-01,2013-01-06,783.0,1,783.0
SO51063,16501,115,2012-12-25,2013-01-01,2013-01-06,783.0,1,783.0
SO51063,16501,116,2012-12-25,2013-01-01,2013-01-06,783.0,1,783.0
SO51064,16522,147,2012-12-26,2013-01-02,2013-01-07,2049.0,1,2049.0
SO51064,16522,148,2012-12-26,2013-01-02,2013-01-07,2049.0,1,2049.0
SO51065,16540,149,2012-12-26,2013-01-02,2013-01-07,2049.0,1,2049.0
SO51065,16540,150,2012-12-26,2013-01-02,2013-01-07,2049.0,1,2049.0
SO51066,16557,147,2012-12-26,2013-01-02,2013-01-07,2049.0,1,2049.0
SO51066,16557,148,2012-12-26,2013-01-02,2013-01-07,2049.0,1,2049.0
SO51067,4993,127,2012-12-26,2013-01-02,2013-01-07,783.0,1,783.0
SO51067,4993,128,2012-12-26,2013-01-02,2013-01-07,783.0,1,783.0
SO51068,4802,149,2012-12-26,2013-01-02,2013-01-07,2049.0,1,2049.0
SO51068,4802,150,2012-12-26,2013-01-02,2013-01-07,2049.0,1,2049.0
SO51069,5181,147,2012-12-26,2013-01-02,2013-01-07,2049.0,1,2049.0
SO51069,5181,148,2012-12-26,2013-01-02,2013-01-07,2049.0,1,2049.0
SO51070,13478,162,2012-12-26,2013-01-02,2013-01-07,2182.0,1,2182.0
SO51070,13478,163,2012-12-26,2013-01-02,2013-01-07,2182.0,1,2182.0
SO51071,10656,149,2012-12-27,2013-01-03,2013-01-08,2049.0,1,2049.0
SO51071,10656,150,2012-12-27,2013-01-03,2013-01-08,2049.0,1,2049.0
SO51072,16572,141,2012-12-27,2013-01-03,2013-01-08,2071.0,1,2071.0
SO51072,16572,142,2012-12-27,2013-01-03,2013-01-08,2071.0,1,2071.0
SO51073,8059,160,2012-12-27,2013-01-03,2013-01-08,2182.0,1,2182.0
SO51073,8059,161,2012-12-27,2013-01-03,2013-01-08,2182.0,1,2182.0
SO51074,2408,151,2012-12-27,2013-01-03,2013-01-08,2049.0,1,2049.0
SO51074,2408,152,2012-12-27,2013-01-03,2013-01-08,2049.0,1,2049.0
SO51075,1851,143,2012-12-27,2013-01-03,2013-01-08,2071.0,1,2071.0
SO51075,1851,144,2012-12-27,2013-01-03,2013-01-08,2071.0,1,2071.0
SO51076,4960,117,2012-12-27,2013-01-03,2013-01-08,783.0,1,783.0
SO51076,4960,118,2012-12-27,2013-01-03,2013-01-08,783.0,1,783.0
SO51077,4730,143,2012-12-27,2013-01-03,2013-01-08,2071.0,1,2071.0
SO51077,4730,144,2012-12-27,2013-01-03,2013-01-08,2071.0,1,2071.0
SO51078,4787,147,2012-12-27,2013-01-03,2013-01-08,2049.0,1,2049.0
SO51078,4787,148,2012-12-27,2013-01-03,2013-01-08,2049.0,1,2049.0
SO51079,5157,149,2012-12-27,2013-01-03,2013-01-08,2049.0,1,2049.0
SO51079,5157,150,2012-12-27,2013-01-03,2013-01-08,2049.0,1,2049.0
SO51080,13603,162,2012-12-27,2013-01-03,2013-01-08,2182.0,1,2182.0
SO51080,13603,163,2012-12-27,2013-01-03,2013-01-08,2182.0,1,2182.0
SO51176,7240,168,2012-12-28,2013-01-04,2013-01-09,2443.0,1,2443.0
SO51176,7240,169,2012-12-28,2013-01-04,2013-01-09,2443.0,1,2443.0
SO51177,16874,366,2012-12-28,2013-01-04,2013-01-09,1215.0,1,1215.0
SO51178,246,141,2012-12-28,2013-01-04,2013-01-09,2320.0,1,2320.0
SO51178,246,142,2012-12-28,2013-01-04,2013-01-09,2320.0,1,2320.0
SO51179,11431,166,2012-12-28,2013-01-04,2013-01-09,2443.0,1,2443.0
SO51179,11431,167,2012-12-28,2013-01-04,2013-01-09,2443.0,1,2443.0
SO51180,5314,162,2012-12-28,2013-01-04,2013-01-09,2443.0,1,2443.0
SO51180,5314,163,2012-12-28,2013-01-04,2013-01-09,2443.0,1,2443.0
SO51181,1133,160,2012-12-28,2013-01-04,2013-01-09,2443.0,1,2443.0
SO51181,1133,161,2012-12-28,2013-01-04,2013-01-09,2443.0,1,2443.0
SO51182,11999,370,2012-12-28,2013-01-04,2013-01-09,1701.0,1,1701.0
SO51183,9663,370,2012-12-28,2013-01-04,2013-01-09,1701.0,1,1701.0
SO51184,264,141,2012-12-28,2013-01-04,2013-01-09,2320.0,1,2320.0
SO51184,264,142,2012-12-28,2013-01-04,2013-01-09,2320.0,1,2320.0
SO51185,16768,360,2012-12-28,2013-01-04,2013-01-09,742.0,1,742.0
SO51186,13340,362,2012-12-28,2013-01-04,2013-01-09,2384.0,1,2384.0
SO51187,11262,395,2012-12-28,2013-01-04,2013-01-09,540.0,1,540.0
SO51188,1658,395,2012-12-28,2013-01-04,2013-01-09,540.0,1,540.0
SO51189,5689,164,2012-12-29,2013-01-05,2013-01-10,2443.0,1,2443.0
SO51189,5689,165,2012-12-29,2013-01-05,2013-01-10,2443.0,1,2443.0
SO51190,9825,369,2012-12-29,2013-01-05,2013-01-10,1701.0,1,1701.0
SO51191,1391,151,2012-12-29,2013-01-05,2013-01-10,2295.0,1,2295.0
SO51191,1391,152,2012-12-29,2013-01-05,2013-01-10,2295.0,1,2295.0
SO51192,242,151,2012-12-29,2013-01-05,2013-01-10,2295.0,1,2295.0
SO51192,242,152,2012-12-29,2013-01-05,2013-01-10,2295.0,1,2295.0
SO51193,21,151,2012-12-29,2013-01-05,2013-01-10,2295.0,1,2295.0
SO51193,21,152,2012-12-29,2013-01-05,2013-01-10,2295.0,1,2295.0
SO51194,90,151,2012-12-29,2013-01-05,2013-01-10,2295.0,1,2295.0
SO51194,90,152,2012-12-29,2013-01-05,2013-01-10,2295.0,1,2295.0
SO51195,3067,377,2012-12-29,2013-01-05,2013-01-10,769.0,1,769.0
SO51196,7907,393,2012-12-29,2013-01-05,2013-01-10,540.0,1,540.0
SO51197,449,151,2012-12-29,2013-01-05,2013-01-10,2295.0,1,2295.0
SO51197,449,152,2012-12-29,2013-01-05,2013-01-10,2295.0,1,2295.0
SO51198,7,145,2012-12-29,2013-01-05,2013-01-10,2320.0,1,2320.0
SO51198,7,146,2012-12-29,2013-01-05,2013-01-10,2320.0,1,2320.0
SO51199,10441,395,2012-12-29,2013-01-05,2013-01-10,540.0,1,540.0
SO51200,11688,178,2012-12-29,2013-01-05,2013-01-10,1120.0,1,1120.0
SO51200,11688,179,2012-12-29,2013-01-05,2013-01-10,1120.0,1,1120.0
SO51201,16821,362,2012-12-29,2013-01-05,2013-01-10,2384.0,1,2384.0
SO51202,15865,367,2012-12-29,2013-01-05,2013-01-10,1215.0,1,1215.0
SO51203,7209,160,2012-12-30,2013-01-06,2013-01-11,2443.0,1,2443.0
SO51203,7209,161,2012-12-30,2013-01-06,2013-01-11,2443.0,1,2443.0
SO51204,2520,162,2012-12-30,2013-01-06,2013-01-11,2443.0,1,2443.0
SO51204,2520,163,2012-12-30,2013-01-06,2013-01-11,2443.0,1,2443.0
SO51205,241,143,2012-12-30,2013-01-06,2013-01-11,2320.0,1,2320.0
SO51205,241,144,2012-12-30,2013-01-06,2013-01-11,2320.0,1,2320.0
SO51206,401,149,2012-12-30,2013-01-06,2013-01-11,2295.0,1,2295.0
SO51206,401,150,2012-12-30,2013-01-06,2013-01-11,2295.0,1,2295.0
SO51207,339,145,2012-12-30,2013-01-06,2013-01-11,2320.0,1,2320.0
SO51207,339,146,2012-12-30,2013-01-06,2013-01-11,2320.0,1,2320.0
SO51208,12235,160,2012-12-30,2013-01-06,2013-01-11,2443.0,1,2443.0
SO51208,12235,161,2012-12-30,2013-01-06,2013-01-11,2443.0,1,2443.0
SO51209,2060,382,2012-12-30,2013-01-06,2013-01-11,565.0,1,565.0
SO51210,262,149,2012-12-30,2013-01-06,2013-01-11,2295.0,1,2295.0
SO51210,262,150,2012-12-30,2013-01-06,2013-01-11,2295.0,1,2295.0
SO51211,2842,354,2012-12-30,2013-01-06,2013-01-11,742.0,1,742.0
SO51212,13605,172,2012-12-30,2013-01-06,2013-01-11,1120.0,1,1120.0
SO51212,13605,173,2012-12-30,2013-01-06,2013-01-11,1120.0,1,1120.0
SO51213,17203,365,2012-12-30,2013-01-06,2013-01-11,2384.0,1,2384.0
SO51214,8766,373,2012-12-30,2013-01-06,2013-01-11,540.0,1,540.0
SO51215,109,149,2012-12-30,2013-01-06,2013-01-11,2295.0,1,2295.0
SO51215,109,150,2012-12-30,2013-01-06,2013-01-11,2295.0,1,2295.0
SO51216,118,143,2012-12-30,2013-01-06,2013-01-11,2320.0,1,2320.0
SO51216,118,144,2012-12-30,2013-01-06,2013-01-11,2320.0,1,2320.0
SO51217,450,141,2012-12-30,2013-01-06,2013-01-11,2320.0,1,2320.0
SO51217,450,142,2012-12-30,2013-01-06,2013-01-11,2320.0,1,2320.0
SO51218,944,385,2012-12-30,2013-01-06,2013-01-11,540.0,1,540.0
SO51219,14087,349,2012-12-30,2013-01-06,2013-01-11,1215.0,1,1215.0
SO51220,10576,393,2012-12-30,2013-01-06,2013-01-11,540.0,1,540.0
SO51221,1131,178,2012-12-30,2013-01-06,2013-01-11,1120.0,1,1120.0
SO51221,1131,179,2012-12-30,2013-01-06,2013-01-11,1120.0,1,1120.0
SO51222,14642,394,2012-12-30,2013-01-06,2013-01-11,540.0,1,540.0
SO51223,15827,366,2012-12-30,2013-01-06,2013-01-11,1215.0,1,1215.0
SO51224,346,141,2012-12-31,2013-01-07,2013-01-12,2320.0,1,2320.0
SO51224,346,142,2012-12-31,2013-01-07,2013-01-12,2320.0,1,2320.0
SO51225,9983,370,2012-12-31,2013-01-07,2013-01-12,1701.0,1,1701.0
SO51226,11823,168,2012-12-31,2013-01-07,2013-01-12,2443.0,1,2443.0
SO51226,11823,169,2012-12-31,2013-01-07,2013-01-12,2443.0,1,2443.0
SO51227,14794,166,2012-12-31,2013-01-07,2013-01-12,2443.0,1,2443.0
SO51227,14794,167,2012-12-31,2013-01-07,2013-01-12,2443.0,1,2443.0
SO51228,403,143,2012-12-31,2013-01-07,2013-01-12,2320.0,1,2320.0
SO51228,403,144,2012-12-31,2013-01-07,2013-01-12,2320.0,1,2320.0
SO51229,9039,166,2012-12-31,2013-01-07,2013-01-12,2443.0,1,2443.0
SO51229,9039,167,2012-12-31,2013-01-07,2013-01-12,2443.0,1,2443.0
SO51230,293,147,2012-12-31,2013-01-07,2013-01-12,2295.0,1,2295.0
SO51230,293,148,2012-12-31,2013-01-07,2013-01-12,2295.0,1,2295.0
SO51231,258,151,2012-12-31,2013-01-07,2013-01-12,2295.0,1,2295.0
SO51231,258,152,2012-12-31,2013-01-07,2013-01-12,2295.0,1,2295.0
SO51232,616,360,2012-12-31,2013-01-07,2013-01-12,742.0,1,742.0
SO51233,7468,372,2012-12-31,2013-01-07,2013-01-12,1701.0,1,1701.0
SO51234,17205,351,2012-12-31,2013-01-07,2013-01-12,2384.0,1,2384.0
SO51235,106,149,2012-12-31,2013-01-07,2013-01-12,2295.0,1,2295.0
SO51235,106,150,2012-12-31,2013-01-07,2013-01-12,2295.0,1,2295.0
SO51236,107,147,2012-12-31,2013-01-07,2013-01-12,2295.0,1,2295.0
SO51236,107,148,2012-12-31,2013-01-07,2013-01-12,2295.0,1,2295.0
SO51237,62,145,2012-12-31,2013-01-07,2013-01-12,2320.0,1,2320.0
SO51237,62,146,2012-12-31,2013-01-07,2013-01-12,2320.0,1,2320.0
SO51238,3,147,2012-12-31,2013-01-07,2013-01-12,2295.0,1,2295.0
SO51238,3,148,2012-12-31,2013-01-07,2013-01-12,2295.0,1,2295.0
SO51239,77,141,2012-12-31,2013-01-07,2013-01-12,2320.0,1,2320.0
SO51239,77,142,2012-12-31,2013-01-07,2013-01-12,2320.0,1,2320.0
SO51240,12860,373,2012-12-31,2013-01-07,2013-01-12,540.0,1,540.0
SO51241,10601,395,2012-12-31,2013-01-07,2013-01-12,540.0,1,540.0
SO51242,8226,176,2012-12-31,2013-01-07,2013-01-12,1120.0,1,1120.0
SO51242,8226,177,2012-12-31,2013-01-07,2013-01-12,1120.0,1,1120.0
SO51243,14610,394,2012-12-31,2013-01-07,2013-01-12,540.0,1,540.0
SO51244,18356,393,2012-12-31,2013-01-07,2013-01-12,540.0,1,540.0
SO51245,1125,351,2012-12-31,2013-01-07,2013-01-12,2384.0,1,2384.0
SO51246,14626,363,2012-12-31,2013-01-07,2013-01-12,2384.0,1,2384.0
SO51247,250,149,2013-01-01,2013-01-08,2013-01-13,2295.0,1,2295.0
SO51247,250,150,2013-01-01,2013-01-08,2013-01-13,2295.0,1,2295.0
SO51248,1308,166,2013-01-01,2013-01-08,2013-01-13,2443.0,1,2443.0
SO51248,1308,167,2013-01-01,2013-01-08,2013-01-13,2443.0,1,2443.0
SO51249,335,141,2013-01-01,2013-01-08,2013-01-13,2320.0,1,2320.0
SO51249,335,142,2013-01-01,2013-01-08,2013-01-13,2320.0,1,2320.0
SO51250,8361,164,2013-01-01,2013-01-08,2013-01-13,2443.0,1,2443.0
SO51250,8361,165,2013-01-01,2013-01-08,2013-01-13,2443.0,1,2443.0
SO51251,434,162,2013-01-01,2013-01-08,2013-01-13,2443.0,1,2443.0
SO51251,434,163,2013-01-01,2013-01-08,2013-01-13,2443.0,1,2443.0
SO51252,4552,381,2013-01-01,2013-01-08,2013-01-13,565.0,1,565.0
SO51253,11786,166,2013-01-01,2013-01-08,2013-01-13,2443.0,1,2443.0
SO51253,11786,167,2013-01-01,2013-01-08,2013-01-13,2443.0,1,2443.0
SO51254,9181,160,2013-01-01,2013-01-08,2013-01-13,2443.0,1,2443.0
SO51254,9181,161,2013-01-01,2013-01-08,2013-01-13,2443.0,1,2443.0
SO51255,12106,174,2013-01-01,2013-01-08,2013-01-13,1120.0,1,1120.0
SO51255,12106,175,2013-01-01,2013-01-08,2013-01-13,1120.0,1,1120.0
SO51256,18,151,2013-01-01,2013-01-08,2013-01-13,2295.0,1,2295.0
SO51256,18,152,2013-01-01,2013-01-08,2013-01-13,2295.0,1,2295.0
SO51257,8168,170,2013-01-01,2013-01-08,2013-01-13,1120.0,1,1120.0
SO51257,8168,171,2013-01-01,2013-01-08,2013-01-13,1120.0,1,1120.0
SO51258,7545,174,2013-01-01,2013-01-08,2013-01-13,1120.0,1,1120.0
SO51258,7545,175,2013-01-01,2013-01-08,2013-01-13,1120.0,1,1120.0
SO51259,434,362,2013-01-01,2013-01-08,2013-01-13,2384.0,1,2384.0
SO51260,14619,364,2013-01-01,2013-01-08,2013-01-13,2384.0,1,2384.0
SO51261,1272,367,2013-01-01,2013-01-08,2013-01-13,1215.0,1,1215.0
SO51262,341,147,2013-01-02,2013-01-09,2013-01-14,2295.0,1,2295.0
SO51262,341,148,2013-01-02,2013-01-09,2013-01-14,2295.0,1,2295.0
SO51263,10535,377,2013-01-02,2013-01-09,2013-01-14,769.0,1,769.0
SO51264,283,149,2013-01-02,2013-01-09,2013-01-14,2295.0,1,2295.0
SO51264,283,150,2013-01-02,2013-01-09,2013-01-14,2295.0,1,2295.0
SO51265,265,151,2013-01-02,2013-01-09,2013-01-14,2295.0,1,2295.0
SO51265,265,152,2013-01-02,2013-01-09,2013-01-14,2295.0,1,2295.0
SO51266,17137,353,2013-01-02,2013-01-09,2013-01-14,2384.0,1,2384.0
SO51267,457,151,2013-01-02,2013-01-09,2013-01-14,2295.0,1,2295.0
SO51267,457,152,2013-01-02,2013-01-09,2013-01-14,2295.0,1,2295.0
SO51268,7213,164,2013-01-03,2013-01-10,2013-01-15,2443.0,1,2443.0
SO51268,7213,165,2013-01-03,2013-01-10,2013-01-15,2443.0,1,2443.0
SO51269,5694,162,2013-01-03,2013-01-10,2013-01-15,2443.0,1,2443.0
SO51269,5694,163,2013-01-03,2013-01-10,2013-01-15,2443.0,1,2443.0
SO51270,342,147,2013-01-03,2013-01-10,2013-01-15,2295.0,1,2295.0
SO51270,342,148,2013-01-03,2013-01-10,2013-01-15,2295.0,1,2295.0
SO51271,5945,371,2013-01-03,2013-01-10,2013-01-15,1701.0,1,1701.0
SO51272,8419,160,2013-01-03,2013-01-10,2013-01-15,2443.0,1,2443.0
SO51272,8419,161,2013-01-03,2013-01-10,2013-01-15,2443.0,1,2443.0
SO51273,8342,166,2013-01-03,2013-01-10,2013-01-15,2443.0,1,2443.0
SO51273,8342,167,2013-01-03,2013-01-10,2013-01-15,2443.0,1,2443.0
SO51274,14780,160,2013-01-03,2013-01-10,2013-01-15,2443.0,1,2443.0
SO51274,14780,161,2013-01-03,2013-01-10,2013-01-15,2443.0,1,2443.0
SO51275,266,147,2013-01-03,2013-01-10,2013-01-15,2295.0,1,2295.0
SO51275,266,148,2013-01-03,2013-01-10,2013-01-15,2295.0,1,2295.0
SO51276,137,147,2013-01-03,2013-01-10,2013-01-15,2295.0,1,2295.0
SO51276,137,148,2013-01-03,2013-01-10,2013-01-15,2295.0,1,2295.0
SO51277,279,151,2013-01-03,2013-01-10,2013-01-15,2295.0,1,2295.0
SO51277,279,152,2013-01-03,2013-01-10,2013-01-15,2295.0,1,2295.0
SO51278,16767,354,2013-01-03,2013-01-10,2013-01-15,742.0,1,742.0
SO51279,9717,358,2013-01-03,2013-01-10,2013-01-15,742.0,1,742.0
SO51280,7469,371,2013-01-03,2013-01-10,2013-01-15,1701.0,1,1701.0
SO51281,7698,370,2013-01-03,2013-01-10,2013-01-15,1701.0,1,1701.0
SO51282,9,149,2013-01-03,2013-01-10,2013-01-15,2295.0,1,2295.0
SO51282,9,150,2013-01-03,2013-01-10,2013-01-15,2295.0,1,2295.0
SO51283,13387,393,2013-01-03,2013-01-10,2013-01-15,540.0,1,540.0
SO51284,11668,174,2013-01-03,2013-01-10,2013-01-15,1120.0,1,1120.0
SO51284,11668,175,2013-01-03,2013-01-10,2013-01-15,1120.0,1,1120.0
SO51285,1398,141,2013-01-04,2013-01-11,2013-01-16,2320.0,1,2320.0
SO51285,1398,142,2013-01-04,2013-01-11,2013-01-16,2320.0,1,2320.0
SO51286,5312,377,2013-01-04,2013-01-11,2013-01-16,769.0,1,769.0
SO51287,13884,162,2013-01-04,2013-01-11,2013-01-16,2443.0,1,2443.0
SO51287,13884,163,2013-01-04,2013-01-11,2013-01-16,2443.0,1,2443.0
SO51288,336,145,2013-01-04,2013-01-11,2013-01-16,2320.0,1,2320.0
SO51288,336,146,2013-01-04,2013-01-11,2013-01-16,2320.0,1,2320.0
SO51289,85,145,2013-01-04,2013-01-11,2013-01-16,2320.0,1,2320.0
SO51289,85,146,2013-01-04,2013-01-11,2013-01-16,2320.0,1,2320.0
SO51290,446,147,2013-01-04,2013-01-11,2013-01-16,2295.0,1,2295.0
SO51290,446,148,2013-01-04,2013-01-11,2013-01-16,2295.0,1,2295.0
SO51291,448,151,2013-01-04,2013-01-11,2013-01-16,2295.0,1,2295.0
SO51291,448,152,2013-01-04,2013-01-11,2013-01-16,2295.0,1,2295.0
SO51292,59,143,2013-01-04,2013-01-11,2013-01-16,2320.0,1,2320.0
SO51292,59,144,2013-01-04,2013-01-11,2013-01-16,2320.0,1,2320.0
SO51293,61,141,2013-01-04,2013-01-11,2013-01-16,2320.0,1,2320.0
SO51293,61,142,2013-01-04,2013-01-11,2013-01-16,2320.0,1,2320.0
SO51294,6513,380,2013-01-04,2013-01-11,2013-01-16,565.0,1,565.0
SO51295,13426,362,2013-01-04,2013-01-11,2013-01-16,2384.0,1,2384.0
SO51296,8418,170,2013-01-04,2013-01-11,2013-01-16,1120.0,1,1120.0
SO51296,8418,171,2013-01-04,2013-01-11,2013-01-16,1120.0,1,1120.0
SO51297,18357,395,2013-01-04,2013-01-11,2013-01-16,540.0,1,540.0
SO51298,16950,394,2013-01-04,2013-01-11,2013-01-16,540.0,1,540.0
SO51299,3776,363,2013-01-04,2013-01-11,2013-01-16,2384.0,1,2384.0
SO51300,5703,164,2013-01-05,2013-01-12,2013-01-17,2443.0,1,2443.0
SO51300,5703,165,2013-01-05,2013-01-12,2013-01-17,2443.0,1,2443.0
SO51301,3051,367,2013-01-05,2013-01-12,2013-01-17,1215.0,1,1215.0
SO51302,5570,369,2013-01-05,2013-01-12,2013-01-17,1701.0,1,1701.0
SO51303,2775,376,2013-01-05,2013-01-12,2013-01-17,769.0,1,769.0
SO51304,6645,381,2013-01-05,2013-01-12,2013-01-17,565.0,1,565.0
SO51305,243,141,2013-01-05,2013-01-12,2013-01-17,2320.0,1,2320.0
SO51305,243,142,2013-01-05,2013-01-12,2013-01-17,2320.0,1,2320.0
SO51306,334,143,2013-01-05,2013-01-12,2013-01-17,2320.0,1,2320.0
SO51306,334,144,2013-01-05,2013-01-12,2013-01-17,2320.0,1,2320.0
SO51307,337,143,2013-01-05,2013-01-12,2013-01-17,2320.0,1,2320.0
SO51307,337,144,2013-01-05,2013-01-12,2013-01-17,2320.0,1,2320.0
SO51308,7959,387,2013-01-05,2013-01-12,2013-01-17,540.0,1,540.0
SO51309,4554,388,2013-01-05,2013-01-12,2013-01-17,540.0,1,540.0
SO51310,329,141,2013-01-05,2013-01-12,2013-01-17,2320.0,1,2320.0
SO51310,329,142,2013-01-05,2013-01-12,2013-01-17,2320.0,1,2320.0
SO51311,11941,369,2013-01-05,2013-01-12,2013-01-17,1701.0,1,1701.0
SO51312,17208,363,2013-01-05,2013-01-12,2013-01-17,2384.0,1,2384.0
SO51313,17204,353,2013-01-05,2013-01-12,2013-01-17,2384.0,1,2384.0
SO51314,15667,394,2013-01-05,2013-01-12,2013-01-17,540.0,1,540.0
SO51315,4,149,2013-01-05,2013-01-12,2013-01-17,2295.0,1,2295.0
SO51315,4,150,2013-01-05,2013-01-12,2013-01-17,2295.0,1,2295.0
SO51316,8321,176,2013-01-05,2013-01-12,2013-01-17,1120.0,1,1120.0
SO51316,8321,177,2013-01-05,2013-01-12,2013-01-17,1120.0,1,1120.0
SO51317,15995,170,2013-01-05,2013-01-12,2013-01-17,1120.0,1,1120.0
SO51317,15995,171,2013-01-05,2013-01-12,2013-01-17,1120.0,1,1120.0
SO51318,11433,393,2013-01-05,2013-01-12,2013-01-17,540.0,1,540.0
SO51319,17759,395,2013-01-05,2013-01-12,2013-01-17,540.0,1,540.0
SO51320,13062,350,2013-01-05,2013-01-12,2013-01-17,2384.0,1,2384.0
SO51321,7247,164,2013-01-06,2013-01-13,2013-01-18,2443.0,1,2443.0
SO51321,7247,165,2013-01-06,2013-01-13,2013-01-18,2443.0,1,2443.0
SO51322,1297,162,2013-01-06,2013-01-13,2013-01-18,2443.0,1,2443.0
SO51322,1297,163,2013-01-06,2013-01-13,2013-01-18,2443.0,1,2443.0
SO51323,333,141,2013-01-06,2013-01-13,2013-01-18,2320.0,1,2320.0
SO51323,333,142,2013-01-06,2013-01-13,2013-01-18,2320.0,1,2320.0
SO51324,156,141,2013-01-06,2013-01-13,2013-01-18,2320.0,1,2320.0
SO51324,156,142,2013-01-06,2013-01-13,2013-01-18,2320.0,1,2320.0
SO51325,84,141,2013-01-06,2013-01-13,2013-01-18,2320.0,1,2320.0
SO51325,84,142,2013-01-06,2013-01-13,2013-01-18,2320.0,1,2320.0
SO51326,14724,360,2013-01-06,2013-01-13,2013-01-18,742.0,1,742.0
SO51327,16746,393,2013-01-06,2013-01-13,2013-01-18,540.0,1,540.0
SO51328,15656,393,2013-01-06,2013-01-13,2013-01-18,540.0,1,540.0
SO51329,15313,360,2013-01-06,2013-01-13,2013-01-18,742.0,1,742.0
SO51330,17299,367,2013-01-06,2013-01-13,2013-01-18,1215.0,1,1215.0
SO51331,13404,12,2013-01-06,2013-01-13,2013-01-18,9.0,1,9.0
SO51331,13404,13,2013-01-06,2013-01-13,2013-01-18,9.0,1,9.0
SO51331,13404,14,2013-01-06,2013-01-13,2013-01-18,9.0,1,9.0
SO51332,10440,394,2013-01-06,2013-01-13,2013-01-18,540.0,1,540.0
SO51333,11632,174,2013-01-06,2013-01-13,2013-01-18,1120.0,1,1120.0
SO51333,11632,175,2013-01-06,2013-01-13,2013-01-18,1120.0,1,1120.0
SO51334,8336,170,2013-01-06,2013-01-13,2013-01-18,1120.0,1,1120.0
SO51334,8336,171,2013-01-06,2013-01-13,2013-01-18,1120.0,1,1120.0
SO51335,10005,393,2013-01-06,2013-01-13,2013-01-18,540.0,1,540.0
SO51336,7244,164,2013-01-07,2013-01-14,2013-01-19,2443.0,1,2443.0
SO51336,7244,165,2013-01-07,2013-01-14,2013-01-19,2443.0,1,2443.0
SO51337,7221,166,2013-01-07,2013-01-14,2013-01-19,2443.0,1,2443.0
SO51337,7221,167,2013-01-07,2013-01-14,2013-01-19,2443.0,1,2443.0
SO51338,5340,170,2013-01-07,2013-01-14,2013-01-19,1120.0,1,1120.0
SO51338,5340,171,2013-01-07,2013-01-14,2013-01-19,1120.0,1,1120.0
SO51339,1463,147,2013-01-07,2013-01-14,2013-01-19,2295.0,1,2295.0
SO51339,1463,148,2013-01-07,2013-01-14,2013-01-19,2295.0,1,2295.0
SO51340,2790,378,2013-01-07,2013-01-14,2013-01-19,769.0,1,769.0
SO51341,1302,166,2013-01-07,2013-01-14,2013-01-19,2443.0,1,2443.0
SO51341,1302,167,2013-01-07,2013-01-14,2013-01-19,2443.0,1,2443.0
SO51342,8360,168,2013-01-07,2013-01-14,2013-01-19,2443.0,1,2443.0
SO51342,8360,169,2013-01-07,2013-01-14,2013-01-19,2443.0,1,2443.0
SO51343,440,164,2013-01-07,2013-01-14,2013-01-19,2443.0,1,2443.0
SO51343,440,165,2013-01-07,2013-01-14,2013-01-19,2443.0,1,2443.0
SO51344,5794,370,2013-01-07,2013-01-14,2013-01-19,1701.0,1,1701.0
SO51345,268,149,2013-01-07,2013-01-14,2013-01-19,2295.0,1,2295.0
SO51345,268,150,2013-01-07,2013-01-14,2013-01-19,2295.0,1,2295.0
SO51346,271,151,2013-01-07,2013-01-14,2013-01-19,2295.0,1,2295.0
SO51346,271,152,2013-01-07,2013-01-14,2013-01-19,2295.0,1,2295.0
SO51347,63,149,2013-01-07,2013-01-14,2013-01-19,2295.0,1,2295.0
SO51347,63,150,2013-01-07,2013-01-14,2013-01-19,2295.0,1,2295.0
SO51348,168,149,2013-01-07,2013-01-14,2013-01-19,2295.0,1,2295.0
SO51348,168,150,2013-01-07,2013-01-14,2013-01-19,2295.0,1,2295.0
SO51349,12311,172,2013-01-07,2013-01-14,2013-01-19,1120.0,1,1120.0
SO51349,12311,173,2013-01-07,2013-01-14,2013-01-19,1120.0,1,1120.0
SO51350,55,147,2013-01-07,2013-01-14,2013-01-19,2295.0,1,2295.0
SO51350,55,148,2013-01-07,2013-01-14,2013-01-19,2295.0,1,2295.0
SO51351,447,143,2013-01-07,2013-01-14,2013-01-19,2320.0,1,2320.0
SO51351,447,144,2013-01-07,2013-01-14,2013-01-19,2320.0,1,2320.0
SO51352,94,151,2013-01-07,2013-01-14,2013-01-19,2295.0,1,2295.0
SO51352,94,152,2013-01-07,2013-01-14,2013-01-19,2295.0,1,2295.0
SO51353,14093,368,2013-01-07,2013-01-14,2013-01-19,1215.0,1,1215.0
SO51354,455,151,2013-01-07,2013-01-14,2013-01-19,2295.0,1,2295.0
SO51354,455,152,2013-01-07,2013-01-14,2013-01-19,2295.0,1,2295.0
SO51355,11261,373,2013-01-07,2013-01-14,2013-01-19,540.0,1,540.0
SO51356,8394,170,2013-01-07,2013-01-14,2013-01-19,1120.0,1,1120.0
SO51356,8394,171,2013-01-07,2013-01-14,2013-01-19,1120.0,1,1120.0
SO51357,11416,395,2013-01-07,2013-01-14,2013-01-19,540.0,1,540.0
SO51358,6834,368,2013-01-07,2013-01-14,2013-01-19,1215.0,1,1215.0
SO51359,7241,160,2013-01-08,2013-01-15,2013-01-20,2443.0,1,2443.0
SO51359,7241,161,2013-01-08,2013-01-15,2013-01-20,2443.0,1,2443.0
SO51360,389,145,2013-01-08,2013-01-15,2013-01-20,2320.0,1,2320.0
SO51360,389,146,2013-01-08,2013-01-15,2013-01-20,2320.0,1,2320.0
SO51361,14796,164,2013-01-08,2013-01-15,2013-01-20,2443.0,1,2443.0
SO51361,14796,165,2013-01-08,2013-01-15,2013-01-20,2443.0,1,2443.0
SO51362,5798,370,2013-01-08,2013-01-15,2013-01-20,1701.0,1,1701.0
SO51363,4558,385,2013-01-08,2013-01-15,2013-01-20,540.0,1,540.0
SO51364,2742,379,2013-01-08,2013-01-15,2013-01-20,769.0,1,769.0
SO51365,157,147,2013-01-08,2013-01-15,2013-01-20,2295.0,1,2295.0
SO51365,157,148,2013-01-08,2013-01-15,2013-01-20,2295.0,1,2295.0
SO51366,3008,372,2013-01-08,2013-01-15,2013-01-20,1701.0,1,1701.0
SO51367,8271,393,2013-01-08,2013-01-15,2013-01-20,540.0,1,540.0
SO51368,8764,394,2013-01-08,2013-01-15,2013-01-20,540.0,1,540.0
SO51369,13435,362,2013-01-08,2013-01-15,2013-01-20,2384.0,1,2384.0
SO51370,13418,364,2013-01-08,2013-01-15,2013-01-20,2384.0,1,2384.0
SO51371,11260,395,2013-01-08,2013-01-15,2013-01-20,540.0,1,540.0
SO51372,15996,178,2013-01-08,2013-01-15,2013-01-20,1120.0,1,1120.0
SO51372,15996,179,2013-01-08,2013-01-15,2013-01-20,1120.0,1,1120.0
SO51373,11415,373,2013-01-08,2013-01-15,2013-01-20,540.0,1,540.0
SO51374,7206,160,2013-01-09,2013-01-16,2013-01-21,2443.0,1,2443.0
SO51374,7206,161,2013-01-09,2013-01-16,2013-01-21,2443.0,1,2443.0
SO51375,7210,168,2013-01-09,2013-01-16,2013-01-21,2443.0,1,2443.0
SO51375,7210,169,2013-01-09,2013-01-16,2013-01-21,2443.0,1,2443.0
SO51376,7219,160,2013-01-09,2013-01-16,2013-01-21,2443.0,1,2443.0
SO51376,7219,161,2013-01-09,2013-01-16,2013-01-21,2443.0,1,2443.0
SO51377,3048,368,2013-01-09,2013-01-16,2013-01-21,1215.0,1,1215.0
SO51378,10502,386,2013-01-09,2013-01-16,2013-01-21,540.0,1,540.0
SO51379,2746,376,2013-01-09,2013-01-16,2013-01-21,769.0,1,769.0
SO51380,296,141,2013-01-09,2013-01-16,2013-01-21,2320.0,1,2320.0
SO51380,296,142,2013-01-09,2013-01-16,2013-01-21,2320.0,1,2320.0
SO51381,130,151,2013-01-09,2013-01-16,2013-01-21,2295.0,1,2295.0
SO51381,130,152,2013-01-09,2013-01-16,2013-01-21,2295.0,1,2295.0
SO51382,153,149,2013-01-09,2013-01-16,2013-01-21,2295.0,1,2295.0
SO51382,153,150,2013-01-09,2013-01-16,2013-01-21,2295.0,1,2295.0
SO51383,14723,375,2013-01-09,2013-01-16,2013-01-21,742.0,1,742.0
SO51384,104,147,2013-01-09,2013-01-16,2013-01-21,2295.0,1,2295.0
SO51384,104,148,2013-01-09,2013-01-16,2013-01-21,2295.0,1,2295.0
SO51385,71,149,2013-01-09,2013-01-16,2013-01-21,2295.0,1,2295.0
SO51385,71,150,2013-01-09,2013-01-16,2013-01-21,2295.0,1,2295.0
SO51386,73,143,2013-01-09,2013-01-16,2013-01-21,2320.0,1,2320.0
SO51386,73,144,2013-01-09,2013-01-16,2013-01-21,2320.0,1,2320.0
SO51387,943,380,2013-01-09,2013-01-16,2013-01-21,565.0,1,565.0
SO51388,456,143,2013-01-09,2013-01-16,2013-01-21,2320.0,1,2320.0
SO51388,456,144,2013-01-09,2013-01-16,2013-01-21,2320.0,1,2320.0
SO51389,8429,172,2013-01-09,2013-01-16,2013-01-21,1120.0,1,1120.0
SO51389,8429,173,2013-01-09,2013-01-16,2013-01-21,1120.0,1,1120.0
SO51390,14612,373,2013-01-09,2013-01-16,2013-01-21,540.0,1,540.0
SO51391,8438,162,2013-01-10,2013-01-17,2013-01-22,2443.0,1,2443.0
SO51391,8438,163,2013-01-10,2013-01-17,2013-01-22,2443.0,1,2443.0
SO51392,5389,160,2013-01-10,2013-01-17,2013-01-22,2443.0,1,2443.0
SO51392,5389,161,2013-01-10,2013-01-17,2013-01-22,2443.0,1,2443.0
SO51393,5395,164,2013-01-10,2013-01-17,2013-01-22,2443.0,1,2443.0
SO51393,5395,165,2013-01-10,2013-01-17,2013-01-22,2443.0,1,2443.0
SO51394,8417,168,2013-01-10,2013-01-17,2013-01-22,2443.0,1,2443.0
SO51394,8417,169,2013-01-10,2013-01-17,2013-01-22,2443.0,1,2443.0
SO51395,9182,162,2013-01-10,2013-01-17,2013-01-22,2443.0,1,2443.0
SO51395,9182,163,2013-01-10,2013-01-17,2013-01-22,2443.0,1,2443.0
SO51396,2850,377,2013-01-10,2013-01-17,2013-01-22,769.0,1,769.0
SO51397,836,147,2013-01-10,2013-01-17,2013-01-22,2295.0,1,2295.0
SO51397,836,148,2013-01-10,2013-01-17,2013-01-22,2295.0,1,2295.0
SO51398,155,143,2013-01-10,2013-01-17,2013-01-22,2320.0,1,2320.0
SO51398,155,144,2013-01-10,2013-01-17,2013-01-22,2320.0,1,2320.0
SO51399,192,141,2013-01-10,2013-01-17,2013-01-22,2320.0,1,2320.0
SO51399,192,142,2013-01-10,2013-01-17,2013-01-22,2320.0,1,2320.0
SO51400,17673,354,2013-01-10,2013-01-17,2013-01-22,742.0,1,742.0
SO51401,17668,355,2013-01-10,2013-01-17,2013-01-22,742.0,1,742.0
SO51402,11110,362,2013-01-10,2013-01-17,2013-01-22,2384.0,1,2384.0
SO51403,10466,394,2013-01-10,2013-01-17,2013-01-22,540.0,1,540.0
SO51404,10470,373,2013-01-10,2013-01-17,2013-01-22,540.0,1,540.0
SO51405,10439,373,2013-01-10,2013-01-17,2013-01-22,540.0,1,540.0
SO51406,11614,178,2013-01-10,2013-01-17,2013-01-22,1120.0,1,1120.0
SO51406,11614,179,2013-01-10,2013-01-17,2013-01-22,1120.0,1,1120.0
SO51407,7215,164,2013-01-11,2013-01-18,2013-01-23,2443.0,1,2443.0
SO51407,7215,165,2013-01-11,2013-01-18,2013-01-23,2443.0,1,2443.0
SO51408,248,151,2013-01-11,2013-01-18,2013-01-23,2295.0,1,2295.0
SO51408,248,152,2013-01-11,2013-01-18,2013-01-23,2295.0,1,2295.0
SO51409,418,141,2013-01-11,2013-01-18,2013-01-23,2320.0,1,2320.0
SO51409,418,142,2013-01-11,2013-01-18,2013-01-23,2320.0,1,2320.0
SO51410,3946,389,2013-01-11,2013-01-18,2013-01-23,540.0,1,540.0
SO51411,240,151,2013-01-11,2013-01-18,2013-01-23,2295.0,1,2295.0
SO51411,240,152,2013-01-11,2013-01-18,2013-01-23,2295.0,1,2295.0
SO51412,11313,160,2013-01-11,2013-01-18,2013-01-23,2443.0,1,2443.0
SO51412,11313,161,2013-01-11,2013-01-18,2013-01-23,2443.0,1,2443.0
SO51413,4550,381,2013-01-11,2013-01-18,2013-01-23,565.0,1,565.0
SO51414,5232,168,2013-01-11,2013-01-18,2013-01-23,2443.0,1,2443.0
SO51414,5232,169,2013-01-11,2013-01-18,2013-01-23,2443.0,1,2443.0
SO51415,10350,378,2013-01-11,2013-01-18,2013-01-23,769.0,1,769.0
SO51416,551,374,2013-01-11,2013-01-18,2013-01-23,742.0,1,742.0
SO51417,282,143,2013-01-11,2013-01-18,2013-01-23,2320.0,1,2320.0
SO51417,282,144,2013-01-11,2013-01-18,2013-01-23,2320.0,1,2320.0
SO51418,15659,373,2013-01-11,2013-01-18,2013-01-23,540.0,1,540.0
SO51419,7904,393,2013-01-11,2013-01-18,2013-01-23,540.0,1,540.0
SO51420,110,151,2013-01-11,2013-01-18,2013-01-23,2295.0,1,2295.0
SO51420,110,152,2013-01-11,2013-01-18,2013-01-23,2295.0,1,2295.0
SO51421,11,149,2013-01-11,2013-01-18,2013-01-23,2295.0,1,2295.0
SO51421,11,150,2013-01-11,2013-01-18,2013-01-23,2295.0,1,2295.0
SO51422,6514,387,2013-01-11,2013-01-18,2013-01-23,540.0,1,540.0
SO51423,18043,350,2013-01-11,2013-01-18,2013-01-23,2384.0,1,2384.0
SO51424,10332,395,2013-01-11,2013-01-18,2013-01-23,540.0,1,540.0
SO51425,8172,172,2013-01-11,2013-01-18,2013-01-23,1120.0,1,1120.0
SO51425,8172,173,2013-01-11,2013-01-18,2013-01-23,1120.0,1,1120.0
SO51426,7218,166,2013-01-12,2013-01-19,2013-01-24,2443.0,1,2443.0
SO51426,7218,167,2013-01-12,2013-01-19,2013-01-24,2443.0,1,2443.0
SO51427,244,149,2013-01-12,2013-01-19,2013-01-24,2295.0,1,2295.0
SO51427,244,150,2013-01-12,2013-01-19,2013-01-24,2295.0,1,2295.0
SO51428,1309,166,2013-01-12,2013-01-19,2013-01-24,2443.0,1,2443.0
SO51428,1309,167,2013-01-12,2013-01-19,2013-01-24,2443.0,1,2443.0
SO51429,317,149,2013-01-12,2013-01-19,2013-01-24,2295.0,1,2295.0
SO51429,317,150,2013-01-12,2013-01-19,2013-01-24,2295.0,1,2295.0
SO51430,276,145,2013-01-12,2013-01-19,2013-01-24,2320.0,1,2320.0
SO51430,276,146,2013-01-12,2013-01-19,2013-01-24,2320.0,1,2320.0
SO51431,64,151,2013-01-12,2013-01-19,2013-01-24,2295.0,1,2295.0
SO51431,64,152,2013-01-12,2013-01-19,2013-01-24,2295.0,1,2295.0
SO51432,93,141,2013-01-12,2013-01-19,2013-01-24,2320.0,1,2320.0
SO51432,93,142,2013-01-12,2013-01-19,2013-01-24,2320.0,1,2320.0
SO51433,15308,355,2013-01-12,2013-01-19,2013-01-24,742.0,1,742.0
SO51434,12689,367,2013-01-12,2013-01-19,2013-01-24,1215.0,1,1215.0
SO51435,13414,365,2013-01-12,2013-01-19,2013-01-24,2384.0,1,2384.0
SO51436,5219,394,2013-01-12,2013-01-19,2013-01-24,540.0,1,540.0
SO51437,10489,393,2013-01-12,2013-01-19,2013-01-24,540.0,1,540.0
SO51438,8213,170,2013-01-12,2013-01-19,2013-01-24,1120.0,1,1120.0
SO51438,8213,171,2013-01-12,2013-01-19,2013-01-24,1120.0,1,1120.0
SO51439,10018,394,2013-01-12,2013-01-19,2013-01-24,540.0,1,540.0
SO51440,7245,162,2013-01-13,2013-01-20,2013-01-25,2443.0,1,2443.0
SO51440,7245,163,2013-01-13,2013-01-20,2013-01-25,2443.0,1,2443.0
SO51441,1125,166,2013-01-13,2013-01-20,2013-01-25,2443.0,1,2443.0
SO51441,1125,167,2013-01-13,2013-01-20,2013-01-25,2443.0,1,2443.0
SO51442,9835,371,2013-01-13,2013-01-20,2013-01-25,1701.0,1,1701.0
SO51443,740,141,2013-01-13,2013-01-20,2013-01-25,2320.0,1,2320.0
SO51443,740,142,2013-01-13,2013-01-20,2013-01-25,2320.0,1,2320.0
SO51444,273,141,2013-01-13,2013-01-20,2013-01-25,2320.0,1,2320.0
SO51444,273,142,2013-01-13,2013-01-20,2013-01-25,2320.0,1,2320.0
SO51445,89,145,2013-01-13,2013-01-20,2013-01-25,2320.0,1,2320.0
SO51445,89,146,2013-01-13,2013-01-20,2013-01-25,2320.0,1,2320.0
SO51446,13607,172,2013-01-13,2013-01-20,2013-01-25,1120.0,1,1120.0
SO51446,13607,173,2013-01-13,2013-01-20,2013-01-25,1120.0,1,1120.0
SO51447,108,141,2013-01-13,2013-01-20,2013-01-25,2320.0,1,2320.0
SO51447,108,142,2013-01-13,2013-01-20,2013-01-25,2320.0,1,2320.0
SO51448,81,145,2013-01-13,2013-01-20,2013-01-25,2320.0,1,2320.0
SO51448,81,146,2013-01-13,2013-01-20,2013-01-25,2320.0,1,2320.0
SO51449,14089,349,2013-01-13,2013-01-20,2013-01-25,1215.0,1,1215.0
SO51450,453,151,2013-01-13,2013-01-20,2013-01-25,2295.0,1,2295.0
SO51450,453,152,2013-01-13,2013-01-20,2013-01-25,2295.0,1,2295.0
SO51451,8160,174,2013-01-13,2013-01-20,2013-01-25,1120.0,1,1120.0
SO51451,8160,175,2013-01-13,2013-01-20,2013-01-25,1120.0,1,1120.0
SO51452,11255,395,2013-01-13,2013-01-20,2013-01-25,540.0,1,540.0
SO51453,14606,394,2013-01-13,2013-01-20,2013-01-25,540.0,1,540.0
SO51454,3199,363,2013-01-13,2013-01-20,2013-01-25,2384.0,1,2384.0
SO51455,15832,368,2013-01-13,2013-01-20,2013-01-25,1215.0,1,1215.0
SO51456,12608,166,2013-01-14,2013-01-21,2013-01-26,2443.0,1,2443.0
SO51456,12608,167,2013-01-14,2013-01-21,2013-01-26,2443.0,1,2443.0
SO51457,11829,168,2013-01-14,2013-01-21,2013-01-26,2443.0,1,2443.0
SO51457,11829,169,2013-01-14,2013-01-21,2013-01-26,2443.0,1,2443.0
SO51458,5804,371,2013-01-14,2013-01-21,2013-01-26,1701.0,1,1701.0
SO51459,5808,369,2013-01-14,2013-01-21,2013-01-26,1701.0,1,1701.0
SO51460,42,147,2013-01-14,2013-01-21,2013-01-26,2295.0,1,2295.0
SO51460,42,148,2013-01-14,2013-01-21,2013-01-26,2295.0,1,2295.0
SO51461,3147,375,2013-01-14,2013-01-21,2013-01-26,742.0,1,742.0
SO51462,11933,369,2013-01-14,2013-01-21,2013-01-26,1701.0,1,1701.0
SO51463,10301,170,2013-01-14,2013-01-21,2013-01-26,1120.0,1,1120.0
SO51463,10301,171,2013-01-14,2013-01-21,2013-01-26,1120.0,1,1120.0
SO51464,16820,353,2013-01-14,2013-01-21,2013-01-26,2384.0,1,2384.0
SO51465,5795,370,2013-01-15,2013-01-22,2013-01-27,1701.0,1,1701.0
SO51466,5805,372,2013-01-15,2013-01-22,2013-01-27,1701.0,1,1701.0
SO51467,5806,370,2013-01-15,2013-01-22,2013-01-27,1701.0,1,1701.0
SO51468,260,147,2013-01-15,2013-01-22,2013-01-27,2295.0,1,2295.0
SO51468,260,148,2013-01-15,2013-01-22,2013-01-27,2295.0,1,2295.0
SO51469,169,151,2013-01-15,2013-01-22,2013-01-27,2295.0,1,2295.0
SO51469,169,152,2013-01-15,2013-01-22,2013-01-27,2295.0,1,2295.0
SO51470,15658,373,2013-01-15,2013-01-22,2013-01-27,540.0,1,540.0
SO51471,7900,394,2013-01-15,2013-01-22,2013-01-27,540.0,1,540.0
SO51472,15655,395,2013-01-15,2013-01-22,2013-01-27,540.0,1,540.0
SO51473,7908,394,2013-01-15,2013-01-22,2013-01-27,540.0,1,540.0
SO51474,8203,176,2013-01-15,2013-01-22,2013-01-27,1120.0,1,1120.0
SO51474,8203,177,2013-01-15,2013-01-22,2013-01-27,1120.0,1,1120.0
SO51475,11437,393,2013-01-15,2013-01-22,2013-01-27,540.0,1,540.0
SO51476,17695,350,2013-01-15,2013-01-22,2013-01-27,2384.0,1,2384.0
SO51477,1265,349,2013-01-15,2013-01-22,2013-01-27,1215.0,1,1215.0
SO51478,7214,160,2013-01-16,2013-01-23,2013-01-28,2443.0,1,2443.0
SO51478,7214,161,2013-01-16,2013-01-23,2013-01-28,2443.0,1,2443.0
SO51479,5688,160,2013-01-16,2013-01-23,2013-01-28,2443.0,1,2443.0
SO51479,5688,161,2013-01-16,2013-01-23,2013-01-28,2443.0,1,2443.0
SO51480,5938,369,2013-01-16,2013-01-23,2013-01-28,1701.0,1,1701.0
SO51481,6099,383,2013-01-16,2013-01-23,2013-01-28,565.0,1,565.0
SO51482,485,147,2013-01-16,2013-01-23,2013-01-28,2295.0,1,2295.0
SO51482,485,148,2013-01-16,2013-01-23,2013-01-28,2295.0,1,2295.0
SO51483,12607,166,2013-01-16,2013-01-23,2013-01-28,2443.0,1,2443.0
SO51483,12607,167,2013-01-16,2013-01-23,2013-01-28,2443.0,1,2443.0
SO51484,8434,160,2013-01-16,2013-01-23,2013-01-28,2443.0,1,2443.0
SO51484,8434,161,2013-01-16,2013-01-23,2013-01-28,2443.0,1,2443.0
SO51485,5317,162,2013-01-16,2013-01-23,2013-01-28,2443.0,1,2443.0
SO51485,5317,163,2013-01-16,2013-01-23,2013-01-28,2443.0,1,2443.0
SO51486,5799,371,2013-01-16,2013-01-23,2013-01-28,1701.0,1,1701.0
SO51487,4556,384,2013-01-16,2013-01-23,2013-01-28,565.0,1,565.0
SO51488,9037,162,2013-01-16,2013-01-23,2013-01-28,2443.0,1,2443.0
SO51488,9037,163,2013-01-16,2013-01-23,2013-01-28,2443.0,1,2443.0
SO51489,290,147,2013-01-16,2013-01-23,2013-01-28,2295.0,1,2295.0
SO51489,290,148,2013-01-16,2013-01-23,2013-01-28,2295.0,1,2295.0
SO51490,172,147,2013-01-16,2013-01-23,2013-01-28,2295.0,1,2295.0
SO51490,172,148,2013-01-16,2013-01-23,2013-01-28,2295.0,1,2295.0
SO51491,76,151,2013-01-16,2013-01-23,2013-01-28,2295.0,1,2295.0
SO51491,76,152,2013-01-16,2013-01-23,2013-01-28,2295.0,1,2295.0
SO51492,19,141,2013-01-16,2013-01-23,2013-01-28,2320.0,1,2320.0
SO51492,19,142,2013-01-16,2013-01-23,2013-01-28,2320.0,1,2320.0
SO51493,2,141,2013-01-16,2013-01-23,2013-01-28,2320.0,1,2320.0
SO51493,2,142,2013-01-16,2013-01-23,2013-01-28,2320.0,1,2320.0
SO51494,15312,374,2013-01-16,2013-01-23,2013-01-28,742.0,1,742.0
SO51495,18044,363,2013-01-16,2013-01-23,2013-01-28,2384.0,1,2384.0
SO51496,10488,395,2013-01-16,2013-01-23,2013-01-28,540.0,1,540.0
SO51497,8171,178,2013-01-16,2013-01-23,2013-01-28,1120.0,1,1120.0
SO51497,8171,179,2013-01-16,2013-01-23,2013-01-28,1120.0,1,1120.0
SO51498,8199,176,2013-01-16,2013-01-23,2013-01-28,1120.0,1,1120.0
SO51498,8199,177,2013-01-16,2013-01-23,2013-01-28,1120.0,1,1120.0
SO51499,11669,174,2013-01-16,2013-01-23,2013-01-28,1120.0,1,1120.0
SO51499,11669,175,2013-01-16,2013-01-23,2013-01-28,1120.0,1,1120.0
SO51500,10015,393,2013-01-16,2013-01-23,2013-01-28,540.0,1,540.0
SO51501,15863,366,2013-01-16,2013-01-23,2013-01-28,1215.0,1,1215.0
SO51502,8476,385,2013-01-17,2013-01-24,2013-01-29,540.0,1,540.0
SO51503,2663,376,2013-01-17,2013-01-24,2013-01-29,769.0,1,769.0
SO51504,5793,369,2013-01-17,2013-01-24,2013-01-29,1701.0,1,1701.0
SO51505,54,151,2013-01-17,2013-01-24,2013-01-29,2295.0,1,2295.0
SO51505,54,152,2013-01-17,2013-01-24,2013-01-29,2295.0,1,2295.0
SO51506,617,374,2013-01-17,2013-01-24,2013-01-29,742.0,1,742.0
SO51507,5663,379,2013-01-17,2013-01-24,2013-01-29,769.0,1,769.0
SO51508,11274,395,2013-01-17,2013-01-24,2013-01-29,540.0,1,540.0
SO51509,11394,394,2013-01-17,2013-01-24,2013-01-29,540.0,1,540.0
SO51510,1316,364,2013-01-17,2013-01-24,2013-01-29,2384.0,1,2384.0
SO51511,7242,162,2013-01-18,2013-01-25,2013-01-30,2443.0,1,2443.0
SO51511,7242,163,2013-01-18,2013-01-25,2013-01-30,2443.0,1,2443.0
SO51512,404,141,2013-01-18,2013-01-25,2013-01-30,2320.0,1,2320.0
SO51512,404,142,2013-01-18,2013-01-25,2013-01-30,2320.0,1,2320.0
SO51513,5571,371,2013-01-18,2013-01-25,2013-01-30,1701.0,1,1701.0
SO51514,6701,380,2013-01-18,2013-01-25,2013-01-30,565.0,1,565.0
SO51515,5392,162,2013-01-18,2013-01-25,2013-01-30,2443.0,1,2443.0
SO51515,5392,163,2013-01-18,2013-01-25,2013-01-30,2443.0,1,2443.0
SO51516,238,141,2013-01-18,2013-01-25,2013-01-30,2320.0,1,2320.0
SO51516,238,142,2013-01-18,2013-01-25,2013-01-30,2320.0,1,2320.0
SO51517,9040,166,2013-01-18,2013-01-25,2013-01-30,2443.0,1,2443.0
SO51517,9040,167,2013-01-18,2013-01-25,2013-01-30,2443.0,1,2443.0
SO51518,5133,168,2013-01-18,2013-01-25,2013-01-30,2443.0,1,2443.0
SO51518,5133,169,2013-01-18,2013-01-25,2013-01-30,2443.0,1,2443.0
SO51519,3079,379,2013-01-18,2013-01-25,2013-01-30,769.0,1,769.0
SO51520,16,141,2013-01-18,2013-01-25,2013-01-30,2320.0,1,2320.0
SO51520,16,142,2013-01-18,2013-01-25,2013-01-30,2320.0,1,2320.0
SO51521,17672,355,2013-01-18,2013-01-25,2013-01-30,742.0,1,742.0
SO51522,1,141,2013-01-18,2013-01-25,2013-01-30,2320.0,1,2320.0
SO51522,1,142,2013-01-18,2013-01-25,2013-01-30,2320.0,1,2320.0
SO51523,13428,363,2013-01-18,2013-01-25,2013-01-30,2384.0,1,2384.0
SO51524,10471,393,2013-01-18,2013-01-25,2013-01-30,540.0,1,540.0
SO51525,16800,172,2013-01-18,2013-01-25,2013-01-30,1120.0,1,1120.0
SO51525,16800,173,2013-01-18,2013-01-25,2013-01-30,1120.0,1,1120.0
SO51526,11615,178,2013-01-18,2013-01-25,2013-01-30,1120.0,1,1120.0
SO51526,11615,179,2013-01-18,2013-01-25,2013-01-30,1120.0,1,1120.0
SO51527,9978,373,2013-01-18,2013-01-25,2013-01-30,540.0,1,540.0
SO51528,7220,166,2013-01-19,2013-01-26,2013-01-31,2443.0,1,2443.0
SO51528,7220,167,2013-01-19,2013-01-26,2013-01-31,2443.0,1,2443.0
SO51529,7223,164,2013-01-19,2013-01-26,2013-01-31,2443.0,1,2443.0
SO51529,7223,165,2013-01-19,2013-01-26,2013-01-31,2443.0,1,2443.0
SO51530,8363,168,2013-01-19,2013-01-26,2013-01-31,2443.0,1,2443.0
SO51530,8363,169,2013-01-19,2013-01-26,2013-01-31,2443.0,1,2443.0
SO51531,338,141,2013-01-19,2013-01-26,2013-01-31,2320.0,1,2320.0
SO51531,338,142,2013-01-19,2013-01-26,2013-01-31,2320.0,1,2320.0
SO51532,11809,164,2013-01-19,2013-01-26,2013-01-31,2443.0,1,2443.0
SO51532,11809,165,2013-01-19,2013-01-26,2013-01-31,2443.0,1,2443.0
SO51533,292,151,2013-01-19,2013-01-26,2013-01-31,2295.0,1,2295.0
SO51533,292,152,2013-01-19,2013-01-26,2013-01-31,2295.0,1,2295.0
SO51534,159,141,2013-01-19,2013-01-26,2013-01-31,2320.0,1,2320.0
SO51534,159,142,2013-01-19,2013-01-26,2013-01-31,2320.0,1,2320.0
SO51535,11932,369,2013-01-19,2013-01-26,2013-01-31,1701.0,1,1701.0
SO51536,7699,369,2013-01-19,2013-01-26,2013-01-31,1701.0,1,1701.0
SO51537,17202,365,2013-01-19,2013-01-26,2013-01-31,2384.0,1,2384.0
SO51538,10598,394,2013-01-19,2013-01-26,2013-01-31,540.0,1,540.0
SO51539,8161,174,2013-01-19,2013-01-26,2013-01-31,1120.0,1,1120.0
SO51539,8161,175,2013-01-19,2013-01-26,2013-01-31,1120.0,1,1120.0
SO51540,8214,172,2013-01-19,2013-01-26,2013-01-31,1120.0,1,1120.0
SO51540,8214,173,2013-01-19,2013-01-26,2013-01-31,1120.0,1,1120.0
SO51541,11631,176,2013-01-19,2013-01-26,2013-01-31,1120.0,1,1120.0
SO51541,11631,177,2013-01-19,2013-01-26,2013-01-31,1120.0,1,1120.0
SO51542,11670,176,2013-01-19,2013-01-26,2013-01-31,1120.0,1,1120.0
SO51542,11670,177,2013-01-19,2013-01-26,2013-01-31,1120.0,1,1120.0
SO51543,7211,164,2013-01-20,2013-01-27,2013-02-01,2443.0,1,2443.0
SO51543,7211,165,2013-01-20,2013-01-27,2013-02-01,2443.0,1,2443.0
SO51544,245,143,2013-01-20,2013-01-27,2013-02-01,2320.0,1,2320.0
SO51544,245,144,2013-01-20,2013-01-27,2013-02-01,2320.0,1,2320.0
SO51545,8383,162,2013-01-20,2013-01-27,2013-02-01,2443.0,1,2443.0
SO51545,8383,163,2013-01-20,2013-01-27,2013-02-01,2443.0,1,2443.0
SO51546,15382,162,2013-01-20,2013-01-27,2013-02-01,2443.0,1,2443.0
SO51546,15382,163,2013-01-20,2013-01-27,2013-02-01,2443.0,1,2443.0
SO51547,1301,160,2013-01-20,2013-01-27,2013-02-01,2443.0,1,2443.0
SO51547,1301,161,2013-01-20,2013-01-27,2013-02-01,2443.0,1,2443.0
SO51548,8425,160,2013-01-20,2013-01-27,2013-02-01,2443.0,1,2443.0
SO51548,8425,161,2013-01-20,2013-01-27,2013-02-01,2443.0,1,2443.0
SO51549,10859,160,2013-01-20,2013-01-27,2013-02-01,2443.0,1,2443.0
SO51549,10859,161,2013-01-20,2013-01-27,2013-02-01,2443.0,1,2443.0
SO51550,388,141,2013-01-20,2013-01-27,2013-02-01,2320.0,1,2320.0
SO51550,388,142,2013-01-20,2013-01-27,2013-02-01,2320.0,1,2320.0
SO51551,2059,384,2013-01-20,2013-01-27,2013-02-01,565.0,1,565.0
SO51552,2748,378,2013-01-20,2013-01-27,2013-02-01,769.0,1,769.0
SO51553,287,151,2013-01-20,2013-01-27,2013-02-01,2295.0,1,2295.0
SO51553,287,152,2013-01-20,2013-01-27,2013-02-01,2295.0,1,2295.0
SO51554,267,143,2013-01-20,2013-01-27,2013-02-01,2320.0,1,2320.0
SO51554,267,144,2013-01-20,2013-01-27,2013-02-01,2320.0,1,2320.0
SO51555,38,149,2013-01-20,2013-01-27,2013-02-01,2295.0,1,2295.0
SO51555,38,150,2013-01-20,2013-01-27,2013-02-01,2295.0,1,2295.0
SO51556,23,141,2013-01-20,2013-01-27,2013-02-01,2320.0,1,2320.0
SO51556,23,142,2013-01-20,2013-01-27,2013-02-01,2320.0,1,2320.0
SO51557,16766,361,2013-01-20,2013-01-27,2013-02-01,742.0,1,742.0
SO51558,12105,178,2013-01-20,2013-01-27,2013-02-01,1120.0,1,1120.0
SO51558,12105,179,2013-01-20,2013-01-27,2013-02-01,1120.0,1,1120.0
SO51559,13606,176,2013-01-20,2013-01-27,2013-02-01,1120.0,1,1120.0
SO51559,13606,177,2013-01-20,2013-01-27,2013-02-01,1120.0,1,1120.0
SO51560,8272,373,2013-01-20,2013-01-27,2013-02-01,540.0,1,540.0
SO51561,26,145,2013-01-20,2013-01-27,2013-02-01,2320.0,1,2320.0
SO51561,26,146,2013-01-20,2013-01-27,2013-02-01,2320.0,1,2320.0
SO51562,10,147,2013-01-20,2013-01-27,2013-02-01,2295.0,1,2295.0
SO51562,10,148,2013-01-20,2013-01-27,2013-02-01,2295.0,1,2295.0
SO51563,6512,387,2013-01-20,2013-01-27,2013-02-01,540.0,1,540.0
SO51564,15310,375,2013-01-20,2013-01-27,2013-02-01,742.0,1,742.0
SO51565,14086,349,2013-01-20,2013-01-27,2013-02-01,1215.0,1,1215.0
SO51566,13415,365,2013-01-20,2013-01-27,2013-02-01,2384.0,1,2384.0
SO51567,4277,393,2013-01-20,2013-01-27,2013-02-01,540.0,1,540.0
SO51568,10449,394,2013-01-20,2013-01-27,2013-02-01,540.0,1,540.0
SO51569,4018,373,2013-01-20,2013-01-27,2013-02-01,540.0,1,540.0
SO51570,11460,395,2013-01-20,2013-01-27,2013-02-01,540.0,1,540.0
SO51571,3047,349,2013-01-21,2013-01-28,2013-02-02,1215.0,1,1215.0
SO51572,12760,166,2013-01-21,2013-01-28,2013-02-02,2443.0,1,2443.0
SO51572,12760,167,2013-01-21,2013-01-28,2013-02-02,2443.0,1,2443.0
SO51573,239,147,2013-01-21,2013-01-28,2013-02-02,2295.0,1,2295.0
SO51573,239,148,2013-01-21,2013-01-28,2013-02-02,2295.0,1,2295.0
SO51574,5292,166,2013-01-21,2013-01-28,2013-02-02,2443.0,1,2443.0
SO51574,5292,167,2013-01-21,2013-01-28,2013-02-02,2443.0,1,2443.0
SO51575,11324,164,2013-01-21,2013-01-28,2013-02-02,2443.0,1,2443.0
SO51575,11324,165,2013-01-21,2013-01-28,2013-02-02,2443.0,1,2443.0
SO51576,482,145,2013-01-21,2013-01-28,2013-02-02,2320.0,1,2320.0
SO51576,482,146,2013-01-21,2013-01-28,2013-02-02,2320.0,1,2320.0
SO51577,43,143,2013-01-21,2013-01-28,2013-02-02,2320.0,1,2320.0
SO51577,43,144,2013-01-21,2013-01-28,2013-02-02,2320.0,1,2320.0
SO51578,16745,373,2013-01-21,2013-01-28,2013-02-02,540.0,1,540.0
SO51579,15657,395,2013-01-21,2013-01-28,2013-02-02,540.0,1,540.0
SO51580,7901,393,2013-01-21,2013-01-28,2013-02-02,540.0,1,540.0
SO51581,8,149,2013-01-21,2013-01-28,2013-02-02,2295.0,1,2295.0
SO51581,8,150,2013-01-21,2013-01-28,2013-02-02,2295.0,1,2295.0
SO51582,53,151,2013-01-21,2013-01-28,2013-02-02,2295.0,1,2295.0
SO51582,53,152,2013-01-21,2013-01-28,2013-02-02,2295.0,1,2295.0
SO51583,5016,393,2013-01-21,2013-01-28,2013-02-02,540.0,1,540.0
SO51584,11275,394,2013-01-21,2013-01-28,2013-02-02,540.0,1,540.0
SO51585,8241,170,2013-01-21,2013-01-28,2013-02-02,1120.0,1,1120.0
SO51585,8241,171,2013-01-21,2013-01-28,2013-02-02,1120.0,1,1120.0
SO51586,7208,162,2013-01-22,2013-01-29,2013-02-03,2443.0,1,2443.0
SO51586,7208,163,2013-01-22,2013-01-29,2013-02-03,2443.0,1,2443.0
SO51587,14781,166,2013-01-22,2013-01-29,2013-02-03,2443.0,1,2443.0
SO51587,14781,167,2013-01-22,2013-01-29,2013-02-03,2443.0,1,2443.0
SO51588,14770,164,2013-01-22,2013-01-29,2013-02-03,2443.0,1,2443.0
SO51588,14770,165,2013-01-22,2013-01-29,2013-02-03,2443.0,1,2443.0
SO51589,402,147,2013-01-22,2013-01-29,2013-02-03,2295.0,1,2295.0
SO51589,402,148,2013-01-22,2013-01-29,2013-02-03,2295.0,1,2295.0
SO51590,272,143,2013-01-22,2013-01-29,2013-02-03,2320.0,1,2320.0
SO51590,272,144,2013-01-22,2013-01-29,2013-02-03,2320.0,1,2320.0
SO51591,176,141,2013-01-22,2013-01-29,2013-02-03,2320.0,1,2320.0
SO51591,176,142,2013-01-22,2013-01-29,2013-02-03,2320.0,1,2320.0
SO51592,83,147,2013-01-22,2013-01-29,2013-02-03,2295.0,1,2295.0
SO51592,83,148,2013-01-22,2013-01-29,2013-02-03,2295.0,1,2295.0
SO51593,37,145,2013-01-22,2013-01-29,2013-02-03,2320.0,1,2320.0
SO51593,37,146,2013-01-22,2013-01-29,2013-02-03,2320.0,1,2320.0
SO51594,105,147,2013-01-22,2013-01-29,2013-02-03,2295.0,1,2295.0
SO51594,105,148,2013-01-22,2013-01-29,2013-02-03,2295.0,1,2295.0
SO51595,5,143,2013-01-22,2013-01-29,2013-02-03,2320.0,1,2320.0
SO51595,5,144,2013-01-22,2013-01-29,2013-02-03,2320.0,1,2320.0
SO51596,14088,349,2013-01-22,2013-01-29,2013-02-03,1215.0,1,1215.0
SO51597,454,143,2013-01-22,2013-01-29,2013-02-03,2320.0,1,2320.0
SO51597,454,144,2013-01-22,2013-01-29,2013-02-03,2320.0,1,2320.0
SO51598,13405,351,2013-01-22,2013-01-29,2013-02-03,2384.0,1,2384.0
SO51599,13406,365,2013-01-22,2013-01-29,2013-02-03,2384.0,1,2384.0
SO51600,11263,393,2013-01-22,2013-01-29,2013-02-03,540.0,1,540.0
SO51601,14609,373,2013-01-22,2013-01-29,2013-02-03,540.0,1,540.0
SO51602,440,364,2013-01-22,2013-01-29,2013-02-03,2384.0,1,2384.0
SO51603,18402,368,2013-01-22,2013-01-29,2013-02-03,1215.0,1,1215.0
SO51604,247,143,2013-01-23,2013-01-30,2013-02-04,2320.0,1,2320.0
SO51604,247,144,2013-01-23,2013-01-30,2013-02-04,2320.0,1,2320.0
SO51605,10057,372,2013-01-23,2013-01-30,2013-02-04,1701.0,1,1701.0
SO51606,10040,371,2013-01-23,2013-01-30,2013-02-04,1701.0,1,1701.0
SO51607,5800,369,2013-01-23,2013-01-30,2013-02-04,1701.0,1,1701.0
SO51608,2745,376,2013-01-23,2013-01-30,2013-02-04,769.0,1,769.0
SO51609,2747,379,2013-01-23,2013-01-30,2013-02-04,769.0,1,769.0
SO51610,22,151,2013-01-23,2013-01-30,2013-02-04,2295.0,1,2295.0
SO51610,22,152,2013-01-23,2013-01-30,2013-02-04,2295.0,1,2295.0
SO51611,7903,373,2013-01-23,2013-01-30,2013-02-04,540.0,1,540.0
SO51612,6,143,2013-01-23,2013-01-30,2013-02-04,2320.0,1,2320.0
SO51612,6,144,2013-01-23,2013-01-30,2013-02-04,2320.0,1,2320.0
SO51613,5099,375,2013-01-23,2013-01-30,2013-02-04,742.0,1,742.0
SO51614,15309,375,2013-01-23,2013-01-30,2013-02-04,742.0,1,742.0
SO51615,13421,352,2013-01-23,2013-01-30,2013-02-04,2384.0,1,2384.0
SO51616,10467,395,2013-01-23,2013-01-30,2013-02-04,540.0,1,540.0
SO51617,11442,394,2013-01-23,2013-01-30,2013-02-04,540.0,1,540.0
SO51618,17758,393,2013-01-23,2013-01-30,2013-02-04,540.0,1,540.0
SO51619,9833,372,2013-01-24,2013-01-31,2013-02-05,1701.0,1,1701.0
SO51620,10041,372,2013-01-24,2013-01-31,2013-02-05,1701.0,1,1701.0
SO51621,6950,379,2013-01-24,2013-01-31,2013-02-05,769.0,1,769.0
SO51622,3928,386,2013-01-24,2013-01-31,2013-02-05,540.0,1,540.0
SO51623,11446,166,2013-01-24,2013-01-31,2013-02-05,2443.0,1,2443.0
SO51623,11446,167,2013-01-24,2013-01-31,2013-02-05,2443.0,1,2443.0
SO51624,10858,160,2013-01-24,2013-01-31,2013-02-05,2443.0,1,2443.0
SO51624,10858,161,2013-01-24,2013-01-31,2013-02-05,2443.0,1,2443.0
SO51625,7958,382,2013-01-24,2013-01-31,2013-02-05,565.0,1,565.0
SO51626,4555,382,2013-01-24,2013-01-31,2013-02-05,565.0,1,565.0
SO51627,17207,352,2013-01-24,2013-01-31,2013-02-05,2384.0,1,2384.0
SO51628,8270,373,2013-01-24,2013-01-31,2013-02-05,540.0,1,540.0
SO51629,445,143,2013-01-24,2013-01-31,2013-02-05,2320.0,1,2320.0
SO51629,445,144,2013-01-24,2013-01-31,2013-02-05,2320.0,1,2320.0
SO51630,8200,170,2013-01-24,2013-01-31,2013-02-05,1120.0,1,1120.0
SO51630,8200,171,2013-01-24,2013-01-31,2013-02-05,1120.0,1,1120.0
SO51631,8212,174,2013-01-24,2013-01-31,2013-02-05,1120.0,1,1120.0
SO51631,8212,175,2013-01-24,2013-01-31,2013-02-05,1120.0,1,1120.0
SO51632,8423,172,2013-01-24,2013-01-31,2013-02-05,1120.0,1,1120.0
SO51632,8423,173,2013-01-24,2013-01-31,2013-02-05,1120.0,1,1120.0
SO51633,8327,170,2013-01-24,2013-01-31,2013-02-05,1120.0,1,1120.0
SO51633,8327,171,2013-01-24,2013-01-31,2013-02-05,1120.0,1,1120.0
SO51634,3265,354,2013-01-24,2013-01-31,2013-02-05,742.0,1,742.0
SO51635,7243,166,2013-01-25,2013-02-01,2013-02-06,2443.0,1,2443.0
SO51635,7243,167,2013-01-25,2013-02-01,2013-02-06,2443.0,1,2443.0
SO51636,7239,168,2013-01-25,2013-02-01,2013-02-06,2443.0,1,2443.0
SO51636,7239,169,2013-01-25,2013-02-01,2013-02-06,2443.0,1,2443.0
SO51637,13103,370,2013-01-25,2013-02-01,2013-02-06,1701.0,1,1701.0
SO51638,2779,377,2013-01-25,2013-02-01,2013-02-06,769.0,1,769.0
SO51639,4631,379,2013-01-25,2013-02-01,2013-02-06,769.0,1,769.0
SO51640,9723,379,2013-01-25,2013-02-01,2013-02-06,769.0,1,769.0
SO51641,340,147,2013-01-25,2013-02-01,2013-02-06,2295.0,1,2295.0
SO51641,340,148,2013-01-25,2013-02-01,2013-02-06,2295.0,1,2295.0
SO51642,1385,143,2013-01-25,2013-02-01,2013-02-06,2320.0,1,2320.0
SO51642,1385,144,2013-01-25,2013-02-01,2013-02-06,2320.0,1,2320.0
SO51643,8362,162,2013-01-25,2013-02-01,2013-02-06,2443.0,1,2443.0
SO51643,8362,163,2013-01-25,2013-02-01,2013-02-06,2443.0,1,2443.0
SO51644,1132,162,2013-01-25,2013-02-01,2013-02-06,2443.0,1,2443.0
SO51644,1132,163,2013-01-25,2013-02-01,2013-02-06,2443.0,1,2443.0
SO51645,4553,383,2013-01-25,2013-02-01,2013-02-06,565.0,1,565.0
SO51646,65,147,2013-01-25,2013-02-01,2013-02-06,2295.0,1,2295.0
SO51646,65,148,2013-01-25,2013-02-01,2013-02-06,2295.0,1,2295.0
SO51647,145,151,2013-01-25,2013-02-01,2013-02-06,2295.0,1,2295.0
SO51647,145,152,2013-01-25,2013-02-01,2013-02-06,2295.0,1,2295.0
SO51648,146,151,2013-01-25,2013-02-01,2013-02-06,2295.0,1,2295.0
SO51648,146,152,2013-01-25,2013-02-01,2013-02-06,2295.0,1,2295.0
SO51649,125,147,2013-01-25,2013-02-01,2013-02-06,2295.0,1,2295.0
SO51649,125,148,2013-01-25,2013-02-01,2013-02-06,2295.0,1,2295.0
SO51650,12,149,2013-01-25,2013-02-01,2013-02-06,2295.0,1,2295.0
SO51650,12,150,2013-01-25,2013-02-01,2013-02-06,2295.0,1,2295.0
SO51651,78,145,2013-01-25,2013-02-01,2013-02-06,2320.0,1,2320.0
SO51651,78,146,2013-01-25,2013-02-01,2013-02-06,2320.0,1,2320.0
SO51652,451,141,2013-01-25,2013-02-01,2013-02-06,2320.0,1,2320.0
SO51652,451,142,2013-01-25,2013-02-01,2013-02-06,2320.0,1,2320.0
SO51653,18138,351,2013-01-25,2013-02-01,2013-02-06,2384.0,1,2384.0
SO51654,13434,350,2013-01-25,2013-02-01,2013-02-06,2384.0,1,2384.0
SO51655,10577,395,2013-01-25,2013-02-01,2013-02-06,540.0,1,540.0
SO51656,13662,394,2013-01-25,2013-02-01,2013-02-06,540.0,1,540.0
SO51657,8170,174,2013-01-25,2013-02-01,2013-02-06,1120.0,1,1120.0
SO51657,8170,175,2013-01-25,2013-02-01,2013-02-06,1120.0,1,1120.0
SO51658,3190,353,2013-01-25,2013-02-01,2013-02-06,2384.0,1,2384.0
SO51659,3276,361,2013-01-25,2013-02-01,2013-02-06,742.0,1,742.0
SO51660,1462,141,2013-01-26,2013-02-02,2013-02-07,2320.0,1,2320.0
SO51660,1462,142,2013-01-26,2013-02-02,2013-02-07,2320.0,1,2320.0
SO51661,9838,371,2013-01-26,2013-02-02,2013-02-07,1701.0,1,1701.0
SO51662,15383,168,2013-01-26,2013-02-02,2013-02-07,2443.0,1,2443.0
SO51662,15383,169,2013-01-26,2013-02-02,2013-02-07,2443.0,1,2443.0
SO51663,5328,162,2013-01-26,2013-02-02,2013-02-07,2443.0,1,2443.0
SO51663,5328,163,2013-01-26,2013-02-02,2013-02-07,2443.0,1,2443.0
SO51664,2743,376,2013-01-26,2013-02-02,2013-02-07,769.0,1,769.0
SO51665,253,141,2013-01-26,2013-02-02,2013-02-07,2320.0,1,2320.0
SO51665,253,142,2013-01-26,2013-02-02,2013-02-07,2320.0,1,2320.0
SO51666,8265,394,2013-01-26,2013-02-02,2013-02-07,540.0,1,540.0
SO51667,70,145,2013-01-26,2013-02-02,2013-02-07,2320.0,1,2320.0
SO51667,70,146,2013-01-26,2013-02-02,2013-02-07,2320.0,1,2320.0
SO51668,102,141,2013-01-26,2013-02-02,2013-02-07,2320.0,1,2320.0
SO51668,102,142,2013-01-26,2013-02-02,2013-02-07,2320.0,1,2320.0
SO51669,15307,12,2013-01-26,2013-02-02,2013-02-07,9.0,1,9.0
SO51669,15307,13,2013-01-26,2013-02-02,2013-02-07,9.0,1,9.0
SO51669,15307,14,2013-01-26,2013-02-02,2013-02-07,9.0,1,9.0
SO51670,13422,350,2013-01-26,2013-02-02,2013-02-07,2384.0,1,2384.0
SO51671,11399,393,2013-01-26,2013-02-02,2013-02-07,540.0,1,540.0
SO51672,8436,162,2013-01-27,2013-02-03,2013-02-08,2443.0,1,2443.0
SO51672,8436,163,2013-01-27,2013-02-03,2013-02-08,2443.0,1,2443.0
SO51673,5401,168,2013-01-27,2013-02-03,2013-02-08,2443.0,1,2443.0
SO51673,5401,169,2013-01-27,2013-02-03,2013-02-08,2443.0,1,2443.0
SO51674,12598,162,2013-01-27,2013-02-03,2013-02-08,2443.0,1,2443.0
SO51674,12598,163,2013-01-27,2013-02-03,2013-02-08,2443.0,1,2443.0
SO51675,4549,387,2013-01-27,2013-02-03,2013-02-08,540.0,1,540.0
SO51676,9038,162,2013-01-27,2013-02-03,2013-02-08,2443.0,1,2443.0
SO51676,9038,163,2013-01-27,2013-02-03,2013-02-08,2443.0,1,2443.0
SO51677,291,143,2013-01-27,2013-02-03,2013-02-08,2320.0,1,2320.0
SO51677,291,144,2013-01-27,2013-02-03,2013-02-08,2320.0,1,2320.0
SO51678,225,151,2013-01-27,2013-02-03,2013-02-08,2295.0,1,2295.0
SO51678,225,152,2013-01-27,2013-02-03,2013-02-08,2295.0,1,2295.0
SO51679,91,149,2013-01-27,2013-02-03,2013-02-08,2295.0,1,2295.0
SO51679,91,150,2013-01-27,2013-02-03,2013-02-08,2295.0,1,2295.0
SO51680,1282,374,2013-01-27,2013-02-03,2013-02-08,742.0,1,742.0
SO51681,1273,354,2013-01-27,2013-02-03,2013-02-08,742.0,1,742.0
SO51682,58,145,2013-01-27,2013-02-03,2013-02-08,2320.0,1,2320.0
SO51682,58,146,2013-01-27,2013-02-03,2013-02-08,2320.0,1,2320.0
SO51683,96,147,2013-01-27,2013-02-03,2013-02-08,2295.0,1,2295.0
SO51683,96,148,2013-01-27,2013-02-03,2013-02-08,2295.0,1,2295.0
SO51684,452,147,2013-01-27,2013-02-03,2013-02-08,2295.0,1,2295.0
SO51684,452,148,2013-01-27,2013-02-03,2013-02-08,2295.0,1,2295.0
SO51685,8202,176,2013-01-27,2013-02-03,2013-02-08,1120.0,1,1120.0
SO51685,8202,177,2013-01-27,2013-02-03,2013-02-08,1120.0,1,1120.0
SO51686,10014,373,2013-01-27,2013-02-03,2013-02-08,540.0,1,540.0
SO51687,3182,364,2013-01-27,2013-02-03,2013-02-08,2384.0,1,2384.0
SO51688,5311,349,2013-01-27,2013-02-03,2013-02-08,1215.0,1,1215.0
SO51689,15826,366,2013-01-27,2013-02-03,2013-02-08,1215.0,1,1215.0
SO51876,7302,162,2013-01-28,2013-02-04,2013-02-09,2443.0,1,2443.0
SO51876,7302,163,2013-01-28,2013-02-04,2013-02-09,2443.0,1,2443.0
SO51877,410,145,2013-01-28,2013-02-04,2013-02-09,2320.0,1,2320.0
SO51877,410,146,2013-01-28,2013-02-04,2013-02-09,2320.0,1,2320.0
SO51878,469,141,2013-01-28,2013-02-04,2013-02-09,2320.0,1,2320.0
SO51878,469,142,2013-01-28,2013-02-04,2013-02-09,2320.0,1,2320.0
SO51879,17789,12,2013-01-28,2013-02-04,2013-02-09,9.0,1,9.0
SO51879,17789,13,2013-01-28,2013-02-04,2013-02-09,9.0,1,9.0
SO51879,17789,14,2013-01-28,2013-02-04,2013-02-09,9.0,1,9.0
SO51880,1205,268,2013-01-28,2013-02-04,2013-02-09,9.0,1,9.0
SO51881,10408,317,2013-01-28,2013-02-04,2013-02-09,5.0,1,5.0
SO51882,16689,319,2013-01-28,2013-02-04,2013-02-09,5.0,1,5.0
SO51883,4139,4,2013-01-28,2013-02-04,2013-02-09,35.0,1,35.0
SO51883,4139,5,2013-01-28,2013-02-04,2013-02-09,35.0,1,35.0
SO51883,4139,6,2013-01-28,2013-02-04,2013-02-09,35.0,1,35.0
SO51884,5339,330,2013-01-28,2013-02-04,2013-02-09,29.0,1,29.0
SO51885,4641,269,2013-01-28,2013-02-04,2013-02-09,2.0,1,2.0
SO51886,7294,269,2013-01-28,2013-02-04,2013-02-09,2.0,1,2.0
SO51887,531,277,2013-01-28,2013-02-04,2013-02-09,54.0,1,54.0
SO51888,18080,318,2013-01-28,2013-02-04,2013-02-09,4.0,1,4.0
SO51889,16660,327,2013-01-28,2013-02-04,2013-02-09,21.0,1,21.0
SO51890,4572,329,2013-01-28,2013-02-04,2013-02-09,33.0,1,33.0
SO51891,13941,329,2013-01-28,2013-02-04,2013-02-09,33.0,1,33.0
SO51892,13294,329,2013-01-28,2013-02-04,2013-02-09,33.0,1,33.0
SO51893,12557,325,2013-01-28,2013-02-04,2013-02-09,30.0,1,30.0
SO51894,3568,329,2013-01-28,2013-02-04,2013-02-09,33.0,1,33.0
SO51895,13995,329,2013-01-28,2013-02-04,2013-02-09,33.0,1,33.0
SO51896,4857,325,2013-01-28,2013-02-04,2013-02-09,30.0,1,30.0
SO51897,2200,266,2013-01-28,2013-02-04,2013-02-09,5.0,1,5.0
SO51898,4508,267,2013-01-28,2013-02-04,2013-02-09,10.0,1,10.0
SO51899,5983,266,2013-01-28,2013-02-04,2013-02-09,5.0,1,5.0
SO51900,3871,317,2013-01-28,2013-02-04,2013-02-09,5.0,1,5.0
SO51901,4704,326,2013-01-28,2013-02-04,2013-02-09,35.0,1,35.0
SO51902,2572,265,2013-01-28,2013-02-04,2013-02-09,70.0,1,70.0
SO51903,8345,328,2013-01-28,2013-02-04,2013-02-09,25.0,1,25.0
SO51904,3205,318,2013-01-28,2013-02-04,2013-02-09,4.0,1,4.0
SO51905,12942,318,2013-01-28,2013-02-04,2013-02-09,4.0,1,4.0
SO51906,12963,330,2013-01-28,2013-02-04,2013-02-09,29.0,1,29.0
SO51907,5193,319,2013-01-28,2013-02-04,2013-02-09,5.0,1,5.0
SO51908,1393,327,2013-01-28,2013-02-04,2013-02-09,21.0,1,21.0
SO51909,567,319,2013-01-28,2013-02-04,2013-02-09,5.0,1,5.0
SO51910,3080,326,2013-01-28,2013-02-04,2013-02-09,35.0,1,35.0
SO51911,747,326,2013-01-28,2013-02-04,2013-02-09,35.0,1,35.0
SO51912,2016,326,2013-01-28,2013-02-04,2013-02-09,35.0,1,35.0
SO51913,3330,274,2013-01-28,2013-02-04,2013-02-09,22.0,1,22.0
SO51914,11896,162,2013-01-28,2013-02-04,2013-02-09,2443.0,1,2443.0
SO51914,11896,163,2013-01-28,2013-02-04,2013-02-09,2443.0,1,2443.0
SO51915,9201,168,2013-01-28,2013-02-04,2013-02-09,2443.0,1,2443.0
SO51915,9201,169,2013-01-28,2013-02-04,2013-02-09,2443.0,1,2443.0
SO51916,694,147,2013-01-28,2013-02-04,2013-02-09,2295.0,1,2295.0
SO51916,694,148,2013-01-28,2013-02-04,2013-02-09,2295.0,1,2295.0
SO51917,17312,362,2013-01-28,2013-02-04,2013-02-09,2384.0,1,2384.0
SO51918,11331,395,2013-01-28,2013-02-04,2013-02-09,540.0,1,540.0
SO51919,11285,395,2013-01-28,2013-02-04,2013-02-09,540.0,1,540.0
SO51920,8414,174,2013-01-28,2013-02-04,2013-02-09,1120.0,1,1120.0
SO51920,8414,175,2013-01-28,2013-02-04,2013-02-09,1120.0,1,1120.0
SO51921,5393,366,2013-01-28,2013-02-04,2013-02-09,1215.0,1,1215.0
SO51922,13612,170,2013-01-29,2013-02-05,2013-02-10,1120.0,1,1120.0
SO51922,13612,171,2013-01-29,2013-02-05,2013-02-10,1120.0,1,1120.0
SO51923,421,143,2013-01-29,2013-02-05,2013-02-10,2320.0,1,2320.0
SO51923,421,144,2013-01-29,2013-02-05,2013-02-10,2320.0,1,2320.0
SO51924,17608,273,2013-01-29,2013-02-05,2013-02-10,8.0,1,8.0
SO51925,92,268,2013-01-29,2013-02-05,2013-02-10,9.0,1,9.0
SO51926,3558,328,2013-01-29,2013-02-05,2013-02-10,25.0,1,25.0
SO51927,14812,317,2013-01-29,2013-02-05,2013-02-10,5.0,1,5.0
SO51928,18308,267,2013-01-29,2013-02-05,2013-02-10,10.0,1,10.0
SO51929,6063,278,2013-01-29,2013-02-05,2013-02-10,54.0,1,54.0
SO51930,4767,1,2013-01-29,2013-02-05,2013-02-10,35.0,1,35.0
SO51930,4767,2,2013-01-29,2013-02-05,2013-02-10,35.0,1,35.0
SO51930,4767,3,2013-01-29,2013-02-05,2013-02-10,35.0,1,35.0
SO51931,2616,273,2013-01-29,2013-02-05,2013-02-10,8.0,1,8.0
SO51932,1099,12,2013-01-29,2013-02-05,2013-02-10,9.0,1,9.0
SO51932,1099,13,2013-01-29,2013-02-05,2013-02-10,9.0,1,9.0
SO51932,1099,14,2013-01-29,2013-02-05,2013-02-10,9.0,1,9.0
SO51933,277,318,2013-01-29,2013-02-05,2013-02-10,4.0,1,4.0
SO51934,17238,318,2013-01-29,2013-02-05,2013-02-10,4.0,1,4.0
SO51935,15585,330,2013-01-29,2013-02-05,2013-02-10,29.0,1,29.0
SO51936,288,329,2013-01-29,2013-02-05,2013-02-10,33.0,1,33.0
SO51937,6375,324,2013-01-29,2013-02-05,2013-02-10,25.0,1,25.0
SO51938,13742,329,2013-01-29,2013-02-05,2013-02-10,33.0,1,33.0
SO51939,12671,325,2013-01-29,2013-02-05,2013-02-10,30.0,1,30.0
SO51940,3292,267,2013-01-29,2013-02-05,2013-02-10,10.0,1,10.0
SO51941,9538,267,2013-01-29,2013-02-05,2013-02-10,10.0,1,10.0
SO51942,224,267,2013-01-29,2013-02-05,2013-02-10,100.0,10,0.0
SO51943,1078,267,2013-01-29,2013-02-05,2013-02-10,10.0,1,10.0
SO51944,7455,262,2013-01-29,2013-02-05,2013-02-10,64.0,1,64.0
SO51945,7836,265,2013-01-29,2013-02-05,2013-02-10,70.0,1,70.0
SO51946,1055,266,2013-01-29,2013-02-05,2013-02-10,5.0,1,5.0
SO51947,5782,266,2013-01-29,2013-02-05,2013-02-10,5.0,1,5.0
SO51948,4320,317,2013-01-29,2013-02-05,2013-02-10,5.0,1,5.0
SO51949,5042,324,2013-01-29,2013-02-05,2013-02-10,25.0,1,25.0
SO51950,11819,325,2013-01-29,2013-02-05,2013-02-10,30.0,1,30.0
SO51951,13840,318,2013-01-29,2013-02-05,2013-02-10,4.0,1,4.0
SO51952,13095,266,2013-01-29,2013-02-05,2013-02-10,5.0,1,5.0
SO51953,14311,318,2013-01-29,2013-02-05,2013-02-10,4.0,1,4.0
SO51954,9959,266,2013-01-29,2013-02-05,2013-02-10,5.0,1,5.0
SO51955,2583,319,2013-01-29,2013-02-05,2013-02-10,5.0,1,5.0
SO51956,18394,327,2013-01-29,2013-02-05,2013-02-10,21.0,1,21.0
SO51957,1062,326,2013-01-29,2013-02-05,2013-02-10,35.0,1,35.0
SO51958,9184,162,2013-01-29,2013-02-05,2013-02-10,2443.0,1,2443.0
SO51958,9184,163,2013-01-29,2013-02-05,2013-02-10,2443.0,1,2443.0
SO51959,297,147,2013-01-29,2013-02-05,2013-02-10,2295.0,1,2295.0
SO51959,297,148,2013-01-29,2013-02-05,2013-02-10,2295.0,1,2295.0
SO51960,1284,12,2013-01-29,2013-02-05,2013-02-10,9.0,1,9.0
SO51960,1284,13,2013-01-29,2013-02-05,2013-02-10,9.0,1,9.0
SO51960,1284,14,2013-01-29,2013-02-05,2013-02-10,9.0,1,9.0
SO51961,15750,394,2013-01-29,2013-02-05,2013-02-10,540.0,1,540.0
SO51962,5492,359,2013-01-29,2013-02-05,2013-02-10,742.0,1,742.0
SO51963,13064,351,2013-01-29,2013-02-05,2013-02-10,2384.0,1,2384.0
SO51964,7310,162,2013-01-29,2013-02-05,2013-02-10,2443.0,1,2443.0
SO51964,7310,163,2013-01-29,2013-02-05,2013-02-10,2443.0,1,2443.0
SO51965,7251,164,2013-01-30,2013-02-06,2013-02-11,2443.0,1,2443.0
SO51965,7251,165,2013-01-30,2013-02-06,2013-02-11,2443.0,1,2443.0
SO51966,2541,143,2013-01-30,2013-02-06,2013-02-11,2320.0,1,2320.0
SO51966,2541,144,2013-01-30,2013-02-06,2013-02-11,2320.0,1,2320.0
SO51967,1808,145,2013-01-30,2013-02-06,2013-02-11,2320.0,1,2320.0
SO51967,1808,146,2013-01-30,2013-02-06,2013-02-11,2320.0,1,2320.0
SO51968,2172,272,2013-01-30,2013-02-06,2013-02-11,120.0,1,120.0
SO51969,3053,324,2013-01-30,2013-02-06,2013-02-11,25.0,1,25.0
SO51970,6306,328,2013-01-30,2013-02-06,2013-02-11,25.0,1,25.0
SO51971,5610,325,2013-01-30,2013-02-06,2013-02-11,30.0,1,30.0
SO51972,10177,326,2013-01-30,2013-02-06,2013-02-11,35.0,1,35.0
SO51973,11847,326,2013-01-30,2013-02-06,2013-02-11,35.0,1,35.0
SO51974,4137,9,2013-01-30,2013-02-06,2013-02-11,35.0,1,35.0
SO51974,4137,10,2013-01-30,2013-02-06,2013-02-11,35.0,1,35.0
SO51974,4137,11,2013-01-30,2013-02-06,2013-02-11,35.0,1,35.0
SO51975,764,251,2013-01-30,2013-02-06,2013-02-11,24.0,1,24.0
SO51975,764,252,2013-01-30,2013-02-06,2013-02-11,24.0,1,24.0
SO51976,6075,12,2013-01-30,2013-02-06,2013-02-11,9.0,1,9.0
SO51976,6075,13,2013-01-30,2013-02-06,2013-02-11,9.0,1,9.0
SO51976,6075,14,2013-01-30,2013-02-06,2013-02-11,9.0,1,9.0
SO51977,7192,12,2013-01-30,2013-02-06,2013-02-11,9.0,1,9.0
SO51977,7192,13,2013-01-30,2013-02-06,2013-02-11,9.0,1,9.0
SO51977,7192,14,2013-01-30,2013-02-06,2013-02-11,9.0,1,9.0
SO51978,8970,266,2013-01-30,2013-02-06,2013-02-11,5.0,1,5.0
SO51979,8478,164,2013-01-30,2013-02-06,2013-02-11,2443.0,1,2443.0
SO51979,8478,165,2013-01-30,2013-02-06,2013-02-11,2443.0,1,2443.0
SO51980,503,279,2013-01-30,2013-02-06,2013-02-11,54.0,1,54.0
SO51981,674,279,2013-01-30,2013-02-06,2013-02-11,54.0,1,54.0
SO51982,17275,319,2013-01-30,2013-02-06,2013-02-11,5.0,1,5.0
SO51983,642,327,2013-01-30,2013-02-06,2013-02-11,21.0,1,21.0
SO51984,7330,327,2013-01-30,2013-02-06,2013-02-11,21.0,1,21.0
SO51985,16067,319,2013-01-30,2013-02-06,2013-02-11,5.0,1,5.0
SO51986,4479,318,2013-01-30,2013-02-06,2013-02-11,4.0,1,4.0
SO51987,5098,267,2013-01-30,2013-02-06,2013-02-11,10.0,1,10.0
SO51988,2492,267,2013-01-30,2013-02-06,2013-02-11,10.0,1,10.0
SO51989,10919,266,2013-01-30,2013-02-06,2013-02-11,5.0,1,5.0
SO51990,1166,267,2013-01-30,2013-02-06,2013-02-11,10.0,1,10.0
SO51991,213,265,2013-01-30,2013-02-06,2013-02-11,70.0,1,70.0
SO51992,7988,264,2013-01-30,2013-02-06,2013-02-11,70.0,1,70.0
SO51993,16503,263,2013-01-30,2013-02-06,2013-02-11,70.0,1,70.0
SO51994,5335,274,2013-01-30,2013-02-06,2013-02-11,22.0,1,22.0
SO51995,5228,274,2013-01-30,2013-02-06,2013-02-11,22.0,1,22.0
SO51996,3246,274,2013-01-30,2013-02-06,2013-02-11,22.0,1,22.0
SO51997,7175,317,2013-01-30,2013-02-06,2013-02-11,5.0,1,5.0
SO51998,6883,317,2013-01-30,2013-02-06,2013-02-11,5.0,1,5.0
SO51999,14800,266,2013-01-30,2013-02-06,2013-02-11,5.0,1,5.0
SO52000,16943,319,2013-01-30,2013-02-06,2013-02-11,5.0,1,5.0
SO52001,2575,319,2013-01-30,2013-02-06,2013-02-11,5.0,1,5.0
SO52002,633,326,2013-01-30,2013-02-06,2013-02-11,35.0,1,35.0
SO52003,4508,326,2013-01-30,2013-02-06,2013-02-11,35.0,1,35.0
SO52004,4563,386,2013-01-30,2013-02-06,2013-02-11,540.0,1,540.0
SO52005,10653,387,2013-01-30,2013-02-06,2013-02-11,540.0,1,540.0
SO52006,9205,164,2013-01-30,2013-02-06,2013-02-11,2443.0,1,2443.0
SO52006,9205,165,2013-01-30,2013-02-06,2013-02-11,2443.0,1,2443.0
SO52007,2884,377,2013-01-30,2013-02-06,2013-02-11,769.0,1,769.0
SO52008,819,151,2013-01-30,2013-02-06,2013-02-11,2295.0,1,2295.0
SO52008,819,152,2013-01-30,2013-02-06,2013-02-11,2295.0,1,2295.0
SO52009,831,149,2013-01-30,2013-02-06,2013-02-11,2295.0,1,2295.0
SO52009,831,150,2013-01-30,2013-02-06,2013-02-11,2295.0,1,2295.0
SO52010,324,151,2013-01-30,2013-02-06,2013-02-11,2295.0,1,2295.0
SO52010,324,152,2013-01-30,2013-02-06,2013-02-11,2295.0,1,2295.0
SO52011,1054,141,2013-01-30,2013-02-06,2013-02-11,2320.0,1,2320.0
SO52011,1054,142,2013-01-30,2013-02-06,2013-02-11,2320.0,1,2320.0
SO52012,3151,357,2013-01-30,2013-02-06,2013-02-11,742.0,1,742.0
SO52013,2261,360,2013-01-30,2013-02-06,2013-02-11,742.0,1,742.0
SO52014,5665,377,2013-01-30,2013-02-06,2013-02-11,769.0,1,769.0
SO52015,11283,394,2013-01-30,2013-02-06,2013-02-11,540.0,1,540.0
SO52016,8404,170,2013-01-30,2013-02-06,2013-02-11,1120.0,1,1120.0
SO52016,8404,171,2013-01-30,2013-02-06,2013-02-11,1120.0,1,1120.0
SO52017,1132,350,2013-01-30,2013-02-06,2013-02-11,2384.0,1,2384.0
SO52018,7471,164,2013-01-30,2013-02-06,2013-02-11,2443.0,1,2443.0
SO52018,7471,165,2013-01-30,2013-02-06,2013-02-11,2443.0,1,2443.0
SO52019,12412,170,2013-01-31,2013-02-07,2013-02-12,1120.0,1,1120.0
SO52019,12412,171,2013-01-31,2013-02-07,2013-02-12,1120.0,1,1120.0
SO52020,345,149,2013-01-31,2013-02-07,2013-02-12,2295.0,1,2295.0
SO52020,345,150,2013-01-31,2013-02-07,2013-02-12,2295.0,1,2295.0
SO52021,1807,151,2013-01-31,2013-02-07,2013-02-12,2295.0,1,2295.0
SO52021,1807,152,2013-01-31,2013-02-07,2013-02-12,2295.0,1,2295.0
SO52022,489,143,2013-01-31,2013-02-07,2013-02-12,2320.0,1,2320.0
SO52022,489,144,2013-01-31,2013-02-07,2013-02-12,2320.0,1,2320.0
SO52023,501,9,2013-01-31,2013-02-07,2013-02-12,35.0,1,35.0
SO52023,501,10,2013-01-31,2013-02-07,2013-02-12,35.0,1,35.0
SO52023,501,11,2013-01-31,2013-02-07,2013-02-12,35.0,1,35.0
SO52024,8088,274,2013-01-31,2013-02-07,2013-02-12,22.0,1,22.0
SO52025,7294,274,2013-01-31,2013-02-07,2013-02-12,22.0,1,22.0
SO52026,18288,266,2013-01-31,2013-02-07,2013-02-12,5.0,1,5.0
SO52027,16982,319,2013-01-31,2013-02-07,2013-02-12,5.0,1,5.0
SO52028,15133,317,2013-01-31,2013-02-07,2013-02-12,5.0,1,5.0
SO52029,13495,267,2013-01-31,2013-02-07,2013-02-12,10.0,1,10.0
SO52030,126,273,2013-01-31,2013-02-07,2013-02-12,8.0,1,8.0
SO52031,8089,269,2013-01-31,2013-02-07,2013-02-12,2.0,1,2.0
SO52032,5407,377,2013-01-31,2013-02-07,2013-02-12,769.0,1,769.0
SO52033,5428,378,2013-01-31,2013-02-07,2013-02-12,769.0,1,769.0
SO52034,3092,277,2013-01-31,2013-02-07,2013-02-12,54.0,1,54.0
SO52035,301,12,2013-01-31,2013-02-07,2013-02-12,9.0,1,9.0
SO52035,301,13,2013-01-31,2013-02-07,2013-02-12,9.0,1,9.0
SO52035,301,14,2013-01-31,2013-02-07,2013-02-12,9.0,1,9.0
SO52036,14338,317,2013-01-31,2013-02-07,2013-02-12,5.0,1,5.0
SO52037,15200,324,2013-01-31,2013-02-07,2013-02-12,25.0,1,25.0
SO52038,12467,325,2013-01-31,2013-02-07,2013-02-12,30.0,1,30.0
SO52039,10763,267,2013-01-31,2013-02-07,2013-02-12,10.0,1,10.0
SO52040,5849,264,2013-01-31,2013-02-07,2013-02-12,70.0,1,70.0
SO52041,4414,265,2013-01-31,2013-02-07,2013-02-12,70.0,1,70.0
SO52042,12560,317,2013-01-31,2013-02-07,2013-02-12,5.0,1,5.0
SO52043,5385,317,2013-01-31,2013-02-07,2013-02-12,5.0,1,5.0
SO52044,6277,266,2013-01-31,2013-02-07,2013-02-12,5.0,1,5.0
SO52045,4477,317,2013-01-31,2013-02-07,2013-02-12,5.0,1,5.0
SO52046,9131,317,2013-01-31,2013-02-07,2013-02-12,5.0,1,5.0
SO52047,9493,274,2013-01-31,2013-02-07,2013-02-12,22.0,1,22.0
SO52048,8782,317,2013-01-31,2013-02-07,2013-02-12,5.0,1,5.0
SO52049,2819,326,2013-01-31,2013-02-07,2013-02-12,35.0,1,35.0
SO52050,10862,266,2013-01-31,2013-02-07,2013-02-12,5.0,1,5.0
SO52051,9143,318,2013-01-31,2013-02-07,2013-02-12,4.0,1,4.0
SO52052,14802,266,2013-01-31,2013-02-07,2013-02-12,5.0,1,5.0
SO52053,724,326,2013-01-31,2013-02-07,2013-02-12,35.0,1,35.0
SO52054,208,326,2013-01-31,2013-02-07,2013-02-12,35.0,1,35.0
SO52055,2235,274,2013-01-31,2013-02-07,2013-02-12,22.0,1,22.0
SO52056,7961,383,2013-01-31,2013-02-07,2013-02-12,565.0,1,565.0
SO52057,1061,141,2013-01-31,2013-02-07,2013-02-12,2320.0,1,2320.0
SO52057,1061,142,2013-01-31,2013-02-07,2013-02-12,2320.0,1,2320.0
SO52058,326,145,2013-01-31,2013-02-07,2013-02-12,2320.0,1,2320.0
SO52058,326,146,2013-01-31,2013-02-07,2013-02-12,2320.0,1,2320.0
SO52059,14750,356,2013-01-31,2013-02-07,2013-02-12,742.0,1,742.0
SO52060,7700,371,2013-01-31,2013-02-07,2013-02-12,1701.0,1,1701.0
SO52061,9159,373,2013-01-31,2013-02-07,2013-02-12,540.0,1,540.0
SO52062,14147,12,2013-01-31,2013-02-07,2013-02-12,9.0,1,9.0
SO52062,14147,13,2013-01-31,2013-02-07,2013-02-12,9.0,1,9.0
SO52062,14147,14,2013-01-31,2013-02-07,2013-02-12,9.0,1,9.0
SO52063,8533,170,2013-01-31,2013-02-07,2013-02-12,1120.0,1,1120.0
SO52063,8533,171,2013-01-31,2013-02-07,2013-02-12,1120.0,1,1120.0
SO52064,6977,368,2013-01-31,2013-02-07,2013-02-12,1215.0,1,1215.0
SO52065,12312,170,2013-02-01,2013-02-08,2013-02-13,1120.0,1,1120.0
SO52065,12312,171,2013-02-01,2013-02-08,2013-02-13,1120.0,1,1120.0
SO52066,1534,268,2013-02-01,2013-02-08,2013-02-13,9.0,1,9.0
SO52067,1198,273,2013-02-01,2013-02-08,2013-02-13,8.0,1,8.0
SO52068,2636,324,2013-02-01,2013-02-08,2013-02-13,25.0,1,25.0
SO52069,9454,327,2013-02-01,2013-02-08,2013-02-13,21.0,1,21.0
SO52070,9238,327,2013-02-01,2013-02-08,2013-02-13,21.0,1,21.0
SO52071,10367,317,2013-02-01,2013-02-08,2013-02-13,5.0,1,5.0
SO52072,114,267,2013-02-01,2013-02-08,2013-02-13,10.0,1,10.0
SO52073,1248,15,2013-02-01,2013-02-08,2013-02-13,50.0,1,50.0
SO52073,1248,16,2013-02-01,2013-02-08,2013-02-13,50.0,1,50.0
SO52073,1248,17,2013-02-01,2013-02-08,2013-02-13,50.0,1,50.0
SO52074,212,319,2013-02-01,2013-02-08,2013-02-13,5.0,1,5.0
SO52075,16625,330,2013-02-01,2013-02-08,2013-02-13,29.0,1,29.0
SO52076,17227,327,2013-02-01,2013-02-08,2013-02-13,21.0,1,21.0
SO52077,13653,318,2013-02-01,2013-02-08,2013-02-13,4.0,1,4.0
SO52078,14440,318,2013-02-01,2013-02-08,2013-02-13,4.0,1,4.0
SO52079,13487,318,2013-02-01,2013-02-08,2013-02-13,4.0,1,4.0
SO52080,12691,325,2013-02-01,2013-02-08,2013-02-13,30.0,1,30.0
SO52081,14046,329,2013-02-01,2013-02-08,2013-02-13,33.0,1,33.0
SO52082,12832,317,2013-02-01,2013-02-08,2013-02-13,5.0,1,5.0
SO52083,301,325,2013-02-01,2013-02-08,2013-02-13,30.0,1,30.0
SO52084,3447,267,2013-02-01,2013-02-08,2013-02-13,10.0,1,10.0
SO52085,3562,267,2013-02-01,2013-02-08,2013-02-13,10.0,1,10.0
SO52086,9682,267,2013-02-01,2013-02-08,2013-02-13,10.0,1,10.0
SO52087,8714,264,2013-02-01,2013-02-08,2013-02-13,70.0,1,70.0
SO52088,2861,267,2013-02-01,2013-02-08,2013-02-13,10.0,1,10.0
SO52089,7936,264,2013-02-01,2013-02-08,2013-02-13,70.0,1,70.0
SO52090,7890,263,2013-02-01,2013-02-08,2013-02-13,70.0,1,70.0
SO52091,4158,265,2013-02-01,2013-02-08,2013-02-13,70.0,1,70.0
SO52092,16416,264,2013-02-01,2013-02-08,2013-02-13,70.0,1,70.0
SO52093,6686,266,2013-02-01,2013-02-08,2013-02-13,5.0,1,5.0
SO52094,4862,317,2013-02-01,2013-02-08,2013-02-13,5.0,1,5.0
SO52095,2873,274,2013-02-01,2013-02-08,2013-02-13,22.0,1,22.0
SO52096,9051,318,2013-02-01,2013-02-08,2013-02-13,4.0,1,4.0
SO52097,4618,324,2013-02-01,2013-02-08,2013-02-13,25.0,1,25.0
SO52098,17909,327,2013-02-01,2013-02-08,2013-02-13,21.0,1,21.0
SO52099,4682,330,2013-02-01,2013-02-08,2013-02-13,29.0,1,29.0
SO52100,16185,319,2013-02-01,2013-02-08,2013-02-13,5.0,1,5.0
SO52101,5965,274,2013-02-01,2013-02-08,2013-02-13,22.0,1,22.0
SO52102,1725,267,2013-02-01,2013-02-08,2013-02-13,10.0,1,10.0
SO52103,10619,387,2013-02-01,2013-02-08,2013-02-13,540.0,1,540.0
SO52104,328,147,2013-02-01,2013-02-08,2013-02-13,2295.0,1,2295.0
SO52104,328,148,2013-02-01,2013-02-08,2013-02-13,2295.0,1,2295.0
SO52105,523,149,2013-02-01,2013-02-08,2013-02-13,2295.0,1,2295.0
SO52105,523,150,2013-02-01,2013-02-08,2013-02-13,2295.0,1,2295.0
SO52106,13661,352,2013-02-01,2013-02-08,2013-02-13,2384.0,1,2384.0
SO52107,7273,166,2013-02-02,2013-02-09,2013-02-14,2443.0,1,2443.0
SO52107,7273,167,2013-02-02,2013-02-09,2013-02-14,2443.0,1,2443.0
SO52108,395,141,2013-02-02,2013-02-09,2013-02-14,2320.0,1,2320.0
SO52108,395,142,2013-02-02,2013-02-09,2013-02-14,2320.0,1,2320.0
SO52109,417,151,2013-02-02,2013-02-09,2013-02-14,2295.0,1,2295.0
SO52109,417,152,2013-02-02,2013-02-09,2013-02-14,2295.0,1,2295.0
SO52110,1743,141,2013-02-02,2013-02-09,2013-02-14,2320.0,1,2320.0
SO52110,1743,142,2013-02-02,2013-02-09,2013-02-14,2320.0,1,2320.0
SO52111,548,151,2013-02-02,2013-02-09,2013-02-14,2295.0,1,2295.0
SO52111,548,152,2013-02-02,2013-02-09,2013-02-14,2295.0,1,2295.0
SO52112,497,147,2013-02-02,2013-02-09,2013-02-14,2295.0,1,2295.0
SO52112,497,148,2013-02-02,2013-02-09,2013-02-14,2295.0,1,2295.0
SO52113,278,1,2013-02-02,2013-02-09,2013-02-14,35.0,1,35.0
SO52113,278,2,2013-02-02,2013-02-09,2013-02-14,35.0,1,35.0
SO52113,278,3,2013-02-02,2013-02-09,2013-02-14,35.0,1,35.0
SO52114,4593,328,2013-02-02,2013-02-09,2013-02-14,25.0,1,25.0
SO52115,10884,326,2013-02-02,2013-02-09,2013-02-14,35.0,1,35.0
SO52116,16969,319,2013-02-02,2013-02-09,2013-02-14,5.0,1,5.0
SO52117,11029,265,2013-02-02,2013-02-09,2013-02-14,70.0,1,70.0
SO52118,14924,318,2013-02-02,2013-02-09,2013-02-14,4.0,1,4.0
SO52119,2139,318,2013-02-02,2013-02-09,2013-02-14,4.0,1,4.0
SO52120,11694,371,2013-02-02,2013-02-09,2013-02-14,1701.0,1,1701.0
SO52121,13094,168,2013-02-02,2013-02-09,2013-02-14,2443.0,1,2443.0
SO52121,13094,169,2013-02-02,2013-02-09,2013-02-14,2443.0,1,2443.0
SO52122,701,277,2013-02-02,2013-02-09,2013-02-14,54.0,1,54.0
SO52123,1177,272,2013-02-02,2013-02-09,2013-02-14,120.0,1,120.0
SO52124,16041,319,2013-02-02,2013-02-09,2013-02-14,5.0,1,5.0
SO52125,739,324,2013-02-02,2013-02-09,2013-02-14,25.0,1,25.0
SO52126,15490,324,2013-02-02,2013-02-09,2013-02-14,25.0,1,25.0
SO52127,177,329,2013-02-02,2013-02-09,2013-02-14,33.0,1,33.0
SO52128,15196,324,2013-02-02,2013-02-09,2013-02-14,25.0,1,25.0
SO52129,6028,317,2013-02-02,2013-02-09,2013-02-14,5.0,1,5.0
SO52130,11339,267,2013-02-02,2013-02-09,2013-02-14,10.0,1,10.0
SO52131,7776,264,2013-02-02,2013-02-09,2013-02-14,70.0,1,70.0
SO52132,7665,266,2013-02-02,2013-02-09,2013-02-14,5.0,1,5.0
SO52133,5954,266,2013-02-02,2013-02-09,2013-02-14,5.0,1,5.0
SO52134,5512,317,2013-02-02,2013-02-09,2013-02-14,5.0,1,5.0
SO52135,4821,274,2013-02-02,2013-02-09,2013-02-14,22.0,1,22.0
SO52136,2511,265,2013-02-02,2013-02-09,2013-02-14,70.0,1,70.0
SO52137,10121,266,2013-02-02,2013-02-09,2013-02-14,5.0,1,5.0
SO52138,16332,318,2013-02-02,2013-02-09,2013-02-14,4.0,1,4.0
SO52139,10841,328,2013-02-02,2013-02-09,2013-02-14,25.0,1,25.0
SO52140,15853,318,2013-02-02,2013-02-09,2013-02-14,4.0,1,4.0
SO52141,15990,327,2013-02-02,2013-02-09,2013-02-14,21.0,1,21.0
SO52142,8347,327,2013-02-02,2013-02-09,2013-02-14,21.0,1,21.0
SO52143,2664,319,2013-02-02,2013-02-09,2013-02-14,5.0,1,5.0
SO52144,869,326,2013-02-02,2013-02-09,2013-02-14,35.0,1,35.0
SO52145,1709,326,2013-02-02,2013-02-09,2013-02-14,35.0,1,35.0
SO52146,1090,151,2013-02-02,2013-02-09,2013-02-14,2295.0,1,2295.0
SO52146,1090,152,2013-02-02,2013-02-09,2013-02-14,2295.0,1,2295.0
SO52147,303,151,2013-02-02,2013-02-09,2013-02-14,2295.0,1,2295.0
SO52147,303,152,2013-02-02,2013-02-09,2013-02-14,2295.0,1,2295.0
SO52148,11951,372,2013-02-02,2013-02-09,2013-02-14,1701.0,1,1701.0
SO52149,17721,352,2013-02-02,2013-02-09,2013-02-14,2384.0,1,2384.0
SO52150,11277,395,2013-02-02,2013-02-09,2013-02-14,540.0,1,540.0
SO52151,16801,176,2013-02-02,2013-02-09,2013-02-14,1120.0,1,1120.0
SO52151,16801,177,2013-02-02,2013-02-09,2013-02-14,1120.0,1,1120.0
SO52152,12225,170,2013-02-02,2013-02-09,2013-02-14,1120.0,1,1120.0
SO52152,12225,171,2013-02-02,2013-02-09,2013-02-14,1120.0,1,1120.0
SO52153,2522,160,2013-02-03,2013-02-10,2013-02-15,2443.0,1,2443.0
SO52153,2522,161,2013-02-03,2013-02-10,2013-02-15,2443.0,1,2443.0
SO52154,7252,162,2013-02-03,2013-02-10,2013-02-15,2443.0,1,2443.0
SO52154,7252,163,2013-02-03,2013-02-10,2013-02-15,2443.0,1,2443.0
SO52155,7255,160,2013-02-03,2013-02-10,2013-02-15,2443.0,1,2443.0
SO52155,7255,161,2013-02-03,2013-02-10,2013-02-15,2443.0,1,2443.0
SO52156,5704,162,2013-02-03,2013-02-10,2013-02-15,2443.0,1,2443.0
SO52156,5704,163,2013-02-03,2013-02-10,2013-02-15,2443.0,1,2443.0
SO52157,13610,170,2013-02-03,2013-02-10,2013-02-15,1120.0,1,1120.0
SO52157,13610,171,2013-02-03,2013-02-10,2013-02-15,1120.0,1,1120.0
SO52158,13614,176,2013-02-03,2013-02-10,2013-02-15,1120.0,1,1120.0
SO52158,13614,177,2013-02-03,2013-02-10,2013-02-15,1120.0,1,1120.0
SO52159,997,367,2013-02-03,2013-02-10,2013-02-15,1215.0,1,1215.0
SO52160,423,151,2013-02-03,2013-02-10,2013-02-15,2295.0,1,2295.0
SO52160,423,152,2013-02-03,2013-02-10,2013-02-15,2295.0,1,2295.0
SO52161,382,143,2013-02-03,2013-02-10,2013-02-15,2320.0,1,2320.0
SO52161,382,144,2013-02-03,2013-02-10,2013-02-15,2320.0,1,2320.0
SO52162,381,151,2013-02-03,2013-02-10,2013-02-15,2295.0,1,2295.0
SO52162,381,152,2013-02-03,2013-02-10,2013-02-15,2295.0,1,2295.0
SO52163,979,1,2013-02-03,2013-02-10,2013-02-15,35.0,1,35.0
SO52163,979,2,2013-02-03,2013-02-10,2013-02-15,35.0,1,35.0
SO52163,979,3,2013-02-03,2013-02-10,2013-02-15,35.0,1,35.0
SO52164,120,324,2013-02-03,2013-02-10,2013-02-15,25.0,1,25.0
SO52165,5618,317,2013-02-03,2013-02-10,2013-02-15,5.0,1,5.0
SO52166,17534,266,2013-02-03,2013-02-10,2013-02-15,5.0,1,5.0
SO52167,8500,160,2013-02-03,2013-02-10,2013-02-15,2443.0,1,2443.0
SO52167,8500,161,2013-02-03,2013-02-10,2013-02-15,2443.0,1,2443.0
SO52168,2791,378,2013-02-03,2013-02-10,2013-02-15,769.0,1,769.0
SO52169,633,278,2013-02-03,2013-02-10,2013-02-15,54.0,1,54.0
SO52170,1796,330,2013-02-03,2013-02-10,2013-02-15,29.0,1,29.0
SO52171,4173,330,2013-02-03,2013-02-10,2013-02-15,29.0,1,29.0
SO52172,13990,329,2013-02-03,2013-02-10,2013-02-15,33.0,1,33.0
SO52173,15279,317,2013-02-03,2013-02-10,2013-02-15,5.0,1,5.0
SO52174,12786,317,2013-02-03,2013-02-10,2013-02-15,5.0,1,5.0
SO52175,15018,317,2013-02-03,2013-02-10,2013-02-15,5.0,1,5.0
SO52176,7678,325,2013-02-03,2013-02-10,2013-02-15,30.0,1,30.0
SO52177,12730,318,2013-02-03,2013-02-10,2013-02-15,4.0,1,4.0
SO52178,5871,267,2013-02-03,2013-02-10,2013-02-15,10.0,1,10.0
SO52179,12250,267,2013-02-03,2013-02-10,2013-02-15,10.0,1,10.0
SO52180,8728,263,2013-02-03,2013-02-10,2013-02-15,70.0,1,70.0
SO52181,2733,266,2013-02-03,2013-02-10,2013-02-15,5.0,1,5.0
SO52182,8169,265,2013-02-03,2013-02-10,2013-02-15,70.0,1,70.0
SO52183,6507,266,2013-02-03,2013-02-10,2013-02-15,5.0,1,5.0
SO52184,16401,265,2013-02-03,2013-02-10,2013-02-15,70.0,1,70.0
SO52185,13747,12,2013-02-03,2013-02-10,2013-02-15,9.0,1,9.0
SO52185,13747,13,2013-02-03,2013-02-10,2013-02-15,9.0,1,9.0
SO52185,13747,14,2013-02-03,2013-02-10,2013-02-15,9.0,1,9.0
SO52186,5815,266,2013-02-03,2013-02-10,2013-02-15,5.0,1,5.0
SO52187,7111,266,2013-02-03,2013-02-10,2013-02-15,5.0,1,5.0
SO52188,4431,317,2013-02-03,2013-02-10,2013-02-15,5.0,1,5.0
SO52189,4258,317,2013-02-03,2013-02-10,2013-02-15,5.0,1,5.0
SO52190,3762,317,2013-02-03,2013-02-10,2013-02-15,5.0,1,5.0
SO52191,12071,317,2013-02-03,2013-02-10,2013-02-15,5.0,1,5.0
SO52192,10340,317,2013-02-03,2013-02-10,2013-02-15,5.0,1,5.0
SO52193,4279,274,2013-02-03,2013-02-10,2013-02-15,22.0,1,22.0
SO52194,5210,274,2013-02-03,2013-02-10,2013-02-15,22.0,1,22.0
SO52195,4822,274,2013-02-03,2013-02-10,2013-02-15,22.0,1,22.0
SO52196,6994,328,2013-02-03,2013-02-10,2013-02-15,25.0,1,25.0
SO52197,17731,327,2013-02-03,2013-02-10,2013-02-15,21.0,1,21.0
SO52198,1503,327,2013-02-03,2013-02-10,2013-02-15,21.0,1,21.0
SO52199,16324,330,2013-02-03,2013-02-10,2013-02-15,29.0,1,29.0
SO52200,1985,326,2013-02-03,2013-02-10,2013-02-15,35.0,1,35.0
SO52201,7963,385,2013-02-03,2013-02-10,2013-02-15,540.0,1,540.0
SO52202,527,145,2013-02-03,2013-02-10,2013-02-15,2320.0,1,2320.0
SO52202,527,146,2013-02-03,2013-02-10,2013-02-15,2320.0,1,2320.0
SO52203,1059,149,2013-02-03,2013-02-10,2013-02-15,2295.0,1,2295.0
SO52203,1059,150,2013-02-03,2013-02-10,2013-02-15,2295.0,1,2295.0
SO52204,6648,375,2013-02-03,2013-02-10,2013-02-15,742.0,1,742.0
SO52205,7701,372,2013-02-03,2013-02-10,2013-02-15,1701.0,1,1701.0
SO52206,6515,389,2013-02-03,2013-02-10,2013-02-15,540.0,1,540.0
SO52207,57,141,2013-02-03,2013-02-10,2013-02-15,2320.0,1,2320.0
SO52207,57,142,2013-02-03,2013-02-10,2013-02-15,2320.0,1,2320.0
SO52208,10604,395,2013-02-03,2013-02-10,2013-02-15,540.0,1,540.0
SO52209,18389,393,2013-02-03,2013-02-10,2013-02-15,540.0,1,540.0
SO52210,7309,164,2013-02-03,2013-02-10,2013-02-15,2443.0,1,2443.0
SO52210,7309,165,2013-02-03,2013-02-10,2013-02-15,2443.0,1,2443.0
SO52211,7483,164,2013-02-04,2013-02-11,2013-02-16,2443.0,1,2443.0
SO52211,7483,165,2013-02-04,2013-02-11,2013-02-16,2443.0,1,2443.0
SO52212,7276,160,2013-02-04,2013-02-11,2013-02-16,2443.0,1,2443.0
SO52212,7276,161,2013-02-04,2013-02-11,2013-02-16,2443.0,1,2443.0
SO52213,411,147,2013-02-04,2013-02-11,2013-02-16,2295.0,1,2295.0
SO52213,411,148,2013-02-04,2013-02-11,2013-02-16,2295.0,1,2295.0
SO52214,484,145,2013-02-04,2013-02-11,2013-02-16,2320.0,1,2320.0
SO52214,484,146,2013-02-04,2013-02-11,2013-02-16,2320.0,1,2320.0
SO52215,1932,12,2013-02-04,2013-02-11,2013-02-16,9.0,1,9.0
SO52215,1932,13,2013-02-04,2013-02-11,2013-02-16,9.0,1,9.0
SO52215,1932,14,2013-02-04,2013-02-11,2013-02-16,9.0,1,9.0
SO52216,4141,328,2013-02-04,2013-02-11,2013-02-16,25.0,1,25.0
SO52217,6079,325,2013-02-04,2013-02-11,2013-02-16,30.0,1,30.0
SO52218,10888,326,2013-02-04,2013-02-11,2013-02-16,35.0,1,35.0
SO52219,16979,319,2013-02-04,2013-02-11,2013-02-16,5.0,1,5.0
SO52220,2999,1,2013-02-04,2013-02-11,2013-02-16,35.0,1,35.0
SO52220,2999,2,2013-02-04,2013-02-11,2013-02-16,35.0,1,35.0
SO52220,2999,3,2013-02-04,2013-02-11,2013-02-16,35.0,1,35.0
SO52221,6292,278,2013-02-04,2013-02-11,2013-02-16,54.0,1,54.0
SO52222,6630,369,2013-02-04,2013-02-11,2013-02-16,1701.0,1,1701.0
SO52223,8494,160,2013-02-04,2013-02-11,2013-02-16,2443.0,1,2443.0
SO52223,8494,161,2013-02-04,2013-02-11,2013-02-16,2443.0,1,2443.0
SO52224,12636,164,2013-02-04,2013-02-11,2013-02-16,2443.0,1,2443.0
SO52224,12636,165,2013-02-04,2013-02-11,2013-02-16,2443.0,1,2443.0
SO52225,18015,328,2013-02-04,2013-02-11,2013-02-16,25.0,1,25.0
SO52226,15789,330,2013-02-04,2013-02-11,2013-02-16,29.0,1,29.0
SO52227,15599,319,2013-02-04,2013-02-11,2013-02-16,5.0,1,5.0
SO52228,13821,329,2013-02-04,2013-02-11,2013-02-16,33.0,1,33.0
SO52229,15574,330,2013-02-04,2013-02-11,2013-02-16,29.0,1,29.0
SO52230,13498,329,2013-02-04,2013-02-11,2013-02-16,33.0,1,33.0
SO52231,713,329,2013-02-04,2013-02-11,2013-02-16,33.0,1,33.0
SO52232,11039,317,2013-02-04,2013-02-11,2013-02-16,5.0,1,5.0
SO52233,12453,325,2013-02-04,2013-02-11,2013-02-16,30.0,1,30.0
SO52234,11164,317,2013-02-04,2013-02-11,2013-02-16,5.0,1,5.0
SO52235,12278,266,2013-02-04,2013-02-11,2013-02-16,5.0,1,5.0
SO52236,12051,325,2013-02-04,2013-02-11,2013-02-16,30.0,1,30.0
SO52237,3605,267,2013-02-04,2013-02-11,2013-02-16,10.0,1,10.0
SO52238,9697,266,2013-02-04,2013-02-11,2013-02-16,5.0,1,5.0
SO52239,8734,265,2013-02-04,2013-02-11,2013-02-16,70.0,1,70.0
SO52240,15506,266,2013-02-04,2013-02-11,2013-02-16,5.0,1,5.0
SO52241,6448,266,2013-02-04,2013-02-11,2013-02-16,5.0,1,5.0
SO52242,7103,266,2013-02-04,2013-02-11,2013-02-16,5.0,1,5.0
SO52243,11545,317,2013-02-04,2013-02-11,2013-02-16,5.0,1,5.0
SO52244,11155,317,2013-02-04,2013-02-11,2013-02-16,5.0,1,5.0
SO52245,5019,317,2013-02-04,2013-02-11,2013-02-16,5.0,1,5.0
SO52246,2509,264,2013-02-04,2013-02-11,2013-02-16,70.0,1,70.0
SO52247,17457,264,2013-02-04,2013-02-11,2013-02-16,70.0,1,70.0
SO52248,3705,317,2013-02-04,2013-02-11,2013-02-16,5.0,1,5.0
SO52249,7872,274,2013-02-04,2013-02-11,2013-02-16,22.0,1,22.0
SO52250,2361,274,2013-02-04,2013-02-11,2013-02-16,22.0,1,22.0
SO52251,2373,274,2013-02-04,2013-02-11,2013-02-16,22.0,1,22.0
SO52252,10508,324,2013-02-04,2013-02-11,2013-02-16,25.0,1,25.0
SO52253,13551,325,2013-02-04,2013-02-11,2013-02-16,30.0,1,30.0
SO52254,17393,327,2013-02-04,2013-02-11,2013-02-16,21.0,1,21.0
SO52255,15862,330,2013-02-04,2013-02-11,2013-02-16,29.0,1,29.0
SO52256,18426,327,2013-02-04,2013-02-11,2013-02-16,21.0,1,21.0
SO52257,14698,330,2013-02-04,2013-02-11,2013-02-16,29.0,1,29.0
SO52258,12236,319,2013-02-04,2013-02-11,2013-02-16,5.0,1,5.0
SO52259,6702,255,2013-02-04,2013-02-11,2013-02-16,24.0,1,24.0
SO52259,6702,256,2013-02-04,2013-02-11,2013-02-16,24.0,1,24.0
SO52260,15234,319,2013-02-04,2013-02-11,2013-02-16,5.0,1,5.0
SO52261,2759,326,2013-02-04,2013-02-11,2013-02-16,35.0,1,35.0
SO52262,794,326,2013-02-04,2013-02-11,2013-02-16,35.0,1,35.0
SO52263,1966,274,2013-02-04,2013-02-11,2013-02-16,22.0,1,22.0
SO52264,5887,369,2013-02-04,2013-02-11,2013-02-16,1701.0,1,1701.0
SO52265,4559,383,2013-02-04,2013-02-11,2013-02-16,565.0,1,565.0
SO52266,886,145,2013-02-04,2013-02-11,2013-02-16,2320.0,1,2320.0
SO52266,886,146,2013-02-04,2013-02-11,2013-02-16,2320.0,1,2320.0
SO52267,530,141,2013-02-04,2013-02-11,2013-02-16,2320.0,1,2320.0
SO52267,530,142,2013-02-04,2013-02-11,2013-02-16,2320.0,1,2320.0
SO52268,14753,358,2013-02-04,2013-02-11,2013-02-16,742.0,1,742.0
SO52269,17720,350,2013-02-04,2013-02-11,2013-02-16,2384.0,1,2384.0
SO52270,948,380,2013-02-04,2013-02-11,2013-02-16,565.0,1,565.0
SO52271,56,141,2013-02-04,2013-02-11,2013-02-16,2320.0,1,2320.0
SO52271,56,142,2013-02-04,2013-02-11,2013-02-16,2320.0,1,2320.0
SO52272,13523,353,2013-02-04,2013-02-11,2013-02-16,2384.0,1,2384.0
SO52273,13529,351,2013-02-04,2013-02-11,2013-02-16,2384.0,1,2384.0
SO52274,13530,352,2013-02-04,2013-02-11,2013-02-16,2384.0,1,2384.0
SO52275,10610,373,2013-02-04,2013-02-11,2013-02-16,540.0,1,540.0
SO52276,10060,393,2013-02-04,2013-02-11,2013-02-16,540.0,1,540.0
SO52277,10042,393,2013-02-04,2013-02-11,2013-02-16,540.0,1,540.0
SO52278,7485,166,2013-02-05,2013-02-12,2013-02-17,2443.0,1,2443.0
SO52278,7485,167,2013-02-05,2013-02-12,2013-02-17,2443.0,1,2443.0
SO52279,7250,160,2013-02-05,2013-02-12,2013-02-17,2443.0,1,2443.0
SO52279,7250,161,2013-02-05,2013-02-12,2013-02-17,2443.0,1,2443.0
SO52280,7289,162,2013-02-05,2013-02-12,2013-02-17,2443.0,1,2443.0
SO52280,7289,163,2013-02-05,2013-02-12,2013-02-17,2443.0,1,2443.0
SO52281,3052,368,2013-02-05,2013-02-12,2013-02-17,1215.0,1,1215.0
SO52282,495,149,2013-02-05,2013-02-12,2013-02-17,2295.0,1,2295.0
SO52282,495,150,2013-02-05,2013-02-12,2013-02-17,2295.0,1,2295.0
SO52283,1092,12,2013-02-05,2013-02-12,2013-02-17,9.0,1,9.0
SO52283,1092,13,2013-02-05,2013-02-12,2013-02-17,9.0,1,9.0
SO52283,1092,14,2013-02-05,2013-02-12,2013-02-17,9.0,1,9.0
SO52284,17605,273,2013-02-05,2013-02-12,2013-02-17,8.0,1,8.0
SO52285,2159,324,2013-02-05,2013-02-12,2013-02-17,25.0,1,25.0
SO52286,147,324,2013-02-05,2013-02-12,2013-02-17,25.0,1,25.0
SO52287,6285,328,2013-02-05,2013-02-12,2013-02-17,25.0,1,25.0
SO52288,10392,325,2013-02-05,2013-02-12,2013-02-17,30.0,1,30.0
SO52289,11840,274,2013-02-05,2013-02-12,2013-02-17,22.0,1,22.0
SO52290,11849,326,2013-02-05,2013-02-12,2013-02-17,35.0,1,35.0
SO52291,15033,317,2013-02-05,2013-02-12,2013-02-17,5.0,1,5.0
SO52292,3318,24,2013-02-05,2013-02-12,2013-02-17,50.0,1,50.0
SO52292,3318,25,2013-02-05,2013-02-12,2013-02-17,50.0,1,50.0
SO52292,3318,26,2013-02-05,2013-02-12,2013-02-17,50.0,1,50.0
SO52293,8585,330,2013-02-05,2013-02-12,2013-02-17,29.0,1,29.0
SO52294,6097,372,2013-02-05,2013-02-12,2013-02-17,1701.0,1,1701.0
SO52295,6108,370,2013-02-05,2013-02-12,2013-02-17,1701.0,1,1701.0
SO52296,3952,388,2013-02-05,2013-02-12,2013-02-17,540.0,1,540.0
SO52297,6716,382,2013-02-05,2013-02-12,2013-02-17,565.0,1,565.0
SO52298,199,318,2013-02-05,2013-02-12,2013-02-17,4.0,1,4.0
SO52299,213,319,2013-02-05,2013-02-12,2013-02-17,5.0,1,5.0
SO52300,15808,330,2013-02-05,2013-02-12,2013-02-17,29.0,1,29.0
SO52301,14840,317,2013-02-05,2013-02-12,2013-02-17,5.0,1,5.0
SO52302,725,329,2013-02-05,2013-02-12,2013-02-17,33.0,1,33.0
SO52303,11981,325,2013-02-05,2013-02-12,2013-02-17,30.0,1,30.0
SO52304,1203,267,2013-02-05,2013-02-12,2013-02-17,10.0,1,10.0
SO52305,14336,266,2013-02-05,2013-02-12,2013-02-17,5.0,1,5.0
SO52306,7096,266,2013-02-05,2013-02-12,2013-02-17,5.0,1,5.0
SO52307,10413,317,2013-02-05,2013-02-12,2013-02-17,5.0,1,5.0
SO52308,4444,317,2013-02-05,2013-02-12,2013-02-17,5.0,1,5.0
SO52309,567,330,2013-02-05,2013-02-12,2013-02-17,29.0,1,29.0
SO52310,3209,330,2013-02-05,2013-02-12,2013-02-17,29.0,1,29.0
SO52311,10869,266,2013-02-05,2013-02-12,2013-02-17,5.0,1,5.0
SO52312,18429,330,2013-02-05,2013-02-12,2013-02-17,29.0,1,29.0
SO52313,17410,330,2013-02-05,2013-02-12,2013-02-17,29.0,1,29.0
SO52314,261,317,2013-02-05,2013-02-12,2013-02-17,5.0,1,5.0
SO52315,1328,12,2013-02-05,2013-02-12,2013-02-17,9.0,1,9.0
SO52315,1328,13,2013-02-05,2013-02-12,2013-02-17,9.0,1,9.0
SO52315,1328,14,2013-02-05,2013-02-12,2013-02-17,9.0,1,9.0
SO52316,439,4,2013-02-05,2013-02-12,2013-02-17,35.0,1,35.0
SO52316,439,5,2013-02-05,2013-02-12,2013-02-17,35.0,1,35.0
SO52316,439,6,2013-02-05,2013-02-12,2013-02-17,35.0,1,35.0
SO52317,351,266,2013-02-05,2013-02-12,2013-02-17,5.0,1,5.0
SO52318,2883,377,2013-02-05,2013-02-12,2013-02-17,769.0,1,769.0
SO52319,325,149,2013-02-05,2013-02-12,2013-02-17,2295.0,1,2295.0
SO52319,325,150,2013-02-05,2013-02-12,2013-02-17,2295.0,1,2295.0
SO52320,679,143,2013-02-05,2013-02-12,2013-02-17,2320.0,1,2320.0
SO52320,679,144,2013-02-05,2013-02-12,2013-02-17,2320.0,1,2320.0
SO52321,190,149,2013-02-05,2013-02-12,2013-02-17,2295.0,1,2295.0
SO52321,190,150,2013-02-05,2013-02-12,2013-02-17,2295.0,1,2295.0
SO52322,217,151,2013-02-05,2013-02-12,2013-02-17,2295.0,1,2295.0
SO52322,217,152,2013-02-05,2013-02-12,2013-02-17,2295.0,1,2295.0
SO52323,9153,395,2013-02-05,2013-02-12,2013-02-17,540.0,1,540.0
SO52324,17536,364,2013-02-05,2013-02-12,2013-02-17,2384.0,1,2384.0
SO52325,13670,364,2013-02-05,2013-02-12,2013-02-17,2384.0,1,2384.0
SO52326,10603,394,2013-02-05,2013-02-12,2013-02-17,540.0,1,540.0
SO52327,10022,373,2013-02-05,2013-02-12,2013-02-17,540.0,1,540.0
SO52328,7303,160,2013-02-05,2013-02-12,2013-02-17,2443.0,1,2443.0
SO52328,7303,161,2013-02-05,2013-02-12,2013-02-17,2443.0,1,2443.0
SO52329,481,147,2013-02-06,2013-02-13,2013-02-18,2295.0,1,2295.0
SO52329,481,148,2013-02-06,2013-02-13,2013-02-18,2295.0,1,2295.0
SO52330,2669,12,2013-02-06,2013-02-13,2013-02-18,9.0,1,9.0
SO52330,2669,13,2013-02-06,2013-02-13,2013-02-18,9.0,1,9.0
SO52330,2669,14,2013-02-06,2013-02-13,2013-02-18,9.0,1,9.0
SO52331,3054,24,2013-02-06,2013-02-13,2013-02-18,50.0,1,50.0
SO52331,3054,25,2013-02-06,2013-02-13,2013-02-18,50.0,1,50.0
SO52331,3054,26,2013-02-06,2013-02-13,2013-02-18,50.0,1,50.0
SO52332,8088,269,2013-02-06,2013-02-13,2013-02-18,2.0,1,2.0
SO52333,17334,278,2013-02-06,2013-02-13,2013-02-18,54.0,1,54.0
SO52334,17972,328,2013-02-06,2013-02-13,2013-02-18,25.0,1,25.0
SO52335,285,269,2013-02-06,2013-02-13,2013-02-18,2.0,1,2.0
SO52336,18041,319,2013-02-06,2013-02-13,2013-02-18,5.0,1,5.0
SO52337,15273,318,2013-02-06,2013-02-13,2013-02-18,4.0,1,4.0
SO52338,2945,330,2013-02-06,2013-02-13,2013-02-18,29.0,1,29.0
SO52339,12785,325,2013-02-06,2013-02-13,2013-02-18,30.0,1,30.0
SO52340,14850,324,2013-02-06,2013-02-13,2013-02-18,25.0,1,25.0
SO52341,12825,325,2013-02-06,2013-02-13,2013-02-18,30.0,1,30.0
SO52342,12696,317,2013-02-06,2013-02-13,2013-02-18,5.0,1,5.0
SO52343,9344,265,2013-02-06,2013-02-13,2013-02-18,70.0,1,70.0
SO52344,7570,266,2013-02-06,2013-02-13,2013-02-18,5.0,1,5.0
SO52345,6541,266,2013-02-06,2013-02-13,2013-02-18,5.0,1,5.0
SO52346,16442,264,2013-02-06,2013-02-13,2013-02-18,70.0,1,70.0
SO52347,2286,266,2013-02-06,2013-02-13,2013-02-18,5.0,1,5.0
SO52348,18131,317,2013-02-06,2013-02-13,2013-02-18,5.0,1,5.0
SO52349,12680,266,2013-02-06,2013-02-13,2013-02-18,5.0,1,5.0
SO52350,3513,317,2013-02-06,2013-02-13,2013-02-18,5.0,1,5.0
SO52351,10582,274,2013-02-06,2013-02-13,2013-02-18,22.0,1,22.0
SO52352,3146,274,2013-02-06,2013-02-13,2013-02-18,22.0,1,22.0
SO52353,5540,324,2013-02-06,2013-02-13,2013-02-18,25.0,1,25.0
SO52354,9139,325,2013-02-06,2013-02-13,2013-02-18,30.0,1,30.0
SO52355,6772,325,2013-02-06,2013-02-13,2013-02-18,30.0,1,30.0
SO52356,9982,260,2013-02-06,2013-02-13,2013-02-18,64.0,1,64.0
SO52357,9945,318,2013-02-06,2013-02-13,2013-02-18,4.0,1,4.0
SO52358,15415,330,2013-02-06,2013-02-13,2013-02-18,29.0,1,29.0
SO52359,3605,326,2013-02-06,2013-02-13,2013-02-18,35.0,1,35.0
SO52360,1051,143,2013-02-06,2013-02-13,2013-02-18,2320.0,1,2320.0
SO52360,1051,144,2013-02-06,2013-02-13,2013-02-18,2320.0,1,2320.0
SO52361,8772,373,2013-02-06,2013-02-13,2013-02-18,540.0,1,540.0
SO52362,11302,393,2013-02-06,2013-02-13,2013-02-18,540.0,1,540.0
SO52363,11290,395,2013-02-06,2013-02-13,2013-02-18,540.0,1,540.0
SO52364,8444,172,2013-02-06,2013-02-13,2013-02-18,1120.0,1,1120.0
SO52364,8444,173,2013-02-06,2013-02-13,2013-02-18,1120.0,1,1120.0
SO52365,6252,325,2013-02-07,2013-02-14,2013-02-19,30.0,1,30.0
SO52366,8955,318,2013-02-07,2013-02-14,2013-02-19,4.0,1,4.0
SO52367,13891,317,2013-02-07,2013-02-14,2013-02-19,5.0,1,5.0
SO52368,15142,12,2013-02-07,2013-02-14,2013-02-19,9.0,1,9.0
SO52368,15142,13,2013-02-07,2013-02-14,2013-02-19,9.0,1,9.0
SO52368,15142,14,2013-02-07,2013-02-14,2013-02-19,9.0,1,9.0
SO52369,12630,164,2013-02-07,2013-02-14,2013-02-19,2443.0,1,2443.0
SO52369,12630,165,2013-02-07,2013-02-14,2013-02-19,2443.0,1,2443.0
SO52370,15421,162,2013-02-07,2013-02-14,2013-02-19,2443.0,1,2443.0
SO52370,15421,163,2013-02-07,2013-02-14,2013-02-19,2443.0,1,2443.0
SO52371,528,269,2013-02-07,2013-02-14,2013-02-19,2.0,1,2.0
SO52372,17302,269,2013-02-07,2013-02-14,2013-02-19,2.0,1,2.0
SO52373,1036,324,2013-02-07,2013-02-14,2013-02-19,25.0,1,25.0
SO52374,632,12,2013-02-07,2013-02-14,2013-02-19,9.0,1,9.0
SO52374,632,13,2013-02-07,2013-02-14,2013-02-19,9.0,1,9.0
SO52374,632,14,2013-02-07,2013-02-14,2013-02-19,9.0,1,9.0
SO52375,632,318,2013-02-07,2013-02-14,2013-02-19,4.0,1,4.0
SO52376,844,18,2013-02-07,2013-02-14,2013-02-19,50.0,1,50.0
SO52376,844,19,2013-02-07,2013-02-14,2013-02-19,50.0,1,50.0
SO52376,844,20,2013-02-07,2013-02-14,2013-02-19,50.0,1,50.0
SO52377,712,269,2013-02-07,2013-02-14,2013-02-19,2.0,1,2.0
SO52378,5134,318,2013-02-07,2013-02-14,2013-02-19,4.0,1,4.0
SO52379,13394,318,2013-02-07,2013-02-14,2013-02-19,4.0,1,4.0
SO52380,201,329,2013-02-07,2013-02-14,2013-02-19,33.0,1,33.0
SO52381,1062,325,2013-02-07,2013-02-14,2013-02-19,30.0,1,30.0
SO52382,11366,325,2013-02-07,2013-02-14,2013-02-19,30.0,1,30.0
SO52383,5086,267,2013-02-07,2013-02-14,2013-02-19,10.0,1,10.0
SO52384,8696,253,2013-02-07,2013-02-14,2013-02-19,24.0,1,24.0
SO52384,8696,254,2013-02-07,2013-02-14,2013-02-19,24.0,1,24.0
SO52385,5667,263,2013-02-07,2013-02-14,2013-02-19,70.0,1,70.0
SO52386,332,266,2013-02-07,2013-02-14,2013-02-19,5.0,1,5.0
SO52387,4199,317,2013-02-07,2013-02-14,2013-02-19,5.0,1,5.0
SO52388,2459,274,2013-02-07,2013-02-14,2013-02-19,22.0,1,22.0
SO52389,8081,317,2013-02-07,2013-02-14,2013-02-19,5.0,1,5.0
SO52390,3867,328,2013-02-07,2013-02-14,2013-02-19,25.0,1,25.0
SO52391,6631,266,2013-02-07,2013-02-14,2013-02-19,5.0,1,5.0
SO52392,13562,318,2013-02-07,2013-02-14,2013-02-19,4.0,1,4.0
SO52393,5585,319,2013-02-07,2013-02-14,2013-02-19,5.0,1,5.0
SO52394,6629,319,2013-02-07,2013-02-14,2013-02-19,5.0,1,5.0
SO52395,1375,4,2013-02-07,2013-02-14,2013-02-19,35.0,1,35.0
SO52395,1375,5,2013-02-07,2013-02-14,2013-02-19,35.0,1,35.0
SO52395,1375,6,2013-02-07,2013-02-14,2013-02-19,35.0,1,35.0
SO52396,667,151,2013-02-07,2013-02-14,2013-02-19,2295.0,1,2295.0
SO52396,667,152,2013-02-07,2013-02-14,2013-02-19,2295.0,1,2295.0
SO52397,684,147,2013-02-07,2013-02-14,2013-02-19,2295.0,1,2295.0
SO52397,684,148,2013-02-07,2013-02-14,2013-02-19,2295.0,1,2295.0
SO52398,9160,373,2013-02-07,2013-02-14,2013-02-19,540.0,1,540.0
SO52399,9158,395,2013-02-07,2013-02-14,2013-02-19,540.0,1,540.0
SO52400,13524,365,2013-02-07,2013-02-14,2013-02-19,2384.0,1,2384.0
SO52401,12751,174,2013-02-07,2013-02-14,2013-02-19,1120.0,1,1120.0
SO52401,12751,175,2013-02-07,2013-02-14,2013-02-19,1120.0,1,1120.0
SO52402,11289,394,2013-02-07,2013-02-14,2013-02-19,540.0,1,540.0
SO52403,8535,174,2013-02-07,2013-02-14,2013-02-19,1120.0,1,1120.0
SO52403,8535,175,2013-02-07,2013-02-14,2013-02-19,1120.0,1,1120.0
SO52404,14613,373,2013-02-07,2013-02-14,2013-02-19,540.0,1,540.0
SO52405,14627,394,2013-02-07,2013-02-14,2013-02-19,540.0,1,540.0
SO52406,3427,351,2013-02-07,2013-02-14,2013-02-19,2384.0,1,2384.0
SO52407,7308,164,2013-02-07,2013-02-14,2013-02-19,2443.0,1,2443.0
SO52407,7308,165,2013-02-07,2013-02-14,2013-02-19,2443.0,1,2443.0
SO52408,7253,164,2013-02-08,2013-02-15,2013-02-20,2443.0,1,2443.0
SO52408,7253,165,2013-02-08,2013-02-15,2013-02-20,2443.0,1,2443.0
SO52409,413,149,2013-02-08,2013-02-15,2013-02-20,2295.0,1,2295.0
SO52409,413,150,2013-02-08,2013-02-15,2013-02-20,2295.0,1,2295.0
SO52410,251,149,2013-02-08,2013-02-15,2013-02-20,2295.0,1,2295.0
SO52410,251,150,2013-02-08,2013-02-15,2013-02-20,2295.0,1,2295.0
SO52411,3054,324,2013-02-08,2013-02-15,2013-02-20,25.0,1,25.0
SO52412,3232,328,2013-02-08,2013-02-15,2013-02-20,25.0,1,25.0
SO52413,10191,317,2013-02-08,2013-02-15,2013-02-20,5.0,1,5.0
SO52414,5609,329,2013-02-08,2013-02-15,2013-02-20,33.0,1,33.0
SO52415,7291,12,2013-02-08,2013-02-15,2013-02-20,9.0,1,9.0
SO52415,7291,13,2013-02-08,2013-02-15,2013-02-20,9.0,1,9.0
SO52415,7291,14,2013-02-08,2013-02-15,2013-02-20,9.0,1,9.0
SO52416,9840,372,2013-02-08,2013-02-15,2013-02-20,1701.0,1,1701.0
SO52417,3088,275,2013-02-08,2013-02-15,2013-02-20,159.0,1,159.0
SO52418,12619,164,2013-02-08,2013-02-15,2013-02-20,2443.0,1,2443.0
SO52418,12619,165,2013-02-08,2013-02-15,2013-02-20,2443.0,1,2443.0
SO52419,620,4,2013-02-08,2013-02-15,2013-02-20,35.0,1,35.0
SO52419,620,5,2013-02-08,2013-02-15,2013-02-20,35.0,1,35.0
SO52419,620,6,2013-02-08,2013-02-15,2013-02-20,35.0,1,35.0
SO52420,92,277,2013-02-08,2013-02-15,2013-02-20,54.0,1,54.0
SO52421,235,318,2013-02-08,2013-02-15,2013-02-20,4.0,1,4.0
SO52422,288,328,2013-02-08,2013-02-15,2013-02-20,25.0,1,25.0
SO52423,17765,328,2013-02-08,2013-02-15,2013-02-20,25.0,1,25.0
SO52424,15469,324,2013-02-08,2013-02-15,2013-02-20,25.0,1,25.0
SO52425,13830,329,2013-02-08,2013-02-15,2013-02-20,33.0,1,33.0
SO52426,13517,329,2013-02-08,2013-02-15,2013-02-20,33.0,1,33.0
SO52427,14845,324,2013-02-08,2013-02-15,2013-02-20,25.0,1,25.0
SO52428,7605,317,2013-02-08,2013-02-15,2013-02-20,5.0,1,5.0
SO52429,12089,325,2013-02-08,2013-02-15,2013-02-20,30.0,1,30.0
SO52430,9392,267,2013-02-08,2013-02-15,2013-02-20,10.0,1,10.0
SO52431,6369,266,2013-02-08,2013-02-15,2013-02-20,5.0,1,5.0
SO52432,7584,264,2013-02-08,2013-02-15,2013-02-20,70.0,1,70.0
SO52433,7758,264,2013-02-08,2013-02-15,2013-02-20,70.0,1,70.0
SO52434,15349,266,2013-02-08,2013-02-15,2013-02-20,5.0,1,5.0
SO52435,5120,317,2013-02-08,2013-02-15,2013-02-20,5.0,1,5.0
SO52436,3466,317,2013-02-08,2013-02-15,2013-02-20,5.0,1,5.0
SO52437,10112,325,2013-02-08,2013-02-15,2013-02-20,30.0,1,30.0
SO52438,11492,266,2013-02-08,2013-02-15,2013-02-20,5.0,1,5.0
SO52439,11456,266,2013-02-08,2013-02-15,2013-02-20,5.0,1,5.0
SO52440,18452,327,2013-02-08,2013-02-15,2013-02-20,21.0,1,21.0
SO52441,15905,330,2013-02-08,2013-02-15,2013-02-20,29.0,1,29.0
SO52442,14646,327,2013-02-08,2013-02-15,2013-02-20,21.0,1,21.0
SO52443,234,326,2013-02-08,2013-02-15,2013-02-20,35.0,1,35.0
SO52444,636,326,2013-02-08,2013-02-15,2013-02-20,35.0,1,35.0
SO52445,621,317,2013-02-08,2013-02-15,2013-02-20,5.0,1,5.0
SO52446,213,317,2013-02-08,2013-02-15,2013-02-20,5.0,1,5.0
SO52447,692,326,2013-02-08,2013-02-15,2013-02-20,35.0,1,35.0
SO52448,638,326,2013-02-08,2013-02-15,2013-02-20,35.0,1,35.0
SO52449,1644,12,2013-02-08,2013-02-15,2013-02-20,9.0,1,9.0
SO52449,1644,13,2013-02-08,2013-02-15,2013-02-20,9.0,1,9.0
SO52449,1644,14,2013-02-08,2013-02-15,2013-02-20,9.0,1,9.0
SO52450,5889,369,2013-02-08,2013-02-15,2013-02-20,1701.0,1,1701.0
SO52451,2061,383,2013-02-08,2013-02-15,2013-02-20,565.0,1,565.0
SO52452,308,143,2013-02-08,2013-02-15,2013-02-20,2320.0,1,2320.0
SO52452,308,144,2013-02-08,2013-02-15,2013-02-20,2320.0,1,2320.0
SO52453,532,151,2013-02-08,2013-02-15,2013-02-20,2295.0,1,2295.0
SO52453,532,152,2013-02-08,2013-02-15,2013-02-20,2295.0,1,2295.0
SO52454,244,354,2013-02-08,2013-02-15,2013-02-20,742.0,1,742.0
SO52455,6984,368,2013-02-08,2013-02-15,2013-02-20,1215.0,1,1215.0
SO52456,3102,376,2013-02-08,2013-02-15,2013-02-20,769.0,1,769.0
SO52457,7702,371,2013-02-08,2013-02-15,2013-02-20,1701.0,1,1701.0
SO52458,458,149,2013-02-08,2013-02-15,2013-02-20,2295.0,1,2295.0
SO52458,458,150,2013-02-08,2013-02-15,2013-02-20,2295.0,1,2295.0
SO52459,11329,394,2013-02-08,2013-02-15,2013-02-20,540.0,1,540.0
SO52460,11276,393,2013-02-08,2013-02-15,2013-02-20,540.0,1,540.0
SO52461,8410,176,2013-02-08,2013-02-15,2013-02-20,1120.0,1,1120.0
SO52461,8410,177,2013-02-08,2013-02-15,2013-02-20,1120.0,1,1120.0
SO52462,8532,174,2013-02-08,2013-02-15,2013-02-20,1120.0,1,1120.0
SO52462,8532,175,2013-02-08,2013-02-15,2013-02-20,1120.0,1,1120.0
SO52463,12226,172,2013-02-08,2013-02-15,2013-02-20,1120.0,1,1120.0
SO52463,12226,173,2013-02-08,2013-02-15,2013-02-20,1120.0,1,1120.0
SO52464,18399,394,2013-02-08,2013-02-15,2013-02-20,540.0,1,540.0
SO52465,11463,393,2013-02-08,2013-02-15,2013-02-20,540.0,1,540.0
SO52466,1317,353,2013-02-08,2013-02-15,2013-02-20,2384.0,1,2384.0
SO52467,6965,366,2013-02-08,2013-02-15,2013-02-20,1215.0,1,1215.0
SO52468,5714,164,2013-02-08,2013-02-15,2013-02-20,2443.0,1,2443.0
SO52468,5714,165,2013-02-08,2013-02-15,2013-02-20,2443.0,1,2443.0
SO52469,407,141,2013-02-09,2013-02-16,2013-02-21,2320.0,1,2320.0
SO52469,407,142,2013-02-09,2013-02-16,2013-02-21,2320.0,1,2320.0
SO52470,415,145,2013-02-09,2013-02-16,2013-02-21,2320.0,1,2320.0
SO52470,415,146,2013-02-09,2013-02-16,2013-02-21,2320.0,1,2320.0
SO52471,954,268,2013-02-09,2013-02-16,2013-02-21,9.0,1,9.0
SO52472,177,9,2013-02-09,2013-02-16,2013-02-21,35.0,1,35.0
SO52472,177,10,2013-02-09,2013-02-16,2013-02-21,35.0,1,35.0
SO52472,177,11,2013-02-09,2013-02-16,2013-02-21,35.0,1,35.0
SO52473,277,1,2013-02-09,2013-02-16,2013-02-21,35.0,1,35.0
SO52473,277,2,2013-02-09,2013-02-16,2013-02-21,35.0,1,35.0
SO52473,277,3,2013-02-09,2013-02-16,2013-02-21,35.0,1,35.0
SO52474,114,317,2013-02-09,2013-02-16,2013-02-21,5.0,1,5.0
SO52475,7886,327,2013-02-09,2013-02-16,2013-02-21,21.0,1,21.0
SO52476,10383,264,2013-02-09,2013-02-16,2013-02-21,70.0,1,70.0
SO52477,4580,267,2013-02-09,2013-02-16,2013-02-21,10.0,1,10.0
SO52478,2139,276,2013-02-09,2013-02-16,2013-02-21,55.0,1,55.0
SO52479,11621,12,2013-02-09,2013-02-16,2013-02-21,9.0,1,9.0
SO52479,11621,13,2013-02-09,2013-02-16,2013-02-21,9.0,1,9.0
SO52479,11621,14,2013-02-09,2013-02-16,2013-02-21,9.0,1,9.0
SO52480,8456,168,2013-02-09,2013-02-16,2013-02-21,2443.0,1,2443.0
SO52480,8456,169,2013-02-09,2013-02-16,2013-02-21,2443.0,1,2443.0
SO52481,6976,376,2013-02-09,2013-02-16,2013-02-21,769.0,1,769.0
SO52482,5325,379,2013-02-09,2013-02-16,2013-02-21,769.0,1,769.0
SO52483,224,318,2013-02-09,2013-02-16,2013-02-21,4.0,1,4.0
SO52484,332,328,2013-02-09,2013-02-16,2013-02-21,25.0,1,25.0
SO52485,821,318,2013-02-09,2013-02-16,2013-02-21,4.0,1,4.0
SO52486,16997,319,2013-02-09,2013-02-16,2013-02-21,5.0,1,5.0
SO52487,332,319,2013-02-09,2013-02-16,2013-02-21,5.0,1,5.0
SO52488,643,253,2013-02-09,2013-02-16,2013-02-21,24.0,1,24.0
SO52488,643,254,2013-02-09,2013-02-16,2013-02-21,24.0,1,24.0
SO52489,5098,329,2013-02-09,2013-02-16,2013-02-21,33.0,1,33.0
SO52490,11091,325,2013-02-09,2013-02-16,2013-02-21,30.0,1,30.0
SO52491,2096,317,2013-02-09,2013-02-16,2013-02-21,5.0,1,5.0
SO52492,11053,267,2013-02-09,2013-02-16,2013-02-21,10.0,1,10.0
SO52493,5006,263,2013-02-09,2013-02-16,2013-02-21,70.0,1,70.0
SO52494,7968,263,2013-02-09,2013-02-16,2013-02-21,70.0,1,70.0
SO52495,16284,263,2013-02-09,2013-02-16,2013-02-21,70.0,1,70.0
SO52496,7385,266,2013-02-09,2013-02-16,2013-02-21,5.0,1,5.0
SO52497,7688,255,2013-02-09,2013-02-16,2013-02-21,24.0,1,24.0
SO52497,7688,256,2013-02-09,2013-02-16,2013-02-21,24.0,1,24.0
SO52498,16421,264,2013-02-09,2013-02-16,2013-02-21,70.0,1,70.0
SO52499,4415,317,2013-02-09,2013-02-16,2013-02-21,5.0,1,5.0
SO52500,4470,317,2013-02-09,2013-02-16,2013-02-21,5.0,1,5.0
SO52501,4331,317,2013-02-09,2013-02-16,2013-02-21,5.0,1,5.0
SO52502,2849,274,2013-02-09,2013-02-16,2013-02-21,22.0,1,22.0
SO52503,6106,317,2013-02-09,2013-02-16,2013-02-21,5.0,1,5.0
SO52504,8328,266,2013-02-09,2013-02-16,2013-02-21,5.0,1,5.0
SO52505,6093,325,2013-02-09,2013-02-16,2013-02-21,30.0,1,30.0
SO52506,14628,318,2013-02-09,2013-02-16,2013-02-21,4.0,1,4.0
SO52507,13142,319,2013-02-09,2013-02-16,2013-02-21,5.0,1,5.0
SO52508,2816,330,2013-02-09,2013-02-16,2013-02-21,29.0,1,29.0
SO52509,6602,274,2013-02-09,2013-02-16,2013-02-21,22.0,1,22.0
SO52510,2340,274,2013-02-09,2013-02-16,2013-02-21,22.0,1,22.0
SO52511,2855,378,2013-02-09,2013-02-16,2013-02-21,769.0,1,769.0
SO52512,17,151,2013-02-09,2013-02-16,2013-02-21,2295.0,1,2295.0
SO52512,17,152,2013-02-09,2013-02-16,2013-02-21,2295.0,1,2295.0
SO52513,619,141,2013-02-09,2013-02-16,2013-02-21,2320.0,1,2320.0
SO52513,619,142,2013-02-09,2013-02-16,2013-02-21,2320.0,1,2320.0
SO52514,676,145,2013-02-09,2013-02-16,2013-02-21,2320.0,1,2320.0
SO52514,676,146,2013-02-09,2013-02-16,2013-02-21,2320.0,1,2320.0
SO52515,1053,143,2013-02-09,2013-02-16,2013-02-21,2320.0,1,2320.0
SO52515,1053,144,2013-02-09,2013-02-16,2013-02-21,2320.0,1,2320.0
SO52516,947,386,2013-02-09,2013-02-16,2013-02-21,540.0,1,540.0
SO52517,17674,374,2013-02-09,2013-02-16,2013-02-21,742.0,1,742.0
SO52518,12173,367,2013-02-09,2013-02-16,2013-02-21,1215.0,1,1215.0
SO52519,10333,393,2013-02-09,2013-02-16,2013-02-21,540.0,1,540.0
SO52520,10310,178,2013-02-09,2013-02-16,2013-02-21,1120.0,1,1120.0
SO52520,10310,179,2013-02-09,2013-02-16,2013-02-21,1120.0,1,1120.0
SO52521,8406,176,2013-02-09,2013-02-16,2013-02-21,1120.0,1,1120.0
SO52521,8406,177,2013-02-09,2013-02-16,2013-02-21,1120.0,1,1120.0
SO52522,5515,176,2013-02-10,2013-02-17,2013-02-22,1120.0,1,1120.0
SO52522,5515,177,2013-02-10,2013-02-17,2013-02-22,1120.0,1,1120.0
SO52523,1124,143,2013-02-10,2013-02-17,2013-02-22,2320.0,1,2320.0
SO52523,1124,144,2013-02-10,2013-02-17,2013-02-22,2320.0,1,2320.0
SO52524,794,4,2013-02-10,2013-02-17,2013-02-22,35.0,1,35.0
SO52524,794,5,2013-02-10,2013-02-17,2013-02-22,35.0,1,35.0
SO52524,794,6,2013-02-10,2013-02-17,2013-02-22,35.0,1,35.0
SO52525,2669,324,2013-02-10,2013-02-17,2013-02-22,25.0,1,25.0
SO52526,116,324,2013-02-10,2013-02-17,2013-02-22,25.0,1,25.0
SO52527,4721,328,2013-02-10,2013-02-17,2013-02-22,25.0,1,25.0
SO52528,9461,327,2013-02-10,2013-02-17,2013-02-22,21.0,1,21.0
SO52529,9256,327,2013-02-10,2013-02-17,2013-02-22,21.0,1,21.0
SO52530,11168,265,2013-02-10,2013-02-17,2013-02-22,70.0,1,70.0
SO52531,966,318,2013-02-10,2013-02-17,2013-02-22,4.0,1,4.0
SO52532,1371,269,2013-02-10,2013-02-17,2013-02-22,2.0,1,2.0
SO52533,4632,379,2013-02-10,2013-02-17,2013-02-22,769.0,1,769.0
SO52534,9862,377,2013-02-10,2013-02-17,2013-02-22,769.0,1,769.0
SO52535,177,327,2013-02-10,2013-02-17,2013-02-22,21.0,1,21.0
SO52536,15124,324,2013-02-10,2013-02-17,2013-02-22,25.0,1,25.0
SO52537,10253,317,2013-02-10,2013-02-17,2013-02-22,5.0,1,5.0
SO52538,177,324,2013-02-10,2013-02-17,2013-02-22,25.0,1,25.0
SO52539,11056,267,2013-02-10,2013-02-17,2013-02-22,10.0,1,10.0
SO52540,3583,266,2013-02-10,2013-02-17,2013-02-22,5.0,1,5.0
SO52541,17632,265,2013-02-10,2013-02-17,2013-02-22,70.0,1,70.0
SO52542,17102,12,2013-02-10,2013-02-17,2013-02-22,9.0,1,9.0
SO52542,17102,13,2013-02-10,2013-02-17,2013-02-22,9.0,1,9.0
SO52542,17102,14,2013-02-10,2013-02-17,2013-02-22,9.0,1,9.0
SO52543,3360,265,2013-02-10,2013-02-17,2013-02-22,70.0,1,70.0
SO52544,12683,266,2013-02-10,2013-02-17,2013-02-22,5.0,1,5.0
SO52545,3902,317,2013-02-10,2013-02-17,2013-02-22,5.0,1,5.0
SO52546,13416,317,2013-02-10,2013-02-17,2013-02-22,5.0,1,5.0
SO52547,3645,317,2013-02-10,2013-02-17,2013-02-22,5.0,1,5.0
SO52548,7146,274,2013-02-10,2013-02-17,2013-02-22,22.0,1,22.0
SO52549,8278,266,2013-02-10,2013-02-17,2013-02-22,5.0,1,5.0
SO52550,2597,267,2013-02-10,2013-02-17,2013-02-22,10.0,1,10.0
SO52551,10004,318,2013-02-10,2013-02-17,2013-02-22,4.0,1,4.0
SO52552,3157,330,2013-02-10,2013-02-17,2013-02-22,29.0,1,29.0
SO52553,14548,318,2013-02-10,2013-02-17,2013-02-22,4.0,1,4.0
SO52554,16003,318,2013-02-10,2013-02-17,2013-02-22,4.0,1,4.0
SO52555,3815,319,2013-02-10,2013-02-17,2013-02-22,5.0,1,5.0
SO52556,405,330,2013-02-10,2013-02-17,2013-02-22,29.0,1,29.0
SO52557,6787,319,2013-02-10,2013-02-17,2013-02-22,5.0,1,5.0
SO52558,66,326,2013-02-10,2013-02-17,2013-02-22,35.0,1,35.0
SO52559,1838,319,2013-02-10,2013-02-17,2013-02-22,5.0,1,5.0
SO52560,232,317,2013-02-10,2013-02-17,2013-02-22,5.0,1,5.0
SO52561,501,326,2013-02-10,2013-02-17,2013-02-22,35.0,1,35.0
SO52562,2276,274,2013-02-10,2013-02-17,2013-02-22,22.0,1,22.0
SO52563,7987,274,2013-02-10,2013-02-17,2013-02-22,22.0,1,22.0
SO52564,1368,18,2013-02-10,2013-02-17,2013-02-22,50.0,1,50.0
SO52564,1368,19,2013-02-10,2013-02-17,2013-02-22,50.0,1,50.0
SO52564,1368,20,2013-02-10,2013-02-17,2013-02-22,50.0,1,50.0
SO52565,832,141,2013-02-10,2013-02-17,2013-02-22,2320.0,1,2320.0
SO52565,832,142,2013-02-10,2013-02-17,2013-02-22,2320.0,1,2320.0
SO52566,228,149,2013-02-10,2013-02-17,2013-02-22,2295.0,1,2295.0
SO52566,228,150,2013-02-10,2013-02-17,2013-02-22,2295.0,1,2295.0
SO52567,330,143,2013-02-10,2013-02-17,2013-02-22,2320.0,1,2320.0
SO52567,330,144,2013-02-10,2013-02-17,2013-02-22,2320.0,1,2320.0
SO52568,15668,394,2013-02-10,2013-02-17,2013-02-22,540.0,1,540.0
SO52569,8767,395,2013-02-10,2013-02-17,2013-02-22,540.0,1,540.0
SO52570,10648,373,2013-02-10,2013-02-17,2013-02-22,540.0,1,540.0
SO52571,8403,178,2013-02-10,2013-02-17,2013-02-22,1120.0,1,1120.0
SO52571,8403,179,2013-02-10,2013-02-17,2013-02-22,1120.0,1,1120.0
SO52572,8530,176,2013-02-10,2013-02-17,2013-02-22,1120.0,1,1120.0
SO52572,8530,177,2013-02-10,2013-02-17,2013-02-22,1120.0,1,1120.0
SO52573,14617,373,2013-02-10,2013-02-17,2013-02-22,540.0,1,540.0
SO52574,10031,395,2013-02-10,2013-02-17,2013-02-22,540.0,1,540.0
SO52575,10062,394,2013-02-10,2013-02-17,2013-02-22,540.0,1,540.0
SO52576,3941,365,2013-02-10,2013-02-17,2013-02-22,2384.0,1,2384.0
SO52577,347,143,2013-02-11,2013-02-18,2013-02-23,2320.0,1,2320.0
SO52577,347,144,2013-02-11,2013-02-18,2013-02-23,2320.0,1,2320.0
SO52578,962,4,2013-02-11,2013-02-18,2013-02-23,35.0,1,35.0
SO52578,962,5,2013-02-11,2013-02-18,2013-02-23,35.0,1,35.0
SO52578,962,6,2013-02-11,2013-02-18,2013-02-23,35.0,1,35.0
SO52579,99,324,2013-02-11,2013-02-18,2013-02-23,25.0,1,25.0
SO52580,4217,328,2013-02-11,2013-02-18,2013-02-23,25.0,1,25.0
SO52581,8571,274,2013-02-11,2013-02-18,2013-02-23,22.0,1,22.0
SO52582,11925,274,2013-02-11,2013-02-18,2013-02-23,22.0,1,22.0
SO52583,10255,317,2013-02-11,2013-02-18,2013-02-23,5.0,1,5.0
SO52584,14821,317,2013-02-11,2013-02-18,2013-02-23,5.0,1,5.0
SO52585,4019,12,2013-02-11,2013-02-18,2013-02-23,9.0,1,9.0
SO52585,4019,13,2013-02-11,2013-02-18,2013-02-23,9.0,1,9.0
SO52585,4019,14,2013-02-11,2013-02-18,2013-02-23,9.0,1,9.0
SO52586,5680,318,2013-02-11,2013-02-18,2013-02-23,4.0,1,4.0
SO52587,16730,318,2013-02-11,2013-02-18,2013-02-23,4.0,1,4.0
SO52588,15600,330,2013-02-11,2013-02-18,2013-02-23,29.0,1,29.0
SO52589,14157,329,2013-02-11,2013-02-18,2013-02-23,33.0,1,33.0
SO52590,10443,267,2013-02-11,2013-02-18,2013-02-23,10.0,1,10.0
SO52591,7054,266,2013-02-11,2013-02-18,2013-02-23,5.0,1,5.0
SO52592,6015,266,2013-02-11,2013-02-18,2013-02-23,5.0,1,5.0
SO52593,6370,317,2013-02-11,2013-02-18,2013-02-23,5.0,1,5.0
SO52594,3469,317,2013-02-11,2013-02-18,2013-02-23,5.0,1,5.0
SO52595,7927,274,2013-02-11,2013-02-18,2013-02-23,22.0,1,22.0
SO52596,4113,251,2013-02-11,2013-02-18,2013-02-23,24.0,1,24.0
SO52596,4113,252,2013-02-11,2013-02-18,2013-02-23,24.0,1,24.0
SO52597,5564,317,2013-02-11,2013-02-18,2013-02-23,5.0,1,5.0
SO52598,8827,274,2013-02-11,2013-02-18,2013-02-23,22.0,1,22.0
SO52599,1507,265,2013-02-11,2013-02-18,2013-02-23,70.0,1,70.0
SO52600,5569,317,2013-02-11,2013-02-18,2013-02-23,5.0,1,5.0
SO52601,12990,266,2013-02-11,2013-02-18,2013-02-23,5.0,1,5.0
SO52602,17904,327,2013-02-11,2013-02-18,2013-02-23,21.0,1,21.0
SO52603,14804,327,2013-02-11,2013-02-18,2013-02-23,21.0,1,21.0
SO52604,11706,318,2013-02-11,2013-02-18,2013-02-23,4.0,1,4.0
SO52605,582,318,2013-02-11,2013-02-18,2013-02-23,4.0,1,4.0
SO52606,15396,318,2013-02-11,2013-02-18,2013-02-23,4.0,1,4.0
SO52607,5959,274,2013-02-11,2013-02-18,2013-02-23,22.0,1,22.0
SO52608,1568,12,2013-02-11,2013-02-18,2013-02-23,9.0,1,9.0
SO52608,1568,13,2013-02-11,2013-02-18,2013-02-23,9.0,1,9.0
SO52608,1568,14,2013-02-11,2013-02-18,2013-02-23,9.0,1,9.0
SO52609,2885,378,2013-02-11,2013-02-18,2013-02-23,769.0,1,769.0
SO52610,17679,357,2013-02-11,2013-02-18,2013-02-23,742.0,1,742.0
SO52611,7558,172,2013-02-11,2013-02-18,2013-02-23,1120.0,1,1120.0
SO52611,7558,173,2013-02-11,2013-02-18,2013-02-23,1120.0,1,1120.0
SO52612,11654,174,2013-02-11,2013-02-18,2013-02-23,1120.0,1,1120.0
SO52612,11654,175,2013-02-11,2013-02-18,2013-02-23,1120.0,1,1120.0
SO52613,14702,373,2013-02-11,2013-02-18,2013-02-23,540.0,1,540.0
SO52614,10034,395,2013-02-11,2013-02-18,2013-02-23,540.0,1,540.0
SO52615,433,145,2013-02-12,2013-02-19,2013-02-24,2320.0,1,2320.0
SO52615,433,146,2013-02-12,2013-02-19,2013-02-24,2320.0,1,2320.0
SO52616,486,141,2013-02-12,2013-02-19,2013-02-24,2320.0,1,2320.0
SO52616,486,142,2013-02-12,2013-02-19,2013-02-24,2320.0,1,2320.0
SO52617,958,266,2013-02-12,2013-02-19,2013-02-24,5.0,1,5.0
SO52618,5167,325,2013-02-12,2013-02-19,2013-02-24,30.0,1,30.0
SO52619,4032,325,2013-02-12,2013-02-19,2013-02-24,30.0,1,30.0
SO52620,6382,274,2013-02-12,2013-02-19,2013-02-24,22.0,1,22.0
SO52621,18291,266,2013-02-12,2013-02-19,2013-02-24,5.0,1,5.0
SO52622,6071,279,2013-02-12,2013-02-19,2013-02-24,54.0,1,54.0
SO52623,6239,279,2013-02-12,2013-02-19,2013-02-24,54.0,1,54.0
SO52624,3009,9,2013-02-12,2013-02-19,2013-02-24,35.0,1,35.0
SO52624,3009,10,2013-02-12,2013-02-19,2013-02-24,35.0,1,35.0
SO52624,3009,11,2013-02-12,2013-02-19,2013-02-24,35.0,1,35.0
SO52625,3849,384,2013-02-12,2013-02-19,2013-02-24,565.0,1,565.0
SO52626,20,318,2013-02-12,2013-02-19,2013-02-24,4.0,1,4.0
SO52627,13931,317,2013-02-12,2013-02-19,2013-02-24,5.0,1,5.0
SO52628,13778,318,2013-02-12,2013-02-19,2013-02-24,4.0,1,4.0
SO52629,9105,324,2013-02-12,2013-02-19,2013-02-24,25.0,1,25.0
SO52630,12503,325,2013-02-12,2013-02-19,2013-02-24,30.0,1,30.0
SO52631,10716,267,2013-02-12,2013-02-19,2013-02-24,10.0,1,10.0
SO52632,10575,267,2013-02-12,2013-02-19,2013-02-24,10.0,1,10.0
SO52633,4560,267,2013-02-12,2013-02-19,2013-02-24,10.0,1,10.0
SO52634,331,266,2013-02-12,2013-02-19,2013-02-24,5.0,1,5.0
SO52635,1920,266,2013-02-12,2013-02-19,2013-02-24,5.0,1,5.0
SO52636,3917,317,2013-02-12,2013-02-19,2013-02-24,5.0,1,5.0
SO52637,3508,317,2013-02-12,2013-02-19,2013-02-24,5.0,1,5.0
SO52638,7056,274,2013-02-12,2013-02-19,2013-02-24,22.0,1,22.0
SO52639,5058,317,2013-02-12,2013-02-19,2013-02-24,5.0,1,5.0
SO52640,5455,317,2013-02-12,2013-02-19,2013-02-24,5.0,1,5.0
SO52641,8263,328,2013-02-12,2013-02-19,2013-02-24,25.0,1,25.0
SO52642,3708,326,2013-02-12,2013-02-19,2013-02-24,35.0,1,35.0
SO52643,1296,325,2013-02-12,2013-02-19,2013-02-24,30.0,1,30.0
SO52644,17403,318,2013-02-12,2013-02-19,2013-02-24,4.0,1,4.0
SO52645,6638,317,2013-02-12,2013-02-19,2013-02-24,5.0,1,5.0
SO52646,15402,318,2013-02-12,2013-02-19,2013-02-24,4.0,1,4.0
SO52647,9941,318,2013-02-12,2013-02-19,2013-02-24,4.0,1,4.0
SO52648,17451,330,2013-02-12,2013-02-19,2013-02-24,29.0,1,29.0
SO52649,82,326,2013-02-12,2013-02-19,2013-02-24,35.0,1,35.0
SO52650,725,326,2013-02-12,2013-02-19,2013-02-24,35.0,1,35.0
SO52651,2319,317,2013-02-12,2013-02-19,2013-02-24,5.0,1,5.0
SO52652,924,326,2013-02-12,2013-02-19,2013-02-24,35.0,1,35.0
SO52653,3340,274,2013-02-12,2013-02-19,2013-02-24,22.0,1,22.0
SO52654,5871,274,2013-02-12,2013-02-19,2013-02-24,22.0,1,22.0
SO52655,1717,267,2013-02-12,2013-02-19,2013-02-24,10.0,1,10.0
SO52656,2154,274,2013-02-12,2013-02-19,2013-02-24,22.0,1,22.0
SO52657,818,145,2013-02-12,2013-02-19,2013-02-24,2320.0,1,2320.0
SO52657,818,146,2013-02-12,2013-02-19,2013-02-24,2320.0,1,2320.0
SO52658,826,145,2013-02-12,2013-02-19,2013-02-24,2320.0,1,2320.0
SO52658,826,146,2013-02-12,2013-02-19,2013-02-24,2320.0,1,2320.0
SO52659,14744,361,2013-02-12,2013-02-19,2013-02-24,742.0,1,742.0
SO52660,5664,379,2013-02-12,2013-02-19,2013-02-24,769.0,1,769.0
SO52661,17770,357,2013-02-12,2013-02-19,2013-02-24,742.0,1,742.0
SO52662,12210,349,2013-02-12,2013-02-19,2013-02-24,1215.0,1,1215.0
SO52663,14097,349,2013-02-12,2013-02-19,2013-02-24,1215.0,1,1215.0
SO52664,12165,367,2013-02-12,2013-02-19,2013-02-24,1215.0,1,1215.0
SO52665,8452,172,2013-02-12,2013-02-19,2013-02-24,1120.0,1,1120.0
SO52665,8452,173,2013-02-12,2013-02-19,2013-02-24,1120.0,1,1120.0
SO52666,15986,170,2013-02-12,2013-02-19,2013-02-24,1120.0,1,1120.0
SO52666,15986,171,2013-02-12,2013-02-19,2013-02-24,1120.0,1,1120.0
SO52667,16954,271,2013-02-12,2013-02-19,2013-02-24,9.0,1,9.0
SO52668,16822,350,2013-02-12,2013-02-19,2013-02-24,2384.0,1,2384.0
SO52669,1278,366,2013-02-12,2013-02-19,2013-02-24,1215.0,1,1215.0
SO52670,7484,164,2013-02-13,2013-02-20,2013-02-25,2443.0,1,2443.0
SO52670,7484,165,2013-02-13,2013-02-20,2013-02-25,2443.0,1,2443.0
SO52671,426,143,2013-02-13,2013-02-20,2013-02-25,2320.0,1,2320.0
SO52671,426,144,2013-02-13,2013-02-20,2013-02-25,2320.0,1,2320.0
SO52672,2614,324,2013-02-13,2013-02-20,2013-02-25,25.0,1,25.0
SO52673,2121,324,2013-02-13,2013-02-20,2013-02-25,25.0,1,25.0
SO52674,3860,318,2013-02-13,2013-02-20,2013-02-25,4.0,1,4.0
SO52675,7283,274,2013-02-13,2013-02-20,2013-02-25,22.0,1,22.0
SO52676,1013,12,2013-02-13,2013-02-20,2013-02-25,9.0,1,9.0
SO52676,1013,13,2013-02-13,2013-02-20,2013-02-25,9.0,1,9.0
SO52676,1013,14,2013-02-13,2013-02-20,2013-02-25,9.0,1,9.0
SO52677,3074,329,2013-02-13,2013-02-20,2013-02-25,33.0,1,33.0
SO52678,6087,369,2013-02-13,2013-02-20,2013-02-25,1701.0,1,1701.0
SO52679,10093,369,2013-02-13,2013-02-20,2013-02-25,1701.0,1,1701.0
SO52680,5406,377,2013-02-13,2013-02-20,2013-02-25,769.0,1,769.0
SO52681,704,12,2013-02-13,2013-02-20,2013-02-25,9.0,1,9.0
SO52681,704,13,2013-02-13,2013-02-20,2013-02-25,9.0,1,9.0
SO52681,704,14,2013-02-13,2013-02-20,2013-02-25,9.0,1,9.0
SO52682,143,269,2013-02-13,2013-02-20,2013-02-25,2.0,1,2.0
SO52683,846,319,2013-02-13,2013-02-20,2013-02-25,5.0,1,5.0
SO52684,15481,327,2013-02-13,2013-02-20,2013-02-25,21.0,1,21.0
SO52685,16193,319,2013-02-13,2013-02-20,2013-02-25,5.0,1,5.0
SO52686,17050,318,2013-02-13,2013-02-20,2013-02-25,4.0,1,4.0
SO52687,2269,330,2013-02-13,2013-02-20,2013-02-25,29.0,1,29.0
SO52688,15552,330,2013-02-13,2013-02-20,2013-02-25,29.0,1,29.0
SO52689,13293,318,2013-02-13,2013-02-20,2013-02-25,4.0,1,4.0
SO52690,12290,325,2013-02-13,2013-02-20,2013-02-25,30.0,1,30.0
SO52691,13953,329,2013-02-13,2013-02-20,2013-02-25,33.0,1,33.0
SO52692,10631,267,2013-02-13,2013-02-20,2013-02-25,10.0,1,10.0
SO52693,9335,265,2013-02-13,2013-02-20,2013-02-25,70.0,1,70.0
SO52694,6166,266,2013-02-13,2013-02-20,2013-02-25,5.0,1,5.0
SO52695,12450,317,2013-02-13,2013-02-20,2013-02-25,5.0,1,5.0
SO52696,4159,317,2013-02-13,2013-02-20,2013-02-25,5.0,1,5.0
SO52697,11740,317,2013-02-13,2013-02-20,2013-02-25,5.0,1,5.0
SO52698,8248,328,2013-02-13,2013-02-20,2013-02-25,25.0,1,25.0
SO52699,4462,326,2013-02-13,2013-02-20,2013-02-25,35.0,1,35.0
SO52700,2500,265,2013-02-13,2013-02-20,2013-02-25,70.0,1,70.0
SO52701,1870,329,2013-02-13,2013-02-20,2013-02-25,33.0,1,33.0
SO52702,17738,264,2013-02-13,2013-02-20,2013-02-25,70.0,1,70.0
SO52703,11560,266,2013-02-13,2013-02-20,2013-02-25,5.0,1,5.0
SO52704,5419,328,2013-02-13,2013-02-20,2013-02-25,25.0,1,25.0
SO52705,1261,327,2013-02-13,2013-02-20,2013-02-25,21.0,1,21.0
SO52706,14720,327,2013-02-13,2013-02-20,2013-02-25,21.0,1,21.0
SO52707,4053,319,2013-02-13,2013-02-20,2013-02-25,5.0,1,5.0
SO52708,177,326,2013-02-13,2013-02-20,2013-02-25,35.0,1,35.0
SO52709,199,326,2013-02-13,2013-02-20,2013-02-25,35.0,1,35.0
SO52710,1041,326,2013-02-13,2013-02-20,2013-02-25,35.0,1,35.0
SO52711,2350,274,2013-02-13,2013-02-20,2013-02-25,22.0,1,22.0
SO52712,5911,274,2013-02-13,2013-02-20,2013-02-25,22.0,1,22.0
SO52713,1569,12,2013-02-13,2013-02-20,2013-02-25,9.0,1,9.0
SO52713,1569,13,2013-02-13,2013-02-20,2013-02-25,9.0,1,9.0
SO52713,1569,14,2013-02-13,2013-02-20,2013-02-25,9.0,1,9.0
SO52714,7991,388,2013-02-13,2013-02-20,2013-02-25,540.0,1,540.0
SO52715,11894,164,2013-02-13,2013-02-20,2013-02-25,2443.0,1,2443.0
SO52715,11894,165,2013-02-13,2013-02-20,2013-02-25,2443.0,1,2443.0
SO52716,835,149,2013-02-13,2013-02-20,2013-02-25,2295.0,1,2295.0
SO52716,835,150,2013-02-13,2013-02-20,2013-02-25,2295.0,1,2295.0
SO52717,3012,371,2013-02-13,2013-02-20,2013-02-25,1701.0,1,1701.0
SO52718,3126,370,2013-02-13,2013-02-20,2013-02-25,1701.0,1,1701.0
SO52719,17327,364,2013-02-13,2013-02-20,2013-02-25,2384.0,1,2384.0
SO52720,16911,394,2013-02-13,2013-02-20,2013-02-25,540.0,1,540.0
SO52721,14098,366,2013-02-13,2013-02-20,2013-02-25,1215.0,1,1215.0
SO52722,13663,351,2013-02-13,2013-02-20,2013-02-25,2384.0,1,2384.0
SO52723,10649,394,2013-02-13,2013-02-20,2013-02-25,540.0,1,540.0
SO52724,11641,178,2013-02-13,2013-02-20,2013-02-25,1120.0,1,1120.0
SO52724,11641,179,2013-02-13,2013-02-20,2013-02-25,1120.0,1,1120.0
SO52725,1133,350,2013-02-13,2013-02-20,2013-02-25,2384.0,1,2384.0
SO52726,5741,162,2013-02-14,2013-02-21,2013-02-26,2443.0,1,2443.0
SO52726,5741,163,2013-02-14,2013-02-21,2013-02-26,2443.0,1,2443.0
SO52727,14816,317,2013-02-14,2013-02-21,2013-02-26,5.0,1,5.0
SO52728,2640,318,2013-02-14,2013-02-21,2013-02-26,4.0,1,4.0
SO52729,12759,371,2013-02-14,2013-02-21,2013-02-26,1701.0,1,1701.0
SO52730,9839,370,2013-02-14,2013-02-21,2013-02-26,1701.0,1,1701.0
SO52731,379,141,2013-02-14,2013-02-21,2013-02-26,2320.0,1,2320.0
SO52731,379,142,2013-02-14,2013-02-21,2013-02-26,2320.0,1,2320.0
SO52732,12631,166,2013-02-14,2013-02-21,2013-02-26,2443.0,1,2443.0
SO52732,12631,167,2013-02-14,2013-02-21,2013-02-26,2443.0,1,2443.0
SO52733,8460,162,2013-02-14,2013-02-21,2013-02-26,2443.0,1,2443.0
SO52733,8460,163,2013-02-14,2013-02-21,2013-02-26,2443.0,1,2443.0
SO52734,738,4,2013-02-14,2013-02-21,2013-02-26,35.0,1,35.0
SO52734,738,5,2013-02-14,2013-02-21,2013-02-26,35.0,1,35.0
SO52734,738,6,2013-02-14,2013-02-21,2013-02-26,35.0,1,35.0
SO52735,15251,330,2013-02-14,2013-02-21,2013-02-26,29.0,1,29.0
SO52736,1893,330,2013-02-14,2013-02-21,2013-02-26,29.0,1,29.0
SO52737,13390,318,2013-02-14,2013-02-21,2013-02-26,4.0,1,4.0
SO52738,12070,325,2013-02-14,2013-02-21,2013-02-26,30.0,1,30.0
SO52739,8727,325,2013-02-14,2013-02-21,2013-02-26,30.0,1,30.0
SO52740,724,325,2013-02-14,2013-02-21,2013-02-26,30.0,1,30.0
SO52741,1055,267,2013-02-14,2013-02-21,2013-02-26,10.0,1,10.0
SO52742,9362,265,2013-02-14,2013-02-21,2013-02-26,70.0,1,70.0
SO52743,8545,263,2013-02-14,2013-02-21,2013-02-26,70.0,1,70.0
SO52744,6584,266,2013-02-14,2013-02-21,2013-02-26,5.0,1,5.0
SO52745,8640,266,2013-02-14,2013-02-21,2013-02-26,5.0,1,5.0
SO52746,3506,317,2013-02-14,2013-02-21,2013-02-26,5.0,1,5.0
SO52747,7645,274,2013-02-14,2013-02-21,2013-02-26,22.0,1,22.0
SO52748,6212,317,2013-02-14,2013-02-21,2013-02-26,5.0,1,5.0
SO52749,3167,274,2013-02-14,2013-02-21,2013-02-26,22.0,1,22.0
SO52750,10111,325,2013-02-14,2013-02-21,2013-02-26,30.0,1,30.0
SO52751,6650,318,2013-02-14,2013-02-21,2013-02-26,4.0,1,4.0
SO52752,8522,318,2013-02-14,2013-02-21,2013-02-26,4.0,1,4.0
SO52753,3821,317,2013-02-14,2013-02-21,2013-02-26,5.0,1,5.0
SO52754,7636,318,2013-02-14,2013-02-21,2013-02-26,4.0,1,4.0
SO52755,5460,319,2013-02-14,2013-02-21,2013-02-26,5.0,1,5.0
SO52756,1515,12,2013-02-14,2013-02-21,2013-02-26,9.0,1,9.0
SO52756,1515,13,2013-02-14,2013-02-21,2013-02-26,9.0,1,9.0
SO52756,1515,14,2013-02-14,2013-02-21,2013-02-26,9.0,1,9.0
SO52757,1949,274,2013-02-14,2013-02-21,2013-02-26,22.0,1,22.0
SO52758,689,149,2013-02-14,2013-02-21,2013-02-26,2295.0,1,2295.0
SO52758,689,150,2013-02-14,2013-02-21,2013-02-26,2295.0,1,2295.0
SO52759,218,145,2013-02-14,2013-02-21,2013-02-26,2320.0,1,2320.0
SO52759,218,146,2013-02-14,2013-02-21,2013-02-26,2320.0,1,2320.0
SO52760,666,149,2013-02-14,2013-02-21,2013-02-26,2295.0,1,2295.0
SO52760,666,150,2013-02-14,2013-02-21,2013-02-26,2295.0,1,2295.0
SO52761,980,141,2013-02-14,2013-02-21,2013-02-26,2320.0,1,2320.0
SO52761,980,142,2013-02-14,2013-02-21,2013-02-26,2320.0,1,2320.0
SO52762,535,147,2013-02-14,2013-02-21,2013-02-26,2295.0,1,2295.0
SO52762,535,148,2013-02-14,2013-02-21,2013-02-26,2295.0,1,2295.0
SO52763,9155,394,2013-02-14,2013-02-21,2013-02-26,540.0,1,540.0
SO52764,17324,353,2013-02-14,2013-02-21,2013-02-26,2384.0,1,2384.0
SO52765,15318,375,2013-02-14,2013-02-21,2013-02-26,742.0,1,742.0
SO52766,5223,394,2013-02-14,2013-02-21,2013-02-26,540.0,1,540.0
SO52767,5224,393,2013-02-14,2013-02-21,2013-02-26,540.0,1,540.0
SO52768,8337,170,2013-02-14,2013-02-21,2013-02-26,1120.0,1,1120.0
SO52768,8337,171,2013-02-14,2013-02-21,2013-02-26,1120.0,1,1120.0
SO52769,8382,174,2013-02-14,2013-02-21,2013-02-26,1120.0,1,1120.0
SO52769,8382,175,2013-02-14,2013-02-21,2013-02-26,1120.0,1,1120.0
SO52770,10051,394,2013-02-14,2013-02-21,2013-02-26,540.0,1,540.0
SO52771,11643,170,2013-02-14,2013-02-21,2013-02-26,1120.0,1,1120.0
SO52771,11643,171,2013-02-14,2013-02-21,2013-02-26,1120.0,1,1120.0
SO52772,10032,394,2013-02-14,2013-02-21,2013-02-26,540.0,1,540.0
SO52773,18392,393,2013-02-14,2013-02-21,2013-02-26,540.0,1,540.0
SO52774,3831,350,2013-02-14,2013-02-21,2013-02-26,2384.0,1,2384.0
SO52775,18412,367,2013-02-14,2013-02-21,2013-02-26,1215.0,1,1215.0
SO52776,7470,162,2013-02-14,2013-02-21,2013-02-26,2443.0,1,2443.0
SO52776,7470,163,2013-02-14,2013-02-21,2013-02-26,2443.0,1,2443.0
SO52777,17108,360,2013-02-14,2013-02-21,2013-02-26,742.0,1,742.0
SO52778,216,266,2013-02-15,2013-02-22,2013-02-27,5.0,1,5.0
SO52779,4126,318,2013-02-15,2013-02-22,2013-02-27,4.0,1,4.0
SO52780,4218,328,2013-02-15,2013-02-22,2013-02-27,25.0,1,25.0
SO52781,5628,325,2013-02-15,2013-02-22,2013-02-27,30.0,1,30.0
SO52782,15544,318,2013-02-15,2013-02-22,2013-02-27,4.0,1,4.0
SO52783,4138,9,2013-02-15,2013-02-22,2013-02-27,35.0,1,35.0
SO52783,4138,10,2013-02-15,2013-02-22,2013-02-27,35.0,1,35.0
SO52783,4138,11,2013-02-15,2013-02-22,2013-02-27,35.0,1,35.0
SO52784,399,147,2013-02-15,2013-02-22,2013-02-27,2295.0,1,2295.0
SO52784,399,148,2013-02-15,2013-02-22,2013-02-27,2295.0,1,2295.0
SO52785,8449,164,2013-02-15,2013-02-22,2013-02-27,2443.0,1,2443.0
SO52785,8449,165,2013-02-15,2013-02-22,2013-02-27,2443.0,1,2443.0
SO52786,638,269,2013-02-15,2013-02-22,2013-02-27,2.0,1,2.0
SO52787,16223,318,2013-02-15,2013-02-22,2013-02-27,4.0,1,4.0
SO52788,18249,328,2013-02-15,2013-02-22,2013-02-27,25.0,1,25.0
SO52789,79,319,2013-02-15,2013-02-22,2013-02-27,5.0,1,5.0
SO52790,15737,327,2013-02-15,2013-02-22,2013-02-27,21.0,1,21.0
SO52791,712,324,2013-02-15,2013-02-22,2013-02-27,25.0,1,25.0
SO52792,14891,324,2013-02-15,2013-02-22,2013-02-27,25.0,1,25.0
SO52793,923,325,2013-02-15,2013-02-22,2013-02-27,30.0,1,30.0
SO52794,12802,329,2013-02-15,2013-02-22,2013-02-27,33.0,1,33.0
SO52795,11971,325,2013-02-15,2013-02-22,2013-02-27,30.0,1,30.0
SO52796,10460,267,2013-02-15,2013-02-22,2013-02-27,10.0,1,10.0
SO52797,1531,263,2013-02-15,2013-02-22,2013-02-27,70.0,1,70.0
SO52798,9379,263,2013-02-15,2013-02-22,2013-02-27,70.0,1,70.0
SO52799,7112,266,2013-02-15,2013-02-22,2013-02-27,5.0,1,5.0
SO52800,8242,263,2013-02-15,2013-02-22,2013-02-27,70.0,1,70.0
SO52801,6555,266,2013-02-15,2013-02-22,2013-02-27,5.0,1,5.0
SO52802,7752,266,2013-02-15,2013-02-22,2013-02-27,5.0,1,5.0
SO52803,6036,266,2013-02-15,2013-02-22,2013-02-27,5.0,1,5.0
SO52804,5878,266,2013-02-15,2013-02-22,2013-02-27,5.0,1,5.0
SO52805,5478,317,2013-02-15,2013-02-22,2013-02-27,5.0,1,5.0
SO52806,18215,266,2013-02-15,2013-02-22,2013-02-27,5.0,1,5.0
SO52807,10253,317,2013-02-15,2013-02-22,2013-02-27,5.0,1,5.0
SO52808,11144,317,2013-02-15,2013-02-22,2013-02-27,5.0,1,5.0
SO52809,2486,274,2013-02-15,2013-02-22,2013-02-27,22.0,1,22.0
SO52810,5442,324,2013-02-15,2013-02-22,2013-02-27,25.0,1,25.0
SO52811,17392,329,2013-02-15,2013-02-22,2013-02-27,33.0,1,33.0
SO52812,12603,318,2013-02-15,2013-02-22,2013-02-27,4.0,1,4.0
SO52813,16816,318,2013-02-15,2013-02-22,2013-02-27,4.0,1,4.0
SO52814,16838,327,2013-02-15,2013-02-22,2013-02-27,21.0,1,21.0
SO52815,10071,327,2013-02-15,2013-02-22,2013-02-27,21.0,1,21.0
SO52816,9147,318,2013-02-15,2013-02-22,2013-02-27,4.0,1,4.0
SO52817,8186,266,2013-02-15,2013-02-22,2013-02-27,5.0,1,5.0
SO52818,14522,12,2013-02-15,2013-02-22,2013-02-27,9.0,1,9.0
SO52818,14522,13,2013-02-15,2013-02-22,2013-02-27,9.0,1,9.0
SO52818,14522,14,2013-02-15,2013-02-22,2013-02-27,9.0,1,9.0
SO52819,1504,327,2013-02-15,2013-02-22,2013-02-27,21.0,1,21.0
SO52820,14673,319,2013-02-15,2013-02-22,2013-02-27,5.0,1,5.0
SO52821,5594,319,2013-02-15,2013-02-22,2013-02-27,5.0,1,5.0
SO52822,651,326,2013-02-15,2013-02-22,2013-02-27,35.0,1,35.0
SO52823,820,317,2013-02-15,2013-02-22,2013-02-27,5.0,1,5.0
SO52824,2342,274,2013-02-15,2013-02-22,2013-02-27,22.0,1,22.0
SO52825,827,141,2013-02-15,2013-02-22,2013-02-27,2320.0,1,2320.0
SO52825,827,142,2013-02-15,2013-02-22,2013-02-27,2320.0,1,2320.0
SO52826,648,145,2013-02-15,2013-02-22,2013-02-27,2320.0,1,2320.0
SO52826,648,146,2013-02-15,2013-02-22,2013-02-27,2320.0,1,2320.0
SO52827,664,147,2013-02-15,2013-02-22,2013-02-27,2295.0,1,2295.0
SO52827,664,148,2013-02-15,2013-02-22,2013-02-27,2295.0,1,2295.0
SO52828,524,141,2013-02-15,2013-02-22,2013-02-27,2320.0,1,2320.0
SO52828,524,142,2013-02-15,2013-02-22,2013-02-27,2320.0,1,2320.0
SO52829,985,149,2013-02-15,2013-02-22,2013-02-27,2295.0,1,2295.0
SO52829,985,150,2013-02-15,2013-02-22,2013-02-27,2295.0,1,2295.0
SO52830,17328,364,2013-02-15,2013-02-22,2013-02-27,2384.0,1,2384.0
SO52831,15674,393,2013-02-15,2013-02-22,2013-02-27,540.0,1,540.0
SO52832,18248,362,2013-02-15,2013-02-22,2013-02-27,2384.0,1,2384.0
SO52833,10651,394,2013-02-15,2013-02-22,2013-02-27,540.0,1,540.0
SO52834,5222,395,2013-02-15,2013-02-22,2013-02-27,540.0,1,540.0
SO52835,11282,395,2013-02-15,2013-02-22,2013-02-27,540.0,1,540.0
SO52836,8536,178,2013-02-15,2013-02-22,2013-02-27,1120.0,1,1120.0
SO52836,8536,179,2013-02-15,2013-02-22,2013-02-27,1120.0,1,1120.0
SO52837,12224,174,2013-02-15,2013-02-22,2013-02-27,1120.0,1,1120.0
SO52837,12224,175,2013-02-15,2013-02-22,2013-02-27,1120.0,1,1120.0
SO52838,8433,176,2013-02-15,2013-02-22,2013-02-27,1120.0,1,1120.0
SO52838,8433,177,2013-02-15,2013-02-22,2013-02-27,1120.0,1,1120.0
SO52839,14676,373,2013-02-15,2013-02-22,2013-02-27,540.0,1,540.0
SO52840,13084,353,2013-02-15,2013-02-22,2013-02-27,2384.0,1,2384.0
SO52841,7297,168,2013-02-16,2013-02-23,2013-02-28,2443.0,1,2443.0
SO52841,7297,169,2013-02-16,2013-02-23,2013-02-28,2443.0,1,2443.0
SO52842,13613,174,2013-02-16,2013-02-23,2013-02-28,1120.0,1,1120.0
SO52842,13613,175,2013-02-16,2013-02-23,2013-02-28,1120.0,1,1120.0
SO52843,13615,170,2013-02-16,2013-02-23,2013-02-28,1120.0,1,1120.0
SO52843,13615,171,2013-02-16,2013-02-23,2013-02-28,1120.0,1,1120.0
SO52844,999,367,2013-02-16,2013-02-23,2013-02-28,1215.0,1,1215.0
SO52845,3059,349,2013-02-16,2013-02-23,2013-02-28,1215.0,1,1215.0
SO52846,383,151,2013-02-16,2013-02-23,2013-02-28,2295.0,1,2295.0
SO52846,383,152,2013-02-16,2013-02-23,2013-02-28,2295.0,1,2295.0
SO52847,13470,266,2013-02-16,2013-02-23,2013-02-28,5.0,1,5.0
SO52848,11065,265,2013-02-16,2013-02-23,2013-02-28,70.0,1,70.0
SO52849,1245,18,2013-02-16,2013-02-23,2013-02-28,50.0,1,50.0
SO52849,1245,19,2013-02-16,2013-02-23,2013-02-28,50.0,1,50.0
SO52849,1245,20,2013-02-16,2013-02-23,2013-02-28,50.0,1,50.0
SO52850,6083,369,2013-02-16,2013-02-23,2013-02-28,1701.0,1,1701.0
SO52851,2668,379,2013-02-16,2013-02-23,2013-02-28,769.0,1,769.0
SO52852,932,4,2013-02-16,2013-02-23,2013-02-28,35.0,1,35.0
SO52852,932,5,2013-02-16,2013-02-23,2013-02-28,35.0,1,35.0
SO52852,932,6,2013-02-16,2013-02-23,2013-02-28,35.0,1,35.0
SO52853,14836,324,2013-02-16,2013-02-23,2013-02-28,25.0,1,25.0
SO52854,13298,318,2013-02-16,2013-02-23,2013-02-28,4.0,1,4.0
SO52855,12862,329,2013-02-16,2013-02-23,2013-02-28,33.0,1,33.0
SO52856,1896,317,2013-02-16,2013-02-23,2013-02-28,5.0,1,5.0
SO52857,12141,325,2013-02-16,2013-02-23,2013-02-28,30.0,1,30.0
SO52858,12407,325,2013-02-16,2013-02-23,2013-02-28,30.0,1,30.0
SO52859,3634,318,2013-02-16,2013-02-23,2013-02-28,4.0,1,4.0
SO52860,12131,325,2013-02-16,2013-02-23,2013-02-28,30.0,1,30.0
SO52861,12047,317,2013-02-16,2013-02-23,2013-02-28,5.0,1,5.0
SO52862,9780,267,2013-02-16,2013-02-23,2013-02-28,10.0,1,10.0
SO52863,8011,265,2013-02-16,2013-02-23,2013-02-28,70.0,1,70.0
SO52864,6017,266,2013-02-16,2013-02-23,2013-02-28,5.0,1,5.0
SO52865,4743,317,2013-02-16,2013-02-23,2013-02-28,5.0,1,5.0
SO52866,11098,317,2013-02-16,2013-02-23,2013-02-28,5.0,1,5.0
SO52867,3846,317,2013-02-16,2013-02-23,2013-02-28,5.0,1,5.0
SO52868,6851,325,2013-02-16,2013-02-23,2013-02-28,30.0,1,30.0
SO52869,10526,317,2013-02-16,2013-02-23,2013-02-28,5.0,1,5.0
SO52870,6995,328,2013-02-16,2013-02-23,2013-02-28,25.0,1,25.0
SO52871,8393,328,2013-02-16,2013-02-23,2013-02-28,25.0,1,25.0
SO52872,4923,319,2013-02-16,2013-02-23,2013-02-28,5.0,1,5.0
SO52873,4827,326,2013-02-16,2013-02-23,2013-02-28,35.0,1,35.0
SO52874,1907,274,2013-02-16,2013-02-23,2013-02-28,22.0,1,22.0
SO52875,5813,371,2013-02-16,2013-02-23,2013-02-28,1701.0,1,1701.0
SO52876,2857,379,2013-02-16,2013-02-23,2013-02-28,769.0,1,769.0
SO52877,5676,379,2013-02-16,2013-02-23,2013-02-28,769.0,1,769.0
SO52878,13522,364,2013-02-16,2013-02-23,2013-02-28,2384.0,1,2384.0
SO52879,11328,395,2013-02-16,2013-02-23,2013-02-28,540.0,1,540.0
SO52880,11647,172,2013-02-16,2013-02-23,2013-02-28,1120.0,1,1120.0
SO52880,11647,173,2013-02-16,2013-02-23,2013-02-28,1120.0,1,1120.0
SO52881,14616,394,2013-02-16,2013-02-23,2013-02-28,540.0,1,540.0
SO52882,15874,367,2013-02-16,2013-02-23,2013-02-28,1215.0,1,1215.0
SO52883,1047,12,2013-02-17,2013-02-24,2013-03-01,9.0,1,9.0
SO52883,1047,13,2013-02-17,2013-02-24,2013-03-01,9.0,1,9.0
SO52883,1047,14,2013-02-17,2013-02-24,2013-03-01,9.0,1,9.0
SO52884,3519,318,2013-02-17,2013-02-24,2013-03-01,4.0,1,4.0
SO52885,5612,325,2013-02-17,2013-02-24,2013-03-01,30.0,1,30.0
SO52886,5928,274,2013-02-17,2013-02-24,2013-03-01,22.0,1,22.0
SO52887,10566,326,2013-02-17,2013-02-24,2013-03-01,35.0,1,35.0
SO52888,13895,317,2013-02-17,2013-02-24,2013-03-01,5.0,1,5.0
SO52889,7268,9,2013-02-17,2013-02-24,2013-03-01,35.0,1,35.0
SO52889,7268,10,2013-02-17,2013-02-24,2013-03-01,35.0,1,35.0
SO52889,7268,11,2013-02-17,2013-02-24,2013-03-01,35.0,1,35.0
SO52890,13207,369,2013-02-17,2013-02-24,2013-03-01,1701.0,1,1701.0
SO52891,13104,372,2013-02-17,2013-02-24,2013-03-01,1701.0,1,1701.0
SO52892,5943,370,2013-02-17,2013-02-24,2013-03-01,1701.0,1,1701.0
SO52893,508,318,2013-02-17,2013-02-24,2013-03-01,4.0,1,4.0
SO52894,18250,328,2013-02-17,2013-02-24,2013-03-01,25.0,1,25.0
SO52895,15494,324,2013-02-17,2013-02-24,2013-03-01,25.0,1,25.0
SO52896,13430,329,2013-02-17,2013-02-24,2013-03-01,33.0,1,33.0
SO52897,12110,325,2013-02-17,2013-02-24,2013-03-01,30.0,1,30.0
SO52898,11346,267,2013-02-17,2013-02-24,2013-03-01,10.0,1,10.0
SO52899,12253,267,2013-02-17,2013-02-24,2013-03-01,10.0,1,10.0
SO52900,2319,267,2013-02-17,2013-02-24,2013-03-01,10.0,1,10.0
SO52901,2207,267,2013-02-17,2013-02-24,2013-03-01,10.0,1,10.0
SO52902,8644,265,2013-02-17,2013-02-24,2013-03-01,70.0,1,70.0
SO52903,5803,266,2013-02-17,2013-02-24,2013-03-01,5.0,1,5.0
SO52904,5014,317,2013-02-17,2013-02-24,2013-03-01,5.0,1,5.0
SO52905,3704,317,2013-02-17,2013-02-24,2013-03-01,5.0,1,5.0
SO52906,6807,324,2013-02-17,2013-02-24,2013-03-01,25.0,1,25.0
SO52907,17499,12,2013-02-17,2013-02-24,2013-03-01,9.0,1,9.0
SO52907,17499,13,2013-02-17,2013-02-24,2013-03-01,9.0,1,9.0
SO52907,17499,14,2013-02-17,2013-02-24,2013-03-01,9.0,1,9.0
SO52908,7018,328,2013-02-17,2013-02-24,2013-03-01,25.0,1,25.0
SO52909,14789,318,2013-02-17,2013-02-24,2013-03-01,4.0,1,4.0
SO52910,13856,327,2013-02-17,2013-02-24,2013-03-01,21.0,1,21.0
SO52911,15839,319,2013-02-17,2013-02-24,2013-03-01,5.0,1,5.0
SO52912,24,326,2013-02-17,2013-02-24,2013-03-01,35.0,1,35.0
SO52913,16808,319,2013-02-17,2013-02-24,2013-03-01,5.0,1,5.0
SO52914,883,317,2013-02-17,2013-02-24,2013-03-01,5.0,1,5.0
SO52915,885,326,2013-02-17,2013-02-24,2013-03-01,35.0,1,35.0
SO52916,951,317,2013-02-17,2013-02-24,2013-03-01,5.0,1,5.0
SO52917,6658,274,2013-02-17,2013-02-24,2013-03-01,22.0,1,22.0
SO52918,866,326,2013-02-17,2013-02-24,2013-03-01,35.0,1,35.0
SO52919,5233,164,2013-02-17,2013-02-24,2013-03-01,2443.0,1,2443.0
SO52919,5233,165,2013-02-17,2013-02-24,2013-03-01,2443.0,1,2443.0
SO52920,9211,160,2013-02-17,2013-02-24,2013-03-01,2443.0,1,2443.0
SO52920,9211,161,2013-02-17,2013-02-24,2013-03-01,2443.0,1,2443.0
SO52921,2863,377,2013-02-17,2013-02-24,2013-03-01,769.0,1,769.0
SO52922,1072,141,2013-02-17,2013-02-24,2013-03-01,2320.0,1,2320.0
SO52922,1072,142,2013-02-17,2013-02-24,2013-03-01,2320.0,1,2320.0
SO52923,10620,393,2013-02-17,2013-02-24,2013-03-01,540.0,1,540.0
SO52924,8534,178,2013-02-17,2013-02-24,2013-03-01,1120.0,1,1120.0
SO52924,8534,179,2013-02-17,2013-02-24,2013-03-01,1120.0,1,1120.0
SO52925,8381,174,2013-02-17,2013-02-24,2013-03-01,1120.0,1,1120.0
SO52925,8381,175,2013-02-17,2013-02-24,2013-03-01,1120.0,1,1120.0
SO52926,10025,373,2013-02-17,2013-02-24,2013-03-01,540.0,1,540.0
SO52927,14647,395,2013-02-17,2013-02-24,2013-03-01,540.0,1,540.0
SO52928,10049,393,2013-02-17,2013-02-24,2013-03-01,540.0,1,540.0
SO52929,14641,363,2013-02-17,2013-02-24,2013-03-01,2384.0,1,2384.0
SO52930,13609,170,2013-02-18,2013-02-25,2013-03-02,1120.0,1,1120.0
SO52930,13609,171,2013-02-18,2013-02-25,2013-03-02,1120.0,1,1120.0
SO52931,867,273,2013-02-18,2013-02-25,2013-03-02,8.0,1,8.0
SO52932,3313,319,2013-02-18,2013-02-25,2013-03-02,5.0,1,5.0
SO52933,60,268,2013-02-18,2013-02-25,2013-03-02,9.0,1,9.0
SO52934,715,279,2013-02-18,2013-02-25,2013-03-02,54.0,1,54.0
SO52935,18229,328,2013-02-18,2013-02-25,2013-03-02,25.0,1,25.0
SO52936,10501,267,2013-02-18,2013-02-25,2013-03-02,10.0,1,10.0
SO52937,8704,264,2013-02-18,2013-02-25,2013-03-02,70.0,1,70.0
SO52938,10235,263,2013-02-18,2013-02-25,2013-03-02,70.0,1,70.0
SO52939,7531,266,2013-02-18,2013-02-25,2013-03-02,5.0,1,5.0
SO52940,4398,317,2013-02-18,2013-02-25,2013-03-02,5.0,1,5.0
SO52941,7450,274,2013-02-18,2013-02-25,2013-03-02,22.0,1,22.0
SO52942,5040,317,2013-02-18,2013-02-25,2013-03-02,5.0,1,5.0
SO52943,2569,263,2013-02-18,2013-02-25,2013-03-02,70.0,1,70.0
SO52944,5937,328,2013-02-18,2013-02-25,2013-03-02,25.0,1,25.0
SO52945,8057,324,2013-02-18,2013-02-25,2013-03-02,25.0,1,25.0
SO52946,17543,263,2013-02-18,2013-02-25,2013-03-02,70.0,1,70.0
SO52947,13065,266,2013-02-18,2013-02-25,2013-03-02,5.0,1,5.0
SO52948,16177,327,2013-02-18,2013-02-25,2013-03-02,21.0,1,21.0
SO52949,3800,330,2013-02-18,2013-02-25,2013-03-02,29.0,1,29.0
SO52950,833,317,2013-02-18,2013-02-25,2013-03-02,5.0,1,5.0
SO52951,2236,274,2013-02-18,2013-02-25,2013-03-02,22.0,1,22.0
SO52952,1640,15,2013-02-18,2013-02-25,2013-03-02,50.0,1,50.0
SO52952,1640,16,2013-02-18,2013-02-25,2013-03-02,50.0,1,50.0
SO52952,1640,17,2013-02-18,2013-02-25,2013-03-02,50.0,1,50.0
SO52953,1594,12,2013-02-18,2013-02-25,2013-03-02,9.0,1,9.0
SO52953,1594,13,2013-02-18,2013-02-25,2013-03-02,9.0,1,9.0
SO52953,1594,14,2013-02-18,2013-02-25,2013-03-02,9.0,1,9.0
SO52954,3082,162,2013-02-18,2013-02-25,2013-03-02,2443.0,1,2443.0
SO52954,3082,163,2013-02-18,2013-02-25,2013-03-02,2443.0,1,2443.0
SO52955,5236,162,2013-02-18,2013-02-25,2013-03-02,2443.0,1,2443.0
SO52955,5236,163,2013-02-18,2013-02-25,2013-03-02,2443.0,1,2443.0
SO52956,318,147,2013-02-18,2013-02-25,2013-03-02,2295.0,1,2295.0
SO52956,318,148,2013-02-18,2013-02-25,2013-03-02,2295.0,1,2295.0
SO52957,163,147,2013-02-18,2013-02-25,2013-03-02,2295.0,1,2295.0
SO52957,163,148,2013-02-18,2013-02-25,2013-03-02,2295.0,1,2295.0
SO52958,17771,374,2013-02-18,2013-02-25,2013-03-02,742.0,1,742.0
SO52959,460,143,2013-02-18,2013-02-25,2013-03-02,2320.0,1,2320.0
SO52959,460,144,2013-02-18,2013-02-25,2013-03-02,2320.0,1,2320.0
SO52960,10650,393,2013-02-18,2013-02-25,2013-03-02,540.0,1,540.0
SO52961,10647,394,2013-02-18,2013-02-25,2013-03-02,540.0,1,540.0
SO52962,11288,373,2013-02-18,2013-02-25,2013-03-02,540.0,1,540.0
SO52963,7274,164,2013-02-19,2013-02-26,2013-03-03,2443.0,1,2443.0
SO52963,7274,165,2013-02-19,2013-02-26,2013-03-03,2443.0,1,2443.0
SO52964,12413,172,2013-02-19,2013-02-26,2013-03-03,1120.0,1,1120.0
SO52964,12413,173,2013-02-19,2013-02-26,2013-03-03,1120.0,1,1120.0
SO52965,493,141,2013-02-19,2013-02-26,2013-03-03,2320.0,1,2320.0
SO52965,493,142,2013-02-19,2013-02-26,2013-03-03,2320.0,1,2320.0
SO52966,352,151,2013-02-19,2013-02-26,2013-03-03,2295.0,1,2295.0
SO52966,352,152,2013-02-19,2013-02-26,2013-03-03,2295.0,1,2295.0
SO52967,354,151,2013-02-19,2013-02-26,2013-03-03,2295.0,1,2295.0
SO52967,354,152,2013-02-19,2013-02-26,2013-03-03,2295.0,1,2295.0
SO52968,213,9,2013-02-19,2013-02-26,2013-03-03,35.0,1,35.0
SO52968,213,10,2013-02-19,2013-02-26,2013-03-03,35.0,1,35.0
SO52968,213,11,2013-02-19,2013-02-26,2013-03-03,35.0,1,35.0
SO52969,966,324,2013-02-19,2013-02-26,2013-03-03,25.0,1,25.0
SO52970,7287,317,2013-02-19,2013-02-26,2013-03-03,5.0,1,5.0
SO52971,6244,279,2013-02-19,2013-02-26,2013-03-03,54.0,1,54.0
SO52972,6303,21,2013-02-19,2013-02-26,2013-03-03,50.0,1,50.0
SO52972,6303,22,2013-02-19,2013-02-26,2013-03-03,50.0,1,50.0
SO52972,6303,23,2013-02-19,2013-02-26,2013-03-03,50.0,1,50.0
SO52973,3679,24,2013-02-19,2013-02-26,2013-03-03,50.0,1,50.0
SO52973,3679,25,2013-02-19,2013-02-26,2013-03-03,50.0,1,50.0
SO52973,3679,26,2013-02-19,2013-02-26,2013-03-03,50.0,1,50.0
SO52974,7198,12,2013-02-19,2013-02-26,2013-03-03,9.0,1,9.0
SO52974,7198,13,2013-02-19,2013-02-26,2013-03-03,9.0,1,9.0
SO52974,7198,14,2013-02-19,2013-02-26,2013-03-03,9.0,1,9.0
SO52975,3308,275,2013-02-19,2013-02-26,2013-03-03,159.0,1,159.0
SO52976,18269,318,2013-02-19,2013-02-26,2013-03-03,4.0,1,4.0
SO52977,16294,330,2013-02-19,2013-02-26,2013-03-03,29.0,1,29.0
SO52978,15692,330,2013-02-19,2013-02-26,2013-03-03,29.0,1,29.0
SO52979,14436,329,2013-02-19,2013-02-26,2013-03-03,33.0,1,33.0
SO52980,14103,329,2013-02-19,2013-02-26,2013-03-03,33.0,1,33.0
SO52981,7872,325,2013-02-19,2013-02-26,2013-03-03,30.0,1,30.0
SO52982,6386,325,2013-02-19,2013-02-26,2013-03-03,30.0,1,30.0
SO52983,10788,267,2013-02-19,2013-02-26,2013-03-03,10.0,1,10.0
SO52984,1184,267,2013-02-19,2013-02-26,2013-03-03,10.0,1,10.0
SO52985,7095,266,2013-02-19,2013-02-26,2013-03-03,5.0,1,5.0
SO52986,6706,317,2013-02-19,2013-02-26,2013-03-03,5.0,1,5.0
SO52987,8921,328,2013-02-19,2013-02-26,2013-03-03,25.0,1,25.0
SO52988,3783,274,2013-02-19,2013-02-26,2013-03-03,22.0,1,22.0
SO52989,12938,318,2013-02-19,2013-02-26,2013-03-03,4.0,1,4.0
SO52990,9589,324,2013-02-19,2013-02-26,2013-03-03,25.0,1,25.0
SO52991,11493,266,2013-02-19,2013-02-26,2013-03-03,5.0,1,5.0
SO52992,16807,318,2013-02-19,2013-02-26,2013-03-03,4.0,1,4.0
SO52993,15866,318,2013-02-19,2013-02-26,2013-03-03,4.0,1,4.0
SO52994,5194,319,2013-02-19,2013-02-26,2013-03-03,5.0,1,5.0
SO52995,1939,274,2013-02-19,2013-02-26,2013-03-03,22.0,1,22.0
SO52996,1794,274,2013-02-19,2013-02-26,2013-03-03,22.0,1,22.0
SO52997,7964,384,2013-02-19,2013-02-26,2013-03-03,565.0,1,565.0
SO52998,529,143,2013-02-19,2013-02-26,2013-03-03,2320.0,1,2320.0
SO52998,529,144,2013-02-19,2013-02-26,2013-03-03,2320.0,1,2320.0
SO52999,1114,149,2013-02-19,2013-02-26,2013-03-03,2295.0,1,2295.0
SO52999,1114,150,2013-02-19,2013-02-26,2013-03-03,2295.0,1,2295.0
SO53000,3103,376,2013-02-19,2013-02-26,2013-03-03,769.0,1,769.0
SO53001,10023,395,2013-02-19,2013-02-26,2013-03-03,540.0,1,540.0
SO53002,3940,365,2013-02-19,2013-02-26,2013-03-03,2384.0,1,2384.0
SO53003,7304,166,2013-02-19,2013-02-26,2013-03-03,2443.0,1,2443.0
SO53003,7304,167,2013-02-19,2013-02-26,2013-03-03,2443.0,1,2443.0
SO53004,5483,178,2013-02-20,2013-02-27,2013-03-04,1120.0,1,1120.0
SO53004,5483,179,2013-02-20,2013-02-27,2013-03-04,1120.0,1,1120.0
SO53005,494,151,2013-02-20,2013-02-27,2013-03-04,2295.0,1,2295.0
SO53005,494,152,2013-02-20,2013-02-27,2013-03-04,2295.0,1,2295.0
SO53006,396,143,2013-02-20,2013-02-27,2013-03-04,2320.0,1,2320.0
SO53006,396,144,2013-02-20,2013-02-27,2013-03-04,2320.0,1,2320.0
SO53007,531,12,2013-02-20,2013-02-27,2013-03-04,9.0,1,9.0
SO53007,531,13,2013-02-20,2013-02-27,2013-03-04,9.0,1,9.0
SO53007,531,14,2013-02-20,2013-02-27,2013-03-04,9.0,1,9.0
SO53008,2963,324,2013-02-20,2013-02-27,2013-03-04,25.0,1,25.0
SO53009,3858,328,2013-02-20,2013-02-27,2013-03-04,25.0,1,25.0
SO53010,6255,325,2013-02-20,2013-02-27,2013-03-04,30.0,1,30.0
SO53011,6071,325,2013-02-20,2013-02-27,2013-03-04,30.0,1,30.0
SO53012,7708,274,2013-02-20,2013-02-27,2013-03-04,22.0,1,22.0
SO53013,13900,317,2013-02-20,2013-02-27,2013-03-04,5.0,1,5.0
SO53014,4127,21,2013-02-20,2013-02-27,2013-03-04,50.0,1,50.0
SO53014,4127,22,2013-02-20,2013-02-27,2013-03-04,50.0,1,50.0
SO53014,4127,23,2013-02-20,2013-02-27,2013-03-04,50.0,1,50.0
SO53015,8091,269,2013-02-20,2013-02-27,2013-03-04,2.0,1,2.0
SO53016,7260,12,2013-02-20,2013-02-27,2013-03-04,9.0,1,9.0
SO53016,7260,13,2013-02-20,2013-02-27,2013-03-04,9.0,1,9.0
SO53016,7260,14,2013-02-20,2013-02-27,2013-03-04,9.0,1,9.0
SO53017,17968,12,2013-02-20,2013-02-27,2013-03-04,9.0,1,9.0
SO53017,17968,13,2013-02-20,2013-02-27,2013-03-04,9.0,1,9.0
SO53017,17968,14,2013-02-20,2013-02-27,2013-03-04,9.0,1,9.0
SO53018,17999,328,2013-02-20,2013-02-27,2013-03-04,25.0,1,25.0
SO53019,739,327,2013-02-20,2013-02-27,2013-03-04,21.0,1,21.0
SO53020,204,319,2013-02-20,2013-02-27,2013-03-04,5.0,1,5.0
SO53021,18001,319,2013-02-20,2013-02-27,2013-03-04,5.0,1,5.0
SO53022,17004,319,2013-02-20,2013-02-27,2013-03-04,5.0,1,5.0
SO53023,278,329,2013-02-20,2013-02-27,2013-03-04,33.0,1,33.0
SO53024,4527,318,2013-02-20,2013-02-27,2013-03-04,4.0,1,4.0
SO53025,13777,318,2013-02-20,2013-02-27,2013-03-04,4.0,1,4.0
SO53026,177,324,2013-02-20,2013-02-27,2013-03-04,25.0,1,25.0
SO53027,7759,329,2013-02-20,2013-02-27,2013-03-04,33.0,1,33.0
SO53028,13318,329,2013-02-20,2013-02-27,2013-03-04,33.0,1,33.0
SO53029,10721,267,2013-02-20,2013-02-27,2013-03-04,10.0,1,10.0
SO53030,4499,266,2013-02-20,2013-02-27,2013-03-04,5.0,1,5.0
SO53031,10160,266,2013-02-20,2013-02-27,2013-03-04,5.0,1,5.0
SO53032,8779,263,2013-02-20,2013-02-27,2013-03-04,70.0,1,70.0
SO53033,828,264,2013-02-20,2013-02-27,2013-03-04,70.0,1,70.0
SO53034,7347,12,2013-02-20,2013-02-27,2013-03-04,9.0,1,9.0
SO53034,7347,13,2013-02-20,2013-02-27,2013-03-04,9.0,1,9.0
SO53034,7347,14,2013-02-20,2013-02-27,2013-03-04,9.0,1,9.0
SO53035,3922,317,2013-02-20,2013-02-27,2013-03-04,5.0,1,5.0
SO53036,2699,317,2013-02-20,2013-02-27,2013-03-04,5.0,1,5.0
SO53037,7633,317,2013-02-20,2013-02-27,2013-03-04,5.0,1,5.0
SO53038,6641,324,2013-02-20,2013-02-27,2013-03-04,25.0,1,25.0
SO53039,8178,318,2013-02-20,2013-02-27,2013-03-04,4.0,1,4.0
SO53040,17411,327,2013-02-20,2013-02-27,2013-03-04,21.0,1,21.0
SO53041,567,330,2013-02-20,2013-02-27,2013-03-04,29.0,1,29.0
SO53042,278,326,2013-02-20,2013-02-27,2013-03-04,35.0,1,35.0
SO53043,6037,274,2013-02-20,2013-02-27,2013-03-04,22.0,1,22.0
SO53044,1603,12,2013-02-20,2013-02-27,2013-03-04,9.0,1,9.0
SO53044,1603,13,2013-02-20,2013-02-27,2013-03-04,9.0,1,9.0
SO53044,1603,14,2013-02-20,2013-02-27,2013-03-04,9.0,1,9.0
SO53045,7759,274,2013-02-20,2013-02-27,2013-03-04,22.0,1,22.0
SO53046,1980,274,2013-02-20,2013-02-27,2013-03-04,22.0,1,22.0
SO53047,5888,372,2013-02-20,2013-02-27,2013-03-04,1701.0,1,1701.0
SO53048,1033,380,2013-02-20,2013-02-27,2013-03-04,565.0,1,565.0
SO53049,4562,380,2013-02-20,2013-02-27,2013-03-04,565.0,1,565.0
SO53050,9200,162,2013-02-20,2013-02-27,2013-03-04,2443.0,1,2443.0
SO53050,9200,163,2013-02-20,2013-02-27,2013-03-04,2443.0,1,2443.0
SO53051,2871,378,2013-02-20,2013-02-27,2013-03-04,769.0,1,769.0
SO53052,742,145,2013-02-20,2013-02-27,2013-03-04,2320.0,1,2320.0
SO53052,742,146,2013-02-20,2013-02-27,2013-03-04,2320.0,1,2320.0
SO53053,817,141,2013-02-20,2013-02-27,2013-03-04,2320.0,1,2320.0
SO53053,817,142,2013-02-20,2013-02-27,2013-03-04,2320.0,1,2320.0
SO53054,838,151,2013-02-20,2013-02-27,2013-03-04,2295.0,1,2295.0
SO53054,838,152,2013-02-20,2013-02-27,2013-03-04,2295.0,1,2295.0
SO53055,327,151,2013-02-20,2013-02-27,2013-03-04,2295.0,1,2295.0
SO53055,327,152,2013-02-20,2013-02-27,2013-03-04,2295.0,1,2295.0
SO53056,298,151,2013-02-20,2013-02-27,2013-03-04,2295.0,1,2295.0
SO53056,298,152,2013-02-20,2013-02-27,2013-03-04,2295.0,1,2295.0
SO53057,16775,355,2013-02-20,2013-02-27,2013-03-04,742.0,1,742.0
SO53058,16778,359,2013-02-20,2013-02-27,2013-03-04,742.0,1,742.0
SO53059,17310,364,2013-02-20,2013-02-27,2013-03-04,2384.0,1,2384.0
SO53060,15744,395,2013-02-20,2013-02-27,2013-03-04,540.0,1,540.0
SO53061,15749,394,2013-02-20,2013-02-27,2013-03-04,540.0,1,540.0
SO53062,1012,388,2013-02-20,2013-02-27,2013-03-04,540.0,1,540.0
SO53063,11113,352,2013-02-20,2013-02-27,2013-03-04,2384.0,1,2384.0
SO53064,10602,373,2013-02-20,2013-02-27,2013-03-04,540.0,1,540.0
SO53065,7550,170,2013-02-20,2013-02-27,2013-03-04,1120.0,1,1120.0
SO53065,7550,171,2013-02-20,2013-02-27,2013-03-04,1120.0,1,1120.0
SO53066,8409,170,2013-02-20,2013-02-27,2013-03-04,1120.0,1,1120.0
SO53066,8409,171,2013-02-20,2013-02-27,2013-03-04,1120.0,1,1120.0
SO53067,11640,174,2013-02-20,2013-02-27,2013-03-04,1120.0,1,1120.0
SO53067,11640,175,2013-02-20,2013-02-27,2013-03-04,1120.0,1,1120.0
SO53068,471,151,2013-02-21,2013-02-28,2013-03-05,2295.0,1,2295.0
SO53068,471,152,2013-02-21,2013-02-28,2013-03-05,2295.0,1,2295.0
SO53069,204,272,2013-02-21,2013-02-28,2013-03-05,120.0,1,120.0
SO53070,3517,328,2013-02-21,2013-02-28,2013-03-05,25.0,1,25.0
SO53071,5695,318,2013-02-21,2013-02-28,2013-03-05,4.0,1,4.0
SO53072,6064,325,2013-02-21,2013-02-28,2013-03-05,30.0,1,30.0
SO53073,8633,326,2013-02-21,2013-02-28,2013-03-05,35.0,1,35.0
SO53074,10213,326,2013-02-21,2013-02-28,2013-03-05,35.0,1,35.0
SO53075,10368,317,2013-02-21,2013-02-28,2013-03-05,5.0,1,5.0
SO53076,3210,319,2013-02-21,2013-02-28,2013-03-05,5.0,1,5.0
SO53077,14130,318,2013-02-21,2013-02-28,2013-03-05,4.0,1,4.0
SO53078,903,318,2013-02-21,2013-02-28,2013-03-05,4.0,1,4.0
SO53079,5169,329,2013-02-21,2013-02-28,2013-03-05,33.0,1,33.0
SO53080,123,273,2013-02-21,2013-02-28,2013-03-05,8.0,1,8.0
SO53081,12765,162,2013-02-21,2013-02-28,2013-03-05,2443.0,1,2443.0
SO53081,12765,163,2013-02-21,2013-02-28,2013-03-05,2443.0,1,2443.0
SO53082,8441,166,2013-02-21,2013-02-28,2013-03-05,2443.0,1,2443.0
SO53082,8441,167,2013-02-21,2013-02-28,2013-03-05,2443.0,1,2443.0
SO53083,11449,168,2013-02-21,2013-02-28,2013-03-05,2443.0,1,2443.0
SO53083,11449,169,2013-02-21,2013-02-28,2013-03-05,2443.0,1,2443.0
SO53084,17095,269,2013-02-21,2013-02-28,2013-03-05,2.0,1,2.0
SO53085,179,318,2013-02-21,2013-02-28,2013-03-05,4.0,1,4.0
SO53086,17794,328,2013-02-21,2013-02-28,2013-03-05,25.0,1,25.0
SO53087,17811,328,2013-02-21,2013-02-28,2013-03-05,25.0,1,25.0
SO53088,227,269,2013-02-21,2013-02-28,2013-03-05,2.0,1,2.0
SO53089,201,319,2013-02-21,2013-02-28,2013-03-05,5.0,1,5.0
SO53090,17033,327,2013-02-21,2013-02-28,2013-03-05,21.0,1,21.0
SO53091,14379,318,2013-02-21,2013-02-28,2013-03-05,4.0,1,4.0
SO53092,186,324,2013-02-21,2013-02-28,2013-03-05,25.0,1,25.0
SO53093,332,318,2013-02-21,2013-02-28,2013-03-05,4.0,1,4.0
SO53094,1056,325,2013-02-21,2013-02-28,2013-03-05,30.0,1,30.0
SO53095,12712,317,2013-02-21,2013-02-28,2013-03-05,5.0,1,5.0
SO53096,3656,267,2013-02-21,2013-02-28,2013-03-05,10.0,1,10.0
SO53097,4975,325,2013-02-21,2013-02-28,2013-03-05,30.0,1,30.0
SO53098,17818,265,2013-02-21,2013-02-28,2013-03-05,70.0,1,70.0
SO53099,5847,264,2013-02-21,2013-02-28,2013-03-05,70.0,1,70.0
SO53100,6138,266,2013-02-21,2013-02-28,2013-03-05,5.0,1,5.0
SO53101,17249,317,2013-02-21,2013-02-28,2013-03-05,5.0,1,5.0
SO53102,1078,266,2013-02-21,2013-02-28,2013-03-05,5.0,1,5.0
SO53103,4302,317,2013-02-21,2013-02-28,2013-03-05,5.0,1,5.0
SO53104,2697,317,2013-02-21,2013-02-28,2013-03-05,5.0,1,5.0
SO53105,7151,274,2013-02-21,2013-02-28,2013-03-05,22.0,1,22.0
SO53106,5255,328,2013-02-21,2013-02-28,2013-03-05,25.0,1,25.0
SO53107,6739,324,2013-02-21,2013-02-28,2013-03-05,25.0,1,25.0
SO53108,12771,266,2013-02-21,2013-02-28,2013-03-05,5.0,1,5.0
SO53109,1510,318,2013-02-21,2013-02-28,2013-03-05,4.0,1,4.0
SO53110,15038,318,2013-02-21,2013-02-28,2013-03-05,4.0,1,4.0
SO53111,11796,266,2013-02-21,2013-02-28,2013-03-05,5.0,1,5.0
SO53112,9942,318,2013-02-21,2013-02-28,2013-03-05,4.0,1,4.0
SO53113,3841,319,2013-02-21,2013-02-28,2013-03-05,5.0,1,5.0
SO53114,1647,319,2013-02-21,2013-02-28,2013-03-05,5.0,1,5.0
SO53115,807,326,2013-02-21,2013-02-28,2013-03-05,35.0,1,35.0
SO53116,884,326,2013-02-21,2013-02-28,2013-03-05,35.0,1,35.0
SO53117,4817,274,2013-02-21,2013-02-28,2013-03-05,22.0,1,22.0
SO53118,6388,274,2013-02-21,2013-02-28,2013-03-05,22.0,1,22.0
SO53119,984,149,2013-02-21,2013-02-28,2013-03-05,2295.0,1,2295.0
SO53119,984,150,2013-02-21,2013-02-28,2013-03-05,2295.0,1,2295.0
SO53120,665,149,2013-02-21,2013-02-28,2013-03-05,2295.0,1,2295.0
SO53120,665,150,2013-02-21,2013-02-28,2013-03-05,2295.0,1,2295.0
SO53121,161,141,2013-02-21,2013-02-28,2013-03-05,2320.0,1,2320.0
SO53121,161,142,2013-02-21,2013-02-28,2013-03-05,2320.0,1,2320.0
SO53122,299,145,2013-02-21,2013-02-28,2013-03-05,2320.0,1,2320.0
SO53122,299,146,2013-02-21,2013-02-28,2013-03-05,2320.0,1,2320.0
SO53123,8771,394,2013-02-21,2013-02-28,2013-03-05,540.0,1,540.0
SO53124,15316,354,2013-02-21,2013-02-28,2013-03-05,742.0,1,742.0
SO53125,17675,355,2013-02-21,2013-02-28,2013-03-05,742.0,1,742.0
SO53126,461,147,2013-02-21,2013-02-28,2013-03-05,2295.0,1,2295.0
SO53126,461,148,2013-02-21,2013-02-28,2013-03-05,2295.0,1,2295.0
SO53127,13438,364,2013-02-21,2013-02-28,2013-03-05,2384.0,1,2384.0
SO53128,13779,373,2013-02-21,2013-02-28,2013-03-05,540.0,1,540.0
SO53129,12859,170,2013-02-21,2013-02-28,2013-03-05,1120.0,1,1120.0
SO53129,12859,171,2013-02-21,2013-02-28,2013-03-05,1120.0,1,1120.0
SO53130,8451,170,2013-02-21,2013-02-28,2013-03-05,1120.0,1,1120.0
SO53130,8451,171,2013-02-21,2013-02-28,2013-03-05,1120.0,1,1120.0
SO53131,16957,395,2013-02-21,2013-02-28,2013-03-05,540.0,1,540.0
SO53132,3429,364,2013-02-21,2013-02-28,2013-03-05,2384.0,1,2384.0
SO53133,998,366,2013-02-22,2013-03-01,2013-03-06,1215.0,1,1215.0
SO53134,480,151,2013-02-22,2013-03-01,2013-03-06,2295.0,1,2295.0
SO53134,480,152,2013-02-22,2013-03-01,2013-03-06,2295.0,1,2295.0
SO53135,414,145,2013-02-22,2013-03-01,2013-03-06,2320.0,1,2320.0
SO53135,414,146,2013-02-22,2013-03-01,2013-03-06,2320.0,1,2320.0
SO53136,2625,324,2013-02-22,2013-03-01,2013-03-06,25.0,1,25.0
SO53137,6485,274,2013-02-22,2013-03-01,2013-03-06,22.0,1,22.0
SO53138,4810,329,2013-02-22,2013-03-01,2013-03-06,33.0,1,33.0
SO53139,2671,255,2013-02-22,2013-03-01,2013-03-06,24.0,1,24.0
SO53139,2671,256,2013-02-22,2013-03-01,2013-03-06,24.0,1,24.0
SO53140,6308,280,2013-02-22,2013-03-01,2013-03-06,54.0,1,54.0
SO53141,12637,160,2013-02-22,2013-03-01,2013-03-06,2443.0,1,2443.0
SO53141,12637,161,2013-02-22,2013-03-01,2013-03-06,2443.0,1,2443.0
SO53142,506,280,2013-02-22,2013-03-01,2013-03-06,54.0,1,54.0
SO53143,521,318,2013-02-22,2013-03-01,2013-03-06,4.0,1,4.0
SO53144,16230,319,2013-02-22,2013-03-01,2013-03-06,5.0,1,5.0
SO53145,15341,324,2013-02-22,2013-03-01,2013-03-06,25.0,1,25.0
SO53146,15238,324,2013-02-22,2013-03-01,2013-03-06,25.0,1,25.0
SO53147,14903,324,2013-02-22,2013-03-01,2013-03-06,25.0,1,25.0
SO53148,632,317,2013-02-22,2013-03-01,2013-03-06,5.0,1,5.0
SO53149,3329,267,2013-02-22,2013-03-01,2013-03-06,10.0,1,10.0
SO53150,8006,265,2013-02-22,2013-03-01,2013-03-06,70.0,1,70.0
SO53151,17142,264,2013-02-22,2013-03-01,2013-03-06,70.0,1,70.0
SO53152,7812,265,2013-02-22,2013-03-01,2013-03-06,70.0,1,70.0
SO53153,12256,317,2013-02-22,2013-03-01,2013-03-06,5.0,1,5.0
SO53154,4367,317,2013-02-22,2013-03-01,2013-03-06,5.0,1,5.0
SO53155,3405,317,2013-02-22,2013-03-01,2013-03-06,5.0,1,5.0
SO53156,5583,326,2013-02-22,2013-03-01,2013-03-06,35.0,1,35.0
SO53157,2803,326,2013-02-22,2013-03-01,2013-03-06,35.0,1,35.0
SO53158,3974,274,2013-02-22,2013-03-01,2013-03-06,22.0,1,22.0
SO53159,3175,318,2013-02-22,2013-03-01,2013-03-06,4.0,1,4.0
SO53160,12624,318,2013-02-22,2013-03-01,2013-03-06,4.0,1,4.0
SO53161,12238,330,2013-02-22,2013-03-01,2013-03-06,29.0,1,29.0
SO53162,15912,318,2013-02-22,2013-03-01,2013-03-06,4.0,1,4.0
SO53163,17919,327,2013-02-22,2013-03-01,2013-03-06,21.0,1,21.0
SO53164,4469,317,2013-02-22,2013-03-01,2013-03-06,5.0,1,5.0
SO53165,1792,274,2013-02-22,2013-03-01,2013-03-06,22.0,1,22.0
SO53166,4379,326,2013-02-22,2013-03-01,2013-03-06,35.0,1,35.0
SO53167,9664,372,2013-02-22,2013-03-01,2013-03-06,1701.0,1,1701.0
SO53168,7974,389,2013-02-22,2013-03-01,2013-03-06,540.0,1,540.0
SO53169,526,143,2013-02-22,2013-03-01,2013-03-06,2320.0,1,2320.0
SO53169,526,144,2013-02-22,2013-03-01,2013-03-06,2320.0,1,2320.0
SO53170,1060,151,2013-02-22,2013-03-01,2013-03-06,2295.0,1,2295.0
SO53170,1060,152,2013-02-22,2013-03-01,2013-03-06,2295.0,1,2295.0
SO53171,16771,360,2013-02-22,2013-03-01,2013-03-06,742.0,1,742.0
SO53172,6649,358,2013-02-22,2013-03-01,2013-03-06,742.0,1,742.0
SO53173,14760,357,2013-02-22,2013-03-01,2013-03-06,742.0,1,742.0
SO53174,11947,372,2013-02-22,2013-03-01,2013-03-06,1701.0,1,1701.0
SO53175,9161,395,2013-02-22,2013-03-01,2013-03-06,540.0,1,540.0
SO53176,97,149,2013-02-22,2013-03-01,2013-03-06,2295.0,1,2295.0
SO53176,97,150,2013-02-22,2013-03-01,2013-03-06,2295.0,1,2295.0
SO53177,14099,366,2013-02-22,2013-03-01,2013-03-06,1215.0,1,1215.0
SO53178,11301,394,2013-02-22,2013-03-01,2013-03-06,540.0,1,540.0
SO53179,10609,373,2013-02-22,2013-03-01,2013-03-06,540.0,1,540.0
SO53180,8402,176,2013-02-22,2013-03-01,2013-03-06,1120.0,1,1120.0
SO53180,8402,177,2013-02-22,2013-03-01,2013-03-06,1120.0,1,1120.0
SO53181,8408,178,2013-02-22,2013-03-01,2013-03-06,1120.0,1,1120.0
SO53181,8408,179,2013-02-22,2013-03-01,2013-03-06,1120.0,1,1120.0
SO53182,11644,170,2013-02-22,2013-03-01,2013-03-06,1120.0,1,1120.0
SO53182,11644,171,2013-02-22,2013-03-01,2013-03-06,1120.0,1,1120.0
SO53183,16129,174,2013-02-22,2013-03-01,2013-03-06,1120.0,1,1120.0
SO53183,16129,175,2013-02-22,2013-03-01,2013-03-06,1120.0,1,1120.0
SO53184,3426,365,2013-02-22,2013-03-01,2013-03-06,2384.0,1,2384.0
SO53185,1025,12,2013-02-23,2013-03-02,2013-03-07,9.0,1,9.0
SO53185,1025,13,2013-02-23,2013-03-02,2013-03-07,9.0,1,9.0
SO53185,1025,14,2013-02-23,2013-03-02,2013-03-07,9.0,1,9.0
SO53186,9235,325,2013-02-23,2013-03-02,2013-03-07,30.0,1,30.0
SO53187,5033,274,2013-02-23,2013-03-02,2013-03-07,22.0,1,22.0
SO53188,17537,12,2013-02-23,2013-03-02,2013-03-07,9.0,1,9.0
SO53188,17537,13,2013-02-23,2013-03-02,2013-03-07,9.0,1,9.0
SO53188,17537,14,2013-02-23,2013-03-02,2013-03-07,9.0,1,9.0
SO53189,11953,266,2013-02-23,2013-03-02,2013-03-07,5.0,1,5.0
SO53190,6308,325,2013-02-23,2013-03-02,2013-03-07,30.0,1,30.0
SO53191,13278,267,2013-02-23,2013-03-02,2013-03-07,10.0,1,10.0
SO53192,4154,1,2013-02-23,2013-03-02,2013-03-07,35.0,1,35.0
SO53192,4154,2,2013-02-23,2013-03-02,2013-03-07,35.0,1,35.0
SO53192,4154,3,2013-02-23,2013-03-02,2013-03-07,35.0,1,35.0
SO53193,758,253,2013-02-23,2013-03-02,2013-03-07,24.0,1,24.0
SO53193,758,254,2013-02-23,2013-03-02,2013-03-07,24.0,1,24.0
SO53194,7217,12,2013-02-23,2013-03-02,2013-03-07,9.0,1,9.0
SO53194,7217,13,2013-02-23,2013-03-02,2013-03-07,9.0,1,9.0
SO53194,7217,14,2013-02-23,2013-03-02,2013-03-07,9.0,1,9.0
SO53195,3852,386,2013-02-23,2013-03-02,2013-03-07,540.0,1,540.0
SO53196,12609,164,2013-02-23,2013-03-02,2013-03-07,2443.0,1,2443.0
SO53196,12609,165,2013-02-23,2013-03-02,2013-03-07,2443.0,1,2443.0
SO53197,872,9,2013-02-23,2013-03-02,2013-03-07,35.0,1,35.0
SO53197,872,10,2013-02-23,2013-03-02,2013-03-07,35.0,1,35.0
SO53197,872,11,2013-02-23,2013-03-02,2013-03-07,35.0,1,35.0
SO53198,322,269,2013-02-23,2013-03-02,2013-03-07,2.0,1,2.0
SO53199,18026,328,2013-02-23,2013-03-02,2013-03-07,25.0,1,25.0
SO53200,531,12,2013-02-23,2013-03-02,2013-03-07,9.0,1,9.0
SO53200,531,13,2013-02-23,2013-03-02,2013-03-07,9.0,1,9.0
SO53200,531,14,2013-02-23,2013-03-02,2013-03-07,9.0,1,9.0
SO53201,5772,329,2013-02-23,2013-03-02,2013-03-07,33.0,1,33.0
SO53202,16250,330,2013-02-23,2013-03-02,2013-03-07,29.0,1,29.0
SO53203,4560,318,2013-02-23,2013-03-02,2013-03-07,4.0,1,4.0
SO53204,15507,324,2013-02-23,2013-03-02,2013-03-07,25.0,1,25.0
SO53205,331,317,2013-02-23,2013-03-02,2013-03-07,5.0,1,5.0
SO53206,10497,267,2013-02-23,2013-03-02,2013-03-07,10.0,1,10.0
SO53207,10351,267,2013-02-23,2013-03-02,2013-03-07,10.0,1,10.0
SO53208,12255,267,2013-02-23,2013-03-02,2013-03-07,10.0,1,10.0
SO53209,7478,12,2013-02-23,2013-03-02,2013-03-07,9.0,1,9.0
SO53209,7478,13,2013-02-23,2013-03-02,2013-03-07,9.0,1,9.0
SO53209,7478,14,2013-02-23,2013-03-02,2013-03-07,9.0,1,9.0
SO53210,2199,266,2013-02-23,2013-03-02,2013-03-07,5.0,1,5.0
SO53211,13749,266,2013-02-23,2013-03-02,2013-03-07,5.0,1,5.0
SO53212,7110,266,2013-02-23,2013-03-02,2013-03-07,5.0,1,5.0
SO53213,15489,266,2013-02-23,2013-03-02,2013-03-07,5.0,1,5.0
SO53214,5378,12,2013-02-23,2013-03-02,2013-03-07,9.0,1,9.0
SO53214,5378,13,2013-02-23,2013-03-02,2013-03-07,9.0,1,9.0
SO53214,5378,14,2013-02-23,2013-03-02,2013-03-07,9.0,1,9.0
SO53215,4162,317,2013-02-23,2013-03-02,2013-03-07,5.0,1,5.0
SO53216,4709,317,2013-02-23,2013-03-02,2013-03-07,5.0,1,5.0
SO53217,4076,326,2013-02-23,2013-03-02,2013-03-07,35.0,1,35.0
SO53218,3689,326,2013-02-23,2013-03-02,2013-03-07,35.0,1,35.0
SO53219,6809,324,2013-02-23,2013-03-02,2013-03-07,25.0,1,25.0
SO53220,6811,324,2013-02-23,2013-03-02,2013-03-07,25.0,1,25.0
SO53221,17413,329,2013-02-23,2013-03-02,2013-03-07,33.0,1,33.0
SO53222,6112,266,2013-02-23,2013-03-02,2013-03-07,5.0,1,5.0
SO53223,15900,327,2013-02-23,2013-03-02,2013-03-07,21.0,1,21.0
SO53224,1337,330,2013-02-23,2013-03-02,2013-03-07,29.0,1,29.0
SO53225,16836,319,2013-02-23,2013-03-02,2013-03-07,5.0,1,5.0
SO53226,11677,330,2013-02-23,2013-03-02,2013-03-07,29.0,1,29.0
SO53227,16322,330,2013-02-23,2013-03-02,2013-03-07,29.0,1,29.0
SO53228,890,317,2013-02-23,2013-03-02,2013-03-07,5.0,1,5.0
SO53229,256,317,2013-02-23,2013-03-02,2013-03-07,5.0,1,5.0
SO53230,1052,326,2013-02-23,2013-03-02,2013-03-07,35.0,1,35.0
SO53231,1879,274,2013-02-23,2013-03-02,2013-03-07,22.0,1,22.0
SO53232,1655,12,2013-02-23,2013-03-02,2013-03-07,9.0,1,9.0
SO53232,1655,13,2013-02-23,2013-03-02,2013-03-07,9.0,1,9.0
SO53232,1655,14,2013-02-23,2013-03-02,2013-03-07,9.0,1,9.0
SO53233,5879,369,2013-02-23,2013-03-02,2013-03-07,1701.0,1,1701.0
SO53234,2872,376,2013-02-23,2013-03-02,2013-03-07,769.0,1,769.0
SO53235,304,149,2013-02-23,2013-03-02,2013-03-07,2295.0,1,2295.0
SO53235,304,150,2013-02-23,2013-03-02,2013-03-07,2295.0,1,2295.0
SO53236,17209,353,2013-02-23,2013-03-02,2013-03-07,2384.0,1,2384.0
SO53237,3,350,2013-02-23,2013-03-02,2013-03-07,2384.0,1,2384.0
SO53238,14100,367,2013-02-23,2013-03-02,2013-03-07,1215.0,1,1215.0
SO53239,11335,373,2013-02-23,2013-03-02,2013-03-07,540.0,1,540.0
SO53240,422,151,2013-02-24,2013-03-03,2013-03-08,2295.0,1,2295.0
SO53240,422,152,2013-02-24,2013-03-03,2013-03-08,2295.0,1,2295.0
SO53241,424,149,2013-02-24,2013-03-03,2013-03-08,2295.0,1,2295.0
SO53241,424,150,2013-02-24,2013-03-03,2013-03-08,2295.0,1,2295.0
SO53242,483,141,2013-02-24,2013-03-03,2013-03-08,2320.0,1,2320.0
SO53242,483,142,2013-02-24,2013-03-03,2013-03-08,2320.0,1,2320.0
SO53243,332,4,2013-02-24,2013-03-03,2013-03-08,35.0,1,35.0
SO53243,332,5,2013-02-24,2013-03-03,2013-03-08,35.0,1,35.0
SO53243,332,6,2013-02-24,2013-03-03,2013-03-08,35.0,1,35.0
SO53244,5174,318,2013-02-24,2013-03-03,2013-03-08,4.0,1,4.0
SO53245,10567,326,2013-02-24,2013-03-03,2013-03-08,35.0,1,35.0
SO53246,8799,327,2013-02-24,2013-03-03,2013-03-08,21.0,1,21.0
SO53247,7264,4,2013-02-24,2013-03-03,2013-03-08,35.0,1,35.0
SO53247,7264,5,2013-02-24,2013-03-03,2013-03-08,35.0,1,35.0
SO53247,7264,6,2013-02-24,2013-03-03,2013-03-08,35.0,1,35.0
SO53248,8087,269,2013-02-24,2013-03-03,2013-03-08,2.0,1,2.0
SO53249,11450,166,2013-02-24,2013-03-03,2013-03-08,2443.0,1,2443.0
SO53249,11450,167,2013-02-24,2013-03-03,2013-03-08,2443.0,1,2443.0
SO53250,9861,379,2013-02-24,2013-03-03,2013-03-08,769.0,1,769.0
SO53251,17176,319,2013-02-24,2013-03-03,2013-03-08,5.0,1,5.0
SO53252,15079,324,2013-02-24,2013-03-03,2013-03-08,25.0,1,25.0
SO53253,16662,327,2013-02-24,2013-03-03,2013-03-08,21.0,1,21.0
SO53254,13970,329,2013-02-24,2013-03-03,2013-03-08,33.0,1,33.0
SO53255,6443,325,2013-02-24,2013-03-03,2013-03-08,30.0,1,30.0
SO53256,11735,267,2013-02-24,2013-03-03,2013-03-08,10.0,1,10.0
SO53257,4008,267,2013-02-24,2013-03-03,2013-03-08,10.0,1,10.0
SO53258,6120,267,2013-02-24,2013-03-03,2013-03-08,10.0,1,10.0
SO53259,9440,267,2013-02-24,2013-03-03,2013-03-08,10.0,1,10.0
SO53260,10475,267,2013-02-24,2013-03-03,2013-03-08,10.0,1,10.0
SO53261,9367,265,2013-02-24,2013-03-03,2013-03-08,70.0,1,70.0
SO53262,5778,266,2013-02-24,2013-03-03,2013-03-08,5.0,1,5.0
SO53263,3910,317,2013-02-24,2013-03-03,2013-03-08,5.0,1,5.0
SO53264,11729,274,2013-02-24,2013-03-03,2013-03-08,22.0,1,22.0
SO53265,4001,274,2013-02-24,2013-03-03,2013-03-08,22.0,1,22.0
SO53266,12744,266,2013-02-24,2013-03-03,2013-03-08,5.0,1,5.0
SO53267,12960,318,2013-02-24,2013-03-03,2013-03-08,4.0,1,4.0
SO53268,16905,327,2013-02-24,2013-03-03,2013-03-08,21.0,1,21.0
SO53269,3532,319,2013-02-24,2013-03-03,2013-03-08,5.0,1,5.0
SO53270,14530,327,2013-02-24,2013-03-03,2013-03-08,21.0,1,21.0
SO53271,12982,330,2013-02-24,2013-03-03,2013-03-08,29.0,1,29.0
SO53272,2498,319,2013-02-24,2013-03-03,2013-03-08,5.0,1,5.0
SO53273,294,317,2013-02-24,2013-03-03,2013-03-08,5.0,1,5.0
SO53274,736,326,2013-02-24,2013-03-03,2013-03-08,35.0,1,35.0
SO53275,1063,326,2013-02-24,2013-03-03,2013-03-08,35.0,1,35.0
SO53276,1160,326,2013-02-24,2013-03-03,2013-03-08,35.0,1,35.0
SO53277,4378,326,2013-02-24,2013-03-03,2013-03-08,35.0,1,35.0
SO53278,8218,274,2013-02-24,2013-03-03,2013-03-08,22.0,1,22.0
SO53279,816,151,2013-02-24,2013-03-03,2013-03-08,2295.0,1,2295.0
SO53279,816,152,2013-02-24,2013-03-03,2013-03-08,2295.0,1,2295.0
SO53280,275,149,2013-02-24,2013-03-03,2013-03-08,2295.0,1,2295.0
SO53280,275,150,2013-02-24,2013-03-03,2013-03-08,2295.0,1,2295.0
SO53281,300,147,2013-02-24,2013-03-03,2013-03-08,2295.0,1,2295.0
SO53281,300,148,2013-02-24,2013-03-03,2013-03-08,2295.0,1,2295.0
SO53282,320,151,2013-02-24,2013-03-03,2013-03-08,2295.0,1,2295.0
SO53282,320,152,2013-02-24,2013-03-03,2013-03-08,2295.0,1,2295.0
SO53283,13341,353,2013-02-24,2013-03-03,2013-03-08,2384.0,1,2384.0
SO53284,13342,364,2013-02-24,2013-03-03,2013-03-08,2384.0,1,2384.0
SO53285,11330,393,2013-02-24,2013-03-03,2013-03-08,540.0,1,540.0
SO53286,10612,394,2013-02-24,2013-03-03,2013-03-08,540.0,1,540.0
SO53287,8396,174,2013-02-24,2013-03-03,2013-03-08,1120.0,1,1120.0
SO53287,8396,175,2013-02-24,2013-03-03,2013-03-08,1120.0,1,1120.0
SO53288,14643,373,2013-02-24,2013-03-03,2013-03-08,540.0,1,540.0
SO53289,7249,164,2013-02-25,2013-03-04,2013-03-09,2443.0,1,2443.0
SO53289,7249,165,2013-02-25,2013-03-04,2013-03-09,2443.0,1,2443.0
SO53290,430,151,2013-02-25,2013-03-04,2013-03-09,2295.0,1,2295.0
SO53290,430,152,2013-02-25,2013-03-04,2013-03-09,2295.0,1,2295.0
SO53291,1739,151,2013-02-25,2013-03-04,2013-03-09,2295.0,1,2295.0
SO53291,1739,152,2013-02-25,2013-03-04,2013-03-09,2295.0,1,2295.0
SO53292,4019,328,2013-02-25,2013-03-04,2013-03-09,25.0,1,25.0
SO53293,8628,318,2013-02-25,2013-03-04,2013-03-09,4.0,1,4.0
SO53294,3310,18,2013-02-25,2013-03-04,2013-03-09,50.0,1,50.0
SO53294,3310,19,2013-02-25,2013-03-04,2013-03-09,50.0,1,50.0
SO53294,3310,20,2013-02-25,2013-03-04,2013-03-09,50.0,1,50.0
SO53295,2003,275,2013-02-25,2013-03-04,2013-03-09,159.0,1,159.0
SO53296,5698,329,2013-02-25,2013-03-04,2013-03-09,33.0,1,33.0
SO53297,9849,369,2013-02-25,2013-03-04,2013-03-09,1701.0,1,1701.0
SO53298,8797,266,2013-02-25,2013-03-04,2013-03-09,5.0,1,5.0
SO53299,88,318,2013-02-25,2013-03-04,2013-03-09,4.0,1,4.0
SO53300,17863,328,2013-02-25,2013-03-04,2013-03-09,25.0,1,25.0
SO53301,16060,330,2013-02-25,2013-03-04,2013-03-09,29.0,1,29.0
SO53302,2709,330,2013-02-25,2013-03-04,2013-03-09,29.0,1,29.0
SO53303,12581,325,2013-02-25,2013-03-04,2013-03-09,30.0,1,30.0
SO53304,14856,317,2013-02-25,2013-03-04,2013-03-09,5.0,1,5.0
SO53305,8221,318,2013-02-25,2013-03-04,2013-03-09,4.0,1,4.0
SO53306,12403,325,2013-02-25,2013-03-04,2013-03-09,30.0,1,30.0
SO53307,10784,267,2013-02-25,2013-03-04,2013-03-09,10.0,1,10.0
SO53308,803,263,2013-02-25,2013-03-04,2013-03-09,70.0,1,70.0
SO53309,7224,266,2013-02-25,2013-03-04,2013-03-09,5.0,1,5.0
SO53310,5842,264,2013-02-25,2013-03-04,2013-03-09,70.0,1,70.0
SO53311,7349,266,2013-02-25,2013-03-04,2013-03-09,5.0,1,5.0
SO53312,6337,317,2013-02-25,2013-03-04,2013-03-09,5.0,1,5.0
SO53313,12677,266,2013-02-25,2013-03-04,2013-03-09,5.0,1,5.0
SO53314,8818,317,2013-02-25,2013-03-04,2013-03-09,5.0,1,5.0
SO53315,8914,318,2013-02-25,2013-03-04,2013-03-09,4.0,1,4.0
SO53316,13552,318,2013-02-25,2013-03-04,2013-03-09,4.0,1,4.0
SO53317,6815,324,2013-02-25,2013-03-04,2013-03-09,25.0,1,25.0
SO53318,17412,318,2013-02-25,2013-03-04,2013-03-09,4.0,1,4.0
SO53319,1865,319,2013-02-25,2013-03-04,2013-03-09,5.0,1,5.0
SO53320,16783,318,2013-02-25,2013-03-04,2013-03-09,4.0,1,4.0
SO53321,11626,330,2013-02-25,2013-03-04,2013-03-09,29.0,1,29.0
SO53322,16788,318,2013-02-25,2013-03-04,2013-03-09,4.0,1,4.0
SO53323,12965,319,2013-02-25,2013-03-04,2013-03-09,5.0,1,5.0
SO53324,14325,319,2013-02-25,2013-03-04,2013-03-09,5.0,1,5.0
SO53325,194,326,2013-02-25,2013-03-04,2013-03-09,35.0,1,35.0
SO53326,315,326,2013-02-25,2013-03-04,2013-03-09,35.0,1,35.0
SO53327,7975,387,2013-02-25,2013-03-04,2013-03-09,540.0,1,540.0
SO53328,2890,377,2013-02-25,2013-03-04,2013-03-09,769.0,1,769.0
SO53329,15885,368,2013-02-25,2013-03-04,2013-03-09,1215.0,1,1215.0
SO53330,7703,370,2013-02-25,2013-03-04,2013-03-09,1701.0,1,1701.0
SO53331,9419,394,2013-02-25,2013-03-04,2013-03-09,540.0,1,540.0
SO53332,17115,394,2013-02-25,2013-03-04,2013-03-09,540.0,1,540.0
SO53333,9157,394,2013-02-25,2013-03-04,2013-03-09,540.0,1,540.0
SO53334,17218,362,2013-02-25,2013-03-04,2013-03-09,2384.0,1,2384.0
SO53335,17715,364,2013-02-25,2013-03-04,2013-03-09,2384.0,1,2384.0
SO53336,9152,373,2013-02-25,2013-03-04,2013-03-09,540.0,1,540.0
SO53337,945,385,2013-02-25,2013-03-04,2013-03-09,540.0,1,540.0
SO53338,13437,351,2013-02-25,2013-03-04,2013-03-09,2384.0,1,2384.0
SO53339,13527,350,2013-02-25,2013-03-04,2013-03-09,2384.0,1,2384.0
SO53340,8411,170,2013-02-25,2013-03-04,2013-03-09,1120.0,1,1120.0
SO53340,8411,171,2013-02-25,2013-03-04,2013-03-09,1120.0,1,1120.0
SO53341,8531,172,2013-02-25,2013-03-04,2013-03-09,1120.0,1,1120.0
SO53341,8531,173,2013-02-25,2013-03-04,2013-03-09,1120.0,1,1120.0
SO53342,8430,178,2013-02-25,2013-03-04,2013-03-09,1120.0,1,1120.0
SO53342,8430,179,2013-02-25,2013-03-04,2013-03-09,1120.0,1,1120.0
SO53343,3734,174,2013-02-25,2013-03-04,2013-03-09,1120.0,1,1120.0
SO53343,3734,175,2013-02-25,2013-03-04,2013-03-09,1120.0,1,1120.0
SO53344,8344,176,2013-02-25,2013-03-04,2013-03-09,1120.0,1,1120.0
SO53344,8344,177,2013-02-25,2013-03-04,2013-03-09,1120.0,1,1120.0
SO53345,2521,166,2013-02-26,2013-03-05,2013-03-10,2443.0,1,2443.0
SO53345,2521,167,2013-02-26,2013-03-05,2013-03-10,2443.0,1,2443.0
SO53346,7486,164,2013-02-26,2013-03-05,2013-03-10,2443.0,1,2443.0
SO53346,7486,165,2013-02-26,2013-03-05,2013-03-10,2443.0,1,2443.0
SO53347,7261,162,2013-02-26,2013-03-05,2013-03-10,2443.0,1,2443.0
SO53347,7261,163,2013-02-26,2013-03-05,2013-03-10,2443.0,1,2443.0
SO53348,7285,166,2013-02-26,2013-03-05,2013-03-10,2443.0,1,2443.0
SO53348,7285,167,2013-02-26,2013-03-05,2013-03-10,2443.0,1,2443.0
SO53349,7298,168,2013-02-26,2013-03-05,2013-03-10,2443.0,1,2443.0
SO53349,7298,169,2013-02-26,2013-03-05,2013-03-10,2443.0,1,2443.0
SO53350,380,143,2013-02-26,2013-03-05,2013-03-10,2320.0,1,2320.0
SO53350,380,144,2013-02-26,2013-03-05,2013-03-10,2320.0,1,2320.0
SO53351,1169,273,2013-02-26,2013-03-05,2013-03-10,8.0,1,8.0
SO53352,7288,325,2013-02-26,2013-03-05,2013-03-10,30.0,1,30.0
SO53353,7896,327,2013-02-26,2013-03-05,2013-03-10,21.0,1,21.0
SO53354,9317,266,2013-02-26,2013-03-05,2013-03-10,5.0,1,5.0
SO53355,11066,263,2013-02-26,2013-03-05,2013-03-10,70.0,1,70.0
SO53356,4807,329,2013-02-26,2013-03-05,2013-03-10,33.0,1,33.0
SO53357,3228,21,2013-02-26,2013-03-05,2013-03-10,50.0,1,50.0
SO53357,3228,22,2013-02-26,2013-03-05,2013-03-10,50.0,1,50.0
SO53357,3228,23,2013-02-26,2013-03-05,2013-03-10,50.0,1,50.0
SO53358,6081,369,2013-02-26,2013-03-05,2013-03-10,1701.0,1,1701.0
SO53359,201,318,2013-02-26,2013-03-05,2013-03-10,4.0,1,4.0
SO53360,2093,272,2013-02-26,2013-03-05,2013-03-10,120.0,1,120.0
SO53361,18348,318,2013-02-26,2013-03-05,2013-03-10,4.0,1,4.0
SO53362,1058,24,2013-02-26,2013-03-05,2013-03-10,50.0,1,50.0
SO53362,1058,25,2013-02-26,2013-03-05,2013-03-10,50.0,1,50.0
SO53362,1058,26,2013-02-26,2013-03-05,2013-03-10,50.0,1,50.0
SO53363,16562,327,2013-02-26,2013-03-05,2013-03-10,21.0,1,21.0
SO53364,17792,328,2013-02-26,2013-03-05,2013-03-10,25.0,1,25.0
SO53365,12189,325,2013-02-26,2013-03-05,2013-03-10,30.0,1,30.0
SO53366,4495,325,2013-02-26,2013-03-05,2013-03-10,30.0,1,30.0
SO53367,12300,325,2013-02-26,2013-03-05,2013-03-10,30.0,1,30.0
SO53368,10444,267,2013-02-26,2013-03-05,2013-03-10,10.0,1,10.0
SO53369,8861,264,2013-02-26,2013-03-05,2013-03-10,70.0,1,70.0
SO53370,6570,266,2013-02-26,2013-03-05,2013-03-10,5.0,1,5.0
SO53371,6571,266,2013-02-26,2013-03-05,2013-03-10,5.0,1,5.0
SO53372,712,266,2013-02-26,2013-03-05,2013-03-10,5.0,1,5.0
SO53373,18210,317,2013-02-26,2013-03-05,2013-03-10,5.0,1,5.0
SO53374,8727,317,2013-02-26,2013-03-05,2013-03-10,5.0,1,5.0
SO53375,2934,274,2013-02-26,2013-03-05,2013-03-10,22.0,1,22.0
SO53376,1841,317,2013-02-26,2013-03-05,2013-03-10,5.0,1,5.0
SO53377,4687,329,2013-02-26,2013-03-05,2013-03-10,33.0,1,33.0
SO53378,7153,274,2013-02-26,2013-03-05,2013-03-10,22.0,1,22.0
SO53379,12640,317,2013-02-26,2013-03-05,2013-03-10,5.0,1,5.0
SO53380,3837,12,2013-02-26,2013-03-05,2013-03-10,9.0,1,9.0
SO53380,3837,13,2013-02-26,2013-03-05,2013-03-10,9.0,1,9.0
SO53380,3837,14,2013-02-26,2013-03-05,2013-03-10,9.0,1,9.0
SO53381,5441,318,2013-02-26,2013-03-05,2013-03-10,4.0,1,4.0
SO53382,9592,317,2013-02-26,2013-03-05,2013-03-10,5.0,1,5.0
SO53383,6786,319,2013-02-26,2013-03-05,2013-03-10,5.0,1,5.0
SO53384,17754,327,2013-02-26,2013-03-05,2013-03-10,21.0,1,21.0
SO53385,288,317,2013-02-26,2013-03-05,2013-03-10,5.0,1,5.0
SO53386,1166,317,2013-02-26,2013-03-05,2013-03-10,5.0,1,5.0
SO53387,2321,274,2013-02-26,2013-03-05,2013-03-10,22.0,1,22.0
SO53388,5880,372,2013-02-26,2013-03-05,2013-03-10,1701.0,1,1701.0
SO53389,2856,377,2013-02-26,2013-03-05,2013-03-10,769.0,1,769.0
SO53390,13345,12,2013-02-26,2013-03-05,2013-03-10,9.0,1,9.0
SO53390,13345,13,2013-02-26,2013-03-05,2013-03-10,9.0,1,9.0
SO53390,13345,14,2013-02-26,2013-03-05,2013-03-10,9.0,1,9.0
SO53391,13276,359,2013-02-26,2013-03-05,2013-03-10,742.0,1,742.0
SO53392,462,147,2013-02-26,2013-03-05,2013-03-10,2295.0,1,2295.0
SO53392,462,148,2013-02-26,2013-03-05,2013-03-10,2295.0,1,2295.0
SO53393,18166,352,2013-02-26,2013-03-05,2013-03-10,2384.0,1,2384.0
SO53394,5225,394,2013-02-26,2013-03-05,2013-03-10,540.0,1,540.0
SO53395,8407,172,2013-02-26,2013-03-05,2013-03-10,1120.0,1,1120.0
SO53395,8407,173,2013-02-26,2013-03-05,2013-03-10,1120.0,1,1120.0
SO53396,16127,176,2013-02-26,2013-03-05,2013-03-10,1120.0,1,1120.0
SO53396,16127,177,2013-02-26,2013-03-05,2013-03-10,1120.0,1,1120.0
SO53397,14704,394,2013-02-26,2013-03-05,2013-03-10,540.0,1,540.0
SO53398,12414,178,2013-02-27,2013-03-06,2013-03-11,1120.0,1,1120.0
SO53398,12414,179,2013-02-27,2013-03-06,2013-03-11,1120.0,1,1120.0
SO53399,344,151,2013-02-27,2013-03-06,2013-03-11,2295.0,1,2295.0
SO53399,344,152,2013-02-27,2013-03-06,2013-03-11,2295.0,1,2295.0
SO53400,974,266,2013-02-27,2013-03-06,2013-03-11,5.0,1,5.0
SO53401,880,273,2013-02-27,2013-03-06,2013-03-11,8.0,1,8.0
SO53402,986,15,2013-02-27,2013-03-06,2013-03-11,50.0,1,50.0
SO53402,986,16,2013-02-27,2013-03-06,2013-03-11,50.0,1,50.0
SO53402,986,17,2013-02-27,2013-03-06,2013-03-11,50.0,1,50.0
SO53403,3062,317,2013-02-27,2013-03-06,2013-03-11,5.0,1,5.0
SO53404,3127,328,2013-02-27,2013-03-06,2013-03-11,25.0,1,25.0
SO53405,7257,328,2013-02-27,2013-03-06,2013-03-11,25.0,1,25.0
SO53406,10963,326,2013-02-27,2013-03-06,2013-03-11,35.0,1,35.0
SO53407,13595,317,2013-02-27,2013-03-06,2013-03-11,5.0,1,5.0
SO53408,11214,326,2013-02-27,2013-03-06,2013-03-11,35.0,1,35.0
SO53409,4607,267,2013-02-27,2013-03-06,2013-03-11,10.0,1,10.0
SO53410,753,267,2013-02-27,2013-03-06,2013-03-11,10.0,1,10.0
SO53411,14027,318,2013-02-27,2013-03-06,2013-03-11,4.0,1,4.0
SO53412,6351,1,2013-02-27,2013-03-06,2013-03-11,35.0,1,35.0
SO53412,6351,2,2013-02-27,2013-03-06,2013-03-11,35.0,1,35.0
SO53412,6351,3,2013-02-27,2013-03-06,2013-03-11,35.0,1,35.0
SO53413,15400,166,2013-02-27,2013-03-06,2013-03-11,2443.0,1,2443.0
SO53413,15400,167,2013-02-27,2013-03-06,2013-03-11,2443.0,1,2443.0
SO53414,263,328,2013-02-27,2013-03-06,2013-03-11,25.0,1,25.0
SO53415,16566,327,2013-02-27,2013-03-06,2013-03-11,21.0,1,21.0
SO53416,12578,317,2013-02-27,2013-03-06,2013-03-11,5.0,1,5.0
SO53417,12275,267,2013-02-27,2013-03-06,2013-03-11,10.0,1,10.0
SO53418,4875,263,2013-02-27,2013-03-06,2013-03-11,70.0,1,70.0
SO53419,5244,263,2013-02-27,2013-03-06,2013-03-11,70.0,1,70.0
SO53420,14257,266,2013-02-27,2013-03-06,2013-03-11,5.0,1,5.0
SO53421,7761,266,2013-02-27,2013-03-06,2013-03-11,5.0,1,5.0
SO53422,4941,317,2013-02-27,2013-03-06,2013-03-11,5.0,1,5.0
SO53423,18231,266,2013-02-27,2013-03-06,2013-03-11,5.0,1,5.0
SO53424,11020,317,2013-02-27,2013-03-06,2013-03-11,5.0,1,5.0
SO53425,4276,317,2013-02-27,2013-03-06,2013-03-11,5.0,1,5.0
SO53426,9105,274,2013-02-27,2013-03-06,2013-03-11,22.0,1,22.0
SO53427,6993,318,2013-02-27,2013-03-06,2013-03-11,4.0,1,4.0
SO53428,7023,328,2013-02-27,2013-03-06,2013-03-11,25.0,1,25.0
SO53429,14784,266,2013-02-27,2013-03-06,2013-03-11,5.0,1,5.0
SO53430,5396,328,2013-02-27,2013-03-06,2013-03-11,25.0,1,25.0
SO53431,8349,327,2013-02-27,2013-03-06,2013-03-11,21.0,1,21.0
SO53432,13714,319,2013-02-27,2013-03-06,2013-03-11,5.0,1,5.0
SO53433,1724,266,2013-02-27,2013-03-06,2013-03-11,5.0,1,5.0
SO53434,3267,274,2013-02-27,2013-03-06,2013-03-11,22.0,1,22.0
SO53435,5812,369,2013-02-27,2013-03-06,2013-03-11,1701.0,1,1701.0
SO53436,4571,386,2013-02-27,2013-03-06,2013-03-11,540.0,1,540.0
SO53437,2878,379,2013-02-27,2013-03-06,2013-03-11,769.0,1,769.0
SO53438,1070,151,2013-02-27,2013-03-06,2013-03-11,2295.0,1,2295.0
SO53438,1070,152,2013-02-27,2013-03-06,2013-03-11,2295.0,1,2295.0
SO53439,3011,372,2013-02-27,2013-03-06,2013-03-11,1701.0,1,1701.0
SO53440,9417,395,2013-02-27,2013-03-06,2013-03-11,540.0,1,540.0
SO53441,16747,395,2013-02-27,2013-03-06,2013-03-11,540.0,1,540.0
SO53442,4791,385,2013-02-27,2013-03-06,2013-03-11,540.0,1,540.0
SO53443,5104,375,2013-02-27,2013-03-06,2013-03-11,742.0,1,742.0
SO53444,15323,357,2013-02-27,2013-03-06,2013-03-11,742.0,1,742.0
SO53445,13528,364,2013-02-27,2013-03-06,2013-03-11,2384.0,1,2384.0
SO53446,10611,395,2013-02-27,2013-03-06,2013-03-11,540.0,1,540.0
SO53447,8397,176,2013-02-27,2013-03-06,2013-03-11,1120.0,1,1120.0
SO53447,8397,177,2013-02-27,2013-03-06,2013-03-11,1120.0,1,1120.0
SO53448,2256,373,2013-02-27,2013-03-06,2013-03-11,540.0,1,540.0
SO53449,3208,364,2013-02-27,2013-03-06,2013-03-11,2384.0,1,2384.0
SO53626,499,273,2013-02-28,2013-03-07,2013-03-12,8.0,1,8.0
SO53627,5627,318,2013-02-28,2013-03-07,2013-03-12,4.0,1,4.0
SO53628,606,147,2013-02-28,2013-03-07,2013-03-12,2295.0,1,2295.0
SO53628,606,148,2013-02-28,2013-03-07,2013-03-12,2295.0,1,2295.0
SO53629,219,269,2013-02-28,2013-03-07,2013-03-12,2.0,1,2.0
SO53630,17268,319,2013-02-28,2013-03-07,2013-03-12,5.0,1,5.0
SO53631,1108,324,2013-02-28,2013-03-07,2013-03-12,25.0,1,25.0
SO53632,332,329,2013-02-28,2013-03-07,2013-03-12,33.0,1,33.0
SO53633,12474,325,2013-02-28,2013-03-07,2013-03-12,30.0,1,30.0
SO53634,5965,329,2013-02-28,2013-03-07,2013-03-12,33.0,1,33.0
SO53635,6027,324,2013-02-28,2013-03-07,2013-03-12,25.0,1,25.0
SO53636,12355,325,2013-02-28,2013-03-07,2013-03-12,30.0,1,30.0
SO53637,10446,267,2013-02-28,2013-03-07,2013-03-12,10.0,1,10.0
SO53638,8729,265,2013-02-28,2013-03-07,2013-03-12,70.0,1,70.0
SO53639,8748,265,2013-02-28,2013-03-07,2013-03-12,70.0,1,70.0
SO53640,9498,265,2013-02-28,2013-03-07,2013-03-12,70.0,1,70.0
SO53641,7817,263,2013-02-28,2013-03-07,2013-03-12,70.0,1,70.0
SO53642,5382,266,2013-02-28,2013-03-07,2013-03-12,5.0,1,5.0
SO53643,5747,266,2013-02-28,2013-03-07,2013-03-12,5.0,1,5.0
SO53644,17081,317,2013-02-28,2013-03-07,2013-03-12,5.0,1,5.0
SO53645,15366,278,2013-02-28,2013-03-07,2013-03-12,54.0,1,54.0
SO53646,17878,318,2013-02-28,2013-03-07,2013-03-12,4.0,1,4.0
SO53647,378,319,2013-02-28,2013-03-07,2013-03-12,5.0,1,5.0
SO53648,4672,319,2013-02-28,2013-03-07,2013-03-12,5.0,1,5.0
SO53649,2364,274,2013-02-28,2013-03-07,2013-03-12,22.0,1,22.0
SO53650,9667,370,2013-02-28,2013-03-07,2013-03-12,1701.0,1,1701.0
SO53651,1103,147,2013-02-28,2013-03-07,2013-03-12,2295.0,1,2295.0
SO53651,1103,148,2013-02-28,2013-03-07,2013-03-12,2295.0,1,2295.0
SO53652,16802,356,2013-02-28,2013-03-07,2013-03-12,742.0,1,742.0
SO53653,7693,168,2013-02-28,2013-03-07,2013-03-12,2443.0,1,2443.0
SO53653,7693,169,2013-02-28,2013-03-07,2013-03-12,2443.0,1,2443.0
SO53654,7724,369,2013-02-28,2013-03-07,2013-03-12,1701.0,1,1701.0
SO53655,9813,393,2013-02-28,2013-03-07,2013-03-12,540.0,1,540.0
SO53656,909,143,2013-02-28,2013-03-07,2013-03-12,2320.0,1,2320.0
SO53656,909,144,2013-02-28,2013-03-07,2013-03-12,2320.0,1,2320.0
SO53657,14149,366,2013-02-28,2013-03-07,2013-03-12,1215.0,1,1215.0
SO53658,10748,394,2013-02-28,2013-03-07,2013-03-12,540.0,1,540.0
SO53659,3735,176,2013-02-28,2013-03-07,2013-03-12,1120.0,1,1120.0
SO53659,3735,177,2013-02-28,2013-03-07,2013-03-12,1120.0,1,1120.0
SO53660,8725,174,2013-02-28,2013-03-07,2013-03-12,1120.0,1,1120.0
SO53660,8725,175,2013-02-28,2013-03-07,2013-03-12,1120.0,1,1120.0
SO53661,14682,365,2013-02-28,2013-03-07,2013-03-12,2384.0,1,2384.0
SO53662,12417,174,2013-03-01,2013-03-08,2013-03-13,1120.0,1,1120.0
SO53662,12417,175,2013-03-01,2013-03-08,2013-03-13,1120.0,1,1120.0
SO53663,1292,145,2013-03-01,2013-03-08,2013-03-13,2320.0,1,2320.0
SO53663,1292,146,2013-03-01,2013-03-08,2013-03-13,2320.0,1,2320.0
SO53664,1306,143,2013-03-01,2013-03-08,2013-03-13,2320.0,1,2320.0
SO53664,1306,144,2013-03-01,2013-03-08,2013-03-13,2320.0,1,2320.0
SO53665,13538,160,2013-03-01,2013-03-08,2013-03-13,2443.0,1,2443.0
SO53665,13538,161,2013-03-01,2013-03-08,2013-03-13,2443.0,1,2443.0
SO53666,177,272,2013-03-01,2013-03-08,2013-03-13,120.0,1,120.0
SO53667,72,324,2013-03-01,2013-03-08,2013-03-13,25.0,1,25.0
SO53668,8591,325,2013-03-01,2013-03-08,2013-03-13,30.0,1,30.0
SO53669,5487,274,2013-03-01,2013-03-08,2013-03-13,22.0,1,22.0
SO53670,7212,274,2013-03-01,2013-03-08,2013-03-13,22.0,1,22.0
SO53671,10564,326,2013-03-01,2013-03-08,2013-03-13,35.0,1,35.0
SO53672,3684,319,2013-03-01,2013-03-08,2013-03-13,5.0,1,5.0
SO53673,16365,12,2013-03-01,2013-03-08,2013-03-13,9.0,1,9.0
SO53673,16365,13,2013-03-01,2013-03-08,2013-03-13,9.0,1,9.0
SO53673,16365,14,2013-03-01,2013-03-08,2013-03-13,9.0,1,9.0
SO53674,7734,269,2013-03-01,2013-03-08,2013-03-13,2.0,1,2.0
SO53675,7326,318,2013-03-01,2013-03-08,2013-03-13,4.0,1,4.0
SO53676,4689,371,2013-03-01,2013-03-08,2013-03-13,1701.0,1,1701.0
SO53677,8504,388,2013-03-01,2013-03-08,2013-03-13,540.0,1,540.0
SO53678,16310,168,2013-03-01,2013-03-08,2013-03-13,2443.0,1,2443.0
SO53678,16310,169,2013-03-01,2013-03-08,2013-03-13,2443.0,1,2443.0
SO53679,1322,162,2013-03-01,2013-03-08,2013-03-13,2443.0,1,2443.0
SO53679,1322,163,2013-03-01,2013-03-08,2013-03-13,2443.0,1,2443.0
SO53680,2767,378,2013-03-01,2013-03-08,2013-03-13,769.0,1,769.0
SO53681,16037,319,2013-03-01,2013-03-08,2013-03-13,5.0,1,5.0
SO53682,254,318,2013-03-01,2013-03-08,2013-03-13,4.0,1,4.0
SO53683,2757,330,2013-03-01,2013-03-08,2013-03-13,29.0,1,29.0
SO53684,143,317,2013-03-01,2013-03-08,2013-03-13,5.0,1,5.0
SO53685,11744,317,2013-03-01,2013-03-08,2013-03-13,5.0,1,5.0
SO53686,3633,267,2013-03-01,2013-03-08,2013-03-13,10.0,1,10.0
SO53687,7813,263,2013-03-01,2013-03-08,2013-03-13,70.0,1,70.0
SO53688,17240,317,2013-03-01,2013-03-08,2013-03-13,5.0,1,5.0
SO53689,9695,317,2013-03-01,2013-03-08,2013-03-13,5.0,1,5.0
SO53690,3994,317,2013-03-01,2013-03-08,2013-03-13,5.0,1,5.0
SO53691,2303,274,2013-03-01,2013-03-08,2013-03-13,22.0,1,22.0
SO53692,1506,329,2013-03-01,2013-03-08,2013-03-13,33.0,1,33.0
SO53693,11318,12,2013-03-01,2013-03-08,2013-03-13,9.0,1,9.0
SO53693,11318,13,2013-03-01,2013-03-08,2013-03-13,9.0,1,9.0
SO53693,11318,14,2013-03-01,2013-03-08,2013-03-13,9.0,1,9.0
SO53694,552,279,2013-03-01,2013-03-08,2013-03-13,54.0,1,54.0
SO53695,15412,318,2013-03-01,2013-03-08,2013-03-13,4.0,1,4.0
SO53696,4451,324,2013-03-01,2013-03-08,2013-03-13,25.0,1,25.0
SO53697,5321,328,2013-03-01,2013-03-08,2013-03-13,25.0,1,25.0
SO53698,7625,325,2013-03-01,2013-03-08,2013-03-13,30.0,1,30.0
SO53699,15910,319,2013-03-01,2013-03-08,2013-03-13,5.0,1,5.0
SO53700,1067,326,2013-03-01,2013-03-08,2013-03-13,35.0,1,35.0
SO53701,865,317,2013-03-01,2013-03-08,2013-03-13,5.0,1,5.0
SO53702,3737,274,2013-03-01,2013-03-08,2013-03-13,22.0,1,22.0
SO53703,5772,274,2013-03-01,2013-03-08,2013-03-13,22.0,1,22.0
SO53704,5097,274,2013-03-01,2013-03-08,2013-03-13,22.0,1,22.0
SO53705,5898,369,2013-03-01,2013-03-08,2013-03-13,1701.0,1,1701.0
SO53706,2918,377,2013-03-01,2013-03-08,2013-03-13,769.0,1,769.0
SO53707,1165,147,2013-03-01,2013-03-08,2013-03-13,2295.0,1,2295.0
SO53707,1165,148,2013-03-01,2013-03-08,2013-03-13,2295.0,1,2295.0
SO53708,539,151,2013-03-01,2013-03-08,2013-03-13,2295.0,1,2295.0
SO53708,539,152,2013-03-01,2013-03-08,2013-03-13,2295.0,1,2295.0
SO53709,17949,350,2013-03-01,2013-03-08,2013-03-13,2384.0,1,2384.0
SO53710,7736,166,2013-03-01,2013-03-08,2013-03-13,2443.0,1,2443.0
SO53710,7736,167,2013-03-01,2013-03-08,2013-03-13,2443.0,1,2443.0
SO53711,5655,375,2013-03-01,2013-03-08,2013-03-13,742.0,1,742.0
SO53712,463,143,2013-03-01,2013-03-08,2013-03-13,2320.0,1,2320.0
SO53712,463,144,2013-03-01,2013-03-08,2013-03-13,2320.0,1,2320.0
SO53713,895,143,2013-03-01,2013-03-08,2013-03-13,2320.0,1,2320.0
SO53713,895,144,2013-03-01,2013-03-08,2013-03-13,2320.0,1,2320.0
SO53714,5361,393,2013-03-01,2013-03-08,2013-03-13,540.0,1,540.0
SO53715,10811,393,2013-03-01,2013-03-08,2013-03-13,540.0,1,540.0
SO53716,11347,393,2013-03-01,2013-03-08,2013-03-13,540.0,1,540.0
SO53717,10757,393,2013-03-01,2013-03-08,2013-03-13,540.0,1,540.0
SO53718,8684,172,2013-03-01,2013-03-08,2013-03-13,1120.0,1,1120.0
SO53718,8684,173,2013-03-01,2013-03-08,2013-03-13,1120.0,1,1120.0
SO53719,11482,394,2013-03-01,2013-03-08,2013-03-13,540.0,1,540.0
SO53720,7490,164,2013-03-02,2013-03-09,2013-03-14,2443.0,1,2443.0
SO53720,7490,165,2013-03-02,2013-03-09,2013-03-14,2443.0,1,2443.0
SO53721,569,141,2013-03-02,2013-03-09,2013-03-14,2320.0,1,2320.0
SO53721,569,142,2013-03-02,2013-03-09,2013-03-14,2320.0,1,2320.0
SO53722,6078,328,2013-03-02,2013-03-09,2013-03-14,25.0,1,25.0
SO53723,4466,325,2013-03-02,2013-03-09,2013-03-14,30.0,1,30.0
SO53724,10962,317,2013-03-02,2013-03-09,2013-03-14,5.0,1,5.0
SO53725,15140,327,2013-03-02,2013-03-09,2013-03-14,21.0,1,21.0
SO53726,16721,319,2013-03-02,2013-03-09,2013-03-14,5.0,1,5.0
SO53727,10376,317,2013-03-02,2013-03-09,2013-03-14,5.0,1,5.0
SO53728,17217,319,2013-03-02,2013-03-09,2013-03-14,5.0,1,5.0
SO53729,10094,372,2013-03-02,2013-03-09,2013-03-14,1701.0,1,1701.0
SO53730,8480,162,2013-03-02,2013-03-09,2013-03-14,2443.0,1,2443.0
SO53730,8480,163,2013-03-02,2013-03-09,2013-03-14,2443.0,1,2443.0
SO53731,15723,330,2013-03-02,2013-03-09,2013-03-14,29.0,1,29.0
SO53732,17083,327,2013-03-02,2013-03-09,2013-03-14,21.0,1,21.0
SO53733,16996,319,2013-03-02,2013-03-09,2013-03-14,5.0,1,5.0
SO53734,13398,318,2013-03-02,2013-03-09,2013-03-14,4.0,1,4.0
SO53735,12736,325,2013-03-02,2013-03-09,2013-03-14,30.0,1,30.0
SO53736,15011,324,2013-03-02,2013-03-09,2013-03-14,25.0,1,25.0
SO53737,11550,325,2013-03-02,2013-03-09,2013-03-14,30.0,1,30.0
SO53738,12116,325,2013-03-02,2013-03-09,2013-03-14,30.0,1,30.0
SO53739,3456,267,2013-03-02,2013-03-09,2013-03-14,10.0,1,10.0
SO53740,12050,325,2013-03-02,2013-03-09,2013-03-14,30.0,1,30.0
SO53741,13772,266,2013-03-02,2013-03-09,2013-03-14,5.0,1,5.0
SO53742,4421,317,2013-03-02,2013-03-09,2013-03-14,5.0,1,5.0
SO53743,2936,274,2013-03-02,2013-03-09,2013-03-14,22.0,1,22.0
SO53744,4106,263,2013-03-02,2013-03-09,2013-03-14,70.0,1,70.0
SO53745,4066,274,2013-03-02,2013-03-09,2013-03-14,22.0,1,22.0
SO53746,3247,274,2013-03-02,2013-03-09,2013-03-14,22.0,1,22.0
SO53747,5598,326,2013-03-02,2013-03-09,2013-03-14,35.0,1,35.0
SO53748,3810,12,2013-03-02,2013-03-09,2013-03-14,9.0,1,9.0
SO53748,3810,13,2013-03-02,2013-03-09,2013-03-14,9.0,1,9.0
SO53748,3810,14,2013-03-02,2013-03-09,2013-03-14,9.0,1,9.0
SO53749,15408,318,2013-03-02,2013-03-09,2013-03-14,4.0,1,4.0
SO53750,1541,318,2013-03-02,2013-03-09,2013-03-14,4.0,1,4.0
SO53751,14692,327,2013-03-02,2013-03-09,2013-03-14,21.0,1,21.0
SO53752,17920,319,2013-03-02,2013-03-09,2013-03-14,5.0,1,5.0
SO53753,174,326,2013-03-02,2013-03-09,2013-03-14,35.0,1,35.0
SO53754,2438,274,2013-03-02,2013-03-09,2013-03-14,22.0,1,22.0
SO53755,10742,385,2013-03-02,2013-03-09,2013-03-14,540.0,1,540.0
SO53756,8111,388,2013-03-02,2013-03-09,2013-03-14,540.0,1,540.0
SO53757,5238,162,2013-03-02,2013-03-09,2013-03-14,2443.0,1,2443.0
SO53757,5238,163,2013-03-02,2013-03-09,2013-03-14,2443.0,1,2443.0
SO53758,2916,379,2013-03-02,2013-03-09,2013-03-14,769.0,1,769.0
SO53759,1179,141,2013-03-02,2013-03-09,2013-03-14,2320.0,1,2320.0
SO53759,1179,142,2013-03-02,2013-03-09,2013-03-14,2320.0,1,2320.0
SO53760,1143,149,2013-03-02,2013-03-09,2013-03-14,2295.0,1,2295.0
SO53760,1143,150,2013-03-02,2013-03-09,2013-03-14,2295.0,1,2295.0
SO53761,1115,149,2013-03-02,2013-03-09,2013-03-14,2295.0,1,2295.0
SO53761,1115,150,2013-03-02,2013-03-09,2013-03-14,2295.0,1,2295.0
SO53762,1084,151,2013-03-02,2013-03-09,2013-03-14,2295.0,1,2295.0
SO53762,1084,152,2013-03-02,2013-03-09,2013-03-14,2295.0,1,2295.0
SO53763,15226,360,2013-03-02,2013-03-09,2013-03-14,742.0,1,742.0
SO53764,16792,375,2013-03-02,2013-03-09,2013-03-14,742.0,1,742.0
SO53765,9,350,2013-03-02,2013-03-09,2013-03-14,2384.0,1,2384.0
SO53766,7717,160,2013-03-02,2013-03-09,2013-03-14,2443.0,1,2443.0
SO53766,7717,161,2013-03-02,2013-03-09,2013-03-14,2443.0,1,2443.0
SO53767,17841,358,2013-03-02,2013-03-09,2013-03-14,742.0,1,742.0
SO53768,755,141,2013-03-02,2013-03-09,2013-03-14,2320.0,1,2320.0
SO53768,755,142,2013-03-02,2013-03-09,2013-03-14,2320.0,1,2320.0
SO53769,918,151,2013-03-02,2013-03-09,2013-03-14,2295.0,1,2295.0
SO53769,918,152,2013-03-02,2013-03-09,2013-03-14,2295.0,1,2295.0
SO53770,18278,363,2013-03-02,2013-03-09,2013-03-14,2384.0,1,2384.0
SO53771,10311,174,2013-03-02,2013-03-09,2013-03-14,1120.0,1,1120.0
SO53771,10311,175,2013-03-02,2013-03-09,2013-03-14,1120.0,1,1120.0
SO53772,7487,166,2013-03-03,2013-03-10,2013-03-15,2443.0,1,2443.0
SO53772,7487,167,2013-03-03,2013-03-10,2013-03-15,2443.0,1,2443.0
SO53773,12524,176,2013-03-03,2013-03-10,2013-03-15,1120.0,1,1120.0
SO53773,12524,177,2013-03-03,2013-03-10,2013-03-15,1120.0,1,1120.0
SO53774,3859,318,2013-03-03,2013-03-10,2013-03-15,4.0,1,4.0
SO53775,11948,274,2013-03-03,2013-03-10,2013-03-15,22.0,1,22.0
SO53776,15425,327,2013-03-03,2013-03-10,2013-03-15,21.0,1,21.0
SO53777,13896,317,2013-03-03,2013-03-10,2013-03-15,5.0,1,5.0
SO53778,11918,266,2013-03-03,2013-03-10,2013-03-15,5.0,1,5.0
SO53779,14245,317,2013-03-03,2013-03-10,2013-03-15,5.0,1,5.0
SO53780,17940,267,2013-03-03,2013-03-10,2013-03-15,10.0,1,10.0
SO53781,8104,319,2013-03-03,2013-03-10,2013-03-15,5.0,1,5.0
SO53782,9043,162,2013-03-03,2013-03-10,2013-03-15,2443.0,1,2443.0
SO53782,9043,163,2013-03-03,2013-03-10,2013-03-15,2443.0,1,2443.0
SO53783,13535,164,2013-03-03,2013-03-10,2013-03-15,2443.0,1,2443.0
SO53783,13535,165,2013-03-03,2013-03-10,2013-03-15,2443.0,1,2443.0
SO53784,16317,164,2013-03-03,2013-03-10,2013-03-15,2443.0,1,2443.0
SO53784,16317,165,2013-03-03,2013-03-10,2013-03-15,2443.0,1,2443.0
SO53785,2796,378,2013-03-03,2013-03-10,2013-03-15,769.0,1,769.0
SO53786,197,269,2013-03-03,2013-03-10,2013-03-15,2.0,1,2.0
SO53787,280,269,2013-03-03,2013-03-10,2013-03-15,2.0,1,2.0
SO53788,5732,327,2013-03-03,2013-03-10,2013-03-15,21.0,1,21.0
SO53789,263,330,2013-03-03,2013-03-10,2013-03-15,29.0,1,29.0
SO53790,1796,325,2013-03-03,2013-03-10,2013-03-15,30.0,1,30.0
SO53791,1445,325,2013-03-03,2013-03-10,2013-03-15,30.0,1,30.0
SO53792,10300,267,2013-03-03,2013-03-10,2013-03-15,10.0,1,10.0
SO53793,8775,263,2013-03-03,2013-03-10,2013-03-15,70.0,1,70.0
SO53794,9507,267,2013-03-03,2013-03-10,2013-03-15,10.0,1,10.0
SO53795,9279,263,2013-03-03,2013-03-10,2013-03-15,70.0,1,70.0
SO53796,9072,263,2013-03-03,2013-03-10,2013-03-15,70.0,1,70.0
SO53797,9116,263,2013-03-03,2013-03-10,2013-03-15,70.0,1,70.0
SO53798,7535,266,2013-03-03,2013-03-10,2013-03-15,5.0,1,5.0
SO53799,7124,266,2013-03-03,2013-03-10,2013-03-15,5.0,1,5.0
SO53800,6591,266,2013-03-03,2013-03-10,2013-03-15,5.0,1,5.0
SO53801,6438,266,2013-03-03,2013-03-10,2013-03-15,5.0,1,5.0
SO53802,5384,266,2013-03-03,2013-03-10,2013-03-15,5.0,1,5.0
SO53803,5003,317,2013-03-03,2013-03-10,2013-03-15,5.0,1,5.0
SO53804,12784,266,2013-03-03,2013-03-10,2013-03-15,5.0,1,5.0
SO53805,3580,317,2013-03-03,2013-03-10,2013-03-15,5.0,1,5.0
SO53806,15694,317,2013-03-03,2013-03-10,2013-03-15,5.0,1,5.0
SO53807,3789,317,2013-03-03,2013-03-10,2013-03-15,5.0,1,5.0
SO53808,4070,274,2013-03-03,2013-03-10,2013-03-15,22.0,1,22.0
SO53809,2814,326,2013-03-03,2013-03-10,2013-03-15,35.0,1,35.0
SO53810,4104,318,2013-03-03,2013-03-10,2013-03-15,4.0,1,4.0
SO53811,5041,317,2013-03-03,2013-03-10,2013-03-15,5.0,1,5.0
SO53812,16795,318,2013-03-03,2013-03-10,2013-03-15,4.0,1,4.0
SO53813,1260,327,2013-03-03,2013-03-10,2013-03-15,21.0,1,21.0
SO53814,16001,327,2013-03-03,2013-03-10,2013-03-15,21.0,1,21.0
SO53815,15899,330,2013-03-03,2013-03-10,2013-03-15,29.0,1,29.0
SO53816,6845,319,2013-03-03,2013-03-10,2013-03-15,5.0,1,5.0
SO53817,6881,319,2013-03-03,2013-03-10,2013-03-15,5.0,1,5.0
SO53818,674,326,2013-03-03,2013-03-10,2013-03-15,35.0,1,35.0
SO53819,1984,274,2013-03-03,2013-03-10,2013-03-15,22.0,1,22.0
SO53820,4557,384,2013-03-03,2013-03-10,2013-03-15,565.0,1,565.0
SO53821,2893,378,2013-03-03,2013-03-10,2013-03-15,769.0,1,769.0
SO53822,7695,162,2013-03-03,2013-03-10,2013-03-15,2443.0,1,2443.0
SO53822,7695,163,2013-03-03,2013-03-10,2013-03-15,2443.0,1,2443.0
SO53823,13493,358,2013-03-03,2013-03-10,2013-03-15,742.0,1,742.0
SO53824,917,145,2013-03-03,2013-03-10,2013-03-15,2320.0,1,2320.0
SO53824,917,146,2013-03-03,2013-03-10,2013-03-15,2320.0,1,2320.0
SO53825,5226,394,2013-03-03,2013-03-10,2013-03-15,540.0,1,540.0
SO53826,5227,373,2013-03-03,2013-03-10,2013-03-15,540.0,1,540.0
SO53827,10770,394,2013-03-03,2013-03-10,2013-03-15,540.0,1,540.0
SO53828,1297,351,2013-03-03,2013-03-10,2013-03-15,2384.0,1,2384.0
SO53829,17710,364,2013-03-03,2013-03-10,2013-03-15,2384.0,1,2384.0
SO53830,7489,160,2013-03-04,2013-03-11,2013-03-16,2443.0,1,2443.0
SO53830,7489,161,2013-03-04,2013-03-11,2013-03-16,2443.0,1,2443.0
SO53831,890,273,2013-03-04,2013-03-11,2013-03-16,8.0,1,8.0
SO53832,15740,326,2013-03-04,2013-03-11,2013-03-16,35.0,1,35.0
SO53833,4594,4,2013-03-04,2013-03-11,2013-03-16,35.0,1,35.0
SO53833,4594,5,2013-03-04,2013-03-11,2013-03-16,35.0,1,35.0
SO53833,4594,6,2013-03-04,2013-03-11,2013-03-16,35.0,1,35.0
SO53834,20,280,2013-03-04,2013-03-11,2013-03-16,54.0,1,54.0
SO53835,301,318,2013-03-04,2013-03-11,2013-03-16,4.0,1,4.0
SO53836,14182,329,2013-03-04,2013-03-11,2013-03-16,33.0,1,33.0
SO53837,652,317,2013-03-04,2013-03-11,2013-03-16,5.0,1,5.0
SO53838,216,325,2013-03-04,2013-03-11,2013-03-16,30.0,1,30.0
SO53839,11743,325,2013-03-04,2013-03-11,2013-03-16,30.0,1,30.0
SO53840,8027,325,2013-03-04,2013-03-11,2013-03-16,30.0,1,30.0
SO53841,11334,317,2013-03-04,2013-03-11,2013-03-16,5.0,1,5.0
SO53842,10159,267,2013-03-04,2013-03-11,2013-03-16,10.0,1,10.0
SO53843,8880,265,2013-03-04,2013-03-11,2013-03-16,70.0,1,70.0
SO53844,9495,266,2013-03-04,2013-03-11,2013-03-16,5.0,1,5.0
SO53845,9117,263,2013-03-04,2013-03-11,2013-03-16,70.0,1,70.0
SO53846,7594,265,2013-03-04,2013-03-11,2013-03-16,70.0,1,70.0
SO53847,1754,325,2013-03-04,2013-03-11,2013-03-16,30.0,1,30.0
SO53848,12443,266,2013-03-04,2013-03-11,2013-03-16,5.0,1,5.0
SO53849,11795,328,2013-03-04,2013-03-11,2013-03-16,25.0,1,25.0
SO53850,10550,266,2013-03-04,2013-03-11,2013-03-16,5.0,1,5.0
SO53851,5209,325,2013-03-04,2013-03-11,2013-03-16,30.0,1,30.0
SO53852,209,326,2013-03-04,2013-03-11,2013-03-16,35.0,1,35.0
SO53853,4863,385,2013-03-04,2013-03-11,2013-03-16,540.0,1,540.0
SO53854,9338,164,2013-03-04,2013-03-11,2013-03-16,2443.0,1,2443.0
SO53854,9338,165,2013-03-04,2013-03-11,2013-03-16,2443.0,1,2443.0
SO53855,1191,149,2013-03-04,2013-03-11,2013-03-16,2295.0,1,2295.0
SO53855,1191,150,2013-03-04,2013-03-11,2013-03-16,2295.0,1,2295.0
SO53856,1106,151,2013-03-04,2013-03-11,2013-03-16,2295.0,1,2295.0
SO53856,1106,152,2013-03-04,2013-03-11,2013-03-16,2295.0,1,2295.0
SO53857,1154,151,2013-03-04,2013-03-11,2013-03-16,2295.0,1,2295.0
SO53857,1154,152,2013-03-04,2013-03-11,2013-03-16,2295.0,1,2295.0
SO53858,1157,145,2013-03-04,2013-03-11,2013-03-16,2320.0,1,2320.0
SO53858,1157,146,2013-03-04,2013-03-11,2013-03-16,2320.0,1,2320.0
SO53859,1164,141,2013-03-04,2013-03-11,2013-03-16,2320.0,1,2320.0
SO53859,1164,142,2013-03-04,2013-03-11,2013-03-16,2320.0,1,2320.0
SO53860,1382,357,2013-03-04,2013-03-11,2013-03-16,742.0,1,742.0
SO53861,15225,361,2013-03-04,2013-03-11,2013-03-16,742.0,1,742.0
SO53862,7727,371,2013-03-04,2013-03-11,2013-03-16,1701.0,1,1701.0
SO53863,9421,395,2013-03-04,2013-03-11,2013-03-16,540.0,1,540.0
SO53864,9426,373,2013-03-04,2013-03-11,2013-03-16,540.0,1,540.0
SO53865,769,141,2013-03-04,2013-03-11,2013-03-16,2320.0,1,2320.0
SO53865,769,142,2013-03-04,2013-03-11,2013-03-16,2320.0,1,2320.0
SO53866,916,141,2013-03-04,2013-03-11,2013-03-16,2320.0,1,2320.0
SO53866,916,142,2013-03-04,2013-03-11,2013-03-16,2320.0,1,2320.0
SO53867,13676,363,2013-03-04,2013-03-11,2013-03-16,2384.0,1,2384.0
SO53868,11121,351,2013-03-04,2013-03-11,2013-03-16,2384.0,1,2384.0
SO53869,10943,395,2013-03-04,2013-03-11,2013-03-16,540.0,1,540.0
SO53870,10749,373,2013-03-04,2013-03-11,2013-03-16,540.0,1,540.0
SO53871,11478,394,2013-03-04,2013-03-11,2013-03-16,540.0,1,540.0
SO53872,14742,393,2013-03-04,2013-03-11,2013-03-16,540.0,1,540.0
SO53873,1318,363,2013-03-04,2013-03-11,2013-03-16,2384.0,1,2384.0
SO53874,13902,178,2013-03-05,2013-03-12,2013-03-17,1120.0,1,1120.0
SO53874,13902,179,2013-03-05,2013-03-12,2013-03-17,1120.0,1,1120.0
SO53875,12532,178,2013-03-05,2013-03-12,2013-03-17,1120.0,1,1120.0
SO53875,12532,179,2013-03-05,2013-03-12,2013-03-17,1120.0,1,1120.0
SO53876,1131,145,2013-03-05,2013-03-12,2013-03-17,2320.0,1,2320.0
SO53876,1131,146,2013-03-05,2013-03-12,2013-03-17,2320.0,1,2320.0
SO53877,1622,147,2013-03-05,2013-03-12,2013-03-17,2295.0,1,2295.0
SO53877,1622,148,2013-03-05,2013-03-12,2013-03-17,2295.0,1,2295.0
SO53878,1300,147,2013-03-05,2013-03-12,2013-03-17,2295.0,1,2295.0
SO53878,1300,148,2013-03-05,2013-03-12,2013-03-17,2295.0,1,2295.0
SO53879,9619,327,2013-03-05,2013-03-12,2013-03-17,21.0,1,21.0
SO53880,11842,326,2013-03-05,2013-03-12,2013-03-17,35.0,1,35.0
SO53881,464,273,2013-03-05,2013-03-12,2013-03-17,8.0,1,8.0
SO53882,8620,330,2013-03-05,2013-03-12,2013-03-17,29.0,1,29.0
SO53883,8468,166,2013-03-05,2013-03-12,2013-03-17,2443.0,1,2443.0
SO53883,8468,167,2013-03-05,2013-03-12,2013-03-17,2443.0,1,2443.0
SO53884,522,269,2013-03-05,2013-03-12,2013-03-17,2.0,1,2.0
SO53885,18225,328,2013-03-05,2013-03-12,2013-03-17,25.0,1,25.0
SO53886,289,269,2013-03-05,2013-03-12,2013-03-17,2.0,1,2.0
SO53887,15470,317,2013-03-05,2013-03-12,2013-03-17,5.0,1,5.0
SO53888,11983,325,2013-03-05,2013-03-12,2013-03-17,30.0,1,30.0
SO53889,9733,267,2013-03-05,2013-03-12,2013-03-17,10.0,1,10.0
SO53890,10473,267,2013-03-05,2013-03-12,2013-03-17,10.0,1,10.0
SO53891,7578,265,2013-03-05,2013-03-12,2013-03-17,70.0,1,70.0
SO53892,18006,265,2013-03-05,2013-03-12,2013-03-17,70.0,1,70.0
SO53893,5864,266,2013-03-05,2013-03-12,2013-03-17,5.0,1,5.0
SO53894,6360,266,2013-03-05,2013-03-12,2013-03-17,5.0,1,5.0
SO53895,6131,266,2013-03-05,2013-03-12,2013-03-17,5.0,1,5.0
SO53896,4497,317,2013-03-05,2013-03-12,2013-03-17,5.0,1,5.0
SO53897,4870,317,2013-03-05,2013-03-12,2013-03-17,5.0,1,5.0
SO53898,3044,274,2013-03-05,2013-03-12,2013-03-17,22.0,1,22.0
SO53899,15070,317,2013-03-05,2013-03-12,2013-03-17,5.0,1,5.0
SO53900,2389,274,2013-03-05,2013-03-12,2013-03-17,22.0,1,22.0
SO53901,5414,317,2013-03-05,2013-03-12,2013-03-17,5.0,1,5.0
SO53902,5575,317,2013-03-05,2013-03-12,2013-03-17,5.0,1,5.0
SO53903,6846,324,2013-03-05,2013-03-12,2013-03-17,25.0,1,25.0
SO53904,409,318,2013-03-05,2013-03-12,2013-03-17,4.0,1,4.0
SO53905,14805,266,2013-03-05,2013-03-12,2013-03-17,5.0,1,5.0
SO53906,1430,326,2013-03-05,2013-03-12,2013-03-17,35.0,1,35.0
SO53907,1332,15,2013-03-05,2013-03-12,2013-03-17,50.0,1,50.0
SO53907,1332,16,2013-03-05,2013-03-12,2013-03-17,50.0,1,50.0
SO53907,1332,17,2013-03-05,2013-03-12,2013-03-17,50.0,1,50.0
SO53908,1174,143,2013-03-05,2013-03-12,2013-03-17,2320.0,1,2320.0
SO53908,1174,144,2013-03-05,2013-03-12,2013-03-17,2320.0,1,2320.0
SO53909,1123,149,2013-03-05,2013-03-12,2013-03-17,2295.0,1,2295.0
SO53909,1123,150,2013-03-05,2013-03-12,2013-03-17,2295.0,1,2295.0
SO53910,3129,369,2013-03-05,2013-03-12,2013-03-17,1701.0,1,1701.0
SO53911,17928,362,2013-03-05,2013-03-12,2013-03-17,2384.0,1,2384.0
SO53912,7725,166,2013-03-05,2013-03-12,2013-03-17,2443.0,1,2443.0
SO53912,7725,167,2013-03-05,2013-03-12,2013-03-17,2443.0,1,2443.0
SO53913,4832,382,2013-03-05,2013-03-12,2013-03-17,565.0,1,565.0
SO53914,13448,360,2013-03-05,2013-03-12,2013-03-17,742.0,1,742.0
SO53915,766,147,2013-03-05,2013-03-12,2013-03-17,2295.0,1,2295.0
SO53915,766,148,2013-03-05,2013-03-12,2013-03-17,2295.0,1,2295.0
SO53916,900,147,2013-03-05,2013-03-12,2013-03-17,2295.0,1,2295.0
SO53916,900,148,2013-03-05,2013-03-12,2013-03-17,2295.0,1,2295.0
SO53917,11672,174,2013-03-05,2013-03-12,2013-03-17,1120.0,1,1120.0
SO53917,11672,175,2013-03-05,2013-03-12,2013-03-17,1120.0,1,1120.0
SO53918,14727,395,2013-03-05,2013-03-12,2013-03-17,540.0,1,540.0
SO53919,4102,351,2013-03-05,2013-03-12,2013-03-17,2384.0,1,2384.0
SO53920,13901,172,2013-03-06,2013-03-13,2013-03-18,1120.0,1,1120.0
SO53920,13901,173,2013-03-06,2013-03-13,2013-03-18,1120.0,1,1120.0
SO53921,12530,170,2013-03-06,2013-03-13,2013-03-18,1120.0,1,1120.0
SO53921,12530,171,2013-03-06,2013-03-13,2013-03-18,1120.0,1,1120.0
SO53922,782,253,2013-03-06,2013-03-13,2013-03-18,24.0,1,24.0
SO53922,782,254,2013-03-06,2013-03-13,2013-03-18,24.0,1,24.0
SO53923,8107,274,2013-03-06,2013-03-13,2013-03-18,22.0,1,22.0
SO53924,8953,327,2013-03-06,2013-03-13,2013-03-18,21.0,1,21.0
SO53925,11157,265,2013-03-06,2013-03-13,2013-03-18,70.0,1,70.0
SO53926,16369,264,2013-03-06,2013-03-13,2013-03-18,70.0,1,70.0
SO53927,126,267,2013-03-06,2013-03-13,2013-03-18,10.0,1,10.0
SO53928,3312,18,2013-03-06,2013-03-13,2013-03-18,50.0,1,50.0
SO53928,3312,19,2013-03-06,2013-03-13,2013-03-18,50.0,1,50.0
SO53928,3312,20,2013-03-06,2013-03-13,2013-03-18,50.0,1,50.0
SO53929,16483,318,2013-03-06,2013-03-13,2013-03-18,4.0,1,4.0
SO53930,16208,319,2013-03-06,2013-03-13,2013-03-18,5.0,1,5.0
SO53931,1066,24,2013-03-06,2013-03-13,2013-03-18,50.0,1,50.0
SO53931,1066,25,2013-03-06,2013-03-13,2013-03-18,50.0,1,50.0
SO53931,1066,26,2013-03-06,2013-03-13,2013-03-18,50.0,1,50.0
SO53932,16390,330,2013-03-06,2013-03-13,2013-03-18,29.0,1,29.0
SO53933,17242,327,2013-03-06,2013-03-13,2013-03-18,21.0,1,21.0
SO53934,13453,329,2013-03-06,2013-03-13,2013-03-18,33.0,1,33.0
SO53935,12361,325,2013-03-06,2013-03-13,2013-03-18,30.0,1,30.0
SO53936,12715,318,2013-03-06,2013-03-13,2013-03-18,4.0,1,4.0
SO53937,12889,325,2013-03-06,2013-03-13,2013-03-18,30.0,1,30.0
SO53938,11243,325,2013-03-06,2013-03-13,2013-03-18,30.0,1,30.0
SO53939,10433,267,2013-03-06,2013-03-13,2013-03-18,10.0,1,10.0
SO53940,9637,267,2013-03-06,2013-03-13,2013-03-18,10.0,1,10.0
SO53941,8759,12,2013-03-06,2013-03-13,2013-03-18,9.0,1,9.0
SO53941,8759,13,2013-03-06,2013-03-13,2013-03-18,9.0,1,9.0
SO53941,8759,14,2013-03-06,2013-03-13,2013-03-18,9.0,1,9.0
SO53942,2145,266,2013-03-06,2013-03-13,2013-03-18,5.0,1,5.0
SO53943,17303,271,2013-03-06,2013-03-13,2013-03-18,9.0,1,9.0
SO53944,7592,265,2013-03-06,2013-03-13,2013-03-18,70.0,1,70.0
SO53945,1056,266,2013-03-06,2013-03-13,2013-03-18,5.0,1,5.0
SO53946,9529,317,2013-03-06,2013-03-13,2013-03-18,5.0,1,5.0
SO53947,3624,317,2013-03-06,2013-03-13,2013-03-18,5.0,1,5.0
SO53948,2832,326,2013-03-06,2013-03-13,2013-03-18,35.0,1,35.0
SO53949,3719,328,2013-03-06,2013-03-13,2013-03-18,25.0,1,25.0
SO53950,7031,324,2013-03-06,2013-03-13,2013-03-18,25.0,1,25.0
SO53951,10681,266,2013-03-06,2013-03-13,2013-03-18,5.0,1,5.0
SO53952,9964,325,2013-03-06,2013-03-13,2013-03-18,30.0,1,30.0
SO53953,17899,327,2013-03-06,2013-03-13,2013-03-18,21.0,1,21.0
SO53954,11432,318,2013-03-06,2013-03-13,2013-03-18,4.0,1,4.0
SO53955,14633,318,2013-03-06,2013-03-13,2013-03-18,4.0,1,4.0
SO53956,8384,325,2013-03-06,2013-03-13,2013-03-18,30.0,1,30.0
SO53957,11698,330,2013-03-06,2013-03-13,2013-03-18,29.0,1,29.0
SO53958,719,326,2013-03-06,2013-03-13,2013-03-18,35.0,1,35.0
SO53959,1074,317,2013-03-06,2013-03-13,2013-03-18,5.0,1,5.0
SO53960,1909,261,2013-03-06,2013-03-13,2013-03-18,64.0,1,64.0
SO53961,6483,274,2013-03-06,2013-03-13,2013-03-18,22.0,1,22.0
SO53962,1978,274,2013-03-06,2013-03-13,2013-03-18,22.0,1,22.0
SO53963,6027,274,2013-03-06,2013-03-13,2013-03-18,22.0,1,22.0
SO53964,1987,147,2013-03-06,2013-03-13,2013-03-18,2295.0,1,2295.0
SO53964,1987,148,2013-03-06,2013-03-13,2013-03-18,2295.0,1,2295.0
SO53965,1152,151,2013-03-06,2013-03-13,2013-03-18,2295.0,1,2295.0
SO53965,1152,152,2013-03-06,2013-03-13,2013-03-18,2295.0,1,2295.0
SO53966,3260,379,2013-03-06,2013-03-13,2013-03-18,769.0,1,769.0
SO53967,15968,395,2013-03-06,2013-03-13,2013-03-18,540.0,1,540.0
SO53968,9816,393,2013-03-06,2013-03-13,2013-03-18,540.0,1,540.0
SO53969,7747,166,2013-03-06,2013-03-13,2013-03-18,2443.0,1,2443.0
SO53969,7747,167,2013-03-06,2013-03-13,2013-03-18,2443.0,1,2443.0
SO53970,7697,162,2013-03-06,2013-03-13,2013-03-18,2443.0,1,2443.0
SO53970,7697,163,2013-03-06,2013-03-13,2013-03-18,2443.0,1,2443.0
SO53971,100,149,2013-03-06,2013-03-13,2013-03-18,2295.0,1,2295.0
SO53971,100,150,2013-03-06,2013-03-13,2013-03-18,2295.0,1,2295.0
SO53972,964,147,2013-03-06,2013-03-13,2013-03-18,2295.0,1,2295.0
SO53972,964,148,2013-03-06,2013-03-13,2013-03-18,2295.0,1,2295.0
SO53973,13682,362,2013-03-06,2013-03-13,2013-03-18,2384.0,1,2384.0
SO53974,3791,365,2013-03-06,2013-03-13,2013-03-18,2384.0,1,2384.0
SO53975,1635,363,2013-03-06,2013-03-13,2013-03-18,2384.0,1,2384.0
SO53976,1319,362,2013-03-06,2013-03-13,2013-03-18,2384.0,1,2384.0
SO53977,13616,178,2013-03-07,2013-03-14,2013-03-19,1120.0,1,1120.0
SO53977,13616,179,2013-03-07,2013-03-14,2013-03-19,1120.0,1,1120.0
SO53978,490,143,2013-03-07,2013-03-14,2013-03-19,2320.0,1,2320.0
SO53978,490,144,2013-03-07,2013-03-14,2013-03-19,2320.0,1,2320.0
SO53979,492,143,2013-03-07,2013-03-14,2013-03-19,2320.0,1,2320.0
SO53979,492,144,2013-03-07,2013-03-14,2013-03-19,2320.0,1,2320.0
SO53980,939,273,2013-03-07,2013-03-14,2013-03-19,8.0,1,8.0
SO53981,790,9,2013-03-07,2013-03-14,2013-03-19,35.0,1,35.0
SO53981,790,10,2013-03-07,2013-03-14,2013-03-19,35.0,1,35.0
SO53981,790,11,2013-03-07,2013-03-14,2013-03-19,35.0,1,35.0
SO53982,5740,328,2013-03-07,2013-03-14,2013-03-19,25.0,1,25.0
SO53983,8576,327,2013-03-07,2013-03-14,2013-03-19,21.0,1,21.0
SO53984,17305,326,2013-03-07,2013-03-14,2013-03-19,35.0,1,35.0
SO53985,6298,325,2013-03-07,2013-03-14,2013-03-19,30.0,1,30.0
SO53986,15027,317,2013-03-07,2013-03-14,2013-03-19,5.0,1,5.0
SO53987,6238,277,2013-03-07,2013-03-14,2013-03-19,54.0,1,54.0
SO53988,3222,24,2013-03-07,2013-03-14,2013-03-19,50.0,1,50.0
SO53988,3222,25,2013-03-07,2013-03-14,2013-03-19,50.0,1,50.0
SO53988,3222,26,2013-03-07,2013-03-14,2013-03-19,50.0,1,50.0
SO53989,149,278,2013-03-07,2013-03-14,2013-03-19,54.0,1,54.0
SO53990,5712,279,2013-03-07,2013-03-14,2013-03-19,54.0,1,54.0
SO53991,682,277,2013-03-07,2013-03-14,2013-03-19,54.0,1,54.0
SO53992,17332,277,2013-03-07,2013-03-14,2013-03-19,54.0,1,54.0
SO53993,79,318,2013-03-07,2013-03-14,2013-03-19,4.0,1,4.0
SO53994,531,328,2013-03-07,2013-03-14,2013-03-19,25.0,1,25.0
SO53995,16017,330,2013-03-07,2013-03-14,2013-03-19,29.0,1,29.0
SO53996,6338,324,2013-03-07,2013-03-14,2013-03-19,25.0,1,25.0
SO53997,741,329,2013-03-07,2013-03-14,2013-03-19,33.0,1,33.0
SO53998,11061,317,2013-03-07,2013-03-14,2013-03-19,5.0,1,5.0
SO53999,11895,325,2013-03-07,2013-03-14,2013-03-19,30.0,1,30.0
SO54000,1445,264,2013-03-07,2013-03-14,2013-03-19,70.0,1,70.0
SO54001,6420,266,2013-03-07,2013-03-14,2013-03-19,5.0,1,5.0
SO54002,6380,266,2013-03-07,2013-03-14,2013-03-19,5.0,1,5.0
SO54003,4488,317,2013-03-07,2013-03-14,2013-03-19,5.0,1,5.0
SO54004,3630,317,2013-03-07,2013-03-14,2013-03-19,5.0,1,5.0
SO54005,3695,12,2013-03-07,2013-03-14,2013-03-19,9.0,1,9.0
SO54005,3695,13,2013-03-07,2013-03-14,2013-03-19,9.0,1,9.0
SO54005,3695,14,2013-03-07,2013-03-14,2013-03-19,9.0,1,9.0
SO54006,2943,274,2013-03-07,2013-03-14,2013-03-19,22.0,1,22.0
SO54007,4357,264,2013-03-07,2013-03-14,2013-03-19,70.0,1,70.0
SO54008,9930,325,2013-03-07,2013-03-14,2013-03-19,30.0,1,30.0
SO54009,11495,266,2013-03-07,2013-03-14,2013-03-19,5.0,1,5.0
SO54010,567,327,2013-03-07,2013-03-14,2013-03-19,21.0,1,21.0
SO54011,15401,318,2013-03-07,2013-03-14,2013-03-19,4.0,1,4.0
SO54012,13182,318,2013-03-07,2013-03-14,2013-03-19,4.0,1,4.0
SO54013,5051,319,2013-03-07,2013-03-14,2013-03-19,5.0,1,5.0
SO54014,1565,319,2013-03-07,2013-03-14,2013-03-19,5.0,1,5.0
SO54015,16174,318,2013-03-07,2013-03-14,2013-03-19,4.0,1,4.0
SO54016,16773,319,2013-03-07,2013-03-14,2013-03-19,5.0,1,5.0
SO54017,652,326,2013-03-07,2013-03-14,2013-03-19,35.0,1,35.0
SO54018,3283,326,2013-03-07,2013-03-14,2013-03-19,35.0,1,35.0
SO54019,892,326,2013-03-07,2013-03-14,2013-03-19,35.0,1,35.0
SO54020,2054,274,2013-03-07,2013-03-14,2013-03-19,22.0,1,22.0
SO54021,5960,260,2013-03-07,2013-03-14,2013-03-19,64.0,1,64.0
SO54022,5895,370,2013-03-07,2013-03-14,2013-03-19,1701.0,1,1701.0
SO54023,1172,143,2013-03-07,2013-03-14,2013-03-19,2320.0,1,2320.0
SO54023,1172,144,2013-03-07,2013-03-14,2013-03-19,2320.0,1,2320.0
SO54024,1153,141,2013-03-07,2013-03-14,2013-03-19,2320.0,1,2320.0
SO54024,1153,142,2013-03-07,2013-03-14,2013-03-19,2320.0,1,2320.0
SO54025,1178,147,2013-03-07,2013-03-14,2013-03-19,2295.0,1,2295.0
SO54025,1178,148,2013-03-07,2013-03-14,2013-03-19,2295.0,1,2295.0
SO54026,18432,349,2013-03-07,2013-03-14,2013-03-19,1215.0,1,1215.0
SO54027,1288,349,2013-03-07,2013-03-14,2013-03-19,1215.0,1,1215.0
SO54028,5697,376,2013-03-07,2013-03-14,2013-03-19,769.0,1,769.0
SO54029,15331,356,2013-03-07,2013-03-14,2013-03-19,742.0,1,742.0
SO54030,5679,356,2013-03-07,2013-03-14,2013-03-19,742.0,1,742.0
SO54031,908,149,2013-03-07,2013-03-14,2013-03-19,2295.0,1,2295.0
SO54031,908,150,2013-03-07,2013-03-14,2013-03-19,2295.0,1,2295.0
SO54032,13675,362,2013-03-07,2013-03-14,2013-03-19,2384.0,1,2384.0
SO54033,13781,351,2013-03-07,2013-03-14,2013-03-19,2384.0,1,2384.0
SO54034,11373,373,2013-03-07,2013-03-14,2013-03-19,540.0,1,540.0
SO54035,14733,393,2013-03-07,2013-03-14,2013-03-19,540.0,1,540.0
SO54036,14675,362,2013-03-07,2013-03-14,2013-03-19,2384.0,1,2384.0
SO54037,4117,364,2013-03-07,2013-03-14,2013-03-19,2384.0,1,2384.0
SO54038,17109,12,2013-03-07,2013-03-14,2013-03-19,9.0,1,9.0
SO54038,17109,13,2013-03-07,2013-03-14,2013-03-19,9.0,1,9.0
SO54038,17109,14,2013-03-07,2013-03-14,2013-03-19,9.0,1,9.0
SO54039,1511,149,2013-03-08,2013-03-15,2013-03-20,2295.0,1,2295.0
SO54039,1511,150,2013-03-08,2013-03-15,2013-03-20,2295.0,1,2295.0
SO54040,573,143,2013-03-08,2013-03-15,2013-03-20,2320.0,1,2320.0
SO54040,573,144,2013-03-08,2013-03-15,2013-03-20,2320.0,1,2320.0
SO54041,4729,328,2013-03-08,2013-03-15,2013-03-20,25.0,1,25.0
SO54042,2984,324,2013-03-08,2013-03-15,2013-03-20,25.0,1,25.0
SO54043,10256,325,2013-03-08,2013-03-15,2013-03-20,30.0,1,30.0
SO54044,10994,326,2013-03-08,2013-03-15,2013-03-20,35.0,1,35.0
SO54045,7899,326,2013-03-08,2013-03-15,2013-03-20,35.0,1,35.0
SO54046,18334,266,2013-03-08,2013-03-15,2013-03-20,5.0,1,5.0
SO54047,13277,266,2013-03-08,2013-03-15,2013-03-20,5.0,1,5.0
SO54048,8503,168,2013-03-08,2013-03-15,2013-03-20,2443.0,1,2443.0
SO54048,8503,169,2013-03-08,2013-03-15,2013-03-20,2443.0,1,2443.0
SO54049,1319,145,2013-03-08,2013-03-15,2013-03-20,2320.0,1,2320.0
SO54049,1319,146,2013-03-08,2013-03-15,2013-03-20,2320.0,1,2320.0
SO54050,687,277,2013-03-08,2013-03-15,2013-03-20,54.0,1,54.0
SO54051,332,278,2013-03-08,2013-03-15,2013-03-20,54.0,1,54.0
SO54052,16526,327,2013-03-08,2013-03-15,2013-03-20,21.0,1,21.0
SO54053,5959,318,2013-03-08,2013-03-15,2013-03-20,4.0,1,4.0
SO54054,12473,325,2013-03-08,2013-03-15,2013-03-20,30.0,1,30.0
SO54055,507,325,2013-03-08,2013-03-15,2013-03-20,30.0,1,30.0
SO54056,7967,12,2013-03-08,2013-03-15,2013-03-20,9.0,1,9.0
SO54056,7967,13,2013-03-08,2013-03-15,2013-03-20,9.0,1,9.0
SO54056,7967,14,2013-03-08,2013-03-15,2013-03-20,9.0,1,9.0
SO54057,9345,264,2013-03-08,2013-03-15,2013-03-20,70.0,1,70.0
SO54058,7425,266,2013-03-08,2013-03-15,2013-03-20,5.0,1,5.0
SO54059,8215,266,2013-03-08,2013-03-15,2013-03-20,5.0,1,5.0
SO54060,7672,264,2013-03-08,2013-03-15,2013-03-20,70.0,1,70.0
SO54061,7585,265,2013-03-08,2013-03-15,2013-03-20,70.0,1,70.0
SO54062,7641,266,2013-03-08,2013-03-15,2013-03-20,5.0,1,5.0
SO54063,6684,266,2013-03-08,2013-03-15,2013-03-20,5.0,1,5.0
SO54064,5002,317,2013-03-08,2013-03-15,2013-03-20,5.0,1,5.0
SO54065,3464,317,2013-03-08,2013-03-15,2013-03-20,5.0,1,5.0
SO54066,7171,317,2013-03-08,2013-03-15,2013-03-20,5.0,1,5.0
SO54067,3843,274,2013-03-08,2013-03-15,2013-03-20,22.0,1,22.0
SO54068,10454,274,2013-03-08,2013-03-15,2013-03-20,22.0,1,22.0
SO54069,3536,265,2013-03-08,2013-03-15,2013-03-20,70.0,1,70.0
SO54070,3815,264,2013-03-08,2013-03-15,2013-03-20,70.0,1,70.0
SO54071,3939,264,2013-03-08,2013-03-15,2013-03-20,70.0,1,70.0
SO54072,1799,267,2013-03-08,2013-03-15,2013-03-20,10.0,1,10.0
SO54073,8461,266,2013-03-08,2013-03-15,2013-03-20,5.0,1,5.0
SO54074,1596,330,2013-03-08,2013-03-15,2013-03-20,29.0,1,29.0
SO54075,13545,318,2013-03-08,2013-03-15,2013-03-20,4.0,1,4.0
SO54076,17375,330,2013-03-08,2013-03-15,2013-03-20,29.0,1,29.0
SO54077,2777,330,2013-03-08,2013-03-15,2013-03-20,29.0,1,29.0
SO54078,707,326,2013-03-08,2013-03-15,2013-03-20,35.0,1,35.0
SO54079,739,317,2013-03-08,2013-03-15,2013-03-20,5.0,1,5.0
SO54080,844,326,2013-03-08,2013-03-15,2013-03-20,35.0,1,35.0
SO54081,2214,274,2013-03-08,2013-03-15,2013-03-20,22.0,1,22.0
SO54082,5359,317,2013-03-08,2013-03-15,2013-03-20,5.0,1,5.0
SO54083,3272,274,2013-03-08,2013-03-15,2013-03-20,22.0,1,22.0
SO54084,1482,12,2013-03-08,2013-03-15,2013-03-20,9.0,1,9.0
SO54084,1482,13,2013-03-08,2013-03-15,2013-03-20,9.0,1,9.0
SO54084,1482,14,2013-03-08,2013-03-15,2013-03-20,9.0,1,9.0
SO54085,4882,384,2013-03-08,2013-03-15,2013-03-20,565.0,1,565.0
SO54086,4835,388,2013-03-08,2013-03-15,2013-03-20,540.0,1,540.0
SO54087,4901,380,2013-03-08,2013-03-15,2013-03-20,565.0,1,565.0
SO54088,8024,384,2013-03-08,2013-03-15,2013-03-20,565.0,1,565.0
SO54089,2926,377,2013-03-08,2013-03-15,2013-03-20,769.0,1,769.0
SO54090,1207,145,2013-03-08,2013-03-15,2013-03-20,2320.0,1,2320.0
SO54090,1207,146,2013-03-08,2013-03-15,2013-03-20,2320.0,1,2320.0
SO54091,1171,149,2013-03-08,2013-03-15,2013-03-20,2295.0,1,2295.0
SO54091,1171,150,2013-03-08,2013-03-15,2013-03-20,2295.0,1,2295.0
SO54092,1187,141,2013-03-08,2013-03-15,2013-03-20,2320.0,1,2320.0
SO54092,1187,142,2013-03-08,2013-03-15,2013-03-20,2320.0,1,2320.0
SO54093,1105,151,2013-03-08,2013-03-15,2013-03-20,2295.0,1,2295.0
SO54093,1105,152,2013-03-08,2013-03-15,2013-03-20,2295.0,1,2295.0
SO54094,1161,151,2013-03-08,2013-03-15,2013-03-20,2295.0,1,2295.0
SO54094,1161,152,2013-03-08,2013-03-15,2013-03-20,2295.0,1,2295.0
SO54095,440,356,2013-03-08,2013-03-15,2013-03-20,742.0,1,742.0
SO54096,5745,164,2013-03-08,2013-03-15,2013-03-20,2443.0,1,2443.0
SO54096,5745,165,2013-03-08,2013-03-15,2013-03-20,2443.0,1,2443.0
SO54097,901,141,2013-03-08,2013-03-15,2013-03-20,2320.0,1,2320.0
SO54097,901,142,2013-03-08,2013-03-15,2013-03-20,2320.0,1,2320.0
SO54098,13344,351,2013-03-08,2013-03-15,2013-03-20,2384.0,1,2384.0
SO54099,8539,174,2013-03-08,2013-03-15,2013-03-20,1120.0,1,1120.0
SO54099,8539,175,2013-03-08,2013-03-15,2013-03-20,1120.0,1,1120.0
SO54100,402,395,2013-03-08,2013-03-15,2013-03-20,540.0,1,540.0
SO54101,14729,373,2013-03-08,2013-03-15,2013-03-20,540.0,1,540.0
SO54102,13085,363,2013-03-08,2013-03-15,2013-03-20,2384.0,1,2384.0
SO54103,13904,174,2013-03-09,2013-03-16,2013-03-21,1120.0,1,1120.0
SO54103,13904,175,2013-03-09,2013-03-16,2013-03-21,1120.0,1,1120.0
SO54104,1608,143,2013-03-09,2013-03-16,2013-03-21,2320.0,1,2320.0
SO54104,1608,144,2013-03-09,2013-03-16,2013-03-21,2320.0,1,2320.0
SO54105,1329,149,2013-03-09,2013-03-16,2013-03-21,2295.0,1,2295.0
SO54105,1329,150,2013-03-09,2013-03-16,2013-03-21,2295.0,1,2295.0
SO54106,3218,324,2013-03-09,2013-03-16,2013-03-21,25.0,1,25.0
SO54107,16705,317,2013-03-09,2013-03-16,2013-03-21,5.0,1,5.0
SO54108,5620,329,2013-03-09,2013-03-16,2013-03-21,33.0,1,33.0
SO54109,6110,371,2013-03-09,2013-03-16,2013-03-21,1701.0,1,1701.0
SO54110,7622,386,2013-03-09,2013-03-16,2013-03-21,540.0,1,540.0
SO54111,1125,149,2013-03-09,2013-03-16,2013-03-21,2295.0,1,2295.0
SO54111,1125,150,2013-03-09,2013-03-16,2013-03-21,2295.0,1,2295.0
SO54112,331,328,2013-03-09,2013-03-16,2013-03-21,25.0,1,25.0
SO54113,92,319,2013-03-09,2013-03-16,2013-03-21,5.0,1,5.0
SO54114,5332,318,2013-03-09,2013-03-16,2013-03-21,4.0,1,4.0
SO54115,16203,330,2013-03-09,2013-03-16,2013-03-21,29.0,1,29.0
SO54116,177,329,2013-03-09,2013-03-16,2013-03-21,33.0,1,33.0
SO54117,712,325,2013-03-09,2013-03-16,2013-03-21,30.0,1,30.0
SO54118,713,267,2013-03-09,2013-03-16,2013-03-21,10.0,1,10.0
SO54119,6724,317,2013-03-09,2013-03-16,2013-03-21,5.0,1,5.0
SO54120,6190,274,2013-03-09,2013-03-16,2013-03-21,22.0,1,22.0
SO54121,14693,318,2013-03-09,2013-03-16,2013-03-21,4.0,1,4.0
SO54122,10679,317,2013-03-09,2013-03-16,2013-03-21,5.0,1,5.0
SO54123,13086,266,2013-03-09,2013-03-16,2013-03-21,5.0,1,5.0
SO54124,8464,266,2013-03-09,2013-03-16,2013-03-21,5.0,1,5.0
SO54125,10820,325,2013-03-09,2013-03-16,2013-03-21,30.0,1,30.0
SO54126,3541,330,2013-03-09,2013-03-16,2013-03-21,29.0,1,29.0
SO54127,13864,327,2013-03-09,2013-03-16,2013-03-21,21.0,1,21.0
SO54128,13867,327,2013-03-09,2013-03-16,2013-03-21,21.0,1,21.0
SO54129,50,317,2013-03-09,2013-03-16,2013-03-21,5.0,1,5.0
SO54130,1162,317,2013-03-09,2013-03-16,2013-03-21,5.0,1,5.0
SO54131,2940,377,2013-03-09,2013-03-16,2013-03-21,769.0,1,769.0
SO54132,2985,377,2013-03-09,2013-03-16,2013-03-21,769.0,1,769.0
SO54133,1201,143,2013-03-09,2013-03-16,2013-03-21,2320.0,1,2320.0
SO54133,1201,144,2013-03-09,2013-03-16,2013-03-21,2320.0,1,2320.0
SO54134,1285,12,2013-03-09,2013-03-16,2013-03-21,9.0,1,9.0
SO54134,1285,13,2013-03-09,2013-03-16,2013-03-21,9.0,1,9.0
SO54134,1285,14,2013-03-09,2013-03-16,2013-03-21,9.0,1,9.0
SO54135,14533,12,2013-03-09,2013-03-16,2013-03-21,9.0,1,9.0
SO54135,14533,13,2013-03-09,2013-03-16,2013-03-21,9.0,1,9.0
SO54135,14533,14,2013-03-09,2013-03-16,2013-03-21,9.0,1,9.0
SO54136,9823,373,2013-03-09,2013-03-16,2013-03-21,540.0,1,540.0
SO54137,9427,395,2013-03-09,2013-03-16,2013-03-21,540.0,1,540.0
SO54138,17116,394,2013-03-09,2013-03-16,2013-03-21,540.0,1,540.0
SO54139,7709,168,2013-03-09,2013-03-16,2013-03-21,2443.0,1,2443.0
SO54139,7709,169,2013-03-09,2013-03-16,2013-03-21,2443.0,1,2443.0
SO54140,1014,385,2013-03-09,2013-03-16,2013-03-21,540.0,1,540.0
SO54141,11746,393,2013-03-09,2013-03-16,2013-03-21,540.0,1,540.0
SO54142,5355,395,2013-03-09,2013-03-16,2013-03-21,540.0,1,540.0
SO54143,8546,178,2013-03-09,2013-03-16,2013-03-21,1120.0,1,1120.0
SO54143,8546,179,2013-03-09,2013-03-16,2013-03-21,1120.0,1,1120.0
SO54144,7571,172,2013-03-09,2013-03-16,2013-03-21,1120.0,1,1120.0
SO54144,7571,173,2013-03-09,2013-03-16,2013-03-21,1120.0,1,1120.0
SO54145,16966,394,2013-03-09,2013-03-16,2013-03-21,540.0,1,540.0
SO54146,1301,350,2013-03-09,2013-03-16,2013-03-21,2384.0,1,2384.0
SO54147,4085,353,2013-03-09,2013-03-16,2013-03-21,2384.0,1,2384.0
SO54148,7495,160,2013-03-10,2013-03-17,2013-03-22,2443.0,1,2443.0
SO54148,7495,161,2013-03-10,2013-03-17,2013-03-22,2443.0,1,2443.0
SO54149,432,147,2013-03-10,2013-03-17,2013-03-22,2295.0,1,2295.0
SO54149,432,148,2013-03-10,2013-03-17,2013-03-22,2295.0,1,2295.0
SO54150,4580,328,2013-03-10,2013-03-17,2013-03-22,25.0,1,25.0
SO54151,6063,325,2013-03-10,2013-03-17,2013-03-22,30.0,1,30.0
SO54152,14221,327,2013-03-10,2013-03-17,2013-03-22,21.0,1,21.0
SO54153,17270,319,2013-03-10,2013-03-17,2013-03-22,5.0,1,5.0
SO54154,12870,325,2013-03-10,2013-03-17,2013-03-22,30.0,1,30.0
SO54155,12062,325,2013-03-10,2013-03-17,2013-03-22,30.0,1,30.0
SO54156,7365,266,2013-03-10,2013-03-17,2013-03-22,5.0,1,5.0
SO54157,9740,263,2013-03-10,2013-03-17,2013-03-22,70.0,1,70.0
SO54158,6276,266,2013-03-10,2013-03-17,2013-03-22,5.0,1,5.0
SO54159,4424,317,2013-03-10,2013-03-17,2013-03-22,5.0,1,5.0
SO54160,5761,266,2013-03-10,2013-03-17,2013-03-22,5.0,1,5.0
SO54161,11266,274,2013-03-10,2013-03-17,2013-03-22,22.0,1,22.0
SO54162,3936,274,2013-03-10,2013-03-17,2013-03-22,22.0,1,22.0
SO54163,8292,328,2013-03-10,2013-03-17,2013-03-22,25.0,1,25.0
SO54164,3983,317,2013-03-10,2013-03-17,2013-03-22,5.0,1,5.0
SO54165,8463,266,2013-03-10,2013-03-17,2013-03-22,5.0,1,5.0
SO54166,1263,318,2013-03-10,2013-03-17,2013-03-22,4.0,1,4.0
SO54167,13696,319,2013-03-10,2013-03-17,2013-03-22,5.0,1,5.0
SO54168,5315,319,2013-03-10,2013-03-17,2013-03-22,5.0,1,5.0
SO54169,17466,330,2013-03-10,2013-03-17,2013-03-22,29.0,1,29.0
SO54170,974,326,2013-03-10,2013-03-17,2013-03-22,35.0,1,35.0
SO54171,2417,274,2013-03-10,2013-03-17,2013-03-22,22.0,1,22.0
SO54172,5890,369,2013-03-10,2013-03-17,2013-03-22,1701.0,1,1701.0
SO54173,1189,145,2013-03-10,2013-03-17,2013-03-22,2320.0,1,2320.0
SO54173,1189,146,2013-03-10,2013-03-17,2013-03-22,2320.0,1,2320.0
SO54174,1142,143,2013-03-10,2013-03-17,2013-03-22,2320.0,1,2320.0
SO54174,1142,144,2013-03-10,2013-03-17,2013-03-22,2320.0,1,2320.0
SO54175,16793,12,2013-03-10,2013-03-17,2013-03-22,9.0,1,9.0
SO54175,16793,13,2013-03-10,2013-03-17,2013-03-22,9.0,1,9.0
SO54175,16793,14,2013-03-10,2013-03-17,2013-03-22,9.0,1,9.0
SO54176,7730,371,2013-03-10,2013-03-17,2013-03-22,1701.0,1,1701.0
SO54177,10652,395,2013-03-10,2013-03-17,2013-03-22,540.0,1,540.0
SO54178,10767,373,2013-03-10,2013-03-17,2013-03-22,540.0,1,540.0
SO54179,8551,176,2013-03-10,2013-03-17,2013-03-22,1120.0,1,1120.0
SO54179,8551,177,2013-03-10,2013-03-17,2013-03-22,1120.0,1,1120.0
SO54180,8680,176,2013-03-10,2013-03-17,2013-03-22,1120.0,1,1120.0
SO54180,8680,177,2013-03-10,2013-03-17,2013-03-22,1120.0,1,1120.0
SO54181,8387,172,2013-03-10,2013-03-17,2013-03-22,1120.0,1,1120.0
SO54181,8387,173,2013-03-10,2013-03-17,2013-03-22,1120.0,1,1120.0
SO54182,11696,178,2013-03-10,2013-03-17,2013-03-22,1120.0,1,1120.0
SO54182,11696,179,2013-03-10,2013-03-17,2013-03-22,1120.0,1,1120.0
SO54183,18400,393,2013-03-10,2013-03-17,2013-03-22,540.0,1,540.0
SO54184,2258,393,2013-03-10,2013-03-17,2013-03-22,540.0,1,540.0
SO54185,12525,176,2013-03-11,2013-03-18,2013-03-23,1120.0,1,1120.0
SO54185,12525,177,2013-03-11,2013-03-18,2013-03-23,1120.0,1,1120.0
SO54186,13888,170,2013-03-11,2013-03-18,2013-03-23,1120.0,1,1120.0
SO54186,13888,171,2013-03-11,2013-03-18,2013-03-23,1120.0,1,1120.0
SO54187,16875,349,2013-03-11,2013-03-18,2013-03-23,1215.0,1,1215.0
SO54188,16876,349,2013-03-11,2013-03-18,2013-03-23,1215.0,1,1215.0
SO54189,562,149,2013-03-11,2013-03-18,2013-03-23,2295.0,1,2295.0
SO54189,562,150,2013-03-11,2013-03-18,2013-03-23,2295.0,1,2295.0
SO54190,1126,145,2013-03-11,2013-03-18,2013-03-23,2320.0,1,2320.0
SO54190,1126,146,2013-03-11,2013-03-18,2013-03-23,2320.0,1,2320.0
SO54191,17607,273,2013-03-11,2013-03-18,2013-03-23,8.0,1,8.0
SO54192,5606,328,2013-03-11,2013-03-18,2013-03-23,25.0,1,25.0
SO54193,4792,328,2013-03-11,2013-03-18,2013-03-23,25.0,1,25.0
SO54194,6909,327,2013-03-11,2013-03-18,2013-03-23,21.0,1,21.0
SO54195,7715,274,2013-03-11,2013-03-18,2013-03-23,22.0,1,22.0
SO54196,3319,318,2013-03-11,2013-03-18,2013-03-23,4.0,1,4.0
SO54197,12310,319,2013-03-11,2013-03-18,2013-03-23,5.0,1,5.0
SO54198,11151,264,2013-03-11,2013-03-18,2013-03-23,70.0,1,70.0
SO54199,10375,317,2013-03-11,2013-03-18,2013-03-23,5.0,1,5.0
SO54200,60,266,2013-03-11,2013-03-18,2013-03-23,5.0,1,5.0
SO54201,17873,319,2013-03-11,2013-03-18,2013-03-23,5.0,1,5.0
SO54202,2004,318,2013-03-11,2013-03-18,2013-03-23,4.0,1,4.0
SO54203,6718,380,2013-03-11,2013-03-18,2013-03-23,565.0,1,565.0
SO54204,5445,376,2013-03-11,2013-03-18,2013-03-23,769.0,1,769.0
SO54205,201,253,2013-03-11,2013-03-18,2013-03-23,24.0,1,24.0
SO54205,201,254,2013-03-11,2013-03-18,2013-03-23,24.0,1,24.0
SO54206,633,269,2013-03-11,2013-03-18,2013-03-23,2.0,1,2.0
SO54207,213,319,2013-03-11,2013-03-18,2013-03-23,5.0,1,5.0
SO54208,710,327,2013-03-11,2013-03-18,2013-03-23,21.0,1,21.0
SO54209,15458,317,2013-03-11,2013-03-18,2013-03-23,5.0,1,5.0
SO54210,16464,327,2013-03-11,2013-03-18,2013-03-23,21.0,1,21.0
SO54211,15292,324,2013-03-11,2013-03-18,2013-03-23,25.0,1,25.0
SO54212,3898,318,2013-03-11,2013-03-18,2013-03-23,4.0,1,4.0
SO54213,14900,318,2013-03-11,2013-03-18,2013-03-23,4.0,1,4.0
SO54214,79,317,2013-03-11,2013-03-18,2013-03-23,5.0,1,5.0
SO54215,11126,325,2013-03-11,2013-03-18,2013-03-23,30.0,1,30.0
SO54216,12090,317,2013-03-11,2013-03-18,2013-03-23,5.0,1,5.0
SO54217,4879,317,2013-03-11,2013-03-18,2013-03-23,5.0,1,5.0
SO54218,263,267,2013-03-11,2013-03-18,2013-03-23,10.0,1,10.0
SO54219,6586,265,2013-03-11,2013-03-18,2013-03-23,70.0,1,70.0
SO54220,8219,264,2013-03-11,2013-03-18,2013-03-23,70.0,1,70.0
SO54221,1184,266,2013-03-11,2013-03-18,2013-03-23,5.0,1,5.0
SO54222,7755,263,2013-03-11,2013-03-18,2013-03-23,70.0,1,70.0
SO54223,13526,317,2013-03-11,2013-03-18,2013-03-23,5.0,1,5.0
SO54224,2844,274,2013-03-11,2013-03-18,2013-03-23,22.0,1,22.0
SO54225,2491,274,2013-03-11,2013-03-18,2013-03-23,22.0,1,22.0
SO54226,11555,266,2013-03-11,2013-03-18,2013-03-23,5.0,1,5.0
SO54227,5399,328,2013-03-11,2013-03-18,2013-03-23,25.0,1,25.0
SO54228,16789,318,2013-03-11,2013-03-18,2013-03-23,4.0,1,4.0
SO54229,13883,327,2013-03-11,2013-03-18,2013-03-23,21.0,1,21.0
SO54230,686,326,2013-03-11,2013-03-18,2013-03-23,35.0,1,35.0
SO54231,635,326,2013-03-11,2013-03-18,2013-03-23,35.0,1,35.0
SO54232,791,326,2013-03-11,2013-03-18,2013-03-23,35.0,1,35.0
SO54233,5362,164,2013-03-11,2013-03-18,2013-03-23,2443.0,1,2443.0
SO54233,5362,165,2013-03-11,2013-03-18,2013-03-23,2443.0,1,2443.0
SO54234,1188,147,2013-03-11,2013-03-18,2013-03-23,2295.0,1,2295.0
SO54234,1188,148,2013-03-11,2013-03-18,2013-03-23,2295.0,1,2295.0
SO54235,3261,378,2013-03-11,2013-03-18,2013-03-23,769.0,1,769.0
SO54236,3128,372,2013-03-11,2013-03-18,2013-03-23,1701.0,1,1701.0
SO54237,15759,373,2013-03-11,2013-03-18,2013-03-23,540.0,1,540.0
SO54238,7741,162,2013-03-11,2013-03-18,2013-03-23,2443.0,1,2443.0
SO54238,7741,163,2013-03-11,2013-03-18,2013-03-23,2443.0,1,2443.0
SO54239,7909,162,2013-03-11,2013-03-18,2013-03-23,2443.0,1,2443.0
SO54239,7909,163,2013-03-11,2013-03-18,2013-03-23,2443.0,1,2443.0
SO54240,768,151,2013-03-11,2013-03-18,2013-03-23,2295.0,1,2295.0
SO54240,768,152,2013-03-11,2013-03-18,2013-03-23,2295.0,1,2295.0
SO54241,953,141,2013-03-11,2013-03-18,2013-03-23,2320.0,1,2320.0
SO54241,953,142,2013-03-11,2013-03-18,2013-03-23,2320.0,1,2320.0
SO54242,977,149,2013-03-11,2013-03-18,2013-03-23,2295.0,1,2295.0
SO54242,977,150,2013-03-11,2013-03-18,2013-03-23,2295.0,1,2295.0
SO54243,10916,373,2013-03-11,2013-03-18,2013-03-23,540.0,1,540.0
SO54244,11336,395,2013-03-11,2013-03-18,2013-03-23,540.0,1,540.0
SO54245,8473,174,2013-03-11,2013-03-18,2013-03-23,1120.0,1,1120.0
SO54245,8473,175,2013-03-11,2013-03-18,2013-03-23,1120.0,1,1120.0
SO54246,11687,172,2013-03-11,2013-03-18,2013-03-23,1120.0,1,1120.0
SO54246,11687,173,2013-03-11,2013-03-18,2013-03-23,1120.0,1,1120.0
SO54247,8422,174,2013-03-11,2013-03-18,2013-03-23,1120.0,1,1120.0
SO54247,8422,175,2013-03-11,2013-03-18,2013-03-23,1120.0,1,1120.0
SO54248,12752,172,2013-03-11,2013-03-18,2013-03-23,1120.0,1,1120.0
SO54248,12752,173,2013-03-11,2013-03-18,2013-03-23,1120.0,1,1120.0
SO54249,12533,174,2013-03-12,2013-03-19,2013-03-24,1120.0,1,1120.0
SO54249,12533,175,2013-03-12,2013-03-19,2013-03-24,1120.0,1,1120.0
SO54250,1130,143,2013-03-12,2013-03-19,2013-03-24,2320.0,1,2320.0
SO54250,1130,144,2013-03-12,2013-03-19,2013-03-24,2320.0,1,2320.0
SO54251,579,143,2013-03-12,2013-03-19,2013-03-24,2320.0,1,2320.0
SO54251,579,144,2013-03-12,2013-03-19,2013-03-24,2320.0,1,2320.0
SO54252,1293,151,2013-03-12,2013-03-19,2013-03-24,2295.0,1,2295.0
SO54252,1293,152,2013-03-12,2013-03-19,2013-03-24,2295.0,1,2295.0
SO54253,578,147,2013-03-12,2013-03-19,2013-03-24,2295.0,1,2295.0
SO54253,578,148,2013-03-12,2013-03-19,2013-03-24,2295.0,1,2295.0
SO54254,3063,349,2013-03-12,2013-03-19,2013-03-24,1215.0,1,1215.0
SO54255,1399,145,2013-03-12,2013-03-19,2013-03-24,2320.0,1,2320.0
SO54255,1399,146,2013-03-12,2013-03-19,2013-03-24,2320.0,1,2320.0
SO54256,547,141,2013-03-12,2013-03-19,2013-03-24,2320.0,1,2320.0
SO54256,547,142,2013-03-12,2013-03-19,2013-03-24,2320.0,1,2320.0
SO54257,1716,324,2013-03-12,2013-03-19,2013-03-24,25.0,1,25.0
SO54258,2184,272,2013-03-12,2013-03-19,2013-03-24,120.0,1,120.0
SO54259,10173,326,2013-03-12,2013-03-19,2013-03-24,35.0,1,35.0
SO54260,16595,319,2013-03-12,2013-03-19,2013-03-24,5.0,1,5.0
SO54261,10374,317,2013-03-12,2013-03-19,2013-03-24,5.0,1,5.0
SO54262,5611,329,2013-03-12,2013-03-19,2013-03-24,33.0,1,33.0
SO54263,4020,12,2013-03-12,2013-03-19,2013-03-24,9.0,1,9.0
SO54263,4020,13,2013-03-12,2013-03-19,2013-03-24,9.0,1,9.0
SO54263,4020,14,2013-03-12,2013-03-19,2013-03-24,9.0,1,9.0
SO54264,6723,372,2013-03-12,2013-03-19,2013-03-24,1701.0,1,1701.0
SO54265,8472,162,2013-03-12,2013-03-19,2013-03-24,2443.0,1,2443.0
SO54265,8472,163,2013-03-12,2013-03-19,2013-03-24,2443.0,1,2443.0
SO54266,2556,151,2013-03-12,2013-03-19,2013-03-24,2295.0,1,2295.0
SO54266,2556,152,2013-03-12,2013-03-19,2013-03-24,2295.0,1,2295.0
SO54267,605,145,2013-03-12,2013-03-19,2013-03-24,2320.0,1,2320.0
SO54267,605,146,2013-03-12,2013-03-19,2013-03-24,2320.0,1,2320.0
SO54268,79,328,2013-03-12,2013-03-19,2013-03-24,25.0,1,25.0
SO54269,506,327,2013-03-12,2013-03-19,2013-03-24,21.0,1,21.0
SO54270,13299,329,2013-03-12,2013-03-19,2013-03-24,33.0,1,33.0
SO54271,15082,324,2013-03-12,2013-03-19,2013-03-24,25.0,1,25.0
SO54272,11737,325,2013-03-12,2013-03-19,2013-03-24,30.0,1,30.0
SO54273,7884,325,2013-03-12,2013-03-19,2013-03-24,30.0,1,30.0
SO54274,12337,325,2013-03-12,2013-03-19,2013-03-24,30.0,1,30.0
SO54275,10689,267,2013-03-12,2013-03-19,2013-03-24,10.0,1,10.0
SO54276,10243,263,2013-03-12,2013-03-19,2013-03-24,70.0,1,70.0
SO54277,511,267,2013-03-12,2013-03-19,2013-03-24,10.0,1,10.0
SO54278,8553,263,2013-03-12,2013-03-19,2013-03-24,70.0,1,70.0
SO54279,6450,266,2013-03-12,2013-03-19,2013-03-24,5.0,1,5.0
SO54280,16394,263,2013-03-12,2013-03-19,2013-03-24,70.0,1,70.0
SO54281,5861,266,2013-03-12,2013-03-19,2013-03-24,5.0,1,5.0
SO54282,5979,266,2013-03-12,2013-03-19,2013-03-24,5.0,1,5.0
SO54283,6381,266,2013-03-12,2013-03-19,2013-03-24,5.0,1,5.0
SO54284,4486,317,2013-03-12,2013-03-19,2013-03-24,5.0,1,5.0
SO54285,10703,317,2013-03-12,2013-03-19,2013-03-24,5.0,1,5.0
SO54286,9715,318,2013-03-12,2013-03-19,2013-03-24,4.0,1,4.0
SO54287,4707,326,2013-03-12,2013-03-19,2013-03-24,35.0,1,35.0
SO54288,3954,265,2013-03-12,2013-03-19,2013-03-24,70.0,1,70.0
SO54289,6103,324,2013-03-12,2013-03-19,2013-03-24,25.0,1,25.0
SO54290,8335,328,2013-03-12,2013-03-19,2013-03-24,25.0,1,25.0
SO54291,420,327,2013-03-12,2013-03-19,2013-03-24,21.0,1,21.0
SO54292,254,326,2013-03-12,2013-03-19,2013-03-24,35.0,1,35.0
SO54293,180,326,2013-03-12,2013-03-19,2013-03-24,35.0,1,35.0
SO54294,1422,326,2013-03-12,2013-03-19,2013-03-24,35.0,1,35.0
SO54295,2199,326,2013-03-12,2013-03-19,2013-03-24,35.0,1,35.0
SO54296,4245,326,2013-03-12,2013-03-19,2013-03-24,35.0,1,35.0
SO54297,9298,162,2013-03-12,2013-03-19,2013-03-24,2443.0,1,2443.0
SO54297,9298,163,2013-03-12,2013-03-19,2013-03-24,2443.0,1,2443.0
SO54298,1182,147,2013-03-12,2013-03-19,2013-03-24,2295.0,1,2295.0
SO54298,1182,148,2013-03-12,2013-03-19,2013-03-24,2295.0,1,2295.0
SO54299,1073,151,2013-03-12,2013-03-19,2013-03-24,2295.0,1,2295.0
SO54299,1073,152,2013-03-12,2013-03-19,2013-03-24,2295.0,1,2295.0
SO54300,1287,359,2013-03-12,2013-03-19,2013-03-24,742.0,1,742.0
SO54301,239,367,2013-03-12,2013-03-19,2013-03-24,1215.0,1,1215.0
SO54302,762,151,2013-03-12,2013-03-19,2013-03-24,2295.0,1,2295.0
SO54302,762,152,2013-03-12,2013-03-19,2013-03-24,2295.0,1,2295.0
SO54303,763,143,2013-03-12,2013-03-19,2013-03-24,2320.0,1,2320.0
SO54303,763,144,2013-03-12,2013-03-19,2013-03-24,2320.0,1,2320.0
SO54304,767,145,2013-03-12,2013-03-19,2013-03-24,2320.0,1,2320.0
SO54304,767,146,2013-03-12,2013-03-19,2013-03-24,2320.0,1,2320.0
SO54305,17843,375,2013-03-12,2013-03-19,2013-03-24,742.0,1,742.0
SO54306,911,143,2013-03-12,2013-03-19,2013-03-24,2320.0,1,2320.0
SO54306,911,144,2013-03-12,2013-03-19,2013-03-24,2320.0,1,2320.0
SO54307,112,151,2013-03-12,2013-03-19,2013-03-24,2295.0,1,2295.0
SO54307,112,152,2013-03-12,2013-03-19,2013-03-24,2295.0,1,2295.0
SO54308,10796,394,2013-03-12,2013-03-19,2013-03-24,540.0,1,540.0
SO54309,8540,176,2013-03-12,2013-03-19,2013-03-24,1120.0,1,1120.0
SO54309,8540,177,2013-03-12,2013-03-19,2013-03-24,1120.0,1,1120.0
SO54310,8549,172,2013-03-12,2013-03-19,2013-03-24,1120.0,1,1120.0
SO54310,8549,173,2013-03-12,2013-03-19,2013-03-24,1120.0,1,1120.0
SO54311,14749,373,2013-03-12,2013-03-19,2013-03-24,540.0,1,540.0
SO54312,8424,172,2013-03-12,2013-03-19,2013-03-24,1120.0,1,1120.0
SO54312,8424,173,2013-03-12,2013-03-19,2013-03-24,1120.0,1,1120.0
SO54313,18391,373,2013-03-12,2013-03-19,2013-03-24,540.0,1,540.0
SO54314,17110,361,2013-03-12,2013-03-19,2013-03-24,742.0,1,742.0
SO54315,17111,355,2013-03-12,2013-03-19,2013-03-24,742.0,1,742.0
SO54316,5517,172,2013-03-13,2013-03-20,2013-03-25,1120.0,1,1120.0
SO54316,5517,173,2013-03-13,2013-03-20,2013-03-25,1120.0,1,1120.0
SO54317,3064,367,2013-03-13,2013-03-20,2013-03-25,1215.0,1,1215.0
SO54318,429,143,2013-03-13,2013-03-20,2013-03-25,2320.0,1,2320.0
SO54318,429,144,2013-03-13,2013-03-20,2013-03-25,2320.0,1,2320.0
SO54319,520,273,2013-03-13,2013-03-20,2013-03-25,8.0,1,8.0
SO54320,2156,324,2013-03-13,2013-03-20,2013-03-25,25.0,1,25.0
SO54321,1680,324,2013-03-13,2013-03-20,2013-03-25,25.0,1,25.0
SO54322,9266,325,2013-03-13,2013-03-20,2013-03-25,30.0,1,30.0
SO54323,15766,263,2013-03-13,2013-03-20,2013-03-25,70.0,1,70.0
SO54324,17937,319,2013-03-13,2013-03-20,2013-03-25,5.0,1,5.0
SO54325,3061,18,2013-03-13,2013-03-20,2013-03-25,50.0,1,50.0
SO54325,3061,19,2013-03-13,2013-03-20,2013-03-25,50.0,1,50.0
SO54325,3061,20,2013-03-13,2013-03-20,2013-03-25,50.0,1,50.0
SO54326,13712,372,2013-03-13,2013-03-20,2013-03-25,1701.0,1,1701.0
SO54327,6100,372,2013-03-13,2013-03-20,2013-03-25,1701.0,1,1701.0
SO54328,13711,371,2013-03-13,2013-03-20,2013-03-25,1701.0,1,1701.0
SO54329,5739,268,2013-03-13,2013-03-20,2013-03-25,9.0,1,9.0
SO54330,830,278,2013-03-13,2013-03-20,2013-03-25,54.0,1,54.0
SO54331,332,4,2013-03-13,2013-03-20,2013-03-25,35.0,1,35.0
SO54331,332,5,2013-03-13,2013-03-20,2013-03-25,35.0,1,35.0
SO54331,332,6,2013-03-13,2013-03-20,2013-03-25,35.0,1,35.0
SO54332,20,318,2013-03-13,2013-03-20,2013-03-25,4.0,1,4.0
SO54333,17814,328,2013-03-13,2013-03-20,2013-03-25,25.0,1,25.0
SO54334,632,328,2013-03-13,2013-03-20,2013-03-25,25.0,1,25.0
SO54335,16038,319,2013-03-13,2013-03-20,2013-03-25,5.0,1,5.0
SO54336,14330,318,2013-03-13,2013-03-20,2013-03-25,4.0,1,4.0
SO54337,7827,263,2013-03-13,2013-03-20,2013-03-25,70.0,1,70.0
SO54338,8228,264,2013-03-13,2013-03-20,2013-03-25,70.0,1,70.0
SO54339,15707,317,2013-03-13,2013-03-20,2013-03-25,5.0,1,5.0
SO54340,3520,317,2013-03-13,2013-03-20,2013-03-25,5.0,1,5.0
SO54341,3925,317,2013-03-13,2013-03-20,2013-03-25,5.0,1,5.0
SO54342,8061,274,2013-03-13,2013-03-20,2013-03-25,22.0,1,22.0
SO54343,3718,326,2013-03-13,2013-03-20,2013-03-25,35.0,1,35.0
SO54344,8333,328,2013-03-13,2013-03-20,2013-03-25,25.0,1,25.0
SO54345,4684,326,2013-03-13,2013-03-20,2013-03-25,35.0,1,35.0
SO54346,6194,326,2013-03-13,2013-03-20,2013-03-25,35.0,1,35.0
SO54347,8521,328,2013-03-13,2013-03-20,2013-03-25,25.0,1,25.0
SO54348,9581,318,2013-03-13,2013-03-20,2013-03-25,4.0,1,4.0
SO54349,11833,12,2013-03-13,2013-03-20,2013-03-25,9.0,1,9.0
SO54349,11833,13,2013-03-13,2013-03-20,2013-03-25,9.0,1,9.0
SO54349,11833,14,2013-03-13,2013-03-20,2013-03-25,9.0,1,9.0
SO54350,3195,330,2013-03-13,2013-03-20,2013-03-25,29.0,1,29.0
SO54351,12601,318,2013-03-13,2013-03-20,2013-03-25,4.0,1,4.0
SO54352,16326,330,2013-03-13,2013-03-20,2013-03-25,29.0,1,29.0
SO54353,14672,327,2013-03-13,2013-03-20,2013-03-25,21.0,1,21.0
SO54354,512,326,2013-03-13,2013-03-20,2013-03-25,35.0,1,35.0
SO54355,195,326,2013-03-13,2013-03-20,2013-03-25,35.0,1,35.0
SO54356,2311,274,2013-03-13,2013-03-20,2013-03-25,22.0,1,22.0
SO54357,2314,274,2013-03-13,2013-03-20,2013-03-25,22.0,1,22.0
SO54358,1168,145,2013-03-13,2013-03-20,2013-03-25,2320.0,1,2320.0
SO54358,1168,146,2013-03-13,2013-03-20,2013-03-25,2320.0,1,2320.0
SO54359,1283,357,2013-03-13,2013-03-20,2013-03-25,742.0,1,742.0
SO54360,14486,366,2013-03-13,2013-03-20,2013-03-25,1215.0,1,1215.0
SO54361,5692,379,2013-03-13,2013-03-20,2013-03-25,769.0,1,769.0
SO54362,9821,394,2013-03-13,2013-03-20,2013-03-25,540.0,1,540.0
SO54363,9820,393,2013-03-13,2013-03-20,2013-03-25,540.0,1,540.0
SO54364,465,147,2013-03-13,2013-03-20,2013-03-25,2295.0,1,2295.0
SO54364,465,148,2013-03-13,2013-03-20,2013-03-25,2295.0,1,2295.0
SO54365,894,143,2013-03-13,2013-03-20,2013-03-25,2320.0,1,2320.0
SO54365,894,144,2013-03-13,2013-03-20,2013-03-25,2320.0,1,2320.0
SO54366,969,151,2013-03-13,2013-03-20,2013-03-25,2295.0,1,2295.0
SO54366,969,152,2013-03-13,2013-03-20,2013-03-25,2295.0,1,2295.0
SO54367,111,149,2013-03-13,2013-03-20,2013-03-25,2295.0,1,2295.0
SO54367,111,150,2013-03-13,2013-03-20,2013-03-25,2295.0,1,2295.0
SO54368,14200,366,2013-03-13,2013-03-20,2013-03-25,1215.0,1,1215.0
SO54369,14204,12,2013-03-13,2013-03-20,2013-03-25,9.0,1,9.0
SO54369,14204,13,2013-03-13,2013-03-20,2013-03-25,9.0,1,9.0
SO54369,14204,14,2013-03-13,2013-03-20,2013-03-25,9.0,1,9.0
SO54370,10910,393,2013-03-13,2013-03-20,2013-03-25,540.0,1,540.0
SO54371,8671,174,2013-03-13,2013-03-20,2013-03-25,1120.0,1,1120.0
SO54371,8671,175,2013-03-13,2013-03-20,2013-03-25,1120.0,1,1120.0
SO54372,15987,174,2013-03-13,2013-03-20,2013-03-25,1120.0,1,1120.0
SO54372,15987,175,2013-03-13,2013-03-20,2013-03-25,1120.0,1,1120.0
SO54373,10063,373,2013-03-13,2013-03-20,2013-03-25,540.0,1,540.0
SO54374,18390,373,2013-03-13,2013-03-20,2013-03-25,540.0,1,540.0
SO54375,16840,365,2013-03-13,2013-03-20,2013-03-25,2384.0,1,2384.0
SO54376,571,143,2013-03-14,2013-03-21,2013-03-26,2320.0,1,2320.0
SO54376,571,144,2013-03-14,2013-03-21,2013-03-26,2320.0,1,2320.0
SO54377,2542,145,2013-03-14,2013-03-21,2013-03-26,2320.0,1,2320.0
SO54377,2542,146,2013-03-14,2013-03-21,2013-03-26,2320.0,1,2320.0
SO54378,1316,141,2013-03-14,2013-03-21,2013-03-26,2320.0,1,2320.0
SO54378,1316,142,2013-03-14,2013-03-21,2013-03-26,2320.0,1,2320.0
SO54379,201,266,2013-03-14,2013-03-21,2013-03-26,5.0,1,5.0
SO54380,1102,15,2013-03-14,2013-03-21,2013-03-26,50.0,1,50.0
SO54380,1102,16,2013-03-14,2013-03-21,2013-03-26,50.0,1,50.0
SO54380,1102,17,2013-03-14,2013-03-21,2013-03-26,50.0,1,50.0
SO54381,2117,317,2013-03-14,2013-03-21,2013-03-26,5.0,1,5.0
SO54382,1345,317,2013-03-14,2013-03-21,2013-03-26,5.0,1,5.0
SO54383,7331,325,2013-03-14,2013-03-21,2013-03-26,30.0,1,30.0
SO54384,8765,266,2013-03-14,2013-03-21,2013-03-26,5.0,1,5.0
SO54385,2983,1,2013-03-14,2013-03-21,2013-03-26,35.0,1,35.0
SO54385,2983,2,2013-03-14,2013-03-21,2013-03-26,35.0,1,35.0
SO54385,2983,3,2013-03-14,2013-03-21,2013-03-26,35.0,1,35.0
SO54386,3927,384,2013-03-14,2013-03-21,2013-03-26,565.0,1,565.0
SO54387,2560,141,2013-03-14,2013-03-21,2013-03-26,2320.0,1,2320.0
SO54387,2560,142,2013-03-14,2013-03-21,2013-03-26,2320.0,1,2320.0
SO54388,301,328,2013-03-14,2013-03-21,2013-03-26,25.0,1,25.0
SO54389,633,328,2013-03-14,2013-03-21,2013-03-26,25.0,1,25.0
SO54390,15466,324,2013-03-14,2013-03-21,2013-03-26,25.0,1,25.0
SO54391,92,319,2013-03-14,2013-03-21,2013-03-26,5.0,1,5.0
SO54392,16110,330,2013-03-14,2013-03-21,2013-03-26,29.0,1,29.0
SO54393,13300,318,2013-03-14,2013-03-21,2013-03-26,4.0,1,4.0
SO54394,13620,329,2013-03-14,2013-03-21,2013-03-26,33.0,1,33.0
SO54395,1920,325,2013-03-14,2013-03-21,2013-03-26,30.0,1,30.0
SO54396,4867,318,2013-03-14,2013-03-21,2013-03-26,4.0,1,4.0
SO54397,7920,325,2013-03-14,2013-03-21,2013-03-26,30.0,1,30.0
SO54398,8002,325,2013-03-14,2013-03-21,2013-03-26,30.0,1,30.0
SO54399,8026,265,2013-03-14,2013-03-21,2013-03-26,70.0,1,70.0
SO54400,5768,266,2013-03-14,2013-03-21,2013-03-26,5.0,1,5.0
SO54401,7778,266,2013-03-14,2013-03-21,2013-03-26,5.0,1,5.0
SO54402,3986,317,2013-03-14,2013-03-21,2013-03-26,5.0,1,5.0
SO54403,5593,317,2013-03-14,2013-03-21,2013-03-26,5.0,1,5.0
SO54404,12770,266,2013-03-14,2013-03-21,2013-03-26,5.0,1,5.0
SO54405,12898,318,2013-03-14,2013-03-21,2013-03-26,4.0,1,4.0
SO54406,15410,318,2013-03-14,2013-03-21,2013-03-26,4.0,1,4.0
SO54407,11836,318,2013-03-14,2013-03-21,2013-03-26,4.0,1,4.0
SO54408,11563,327,2013-03-14,2013-03-21,2013-03-26,21.0,1,21.0
SO54409,18387,327,2013-03-14,2013-03-21,2013-03-26,21.0,1,21.0
SO54410,16858,319,2013-03-14,2013-03-21,2013-03-26,5.0,1,5.0
SO54411,11671,319,2013-03-14,2013-03-21,2013-03-26,5.0,1,5.0
SO54412,221,326,2013-03-14,2013-03-21,2013-03-26,35.0,1,35.0
SO54413,803,317,2013-03-14,2013-03-21,2013-03-26,5.0,1,5.0
SO54414,1183,326,2013-03-14,2013-03-21,2013-03-26,35.0,1,35.0
SO54415,1563,267,2013-03-14,2013-03-21,2013-03-26,10.0,1,10.0
SO54416,5891,369,2013-03-14,2013-03-21,2013-03-26,1701.0,1,1701.0
SO54417,1155,143,2013-03-14,2013-03-21,2013-03-26,2320.0,1,2320.0
SO54417,1155,144,2013-03-14,2013-03-21,2013-03-26,2320.0,1,2320.0
SO54418,3698,356,2013-03-14,2013-03-21,2013-03-26,742.0,1,742.0
SO54419,6652,359,2013-03-14,2013-03-21,2013-03-26,742.0,1,742.0
SO54420,15761,373,2013-03-14,2013-03-21,2013-03-26,540.0,1,540.0
SO54421,9815,373,2013-03-14,2013-03-21,2013-03-26,540.0,1,540.0
SO54422,5743,168,2013-03-14,2013-03-21,2013-03-26,2443.0,1,2443.0
SO54422,5743,169,2013-03-14,2013-03-21,2013-03-26,2443.0,1,2443.0
SO54423,904,149,2013-03-14,2013-03-21,2013-03-26,2295.0,1,2295.0
SO54423,904,150,2013-03-14,2013-03-21,2013-03-26,2295.0,1,2295.0
SO54424,13736,353,2013-03-14,2013-03-21,2013-03-26,2384.0,1,2384.0
SO54425,13346,351,2013-03-14,2013-03-21,2013-03-26,2384.0,1,2384.0
SO54426,8683,176,2013-03-14,2013-03-21,2013-03-26,1120.0,1,1120.0
SO54426,8683,177,2013-03-14,2013-03-21,2013-03-26,1120.0,1,1120.0
SO54427,1292,176,2013-03-14,2013-03-21,2013-03-26,1120.0,1,1120.0
SO54427,1292,177,2013-03-14,2013-03-21,2013-03-26,1120.0,1,1120.0
SO54428,10073,394,2013-03-14,2013-03-21,2013-03-26,540.0,1,540.0
SO54429,14748,394,2013-03-14,2013-03-21,2013-03-26,540.0,1,540.0
SO54430,12419,176,2013-03-15,2013-03-22,2013-03-27,1120.0,1,1120.0
SO54430,12419,177,2013-03-15,2013-03-22,2013-03-27,1120.0,1,1120.0
SO54431,1621,151,2013-03-15,2013-03-22,2013-03-27,2295.0,1,2295.0
SO54431,1621,152,2013-03-15,2013-03-22,2013-03-27,2295.0,1,2295.0
SO54432,2641,324,2013-03-15,2013-03-22,2013-03-27,25.0,1,25.0
SO54433,117,324,2013-03-15,2013-03-22,2013-03-27,25.0,1,25.0
SO54434,12440,266,2013-03-15,2013-03-22,2013-03-27,5.0,1,5.0
SO54435,15772,264,2013-03-15,2013-03-22,2013-03-27,70.0,1,70.0
SO54436,80,267,2013-03-15,2013-03-22,2013-03-27,10.0,1,10.0
SO54437,9851,369,2013-03-15,2013-03-22,2013-03-27,1701.0,1,1701.0
SO54438,6096,369,2013-03-15,2013-03-22,2013-03-27,1701.0,1,1701.0
SO54439,294,269,2013-03-15,2013-03-22,2013-03-27,2.0,1,2.0
SO54440,520,318,2013-03-15,2013-03-22,2013-03-27,4.0,1,4.0
SO54441,641,327,2013-03-15,2013-03-22,2013-03-27,21.0,1,21.0
SO54442,15471,324,2013-03-15,2013-03-22,2013-03-27,25.0,1,25.0
SO54443,278,319,2013-03-15,2013-03-22,2013-03-27,5.0,1,5.0
SO54444,186,329,2013-03-15,2013-03-22,2013-03-27,33.0,1,33.0
SO54445,10322,267,2013-03-15,2013-03-22,2013-03-27,10.0,1,10.0
SO54446,5773,267,2013-03-15,2013-03-22,2013-03-27,10.0,1,10.0
SO54447,3372,267,2013-03-15,2013-03-22,2013-03-27,10.0,1,10.0
SO54448,6367,266,2013-03-15,2013-03-22,2013-03-27,5.0,1,5.0
SO54449,4510,317,2013-03-15,2013-03-22,2013-03-27,5.0,1,5.0
SO54450,17461,263,2013-03-15,2013-03-22,2013-03-27,70.0,1,70.0
SO54451,2946,274,2013-03-15,2013-03-22,2013-03-27,22.0,1,22.0
SO54452,3533,274,2013-03-15,2013-03-22,2013-03-27,22.0,1,22.0
SO54453,568,277,2013-03-15,2013-03-22,2013-03-27,54.0,1,54.0
SO54454,10847,266,2013-03-15,2013-03-22,2013-03-27,5.0,1,5.0
SO54455,9560,328,2013-03-15,2013-03-22,2013-03-27,25.0,1,25.0
SO54456,3864,325,2013-03-15,2013-03-22,2013-03-27,30.0,1,30.0
SO54457,11827,317,2013-03-15,2013-03-22,2013-03-27,5.0,1,5.0
SO54458,14513,318,2013-03-15,2013-03-22,2013-03-27,4.0,1,4.0
SO54459,13873,327,2013-03-15,2013-03-22,2013-03-27,21.0,1,21.0
SO54460,13114,319,2013-03-15,2013-03-22,2013-03-27,5.0,1,5.0
SO54461,16156,330,2013-03-15,2013-03-22,2013-03-27,29.0,1,29.0
SO54462,6443,274,2013-03-15,2013-03-22,2013-03-27,22.0,1,22.0
SO54463,3003,274,2013-03-15,2013-03-22,2013-03-27,22.0,1,22.0
SO54464,1421,317,2013-03-15,2013-03-22,2013-03-27,5.0,1,5.0
SO54465,1926,274,2013-03-15,2013-03-22,2013-03-27,22.0,1,22.0
SO54466,1393,18,2013-03-15,2013-03-22,2013-03-27,50.0,1,50.0
SO54466,1393,19,2013-03-15,2013-03-22,2013-03-27,50.0,1,50.0
SO54466,1393,20,2013-03-15,2013-03-22,2013-03-27,50.0,1,50.0
SO54467,575,4,2013-03-15,2013-03-22,2013-03-27,35.0,1,35.0
SO54467,575,5,2013-03-15,2013-03-22,2013-03-27,35.0,1,35.0
SO54467,575,6,2013-03-15,2013-03-22,2013-03-27,35.0,1,35.0
SO54468,536,151,2013-03-15,2013-03-22,2013-03-27,2295.0,1,2295.0
SO54468,536,152,2013-03-15,2013-03-22,2013-03-27,2295.0,1,2295.0
SO54469,1077,149,2013-03-15,2013-03-22,2013-03-27,2295.0,1,2295.0
SO54469,1077,150,2013-03-15,2013-03-22,2013-03-27,2295.0,1,2295.0
SO54470,9818,393,2013-03-15,2013-03-22,2013-03-27,540.0,1,540.0
SO54471,9819,393,2013-03-15,2013-03-22,2013-03-27,540.0,1,540.0
SO54472,17924,363,2013-03-15,2013-03-22,2013-03-27,2384.0,1,2384.0
SO54473,17950,353,2013-03-15,2013-03-22,2013-03-27,2384.0,1,2384.0
SO54474,8718,178,2013-03-15,2013-03-22,2013-03-27,1120.0,1,1120.0
SO54474,8718,179,2013-03-15,2013-03-22,2013-03-27,1120.0,1,1120.0
SO54475,8483,170,2013-03-15,2013-03-22,2013-03-27,1120.0,1,1120.0
SO54475,8483,171,2013-03-15,2013-03-22,2013-03-27,1120.0,1,1120.0
SO54476,11470,393,2013-03-15,2013-03-22,2013-03-27,540.0,1,540.0
SO54477,551,149,2013-03-16,2013-03-23,2013-03-28,2295.0,1,2295.0
SO54477,551,150,2013-03-16,2013-03-23,2013-03-28,2295.0,1,2295.0
SO54478,440,147,2013-03-16,2013-03-23,2013-03-28,2295.0,1,2295.0
SO54478,440,148,2013-03-16,2013-03-23,2013-03-28,2295.0,1,2295.0
SO54479,17612,12,2013-03-16,2013-03-23,2013-03-28,9.0,1,9.0
SO54479,17612,13,2013-03-16,2013-03-23,2013-03-28,9.0,1,9.0
SO54479,17612,14,2013-03-16,2013-03-23,2013-03-28,9.0,1,9.0
SO54480,60,324,2013-03-16,2013-03-23,2013-03-28,25.0,1,25.0
SO54481,7258,274,2013-03-16,2013-03-23,2013-03-28,22.0,1,22.0
SO54482,18333,318,2013-03-16,2013-03-23,2013-03-28,4.0,1,4.0
SO54483,8572,319,2013-03-16,2013-03-23,2013-03-28,5.0,1,5.0
SO54484,5490,266,2013-03-16,2013-03-23,2013-03-28,5.0,1,5.0
SO54485,17236,12,2013-03-16,2013-03-23,2013-03-28,9.0,1,9.0
SO54485,17236,13,2013-03-16,2013-03-23,2013-03-28,9.0,1,9.0
SO54485,17236,14,2013-03-16,2013-03-23,2013-03-28,9.0,1,9.0
SO54486,15264,330,2013-03-16,2013-03-23,2013-03-28,29.0,1,29.0
SO54487,12579,325,2013-03-16,2013-03-23,2013-03-28,30.0,1,30.0
SO54488,4341,267,2013-03-16,2013-03-23,2013-03-28,10.0,1,10.0
SO54489,7894,264,2013-03-16,2013-03-23,2013-03-28,70.0,1,70.0
SO54490,9280,263,2013-03-16,2013-03-23,2013-03-28,70.0,1,70.0
SO54491,1166,266,2013-03-16,2013-03-23,2013-03-28,5.0,1,5.0
SO54492,5886,266,2013-03-16,2013-03-23,2013-03-28,5.0,1,5.0
SO54493,4881,317,2013-03-16,2013-03-23,2013-03-28,5.0,1,5.0
SO54494,11279,317,2013-03-16,2013-03-23,2013-03-28,5.0,1,5.0
SO54495,3750,317,2013-03-16,2013-03-23,2013-03-28,5.0,1,5.0
SO54496,5400,324,2013-03-16,2013-03-23,2013-03-28,25.0,1,25.0
SO54497,9281,274,2013-03-16,2013-03-23,2013-03-28,22.0,1,22.0
SO54498,4825,274,2013-03-16,2013-03-23,2013-03-28,22.0,1,22.0
SO54499,4286,317,2013-03-16,2013-03-23,2013-03-28,5.0,1,5.0
SO54500,1472,317,2013-03-16,2013-03-23,2013-03-28,5.0,1,5.0
SO54501,2777,318,2013-03-16,2013-03-23,2013-03-28,4.0,1,4.0
SO54502,5302,328,2013-03-16,2013-03-23,2013-03-28,25.0,1,25.0
SO54503,582,318,2013-03-16,2013-03-23,2013-03-28,4.0,1,4.0
SO54504,9149,318,2013-03-16,2013-03-23,2013-03-28,4.0,1,4.0
SO54505,3822,325,2013-03-16,2013-03-23,2013-03-28,30.0,1,30.0
SO54506,14527,318,2013-03-16,2013-03-23,2013-03-28,4.0,1,4.0
SO54507,16815,327,2013-03-16,2013-03-23,2013-03-28,21.0,1,21.0
SO54508,13,326,2013-03-16,2013-03-23,2013-03-28,35.0,1,35.0
SO54509,732,326,2013-03-16,2013-03-23,2013-03-28,35.0,1,35.0
SO54510,3354,326,2013-03-16,2013-03-23,2013-03-28,35.0,1,35.0
SO54511,348,268,2013-03-16,2013-03-23,2013-03-28,9.0,1,9.0
SO54512,5897,370,2013-03-16,2013-03-23,2013-03-28,1701.0,1,1701.0
SO54513,3084,370,2013-03-16,2013-03-23,2013-03-28,1701.0,1,1701.0
SO54514,3104,377,2013-03-16,2013-03-23,2013-03-28,769.0,1,769.0
SO54515,9425,393,2013-03-16,2013-03-23,2013-03-28,540.0,1,540.0
SO54516,9817,394,2013-03-16,2013-03-23,2013-03-28,540.0,1,540.0
SO54517,17829,12,2013-03-16,2013-03-23,2013-03-28,9.0,1,9.0
SO54517,17829,13,2013-03-16,2013-03-23,2013-03-28,9.0,1,9.0
SO54517,17829,14,2013-03-16,2013-03-23,2013-03-28,9.0,1,9.0
SO54518,15330,374,2013-03-16,2013-03-23,2013-03-28,742.0,1,742.0
SO54519,98,149,2013-03-16,2013-03-23,2013-03-28,2295.0,1,2295.0
SO54519,98,150,2013-03-16,2013-03-23,2013-03-28,2295.0,1,2295.0
SO54520,14367,367,2013-03-16,2013-03-23,2013-03-28,1215.0,1,1215.0
SO54521,10655,393,2013-03-16,2013-03-23,2013-03-28,540.0,1,540.0
SO54522,18401,395,2013-03-16,2013-03-23,2013-03-28,540.0,1,540.0
SO54523,16144,178,2013-03-16,2013-03-23,2013-03-28,1120.0,1,1120.0
SO54523,16144,179,2013-03-16,2013-03-23,2013-03-28,1120.0,1,1120.0
SO54524,1631,353,2013-03-16,2013-03-23,2013-03-28,2384.0,1,2384.0
SO54525,13106,362,2013-03-16,2013-03-23,2013-03-28,2384.0,1,2384.0
SO54526,51,376,2013-03-16,2013-03-23,2013-03-28,769.0,1,769.0
SO54527,12415,178,2013-03-17,2013-03-24,2013-03-29,1120.0,1,1120.0
SO54527,12415,179,2013-03-17,2013-03-24,2013-03-29,1120.0,1,1120.0
SO54528,1134,141,2013-03-17,2013-03-24,2013-03-29,2320.0,1,2320.0
SO54528,1134,142,2013-03-17,2013-03-24,2013-03-29,2320.0,1,2320.0
SO54529,3100,324,2013-03-17,2013-03-24,2013-03-29,25.0,1,25.0
SO54530,2182,12,2013-03-17,2013-03-24,2013-03-29,9.0,1,9.0
SO54530,2182,13,2013-03-17,2013-03-24,2013-03-29,9.0,1,9.0
SO54530,2182,14,2013-03-17,2013-03-24,2013-03-29,9.0,1,9.0
SO54531,15774,265,2013-03-17,2013-03-24,2013-03-29,70.0,1,70.0
SO54532,2642,318,2013-03-17,2013-03-24,2013-03-29,4.0,1,4.0
SO54533,3060,18,2013-03-17,2013-03-24,2013-03-29,50.0,1,50.0
SO54533,3060,19,2013-03-17,2013-03-24,2013-03-29,50.0,1,50.0
SO54533,3060,20,2013-03-17,2013-03-24,2013-03-29,50.0,1,50.0
SO54534,2628,318,2013-03-17,2013-03-24,2013-03-29,4.0,1,4.0
SO54535,12777,162,2013-03-17,2013-03-24,2013-03-29,2443.0,1,2443.0
SO54535,12777,163,2013-03-17,2013-03-24,2013-03-29,2443.0,1,2443.0
SO54536,17905,377,2013-03-17,2013-03-24,2013-03-29,769.0,1,769.0
SO54537,181,318,2013-03-17,2013-03-24,2013-03-29,4.0,1,4.0
SO54538,16632,319,2013-03-17,2013-03-24,2013-03-29,5.0,1,5.0
SO54539,16741,327,2013-03-17,2013-03-24,2013-03-29,21.0,1,21.0
SO54540,16026,327,2013-03-17,2013-03-24,2013-03-29,21.0,1,21.0
SO54541,15176,330,2013-03-17,2013-03-24,2013-03-29,29.0,1,29.0
SO54542,17683,318,2013-03-17,2013-03-24,2013-03-29,4.0,1,4.0
SO54543,14153,329,2013-03-17,2013-03-24,2013-03-29,33.0,1,33.0
SO54544,13451,329,2013-03-17,2013-03-24,2013-03-29,33.0,1,33.0
SO54545,13315,251,2013-03-17,2013-03-24,2013-03-29,24.0,1,24.0
SO54545,13315,252,2013-03-17,2013-03-24,2013-03-29,24.0,1,24.0
SO54546,12133,325,2013-03-17,2013-03-24,2013-03-29,30.0,1,30.0
SO54547,12895,317,2013-03-17,2013-03-24,2013-03-29,5.0,1,5.0
SO54548,741,317,2013-03-17,2013-03-24,2013-03-29,5.0,1,5.0
SO54549,7555,325,2013-03-17,2013-03-24,2013-03-29,30.0,1,30.0
SO54550,186,325,2013-03-17,2013-03-24,2013-03-29,30.0,1,30.0
SO54551,12252,267,2013-03-17,2013-03-24,2013-03-29,10.0,1,10.0
SO54552,2186,267,2013-03-17,2013-03-24,2013-03-29,10.0,1,10.0
SO54553,10699,267,2013-03-17,2013-03-24,2013-03-29,10.0,1,10.0
SO54554,8853,265,2013-03-17,2013-03-24,2013-03-29,70.0,1,70.0
SO54555,7524,265,2013-03-17,2013-03-24,2013-03-29,70.0,1,70.0
SO54556,7553,266,2013-03-17,2013-03-24,2013-03-29,5.0,1,5.0
SO54557,7375,266,2013-03-17,2013-03-24,2013-03-29,5.0,1,5.0
SO54558,6432,266,2013-03-17,2013-03-24,2013-03-29,5.0,1,5.0
SO54559,6489,266,2013-03-17,2013-03-24,2013-03-29,5.0,1,5.0
SO54560,5045,317,2013-03-17,2013-03-24,2013-03-29,5.0,1,5.0
SO54561,5296,318,2013-03-17,2013-03-24,2013-03-29,4.0,1,4.0
SO54562,2765,317,2013-03-17,2013-03-24,2013-03-29,5.0,1,5.0
SO54563,3812,328,2013-03-17,2013-03-24,2013-03-29,25.0,1,25.0
SO54564,16002,327,2013-03-17,2013-03-24,2013-03-29,21.0,1,21.0
SO54565,3536,330,2013-03-17,2013-03-24,2013-03-29,29.0,1,29.0
SO54566,16837,319,2013-03-17,2013-03-24,2013-03-29,5.0,1,5.0
SO54567,16927,319,2013-03-17,2013-03-24,2013-03-29,5.0,1,5.0
SO54568,17424,319,2013-03-17,2013-03-24,2013-03-29,5.0,1,5.0
SO54569,15842,319,2013-03-17,2013-03-24,2013-03-29,5.0,1,5.0
SO54570,1569,330,2013-03-17,2013-03-24,2013-03-29,29.0,1,29.0
SO54571,4861,387,2013-03-17,2013-03-24,2013-03-29,540.0,1,540.0
SO54572,2939,377,2013-03-17,2013-03-24,2013-03-29,769.0,1,769.0
SO54573,1190,147,2013-03-17,2013-03-24,2013-03-29,2295.0,1,2295.0
SO54573,1190,148,2013-03-17,2013-03-24,2013-03-29,2295.0,1,2295.0
SO54574,1711,145,2013-03-17,2013-03-24,2013-03-29,2320.0,1,2320.0
SO54574,1711,146,2013-03-17,2013-03-24,2013-03-29,2320.0,1,2320.0
SO54575,7740,371,2013-03-17,2013-03-24,2013-03-29,1701.0,1,1701.0
SO54576,15775,394,2013-03-17,2013-03-24,2013-03-29,540.0,1,540.0
SO54577,7738,168,2013-03-17,2013-03-24,2013-03-29,2443.0,1,2443.0
SO54577,7738,169,2013-03-17,2013-03-24,2013-03-29,2443.0,1,2443.0
SO54578,7748,160,2013-03-17,2013-03-24,2013-03-29,2443.0,1,2443.0
SO54578,7748,161,2013-03-17,2013-03-24,2013-03-29,2443.0,1,2443.0
SO54579,7711,164,2013-03-17,2013-03-24,2013-03-29,2443.0,1,2443.0
SO54579,7711,165,2013-03-17,2013-03-24,2013-03-29,2443.0,1,2443.0
SO54580,17842,357,2013-03-17,2013-03-24,2013-03-29,742.0,1,742.0
SO54581,5755,358,2013-03-17,2013-03-24,2013-03-29,742.0,1,742.0
SO54582,907,145,2013-03-17,2013-03-24,2013-03-29,2320.0,1,2320.0
SO54582,907,146,2013-03-17,2013-03-24,2013-03-29,2320.0,1,2320.0
SO54583,13735,363,2013-03-17,2013-03-24,2013-03-29,2384.0,1,2384.0
SO54584,10904,395,2013-03-17,2013-03-24,2013-03-29,540.0,1,540.0
SO54585,7496,162,2013-03-18,2013-03-25,2013-03-30,2443.0,1,2443.0
SO54585,7496,163,2013-03-18,2013-03-25,2013-03-30,2443.0,1,2443.0
SO54586,7497,160,2013-03-18,2013-03-25,2013-03-30,2443.0,1,2443.0
SO54586,7497,161,2013-03-18,2013-03-25,2013-03-30,2443.0,1,2443.0
SO54587,5516,176,2013-03-18,2013-03-25,2013-03-30,1120.0,1,1120.0
SO54587,5516,177,2013-03-18,2013-03-25,2013-03-30,1120.0,1,1120.0
SO54588,13890,174,2013-03-18,2013-03-25,2013-03-30,1120.0,1,1120.0
SO54588,13890,175,2013-03-18,2013-03-25,2013-03-30,1120.0,1,1120.0
SO54589,576,147,2013-03-18,2013-03-25,2013-03-30,2295.0,1,2295.0
SO54589,576,148,2013-03-18,2013-03-25,2013-03-30,2295.0,1,2295.0
SO54590,565,141,2013-03-18,2013-03-25,2013-03-30,2320.0,1,2320.0
SO54590,565,142,2013-03-18,2013-03-25,2013-03-30,2320.0,1,2320.0
SO54591,11007,317,2013-03-18,2013-03-25,2013-03-30,5.0,1,5.0
SO54592,10407,317,2013-03-18,2013-03-25,2013-03-30,5.0,1,5.0
SO54593,72,267,2013-03-18,2013-03-25,2013-03-30,10.0,1,10.0
SO54594,115,273,2013-03-18,2013-03-25,2013-03-30,8.0,1,8.0
SO54595,15785,318,2013-03-18,2013-03-25,2013-03-30,4.0,1,4.0
SO54596,1037,269,2013-03-18,2013-03-25,2013-03-30,2.0,1,2.0
SO54597,3313,275,2013-03-18,2013-03-25,2013-03-30,159.0,1,159.0
SO54598,10104,370,2013-03-18,2013-03-25,2013-03-30,1701.0,1,1701.0
SO54599,6636,369,2013-03-18,2013-03-25,2013-03-30,1701.0,1,1701.0
SO54600,3957,386,2013-03-18,2013-03-25,2013-03-30,540.0,1,540.0
SO54601,16938,168,2013-03-18,2013-03-25,2013-03-30,2443.0,1,2443.0
SO54601,16938,169,2013-03-18,2013-03-25,2013-03-30,2443.0,1,2443.0
SO54602,1324,166,2013-03-18,2013-03-25,2013-03-30,2443.0,1,2443.0
SO54602,1324,167,2013-03-18,2013-03-25,2013-03-30,2443.0,1,2443.0
SO54603,604,145,2013-03-18,2013-03-25,2013-03-30,2320.0,1,2320.0
SO54603,604,146,2013-03-18,2013-03-25,2013-03-30,2320.0,1,2320.0
SO54604,2561,143,2013-03-18,2013-03-25,2013-03-30,2320.0,1,2320.0
SO54604,2561,144,2013-03-18,2013-03-25,2013-03-30,2320.0,1,2320.0
SO54605,200,318,2013-03-18,2013-03-25,2013-03-30,4.0,1,4.0
SO54606,17144,12,2013-03-18,2013-03-25,2013-03-30,9.0,1,9.0
SO54606,17144,13,2013-03-18,2013-03-25,2013-03-30,9.0,1,9.0
SO54606,17144,14,2013-03-18,2013-03-25,2013-03-30,9.0,1,9.0
SO54607,1065,18,2013-03-18,2013-03-25,2013-03-30,50.0,1,50.0
SO54607,1065,19,2013-03-18,2013-03-25,2013-03-30,50.0,1,50.0
SO54607,1065,20,2013-03-18,2013-03-25,2013-03-30,50.0,1,50.0
SO54608,17982,328,2013-03-18,2013-03-25,2013-03-30,25.0,1,25.0
SO54609,8224,327,2013-03-18,2013-03-25,2013-03-30,21.0,1,21.0
SO54610,503,318,2013-03-18,2013-03-25,2013-03-30,4.0,1,4.0
SO54611,8837,325,2013-03-18,2013-03-25,2013-03-30,30.0,1,30.0
SO54612,825,317,2013-03-18,2013-03-25,2013-03-30,5.0,1,5.0
SO54613,11010,267,2013-03-18,2013-03-25,2013-03-30,10.0,1,10.0
SO54614,8016,317,2013-03-18,2013-03-25,2013-03-30,5.0,1,5.0
SO54615,11227,317,2013-03-18,2013-03-25,2013-03-30,5.0,1,5.0
SO54616,12052,325,2013-03-18,2013-03-25,2013-03-30,30.0,1,30.0
SO54617,3503,266,2013-03-18,2013-03-25,2013-03-30,5.0,1,5.0
SO54618,3726,267,2013-03-18,2013-03-25,2013-03-30,10.0,1,10.0
SO54619,9309,263,2013-03-18,2013-03-25,2013-03-30,70.0,1,70.0
SO54620,9122,263,2013-03-18,2013-03-25,2013-03-30,70.0,1,70.0
SO54621,7522,264,2013-03-18,2013-03-25,2013-03-30,70.0,1,70.0
SO54622,7602,264,2013-03-18,2013-03-25,2013-03-30,70.0,1,70.0
SO54623,12799,266,2013-03-18,2013-03-25,2013-03-30,5.0,1,5.0
SO54624,5966,266,2013-03-18,2013-03-25,2013-03-30,5.0,1,5.0
SO54625,4407,317,2013-03-18,2013-03-25,2013-03-30,5.0,1,5.0
SO54626,16301,317,2013-03-18,2013-03-25,2013-03-30,5.0,1,5.0
SO54627,7920,274,2013-03-18,2013-03-25,2013-03-30,22.0,1,22.0
SO54628,5060,317,2013-03-18,2013-03-25,2013-03-30,5.0,1,5.0
SO54629,9087,274,2013-03-18,2013-03-25,2013-03-30,22.0,1,22.0
SO54630,6632,318,2013-03-18,2013-03-25,2013-03-30,4.0,1,4.0
SO54631,1491,266,2013-03-18,2013-03-25,2013-03-30,5.0,1,5.0
SO54632,15897,318,2013-03-18,2013-03-25,2013-03-30,4.0,1,4.0
SO54633,3547,330,2013-03-18,2013-03-25,2013-03-30,29.0,1,29.0
SO54634,5191,319,2013-03-18,2013-03-25,2013-03-30,5.0,1,5.0
SO54635,1829,319,2013-03-18,2013-03-25,2013-03-30,5.0,1,5.0
SO54636,846,317,2013-03-18,2013-03-25,2013-03-30,5.0,1,5.0
SO54637,1532,274,2013-03-18,2013-03-25,2013-03-30,22.0,1,22.0
SO54638,2071,274,2013-03-18,2013-03-25,2013-03-30,22.0,1,22.0
SO54639,9665,372,2013-03-18,2013-03-25,2013-03-30,1701.0,1,1701.0
SO54640,1766,369,2013-03-18,2013-03-25,2013-03-30,1701.0,1,1701.0
SO54641,2067,385,2013-03-18,2013-03-25,2013-03-30,540.0,1,540.0
SO54642,8022,383,2013-03-18,2013-03-25,2013-03-30,565.0,1,565.0
SO54643,2891,377,2013-03-18,2013-03-25,2013-03-30,769.0,1,769.0
SO54644,1170,147,2013-03-18,2013-03-25,2013-03-30,2295.0,1,2295.0
SO54644,1170,148,2013-03-18,2013-03-25,2013-03-30,2295.0,1,2295.0
SO54645,1173,151,2013-03-18,2013-03-25,2013-03-30,2295.0,1,2295.0
SO54645,1173,152,2013-03-18,2013-03-25,2013-03-30,2295.0,1,2295.0
SO54646,1185,151,2013-03-18,2013-03-25,2013-03-30,2295.0,1,2295.0
SO54646,1185,152,2013-03-18,2013-03-25,2013-03-30,2295.0,1,2295.0
SO54647,1113,151,2013-03-18,2013-03-25,2013-03-30,2295.0,1,2295.0
SO54647,1113,152,2013-03-18,2013-03-25,2013-03-30,2295.0,1,2295.0
SO54648,889,143,2013-03-18,2013-03-25,2013-03-30,2320.0,1,2320.0
SO54648,889,144,2013-03-18,2013-03-25,2013-03-30,2320.0,1,2320.0
SO54649,7694,166,2013-03-18,2013-03-25,2013-03-30,2443.0,1,2443.0
SO54649,7694,167,2013-03-18,2013-03-25,2013-03-30,2443.0,1,2443.0
SO54650,17936,363,2013-03-18,2013-03-25,2013-03-30,2384.0,1,2384.0
SO54651,14205,366,2013-03-18,2013-03-25,2013-03-30,1215.0,1,1215.0
SO54652,11043,393,2013-03-18,2013-03-25,2013-03-30,540.0,1,540.0
SO54653,8550,176,2013-03-18,2013-03-25,2013-03-30,1120.0,1,1120.0
SO54653,8550,177,2013-03-18,2013-03-25,2013-03-30,1120.0,1,1120.0
SO54654,3736,178,2013-03-18,2013-03-25,2013-03-30,1120.0,1,1120.0
SO54654,3736,179,2013-03-18,2013-03-25,2013-03-30,1120.0,1,1120.0
SO54655,2149,176,2013-03-18,2013-03-25,2013-03-30,1120.0,1,1120.0
SO54655,2149,177,2013-03-18,2013-03-25,2013-03-30,1120.0,1,1120.0
SO54656,4115,353,2013-03-18,2013-03-25,2013-03-30,2384.0,1,2384.0
SO54657,7488,164,2013-03-19,2013-03-26,2013-03-31,2443.0,1,2443.0
SO54657,7488,165,2013-03-19,2013-03-26,2013-03-31,2443.0,1,2443.0
SO54658,7494,160,2013-03-19,2013-03-26,2013-03-31,2443.0,1,2443.0
SO54658,7494,161,2013-03-19,2013-03-26,2013-03-31,2443.0,1,2443.0
SO54659,1806,141,2013-03-19,2013-03-26,2013-03-31,2320.0,1,2320.0
SO54659,1806,142,2013-03-19,2013-03-26,2013-03-31,2320.0,1,2320.0
SO54660,1317,141,2013-03-19,2013-03-26,2013-03-31,2320.0,1,2320.0
SO54660,1317,142,2013-03-19,2013-03-26,2013-03-31,2320.0,1,2320.0
SO54661,177,268,2013-03-19,2013-03-26,2013-03-31,9.0,1,9.0
SO54662,301,273,2013-03-19,2013-03-26,2013-03-31,8.0,1,8.0
SO54663,17591,251,2013-03-19,2013-03-26,2013-03-31,24.0,1,24.0
SO54663,17591,252,2013-03-19,2013-03-26,2013-03-31,24.0,1,24.0
SO54664,2047,317,2013-03-19,2013-03-26,2013-03-31,5.0,1,5.0
SO54665,5489,274,2013-03-19,2013-03-26,2013-03-31,22.0,1,22.0
SO54666,7705,274,2013-03-19,2013-03-26,2013-03-31,22.0,1,22.0
SO54667,6079,12,2013-03-19,2013-03-26,2013-03-31,9.0,1,9.0
SO54667,6079,13,2013-03-19,2013-03-26,2013-03-31,9.0,1,9.0
SO54667,6079,14,2013-03-19,2013-03-26,2013-03-31,9.0,1,9.0
SO54668,4140,4,2013-03-19,2013-03-26,2013-03-31,35.0,1,35.0
SO54668,4140,5,2013-03-19,2013-03-26,2013-03-31,35.0,1,35.0
SO54668,4140,6,2013-03-19,2013-03-26,2013-03-31,35.0,1,35.0
SO54669,7288,329,2013-03-19,2013-03-26,2013-03-31,33.0,1,33.0
SO54670,3953,387,2013-03-19,2013-03-26,2013-03-31,540.0,1,540.0
SO54671,5409,164,2013-03-19,2013-03-26,2013-03-31,2443.0,1,2443.0
SO54671,5409,165,2013-03-19,2013-03-26,2013-03-31,2443.0,1,2443.0
SO54672,9053,164,2013-03-19,2013-03-26,2013-03-31,2443.0,1,2443.0
SO54672,9053,165,2013-03-19,2013-03-26,2013-03-31,2443.0,1,2443.0
SO54673,610,149,2013-03-19,2013-03-26,2013-03-31,2295.0,1,2295.0
SO54673,610,150,2013-03-19,2013-03-26,2013-03-31,2295.0,1,2295.0
SO54674,212,278,2013-03-19,2013-03-26,2013-03-31,54.0,1,54.0
SO54675,521,21,2013-03-19,2013-03-26,2013-03-31,50.0,1,50.0
SO54675,521,22,2013-03-19,2013-03-26,2013-03-31,50.0,1,50.0
SO54675,521,23,2013-03-19,2013-03-26,2013-03-31,50.0,1,50.0
SO54676,18003,319,2013-03-19,2013-03-26,2013-03-31,5.0,1,5.0
SO54677,15054,324,2013-03-19,2013-03-26,2013-03-31,25.0,1,25.0
SO54678,1929,330,2013-03-19,2013-03-26,2013-03-31,29.0,1,29.0
SO54679,14254,324,2013-03-19,2013-03-26,2013-03-31,25.0,1,25.0
SO54680,12796,318,2013-03-19,2013-03-26,2013-03-31,4.0,1,4.0
SO54681,12723,325,2013-03-19,2013-03-26,2013-03-31,30.0,1,30.0
SO54682,7392,12,2013-03-19,2013-03-26,2013-03-31,9.0,1,9.0
SO54682,7392,13,2013-03-19,2013-03-26,2013-03-31,9.0,1,9.0
SO54682,7392,14,2013-03-19,2013-03-26,2013-03-31,9.0,1,9.0
SO54683,14266,266,2013-03-19,2013-03-26,2013-03-31,5.0,1,5.0
SO54684,6170,266,2013-03-19,2013-03-26,2013-03-31,5.0,1,5.0
SO54685,2990,274,2013-03-19,2013-03-26,2013-03-31,22.0,1,22.0
SO54686,3206,329,2013-03-19,2013-03-26,2013-03-31,33.0,1,33.0
SO54687,1869,329,2013-03-19,2013-03-26,2013-03-31,33.0,1,33.0
SO54688,6843,317,2013-03-19,2013-03-26,2013-03-31,5.0,1,5.0
SO54689,17897,327,2013-03-19,2013-03-26,2013-03-31,21.0,1,21.0
SO54690,16842,318,2013-03-19,2013-03-26,2013-03-31,4.0,1,4.0
SO54691,11570,266,2013-03-19,2013-03-26,2013-03-31,5.0,1,5.0
SO54692,12919,330,2013-03-19,2013-03-26,2013-03-31,29.0,1,29.0
SO54693,6102,319,2013-03-19,2013-03-26,2013-03-31,5.0,1,5.0
SO54694,141,317,2013-03-19,2013-03-26,2013-03-31,5.0,1,5.0
SO54695,4479,326,2013-03-19,2013-03-26,2013-03-31,35.0,1,35.0
SO54696,1138,326,2013-03-19,2013-03-26,2013-03-31,35.0,1,35.0
SO54697,1908,274,2013-03-19,2013-03-26,2013-03-31,22.0,1,22.0
SO54698,1467,24,2013-03-19,2013-03-26,2013-03-31,50.0,1,50.0
SO54698,1467,25,2013-03-19,2013-03-26,2013-03-31,50.0,1,50.0
SO54698,1467,26,2013-03-19,2013-03-26,2013-03-31,50.0,1,50.0
SO54699,431,4,2013-03-19,2013-03-26,2013-03-31,35.0,1,35.0
SO54699,431,5,2013-03-19,2013-03-26,2013-03-31,35.0,1,35.0
SO54699,431,6,2013-03-19,2013-03-26,2013-03-31,35.0,1,35.0
SO54700,5896,369,2013-03-19,2013-03-26,2013-03-31,1701.0,1,1701.0
SO54701,5364,164,2013-03-19,2013-03-26,2013-03-31,2443.0,1,2443.0
SO54701,5364,165,2013-03-19,2013-03-26,2013-03-31,2443.0,1,2443.0
SO54702,3108,376,2013-03-19,2013-03-26,2013-03-31,769.0,1,769.0
SO54703,1144,151,2013-03-19,2013-03-26,2013-03-31,2295.0,1,2295.0
SO54703,1144,152,2013-03-19,2013-03-26,2013-03-31,2295.0,1,2295.0
SO54704,7723,372,2013-03-19,2013-03-26,2013-03-31,1701.0,1,1701.0
SO54705,8,353,2013-03-19,2013-03-26,2013-03-31,2384.0,1,2384.0
SO54706,12,363,2013-03-19,2013-03-26,2013-03-31,2384.0,1,2384.0
SO54707,12268,367,2013-03-19,2013-03-26,2013-03-31,1215.0,1,1215.0
SO54708,14340,12,2013-03-19,2013-03-26,2013-03-31,9.0,1,9.0
SO54708,14340,13,2013-03-19,2013-03-26,2013-03-31,9.0,1,9.0
SO54708,14340,14,2013-03-19,2013-03-26,2013-03-31,9.0,1,9.0
SO54709,18257,12,2013-03-19,2013-03-26,2013-03-31,9.0,1,9.0
SO54709,18257,13,2013-03-19,2013-03-26,2013-03-31,9.0,1,9.0
SO54709,18257,14,2013-03-19,2013-03-26,2013-03-31,9.0,1,9.0
SO54710,8548,174,2013-03-19,2013-03-26,2013-03-31,1120.0,1,1120.0
SO54710,8548,175,2013-03-19,2013-03-26,2013-03-31,1120.0,1,1120.0
SO54711,7572,176,2013-03-19,2013-03-26,2013-03-31,1120.0,1,1120.0
SO54711,7572,177,2013-03-19,2013-03-26,2013-03-31,1120.0,1,1120.0
SO54712,11479,373,2013-03-19,2013-03-26,2013-03-31,540.0,1,540.0
SO54713,14740,394,2013-03-19,2013-03-26,2013-03-31,540.0,1,540.0
SO54714,4101,351,2013-03-19,2013-03-26,2013-03-31,2384.0,1,2384.0
SO54715,13111,353,2013-03-19,2013-03-26,2013-03-31,2384.0,1,2384.0
SO54716,13905,178,2013-03-20,2013-03-27,2013-04-01,1120.0,1,1120.0
SO54716,13905,179,2013-03-20,2013-03-27,2013-04-01,1120.0,1,1120.0
SO54717,2628,324,2013-03-20,2013-03-27,2013-04-01,25.0,1,25.0
SO54718,4022,325,2013-03-20,2013-03-27,2013-04-01,30.0,1,30.0
SO54719,13590,266,2013-03-20,2013-03-27,2013-04-01,5.0,1,5.0
SO54720,11946,266,2013-03-20,2013-03-27,2013-04-01,5.0,1,5.0
SO54721,6307,4,2013-03-20,2013-03-27,2013-04-01,35.0,1,35.0
SO54721,6307,5,2013-03-20,2013-03-27,2013-04-01,35.0,1,35.0
SO54721,6307,6,2013-03-20,2013-03-27,2013-04-01,35.0,1,35.0
SO54722,7191,12,2013-03-20,2013-03-27,2013-04-01,9.0,1,9.0
SO54722,7191,13,2013-03-20,2013-03-27,2013-04-01,9.0,1,9.0
SO54722,7191,14,2013-03-20,2013-03-27,2013-04-01,9.0,1,9.0
SO54723,4265,12,2013-03-20,2013-03-27,2013-04-01,9.0,1,9.0
SO54723,4265,13,2013-03-20,2013-03-27,2013-04-01,9.0,1,9.0
SO54723,4265,14,2013-03-20,2013-03-27,2013-04-01,9.0,1,9.0
SO54724,572,149,2013-03-20,2013-03-27,2013-04-01,2295.0,1,2295.0
SO54724,572,150,2013-03-20,2013-03-27,2013-04-01,2295.0,1,2295.0
SO54725,16376,318,2013-03-20,2013-03-27,2013-04-01,4.0,1,4.0
SO54726,16510,327,2013-03-20,2013-03-27,2013-04-01,21.0,1,21.0
SO54727,15473,317,2013-03-20,2013-03-27,2013-04-01,5.0,1,5.0
SO54728,16056,319,2013-03-20,2013-03-27,2013-04-01,5.0,1,5.0
SO54729,870,317,2013-03-20,2013-03-27,2013-04-01,5.0,1,5.0
SO54730,12406,325,2013-03-20,2013-03-27,2013-04-01,30.0,1,30.0
SO54731,5006,325,2013-03-20,2013-03-27,2013-04-01,30.0,1,30.0
SO54732,4944,317,2013-03-20,2013-03-27,2013-04-01,5.0,1,5.0
SO54733,6027,267,2013-03-20,2013-03-27,2013-04-01,10.0,1,10.0
SO54734,10241,265,2013-03-20,2013-03-27,2013-04-01,70.0,1,70.0
SO54735,3724,266,2013-03-20,2013-03-27,2013-04-01,5.0,1,5.0
SO54736,11024,267,2013-03-20,2013-03-27,2013-04-01,10.0,1,10.0
SO54737,6261,266,2013-03-20,2013-03-27,2013-04-01,5.0,1,5.0
SO54738,6486,317,2013-03-20,2013-03-27,2013-04-01,5.0,1,5.0
SO54739,16197,317,2013-03-20,2013-03-27,2013-04-01,5.0,1,5.0
SO54740,4282,317,2013-03-20,2013-03-27,2013-04-01,5.0,1,5.0
SO54741,5356,317,2013-03-20,2013-03-27,2013-04-01,5.0,1,5.0
SO54742,3352,274,2013-03-20,2013-03-27,2013-04-01,22.0,1,22.0
SO54743,3554,263,2013-03-20,2013-03-27,2013-04-01,70.0,1,70.0
SO54744,5438,317,2013-03-20,2013-03-27,2013-04-01,5.0,1,5.0
SO54745,2833,274,2013-03-20,2013-03-27,2013-04-01,22.0,1,22.0
SO54746,6786,324,2013-03-20,2013-03-27,2013-04-01,25.0,1,25.0
SO54747,17445,264,2013-03-20,2013-03-27,2013-04-01,70.0,1,70.0
SO54748,3531,329,2013-03-20,2013-03-27,2013-04-01,33.0,1,33.0
SO54749,14687,318,2013-03-20,2013-03-27,2013-04-01,4.0,1,4.0
SO54750,4453,324,2013-03-20,2013-03-27,2013-04-01,25.0,1,25.0
SO54751,1490,266,2013-03-20,2013-03-27,2013-04-01,5.0,1,5.0
SO54752,11528,327,2013-03-20,2013-03-27,2013-04-01,21.0,1,21.0
SO54753,13568,318,2013-03-20,2013-03-27,2013-04-01,4.0,1,4.0
SO54754,305,326,2013-03-20,2013-03-27,2013-04-01,35.0,1,35.0
SO54755,2267,274,2013-03-20,2013-03-27,2013-04-01,22.0,1,22.0
SO54756,2928,379,2013-03-20,2013-03-27,2013-04-01,769.0,1,769.0
SO54757,1018,147,2013-03-20,2013-03-27,2013-04-01,2295.0,1,2295.0
SO54757,1018,148,2013-03-20,2013-03-27,2013-04-01,2295.0,1,2295.0
SO54758,15931,366,2013-03-20,2013-03-27,2013-04-01,1215.0,1,1215.0
SO54759,5702,378,2013-03-20,2013-03-27,2013-04-01,769.0,1,769.0
SO54760,5742,168,2013-03-20,2013-03-27,2013-04-01,2443.0,1,2443.0
SO54760,5742,169,2013-03-20,2013-03-27,2013-04-01,2443.0,1,2443.0
SO54761,7732,168,2013-03-20,2013-03-27,2013-04-01,2443.0,1,2443.0
SO54761,7732,169,2013-03-20,2013-03-27,2013-04-01,2443.0,1,2443.0
SO54762,7719,166,2013-03-20,2013-03-27,2013-04-01,2443.0,1,2443.0
SO54762,7719,167,2013-03-20,2013-03-27,2013-04-01,2443.0,1,2443.0
SO54763,11544,395,2013-03-20,2013-03-27,2013-04-01,540.0,1,540.0
SO54764,13961,373,2013-03-20,2013-03-27,2013-04-01,540.0,1,540.0
SO54765,8726,170,2013-03-20,2013-03-27,2013-04-01,1120.0,1,1120.0
SO54765,8726,171,2013-03-20,2013-03-27,2013-04-01,1120.0,1,1120.0
SO54766,8538,176,2013-03-20,2013-03-27,2013-04-01,1120.0,1,1120.0
SO54766,8538,177,2013-03-20,2013-03-27,2013-04-01,1120.0,1,1120.0
SO54767,10065,373,2013-03-20,2013-03-27,2013-04-01,540.0,1,540.0
SO54768,14728,394,2013-03-20,2013-03-27,2013-04-01,540.0,1,540.0
SO54769,2969,375,2013-03-20,2013-03-27,2013-04-01,742.0,1,742.0
SO54770,1755,149,2013-03-21,2013-03-28,2013-04-02,2295.0,1,2295.0
SO54770,1755,150,2013-03-21,2013-03-28,2013-04-02,2295.0,1,2295.0
SO54771,3124,328,2013-03-21,2013-03-28,2013-04-02,25.0,1,25.0
SO54772,5614,329,2013-03-21,2013-03-28,2013-04-02,33.0,1,33.0
SO54773,4149,253,2013-03-21,2013-03-28,2013-04-02,24.0,1,24.0
SO54773,4149,254,2013-03-21,2013-03-28,2013-04-02,24.0,1,24.0
SO54774,12764,369,2013-03-21,2013-03-28,2013-04-02,1701.0,1,1701.0
SO54775,719,278,2013-03-21,2013-03-28,2013-04-02,54.0,1,54.0
SO54776,17807,328,2013-03-21,2013-03-28,2013-04-02,25.0,1,25.0
SO54777,15265,330,2013-03-21,2013-03-28,2013-04-02,29.0,1,29.0
SO54778,15518,324,2013-03-21,2013-03-28,2013-04-02,25.0,1,25.0
SO54779,16754,327,2013-03-21,2013-03-28,2013-04-02,21.0,1,21.0
SO54780,13425,318,2013-03-21,2013-03-28,2013-04-02,4.0,1,4.0
SO54781,12154,325,2013-03-21,2013-03-28,2013-04-02,30.0,1,30.0
SO54782,11884,325,2013-03-21,2013-03-28,2013-04-02,30.0,1,30.0
SO54783,6484,325,2013-03-21,2013-03-28,2013-04-02,30.0,1,30.0
SO54784,12697,325,2013-03-21,2013-03-28,2013-04-02,30.0,1,30.0
SO54785,13996,266,2013-03-21,2013-03-28,2013-04-02,5.0,1,5.0
SO54786,5992,266,2013-03-21,2013-03-28,2013-04-02,5.0,1,5.0
SO54787,16608,317,2013-03-21,2013-03-28,2013-04-02,5.0,1,5.0
SO54788,5751,317,2013-03-21,2013-03-28,2013-04-02,5.0,1,5.0
SO54789,12504,317,2013-03-21,2013-03-28,2013-04-02,5.0,1,5.0
SO54790,4760,317,2013-03-21,2013-03-28,2013-04-02,5.0,1,5.0
SO54791,3444,274,2013-03-21,2013-03-28,2013-04-02,22.0,1,22.0
SO54792,2551,264,2013-03-21,2013-03-28,2013-04-02,70.0,1,70.0
SO54793,6784,324,2013-03-21,2013-03-28,2013-04-02,25.0,1,25.0
SO54794,2611,267,2013-03-21,2013-03-28,2013-04-02,10.0,1,10.0
SO54795,9179,318,2013-03-21,2013-03-28,2013-04-02,4.0,1,4.0
SO54796,8183,266,2013-03-21,2013-03-28,2013-04-02,5.0,1,5.0
SO54797,1432,317,2013-03-21,2013-03-28,2013-04-02,5.0,1,5.0
SO54798,7315,274,2013-03-21,2013-03-28,2013-04-02,22.0,1,22.0
SO54799,6469,274,2013-03-21,2013-03-28,2013-04-02,22.0,1,22.0
SO54800,9324,164,2013-03-21,2013-03-28,2013-04-02,2443.0,1,2443.0
SO54800,9324,165,2013-03-21,2013-03-28,2013-04-02,2443.0,1,2443.0
SO54801,541,149,2013-03-21,2013-03-28,2013-04-02,2295.0,1,2295.0
SO54801,541,150,2013-03-21,2013-03-28,2013-04-02,2295.0,1,2295.0
SO54802,537,147,2013-03-21,2013-03-28,2013-04-02,2295.0,1,2295.0
SO54802,537,148,2013-03-21,2013-03-28,2013-04-02,2295.0,1,2295.0
SO54803,1104,143,2013-03-21,2013-03-28,2013-04-02,2320.0,1,2320.0
SO54803,1104,144,2013-03-21,2013-03-28,2013-04-02,2320.0,1,2320.0
SO54804,7692,166,2013-03-21,2013-03-28,2013-04-02,2443.0,1,2443.0
SO54804,7692,167,2013-03-21,2013-03-28,2013-04-02,2443.0,1,2443.0
SO54805,9424,394,2013-03-21,2013-03-28,2013-04-02,540.0,1,540.0
SO54806,15769,373,2013-03-21,2013-03-28,2013-04-02,540.0,1,540.0
SO54807,7737,164,2013-03-21,2013-03-28,2013-04-02,2443.0,1,2443.0
SO54807,7737,165,2013-03-21,2013-03-28,2013-04-02,2443.0,1,2443.0
SO54808,5746,160,2013-03-21,2013-03-28,2013-04-02,2443.0,1,2443.0
SO54808,5746,161,2013-03-21,2013-03-28,2013-04-02,2443.0,1,2443.0
SO54809,466,141,2013-03-21,2013-03-28,2013-04-02,2320.0,1,2320.0
SO54809,466,142,2013-03-21,2013-03-28,2013-04-02,2320.0,1,2320.0
SO54810,760,147,2013-03-21,2013-03-28,2013-04-02,2295.0,1,2295.0
SO54810,760,148,2013-03-21,2013-03-28,2013-04-02,2295.0,1,2295.0
SO54811,14199,367,2013-03-21,2013-03-28,2013-04-02,1215.0,1,1215.0
SO54812,13681,350,2013-03-21,2013-03-28,2013-04-02,2384.0,1,2384.0
SO54813,10941,394,2013-03-21,2013-03-28,2013-04-02,540.0,1,540.0
SO54814,14049,393,2013-03-21,2013-03-28,2013-04-02,540.0,1,540.0
SO54815,8679,172,2013-03-21,2013-03-28,2013-04-02,1120.0,1,1120.0
SO54815,8679,173,2013-03-21,2013-03-28,2013-04-02,1120.0,1,1120.0
SO54816,8497,178,2013-03-21,2013-03-28,2013-04-02,1120.0,1,1120.0
SO54816,8497,179,2013-03-21,2013-03-28,2013-04-02,1120.0,1,1120.0
SO54817,11487,373,2013-03-21,2013-03-28,2013-04-02,540.0,1,540.0
SO54818,14656,393,2013-03-21,2013-03-28,2013-04-02,540.0,1,540.0
SO54819,1329,352,2013-03-21,2013-03-28,2013-04-02,2384.0,1,2384.0
SO54820,3774,365,2013-03-21,2013-03-28,2013-04-02,2384.0,1,2384.0
SO54821,5518,178,2013-03-22,2013-03-29,2013-04-03,1120.0,1,1120.0
SO54821,5518,179,2013-03-22,2013-03-29,2013-04-03,1120.0,1,1120.0
SO54822,1129,145,2013-03-22,2013-03-29,2013-04-03,2320.0,1,2320.0
SO54822,1129,146,2013-03-22,2013-03-29,2013-04-03,2320.0,1,2320.0
SO54823,1373,324,2013-03-22,2013-03-29,2013-04-03,25.0,1,25.0
SO54824,4155,1,2013-03-22,2013-03-29,2013-04-03,35.0,1,35.0
SO54824,4155,2,2013-03-22,2013-03-29,2013-04-03,35.0,1,35.0
SO54824,4155,3,2013-03-22,2013-03-29,2013-04-03,35.0,1,35.0
SO54825,4035,12,2013-03-22,2013-03-29,2013-04-03,9.0,1,9.0
SO54825,4035,13,2013-03-22,2013-03-29,2013-04-03,9.0,1,9.0
SO54825,4035,14,2013-03-22,2013-03-29,2013-04-03,9.0,1,9.0
SO54826,6324,12,2013-03-22,2013-03-29,2013-04-03,9.0,1,9.0
SO54826,6324,13,2013-03-22,2013-03-29,2013-04-03,9.0,1,9.0
SO54826,6324,14,2013-03-22,2013-03-29,2013-04-03,9.0,1,9.0
SO54827,1336,141,2013-03-22,2013-03-29,2013-04-03,2320.0,1,2320.0
SO54827,1336,142,2013-03-22,2013-03-29,2013-04-03,2320.0,1,2320.0
SO54828,632,253,2013-03-22,2013-03-29,2013-04-03,24.0,1,24.0
SO54828,632,254,2013-03-22,2013-03-29,2013-04-03,24.0,1,24.0
SO54829,17331,269,2013-03-22,2013-03-29,2013-04-03,2.0,1,2.0
SO54830,16728,318,2013-03-22,2013-03-29,2013-04-03,4.0,1,4.0
SO54831,92,18,2013-03-22,2013-03-29,2013-04-03,50.0,1,50.0
SO54831,92,19,2013-03-22,2013-03-29,2013-04-03,50.0,1,50.0
SO54831,92,20,2013-03-22,2013-03-29,2013-04-03,50.0,1,50.0
SO54832,16527,327,2013-03-22,2013-03-29,2013-04-03,21.0,1,21.0
SO54833,17624,328,2013-03-22,2013-03-29,2013-04-03,25.0,1,25.0
SO54834,499,319,2013-03-22,2013-03-29,2013-04-03,5.0,1,5.0
SO54835,13942,329,2013-03-22,2013-03-29,2013-04-03,33.0,1,33.0
SO54836,224,329,2013-03-22,2013-03-29,2013-04-03,33.0,1,33.0
SO54837,1761,330,2013-03-22,2013-03-29,2013-04-03,29.0,1,29.0
SO54838,13412,318,2013-03-22,2013-03-29,2013-04-03,4.0,1,4.0
SO54839,11146,325,2013-03-22,2013-03-29,2013-04-03,30.0,1,30.0
SO54840,12273,267,2013-03-22,2013-03-29,2013-04-03,10.0,1,10.0
SO54841,1940,267,2013-03-22,2013-03-29,2013-04-03,10.0,1,10.0
SO54842,7065,266,2013-03-22,2013-03-29,2013-04-03,5.0,1,5.0
SO54843,6520,266,2013-03-22,2013-03-29,2013-04-03,5.0,1,5.0
SO54844,7753,265,2013-03-22,2013-03-29,2013-04-03,70.0,1,70.0
SO54845,6159,266,2013-03-22,2013-03-29,2013-04-03,5.0,1,5.0
SO54846,2223,266,2013-03-22,2013-03-29,2013-04-03,5.0,1,5.0
SO54847,7098,266,2013-03-22,2013-03-29,2013-04-03,5.0,1,5.0
SO54848,4911,317,2013-03-22,2013-03-29,2013-04-03,5.0,1,5.0
SO54849,8079,317,2013-03-22,2013-03-29,2013-04-03,5.0,1,5.0
SO54850,10850,266,2013-03-22,2013-03-29,2013-04-03,5.0,1,5.0
SO54851,15898,318,2013-03-22,2013-03-29,2013-04-03,4.0,1,4.0
SO54852,15982,327,2013-03-22,2013-03-29,2013-04-03,21.0,1,21.0
SO54853,2263,330,2013-03-22,2013-03-29,2013-04-03,29.0,1,29.0
SO54854,18395,330,2013-03-22,2013-03-29,2013-04-03,29.0,1,29.0
SO54855,17922,327,2013-03-22,2013-03-29,2013-04-03,21.0,1,21.0
SO54856,2604,319,2013-03-22,2013-03-29,2013-04-03,5.0,1,5.0
SO54857,3954,330,2013-03-22,2013-03-29,2013-04-03,29.0,1,29.0
SO54858,2815,319,2013-03-22,2013-03-29,2013-04-03,5.0,1,5.0
SO54859,1145,326,2013-03-22,2013-03-29,2013-04-03,35.0,1,35.0
SO54860,2431,274,2013-03-22,2013-03-29,2013-04-03,22.0,1,22.0
SO54861,2167,274,2013-03-22,2013-03-29,2013-04-03,22.0,1,22.0
SO54862,1636,15,2013-03-22,2013-03-29,2013-04-03,50.0,1,50.0
SO54862,1636,16,2013-03-22,2013-03-29,2013-04-03,50.0,1,50.0
SO54862,1636,17,2013-03-22,2013-03-29,2013-04-03,50.0,1,50.0
SO54863,1175,151,2013-03-22,2013-03-29,2013-04-03,2295.0,1,2295.0
SO54863,1175,152,2013-03-22,2013-03-29,2013-04-03,2295.0,1,2295.0
SO54864,1117,143,2013-03-22,2013-03-29,2013-04-03,2320.0,1,2320.0
SO54864,1117,144,2013-03-22,2013-03-29,2013-04-03,2320.0,1,2320.0
SO54865,15758,373,2013-03-22,2013-03-29,2013-04-03,540.0,1,540.0
SO54866,7739,168,2013-03-22,2013-03-29,2013-04-03,2443.0,1,2443.0
SO54866,7739,169,2013-03-22,2013-03-29,2013-04-03,2443.0,1,2443.0
SO54867,7707,162,2013-03-22,2013-03-29,2013-04-03,2443.0,1,2443.0
SO54867,7707,163,2013-03-22,2013-03-29,2013-04-03,2443.0,1,2443.0
SO54868,752,143,2013-03-22,2013-03-29,2013-04-03,2320.0,1,2320.0
SO54868,752,144,2013-03-22,2013-03-29,2013-04-03,2320.0,1,2320.0
SO54869,915,151,2013-03-22,2013-03-29,2013-04-03,2295.0,1,2295.0
SO54869,915,152,2013-03-22,2013-03-29,2013-04-03,2295.0,1,2295.0
SO54870,896,143,2013-03-22,2013-03-29,2013-04-03,2320.0,1,2320.0
SO54870,896,144,2013-03-22,2013-03-29,2013-04-03,2320.0,1,2320.0
SO54871,11369,393,2013-03-22,2013-03-29,2013-04-03,540.0,1,540.0
SO54872,8702,174,2013-03-22,2013-03-29,2013-04-03,1120.0,1,1120.0
SO54872,8702,175,2013-03-22,2013-03-29,2013-04-03,1120.0,1,1120.0
SO54873,11657,170,2013-03-22,2013-03-29,2013-04-03,1120.0,1,1120.0
SO54873,11657,171,2013-03-22,2013-03-29,2013-04-03,1120.0,1,1120.0
SO54874,15988,174,2013-03-22,2013-03-29,2013-04-03,1120.0,1,1120.0
SO54874,15988,175,2013-03-22,2013-03-29,2013-04-03,1120.0,1,1120.0
SO54875,4932,395,2013-03-22,2013-03-29,2013-04-03,540.0,1,540.0
SO54876,11480,373,2013-03-22,2013-03-29,2013-04-03,540.0,1,540.0
SO54877,18413,373,2013-03-22,2013-03-29,2013-04-03,540.0,1,540.0
SO54878,11474,393,2013-03-22,2013-03-29,2013-04-03,540.0,1,540.0
SO54879,1336,350,2013-03-22,2013-03-29,2013-04-03,2384.0,1,2384.0
SO54880,4081,353,2013-03-22,2013-03-29,2013-04-03,2384.0,1,2384.0
SO54881,583,149,2013-03-23,2013-03-30,2013-04-04,2295.0,1,2295.0
SO54881,583,150,2013-03-23,2013-03-30,2013-04-04,2295.0,1,2295.0
SO54882,577,147,2013-03-23,2013-03-30,2013-04-04,2295.0,1,2295.0
SO54882,577,148,2013-03-23,2013-03-30,2013-04-04,2295.0,1,2295.0
SO54883,4761,318,2013-03-23,2013-03-30,2013-04-04,4.0,1,4.0
SO54884,960,9,2013-03-23,2013-03-30,2013-04-04,35.0,1,35.0
SO54884,960,10,2013-03-23,2013-03-30,2013-04-04,35.0,1,35.0
SO54884,960,11,2013-03-23,2013-03-30,2013-04-04,35.0,1,35.0
SO54885,784,9,2013-03-23,2013-03-30,2013-04-04,35.0,1,35.0
SO54885,784,10,2013-03-23,2013-03-30,2013-04-04,35.0,1,35.0
SO54885,784,11,2013-03-23,2013-03-30,2013-04-04,35.0,1,35.0
SO54886,8607,317,2013-03-23,2013-03-30,2013-04-04,5.0,1,5.0
SO54887,15131,327,2013-03-23,2013-03-30,2013-04-04,21.0,1,21.0
SO54888,14268,327,2013-03-23,2013-03-30,2013-04-04,21.0,1,21.0
SO54889,11964,266,2013-03-23,2013-03-30,2013-04-04,5.0,1,5.0
SO54890,11975,319,2013-03-23,2013-03-30,2013-04-04,5.0,1,5.0
SO54891,12078,319,2013-03-23,2013-03-30,2013-04-04,5.0,1,5.0
SO54892,74,267,2013-03-23,2013-03-30,2013-04-04,10.0,1,10.0
SO54893,75,267,2013-03-23,2013-03-30,2013-04-04,10.0,1,10.0
SO54894,4795,9,2013-03-23,2013-03-30,2013-04-04,35.0,1,35.0
SO54894,4795,10,2013-03-23,2013-03-30,2013-04-04,35.0,1,35.0
SO54894,4795,11,2013-03-23,2013-03-30,2013-04-04,35.0,1,35.0
SO54895,1993,319,2013-03-23,2013-03-30,2013-04-04,5.0,1,5.0
SO54896,8501,162,2013-03-23,2013-03-30,2013-04-04,2443.0,1,2443.0
SO54896,8501,163,2013-03-23,2013-03-30,2013-04-04,2443.0,1,2443.0
SO54897,17986,318,2013-03-23,2013-03-30,2013-04-04,4.0,1,4.0
SO54898,15,318,2013-03-23,2013-03-30,2013-04-04,4.0,1,4.0
SO54899,201,324,2013-03-23,2013-03-30,2013-04-04,25.0,1,25.0
SO54900,10634,267,2013-03-23,2013-03-30,2013-04-04,10.0,1,10.0
SO54901,17669,271,2013-03-23,2013-03-30,2013-04-04,9.0,1,9.0
SO54902,7985,253,2013-03-23,2013-03-30,2013-04-04,24.0,1,24.0
SO54902,7985,254,2013-03-23,2013-03-30,2013-04-04,24.0,1,24.0
SO54903,9414,267,2013-03-23,2013-03-30,2013-04-04,10.0,1,10.0
SO54904,8685,265,2013-03-23,2013-03-30,2013-04-04,70.0,1,70.0
SO54905,6139,266,2013-03-23,2013-03-30,2013-04-04,5.0,1,5.0
SO54906,11773,317,2013-03-23,2013-03-30,2013-04-04,5.0,1,5.0
SO54907,6664,317,2013-03-23,2013-03-30,2013-04-04,5.0,1,5.0
SO54908,9692,317,2013-03-23,2013-03-30,2013-04-04,5.0,1,5.0
SO54909,7152,274,2013-03-23,2013-03-30,2013-04-04,22.0,1,22.0
SO54910,4353,264,2013-03-23,2013-03-30,2013-04-04,70.0,1,70.0
SO54911,16829,318,2013-03-23,2013-03-30,2013-04-04,4.0,1,4.0
SO54912,16930,318,2013-03-23,2013-03-30,2013-04-04,4.0,1,4.0
SO54913,2496,330,2013-03-23,2013-03-30,2013-04-04,29.0,1,29.0
SO54914,5201,319,2013-03-23,2013-03-30,2013-04-04,5.0,1,5.0
SO54915,16962,319,2013-03-23,2013-03-30,2013-04-04,5.0,1,5.0
SO54916,6710,319,2013-03-23,2013-03-30,2013-04-04,5.0,1,5.0
SO54917,1833,319,2013-03-23,2013-03-30,2013-04-04,5.0,1,5.0
SO54918,1236,4,2013-03-23,2013-03-30,2013-04-04,35.0,1,35.0
SO54918,1236,5,2013-03-23,2013-03-30,2013-04-04,35.0,1,35.0
SO54918,1236,6,2013-03-23,2013-03-30,2013-04-04,35.0,1,35.0
SO54919,1513,12,2013-03-23,2013-03-30,2013-04-04,9.0,1,9.0
SO54919,1513,13,2013-03-23,2013-03-30,2013-04-04,9.0,1,9.0
SO54919,1513,14,2013-03-23,2013-03-30,2013-04-04,9.0,1,9.0
SO54920,4764,388,2013-03-23,2013-03-30,2013-04-04,540.0,1,540.0
SO54921,2907,376,2013-03-23,2013-03-30,2013-04-04,769.0,1,769.0
SO54922,2987,378,2013-03-23,2013-03-30,2013-04-04,769.0,1,769.0
SO54923,11952,371,2013-03-23,2013-03-30,2013-04-04,1701.0,1,1701.0
SO54924,11955,370,2013-03-23,2013-03-30,2013-04-04,1701.0,1,1701.0
SO54925,17954,363,2013-03-23,2013-03-30,2013-04-04,2384.0,1,2384.0
SO54926,17845,358,2013-03-23,2013-03-30,2013-04-04,742.0,1,742.0
SO54927,970,145,2013-03-23,2013-03-30,2013-04-04,2320.0,1,2320.0
SO54927,970,146,2013-03-23,2013-03-30,2013-04-04,2320.0,1,2320.0
SO54928,101,143,2013-03-23,2013-03-30,2013-04-04,2320.0,1,2320.0
SO54928,101,144,2013-03-23,2013-03-30,2013-04-04,2320.0,1,2320.0
SO54929,12282,368,2013-03-23,2013-03-30,2013-04-04,1215.0,1,1215.0
SO54930,8681,174,2013-03-23,2013-03-30,2013-04-04,1120.0,1,1120.0
SO54930,8681,175,2013-03-23,2013-03-30,2013-04-04,1120.0,1,1120.0
SO54931,14722,395,2013-03-23,2013-03-30,2013-04-04,540.0,1,540.0
SO54932,12526,174,2013-03-24,2013-03-31,2013-04-05,1120.0,1,1120.0
SO54932,12526,175,2013-03-24,2013-03-31,2013-04-05,1120.0,1,1120.0
SO54933,12416,170,2013-03-24,2013-03-31,2013-04-05,1120.0,1,1120.0
SO54933,12416,171,2013-03-24,2013-03-31,2013-04-05,1120.0,1,1120.0
SO54934,1318,147,2013-03-24,2013-03-31,2013-04-05,2295.0,1,2295.0
SO54934,1318,148,2013-03-24,2013-03-31,2013-04-05,2295.0,1,2295.0
SO54935,10211,326,2013-03-24,2013-03-31,2013-04-05,35.0,1,35.0
SO54936,18287,12,2013-03-24,2013-03-31,2013-04-05,9.0,1,9.0
SO54936,18287,13,2013-03-24,2013-03-31,2013-04-05,9.0,1,9.0
SO54936,18287,14,2013-03-24,2013-03-31,2013-04-05,9.0,1,9.0
SO54937,12087,319,2013-03-24,2013-03-31,2013-04-05,5.0,1,5.0
SO54938,15164,265,2013-03-24,2013-03-31,2013-04-05,70.0,1,70.0
SO54939,7933,269,2013-03-24,2013-03-31,2013-04-05,2.0,1,2.0
SO54940,12766,164,2013-03-24,2013-03-31,2013-04-05,2443.0,1,2443.0
SO54940,12766,165,2013-03-24,2013-03-31,2013-04-05,2443.0,1,2443.0
SO54941,599,141,2013-03-24,2013-03-31,2013-04-05,2320.0,1,2320.0
SO54941,599,142,2013-03-24,2013-03-31,2013-04-05,2320.0,1,2320.0
SO54942,837,1,2013-03-24,2013-03-31,2013-04-05,35.0,1,35.0
SO54942,837,2,2013-03-24,2013-03-31,2013-04-05,35.0,1,35.0
SO54942,837,3,2013-03-24,2013-03-31,2013-04-05,35.0,1,35.0
SO54943,17980,328,2013-03-24,2013-03-31,2013-04-05,25.0,1,25.0
SO54944,18128,318,2013-03-24,2013-03-31,2013-04-05,4.0,1,4.0
SO54945,16531,330,2013-03-24,2013-03-31,2013-04-05,29.0,1,29.0
SO54946,11742,317,2013-03-24,2013-03-31,2013-04-05,5.0,1,5.0
SO54947,12805,318,2013-03-24,2013-03-31,2013-04-05,4.0,1,4.0
SO54948,7523,263,2013-03-24,2013-03-31,2013-04-05,70.0,1,70.0
SO54949,7682,264,2013-03-24,2013-03-31,2013-04-05,70.0,1,70.0
SO54950,10765,317,2013-03-24,2013-03-31,2013-04-05,5.0,1,5.0
SO54951,2869,274,2013-03-24,2013-03-31,2013-04-05,22.0,1,22.0
SO54952,8934,317,2013-03-24,2013-03-31,2013-04-05,5.0,1,5.0
SO54953,5195,324,2013-03-24,2013-03-31,2013-04-05,25.0,1,25.0
SO54954,4710,326,2013-03-24,2013-03-31,2013-04-05,35.0,1,35.0
SO54955,5559,324,2013-03-24,2013-03-31,2013-04-05,25.0,1,25.0
SO54956,5320,328,2013-03-24,2013-03-31,2013-04-05,25.0,1,25.0
SO54957,8517,318,2013-03-24,2013-03-31,2013-04-05,4.0,1,4.0
SO54958,11815,266,2013-03-24,2013-03-31,2013-04-05,5.0,1,5.0
SO54959,9949,318,2013-03-24,2013-03-31,2013-04-05,4.0,1,4.0
SO54960,16967,319,2013-03-24,2013-03-31,2013-04-05,5.0,1,5.0
SO54961,323,326,2013-03-24,2013-03-31,2013-04-05,35.0,1,35.0
SO54962,7812,274,2013-03-24,2013-03-31,2013-04-05,22.0,1,22.0
SO54963,12138,372,2013-03-24,2013-03-31,2013-04-05,1701.0,1,1701.0
SO54964,5921,370,2013-03-24,2013-03-31,2013-04-05,1701.0,1,1701.0
SO54965,10656,385,2013-03-24,2013-03-31,2013-04-05,540.0,1,540.0
SO54966,9303,166,2013-03-24,2013-03-31,2013-04-05,2443.0,1,2443.0
SO54966,9303,167,2013-03-24,2013-03-31,2013-04-05,2443.0,1,2443.0
SO54967,9304,166,2013-03-24,2013-03-31,2013-04-05,2443.0,1,2443.0
SO54967,9304,167,2013-03-24,2013-03-31,2013-04-05,2443.0,1,2443.0
SO54968,538,151,2013-03-24,2013-03-31,2013-04-05,2295.0,1,2295.0
SO54968,538,152,2013-03-24,2013-03-31,2013-04-05,2295.0,1,2295.0
SO54969,3703,374,2013-03-24,2013-03-31,2013-04-05,742.0,1,742.0
SO54970,245,374,2013-03-24,2013-03-31,2013-04-05,742.0,1,742.0
SO54971,11962,369,2013-03-24,2013-03-31,2013-04-05,1701.0,1,1701.0
SO54972,7710,162,2013-03-24,2013-03-31,2013-04-05,2443.0,1,2443.0
SO54972,7710,163,2013-03-24,2013-03-31,2013-04-05,2443.0,1,2443.0
SO54973,13780,350,2013-03-24,2013-03-31,2013-04-05,2384.0,1,2384.0
SO54974,14648,394,2013-03-24,2013-03-31,2013-04-05,540.0,1,540.0
SO54975,2257,373,2013-03-24,2013-03-31,2013-04-05,540.0,1,540.0
SO54976,13889,174,2013-03-25,2013-04-01,2013-04-06,1120.0,1,1120.0
SO54976,13889,175,2013-03-25,2013-04-01,2013-04-06,1120.0,1,1120.0
SO54977,1679,324,2013-03-25,2013-04-01,2013-04-06,25.0,1,25.0
SO54978,10224,326,2013-03-25,2013-04-01,2013-04-06,35.0,1,35.0
SO54979,14814,317,2013-03-25,2013-04-01,2013-04-06,5.0,1,5.0
SO54980,6231,277,2013-03-25,2013-04-01,2013-04-06,54.0,1,54.0
SO54981,4235,1,2013-03-25,2013-04-01,2013-04-06,35.0,1,35.0
SO54981,4235,2,2013-03-25,2013-04-01,2013-04-06,35.0,1,35.0
SO54981,4235,3,2013-03-25,2013-04-01,2013-04-06,35.0,1,35.0
SO54982,13211,371,2013-03-25,2013-04-01,2013-04-06,1701.0,1,1701.0
SO54983,6742,372,2013-03-25,2013-04-01,2013-04-06,1701.0,1,1701.0
SO54984,8974,266,2013-03-25,2013-04-01,2013-04-06,5.0,1,5.0
SO54985,204,278,2013-03-25,2013-04-01,2013-04-06,54.0,1,54.0
SO54986,3329,12,2013-03-25,2013-04-01,2013-04-06,9.0,1,9.0
SO54986,3329,13,2013-03-25,2013-04-01,2013-04-06,9.0,1,9.0
SO54986,3329,14,2013-03-25,2013-04-01,2013-04-06,9.0,1,9.0
SO54987,210,269,2013-03-25,2013-04-01,2013-04-06,2.0,1,2.0
SO54988,306,269,2013-03-25,2013-04-01,2013-04-06,2.0,1,2.0
SO54989,17058,327,2013-03-25,2013-04-01,2013-04-06,21.0,1,21.0
SO54990,14262,329,2013-03-25,2013-04-01,2013-04-06,33.0,1,33.0
SO54991,12024,325,2013-03-25,2013-04-01,2013-04-06,30.0,1,30.0
SO54992,12788,318,2013-03-25,2013-04-01,2013-04-06,4.0,1,4.0
SO54993,11768,325,2013-03-25,2013-04-01,2013-04-06,30.0,1,30.0
SO54994,12556,325,2013-03-25,2013-04-01,2013-04-06,30.0,1,30.0
SO54995,10359,267,2013-03-25,2013-04-01,2013-04-06,10.0,1,10.0
SO54996,16759,264,2013-03-25,2013-04-01,2013-04-06,70.0,1,70.0
SO54997,16758,263,2013-03-25,2013-04-01,2013-04-06,70.0,1,70.0
SO54998,7424,266,2013-03-25,2013-04-01,2013-04-06,5.0,1,5.0
SO54999,13257,266,2013-03-25,2013-04-01,2013-04-06,5.0,1,5.0
SO55000,7350,266,2013-03-25,2013-04-01,2013-04-06,5.0,1,5.0
SO55001,9680,317,2013-03-25,2013-04-01,2013-04-06,5.0,1,5.0
SO55002,17476,264,2013-03-25,2013-04-01,2013-04-06,70.0,1,70.0
SO55003,5450,317,2013-03-25,2013-04-01,2013-04-06,5.0,1,5.0
SO55004,1845,274,2013-03-25,2013-04-01,2013-04-06,22.0,1,22.0
SO55005,5293,325,2013-03-25,2013-04-01,2013-04-06,30.0,1,30.0
SO55006,8065,324,2013-03-25,2013-04-01,2013-04-06,25.0,1,25.0
SO55007,11867,318,2013-03-25,2013-04-01,2013-04-06,4.0,1,4.0
SO55008,10852,266,2013-03-25,2013-04-01,2013-04-06,5.0,1,5.0
SO55009,11389,261,2013-03-25,2013-04-01,2013-04-06,64.0,1,64.0
SO55010,13121,318,2013-03-25,2013-04-01,2013-04-06,4.0,1,4.0
SO55011,9943,318,2013-03-25,2013-04-01,2013-04-06,4.0,1,4.0
SO55012,961,317,2013-03-25,2013-04-01,2013-04-06,5.0,1,5.0
SO55013,2032,274,2013-03-25,2013-04-01,2013-04-06,22.0,1,22.0
SO55014,1440,317,2013-03-25,2013-04-01,2013-04-06,5.0,1,5.0
SO55015,8025,382,2013-03-25,2013-04-01,2013-04-06,565.0,1,565.0
SO55016,8014,386,2013-03-25,2013-04-01,2013-04-06,540.0,1,540.0
SO55017,5141,162,2013-03-25,2013-04-01,2013-04-06,2443.0,1,2443.0
SO55017,5141,163,2013-03-25,2013-04-01,2013-04-06,2443.0,1,2443.0
SO55018,540,143,2013-03-25,2013-04-01,2013-04-06,2320.0,1,2320.0
SO55018,540,144,2013-03-25,2013-04-01,2013-04-06,2320.0,1,2320.0
SO55019,1163,143,2013-03-25,2013-04-01,2013-04-06,2320.0,1,2320.0
SO55019,1163,144,2013-03-25,2013-04-01,2013-04-06,2320.0,1,2320.0
SO55020,1083,143,2013-03-25,2013-04-01,2013-04-06,2320.0,1,2320.0
SO55020,1083,144,2013-03-25,2013-04-01,2013-04-06,2320.0,1,2320.0
SO55021,3526,359,2013-03-25,2013-04-01,2013-04-06,742.0,1,742.0
SO55022,5394,367,2013-03-25,2013-04-01,2013-04-06,1215.0,1,1215.0
SO55023,15768,12,2013-03-25,2013-04-01,2013-04-06,9.0,1,9.0
SO55023,15768,13,2013-03-25,2013-04-01,2013-04-06,9.0,1,9.0
SO55023,15768,14,2013-03-25,2013-04-01,2013-04-06,9.0,1,9.0
SO55024,17941,365,2013-03-25,2013-04-01,2013-04-06,2384.0,1,2384.0
SO55025,7696,168,2013-03-25,2013-04-01,2013-04-06,2443.0,1,2443.0
SO55025,7696,169,2013-03-25,2013-04-01,2013-04-06,2443.0,1,2443.0
SO55026,910,149,2013-03-25,2013-04-01,2013-04-06,2295.0,1,2295.0
SO55026,910,150,2013-03-25,2013-04-01,2013-04-06,2295.0,1,2295.0
SO55027,3887,393,2013-03-25,2013-04-01,2013-04-06,540.0,1,540.0
SO55028,14747,394,2013-03-25,2013-04-01,2013-04-06,540.0,1,540.0
SO55029,14732,271,2013-03-25,2013-04-01,2013-04-06,9.0,1,9.0
SO55030,7491,168,2013-03-26,2013-04-02,2013-04-07,2443.0,1,2443.0
SO55030,7491,169,2013-03-26,2013-04-02,2013-04-07,2443.0,1,2443.0
SO55031,13903,174,2013-03-26,2013-04-02,2013-04-07,1120.0,1,1120.0
SO55031,13903,175,2013-03-26,2013-04-02,2013-04-07,1120.0,1,1120.0
SO55032,5519,178,2013-03-26,2013-04-02,2013-04-07,1120.0,1,1120.0
SO55032,5519,179,2013-03-26,2013-04-02,2013-04-07,1120.0,1,1120.0
SO55033,428,143,2013-03-26,2013-04-02,2013-04-07,2320.0,1,2320.0
SO55033,428,144,2013-03-26,2013-04-02,2013-04-07,2320.0,1,2320.0
SO55034,1777,268,2013-03-26,2013-04-02,2013-04-07,9.0,1,9.0
SO55035,1371,317,2013-03-26,2013-04-02,2013-04-07,5.0,1,5.0
SO55036,4732,328,2013-03-26,2013-04-02,2013-04-07,25.0,1,25.0
SO55037,4427,325,2013-03-26,2013-04-02,2013-04-07,30.0,1,30.0
SO55038,10990,326,2013-03-26,2013-04-02,2013-04-07,35.0,1,35.0
SO55039,15180,318,2013-03-26,2013-04-02,2013-04-07,4.0,1,4.0
SO55040,4585,9,2013-03-26,2013-04-02,2013-04-07,35.0,1,35.0
SO55040,4585,10,2013-03-26,2013-04-02,2013-04-07,35.0,1,35.0
SO55040,4585,11,2013-03-26,2013-04-02,2013-04-07,35.0,1,35.0
SO55041,2138,318,2013-03-26,2013-04-02,2013-04-07,4.0,1,4.0
SO55042,4633,376,2013-03-26,2013-04-02,2013-04-07,769.0,1,769.0
SO55043,16224,318,2013-03-26,2013-04-02,2013-04-07,4.0,1,4.0
SO55044,809,318,2013-03-26,2013-04-02,2013-04-07,4.0,1,4.0
SO55045,712,319,2013-03-26,2013-04-02,2013-04-07,5.0,1,5.0
SO55046,204,319,2013-03-26,2013-04-02,2013-04-07,5.0,1,5.0
SO55047,224,318,2013-03-26,2013-04-02,2013-04-07,4.0,1,4.0
SO55048,12466,325,2013-03-26,2013-04-02,2013-04-07,30.0,1,30.0
SO55049,1985,317,2013-03-26,2013-04-02,2013-04-07,5.0,1,5.0
SO55050,11228,325,2013-03-26,2013-04-02,2013-04-07,30.0,1,30.0
SO55051,12381,325,2013-03-26,2013-04-02,2013-04-07,30.0,1,30.0
SO55052,11186,325,2013-03-26,2013-04-02,2013-04-07,30.0,1,30.0
SO55053,10299,267,2013-03-26,2013-04-02,2013-04-07,10.0,1,10.0
SO55054,9513,267,2013-03-26,2013-04-02,2013-04-07,10.0,1,10.0
SO55055,9118,263,2013-03-26,2013-04-02,2013-04-07,70.0,1,70.0
SO55056,7064,266,2013-03-26,2013-04-02,2013-04-07,5.0,1,5.0
SO55057,7106,266,2013-03-26,2013-04-02,2013-04-07,5.0,1,5.0
SO55058,4157,317,2013-03-26,2013-04-02,2013-04-07,5.0,1,5.0
SO55059,7756,274,2013-03-26,2013-04-02,2013-04-07,22.0,1,22.0
SO55060,17463,264,2013-03-26,2013-04-02,2013-04-07,70.0,1,70.0
SO55061,4108,264,2013-03-26,2013-04-02,2013-04-07,70.0,1,70.0
SO55062,7170,317,2013-03-26,2013-04-02,2013-04-07,5.0,1,5.0
SO55063,4616,326,2013-03-26,2013-04-02,2013-04-07,35.0,1,35.0
SO55064,4354,318,2013-03-26,2013-04-02,2013-04-07,4.0,1,4.0
SO55065,3866,325,2013-03-26,2013-04-02,2013-04-07,30.0,1,30.0
SO55066,5558,328,2013-03-26,2013-04-02,2013-04-07,25.0,1,25.0
SO55067,8276,266,2013-03-26,2013-04-02,2013-04-07,5.0,1,5.0
SO55068,6741,325,2013-03-26,2013-04-02,2013-04-07,30.0,1,30.0
SO55069,2494,319,2013-03-26,2013-04-02,2013-04-07,5.0,1,5.0
SO55070,14315,319,2013-03-26,2013-04-02,2013-04-07,5.0,1,5.0
SO55071,16154,330,2013-03-26,2013-04-02,2013-04-07,29.0,1,29.0
SO55072,14514,319,2013-03-26,2013-04-02,2013-04-07,5.0,1,5.0
SO55073,1945,317,2013-03-26,2013-04-02,2013-04-07,5.0,1,5.0
SO55074,4009,317,2013-03-26,2013-04-02,2013-04-07,5.0,1,5.0
SO55075,5899,369,2013-03-26,2013-04-02,2013-04-07,1701.0,1,1701.0
SO55076,2991,378,2013-03-26,2013-04-02,2013-04-07,769.0,1,769.0
SO55077,1156,151,2013-03-26,2013-04-02,2013-04-07,2295.0,1,2295.0
SO55077,1156,152,2013-03-26,2013-04-02,2013-04-07,2295.0,1,2295.0
SO55078,14539,349,2013-03-26,2013-04-02,2013-04-07,1215.0,1,1215.0
SO55079,11954,370,2013-03-26,2013-04-02,2013-04-07,1701.0,1,1701.0
SO55080,17953,365,2013-03-26,2013-04-02,2013-04-07,2384.0,1,2384.0
SO55081,7726,166,2013-03-26,2013-04-02,2013-04-07,2443.0,1,2443.0
SO55081,7726,167,2013-03-26,2013-04-02,2013-04-07,2443.0,1,2443.0
SO55082,4793,381,2013-03-26,2013-04-02,2013-04-07,565.0,1,565.0
SO55083,965,147,2013-03-26,2013-04-02,2013-04-07,2295.0,1,2295.0
SO55083,965,148,2013-03-26,2013-04-02,2013-04-07,2295.0,1,2295.0
SO55084,905,151,2013-03-26,2013-04-02,2013-04-07,2295.0,1,2295.0
SO55084,905,152,2013-03-26,2013-04-02,2013-04-07,2295.0,1,2295.0
SO55085,906,141,2013-03-26,2013-04-02,2013-04-07,2320.0,1,2320.0
SO55085,906,142,2013-03-26,2013-04-02,2013-04-07,2320.0,1,2320.0
SO55086,14282,349,2013-03-26,2013-04-02,2013-04-07,1215.0,1,1215.0
SO55087,13671,352,2013-03-26,2013-04-02,2013-04-07,2384.0,1,2384.0
SO55088,11337,393,2013-03-26,2013-04-02,2013-04-07,540.0,1,540.0
SO55089,8672,178,2013-03-26,2013-04-02,2013-04-07,1120.0,1,1120.0
SO55089,8672,179,2013-03-26,2013-04-02,2013-04-07,1120.0,1,1120.0
SO55090,8502,176,2013-03-26,2013-04-02,2013-04-07,1120.0,1,1120.0
SO55090,8502,177,2013-03-26,2013-04-02,2013-04-07,1120.0,1,1120.0
SO55091,12221,172,2013-03-26,2013-04-02,2013-04-07,1120.0,1,1120.0
SO55091,12221,173,2013-03-26,2013-04-02,2013-04-07,1120.0,1,1120.0
SO55092,12527,172,2013-03-27,2013-04-03,2013-04-08,1120.0,1,1120.0
SO55092,12527,173,2013-03-27,2013-04-03,2013-04-08,1120.0,1,1120.0
SO55093,550,149,2013-03-27,2013-04-03,2013-04-08,2295.0,1,2295.0
SO55093,550,150,2013-03-27,2013-04-03,2013-04-08,2295.0,1,2295.0
SO55094,859,21,2013-03-27,2013-04-03,2013-04-08,50.0,1,50.0
SO55094,859,22,2013-03-27,2013-04-03,2013-04-08,50.0,1,50.0
SO55094,859,23,2013-03-27,2013-04-03,2013-04-08,50.0,1,50.0
SO55095,151,324,2013-03-27,2013-04-03,2013-04-08,25.0,1,25.0
SO55096,8604,327,2013-03-27,2013-04-03,2013-04-08,21.0,1,21.0
SO55097,8568,274,2013-03-27,2013-04-03,2013-04-08,22.0,1,22.0
SO55098,15665,263,2013-03-27,2013-04-03,2013-04-08,70.0,1,70.0
SO55099,14224,317,2013-03-27,2013-04-03,2013-04-08,5.0,1,5.0
SO55100,16388,330,2013-03-27,2013-04-03,2013-04-08,29.0,1,29.0
SO55101,499,319,2013-03-27,2013-04-03,2013-04-08,5.0,1,5.0
SO55102,502,318,2013-03-27,2013-04-03,2013-04-08,4.0,1,4.0
SO55103,17006,319,2013-03-27,2013-04-03,2013-04-08,5.0,1,5.0
SO55104,506,324,2013-03-27,2013-04-03,2013-04-08,25.0,1,25.0
SO55105,2763,329,2013-03-27,2013-04-03,2013-04-08,33.0,1,33.0
SO55106,7756,325,2013-03-27,2013-04-03,2013-04-08,30.0,1,30.0
SO55107,502,317,2013-03-27,2013-04-03,2013-04-08,5.0,1,5.0
SO55108,11143,317,2013-03-27,2013-04-03,2013-04-08,5.0,1,5.0
SO55109,6028,266,2013-03-27,2013-04-03,2013-04-08,5.0,1,5.0
SO55110,7808,263,2013-03-27,2013-04-03,2013-04-08,70.0,1,70.0
SO55111,15450,266,2013-03-27,2013-04-03,2013-04-08,5.0,1,5.0
SO55112,7837,264,2013-03-27,2013-04-03,2013-04-08,70.0,1,70.0
SO55113,6162,266,2013-03-27,2013-04-03,2013-04-08,5.0,1,5.0
SO55114,7322,317,2013-03-27,2013-04-03,2013-04-08,5.0,1,5.0
SO55115,3712,274,2013-03-27,2013-04-03,2013-04-08,22.0,1,22.0
SO55116,5459,324,2013-03-27,2013-04-03,2013-04-08,25.0,1,25.0
SO55117,17443,265,2013-03-27,2013-04-03,2013-04-08,70.0,1,70.0
SO55118,6084,317,2013-03-27,2013-04-03,2013-04-08,5.0,1,5.0
SO55119,5456,318,2013-03-27,2013-04-03,2013-04-08,4.0,1,4.0
SO55120,16851,319,2013-03-27,2013-04-03,2013-04-08,5.0,1,5.0
SO55121,2677,330,2013-03-27,2013-04-03,2013-04-08,29.0,1,29.0
SO55122,15973,330,2013-03-27,2013-04-03,2013-04-08,29.0,1,29.0
SO55123,14580,319,2013-03-27,2013-04-03,2013-04-08,5.0,1,5.0
SO55124,2433,274,2013-03-27,2013-04-03,2013-04-08,22.0,1,22.0
SO55125,2297,274,2013-03-27,2013-04-03,2013-04-08,22.0,1,22.0
SO55126,441,278,2013-03-27,2013-04-03,2013-04-08,54.0,1,54.0
SO55127,7079,274,2013-03-27,2013-04-03,2013-04-08,22.0,1,22.0
SO55128,4828,386,2013-03-27,2013-04-03,2013-04-08,540.0,1,540.0
SO55129,4914,381,2013-03-27,2013-04-03,2013-04-08,565.0,1,565.0
SO55130,9340,166,2013-03-27,2013-04-03,2013-04-08,2443.0,1,2443.0
SO55130,9340,167,2013-03-27,2013-04-03,2013-04-08,2443.0,1,2443.0
SO55131,7924,378,2013-03-27,2013-04-03,2013-04-08,769.0,1,769.0
SO55132,27,141,2013-03-27,2013-04-03,2013-04-08,2320.0,1,2320.0
SO55132,27,142,2013-03-27,2013-04-03,2013-04-08,2320.0,1,2320.0
SO55133,968,149,2013-03-27,2013-04-03,2013-04-08,2295.0,1,2295.0
SO55133,968,150,2013-03-27,2013-04-03,2013-04-08,2295.0,1,2295.0
SO55134,899,145,2013-03-27,2013-04-03,2013-04-08,2320.0,1,2320.0
SO55134,899,146,2013-03-27,2013-04-03,2013-04-08,2320.0,1,2320.0
SO55135,13674,350,2013-03-27,2013-04-03,2013-04-08,2384.0,1,2384.0
SO55136,11375,373,2013-03-27,2013-04-03,2013-04-08,540.0,1,540.0
SO55137,12231,172,2013-03-27,2013-04-03,2013-04-08,1120.0,1,1120.0
SO55137,12231,173,2013-03-27,2013-04-03,2013-04-08,1120.0,1,1120.0
SO55138,17112,374,2013-03-27,2013-04-03,2013-04-08,742.0,1,742.0
SO55139,12418,170,2013-03-28,2013-04-04,2013-04-09,1120.0,1,1120.0
SO55139,12418,171,2013-03-28,2013-04-04,2013-04-09,1120.0,1,1120.0
SO55140,1000,366,2013-03-28,2013-04-04,2013-04-09,1215.0,1,1215.0
SO55141,549,143,2013-03-28,2013-04-04,2013-04-09,2320.0,1,2320.0
SO55141,549,144,2013-03-28,2013-04-04,2013-04-09,2320.0,1,2320.0
SO55142,434,145,2013-03-28,2013-04-04,2013-04-09,2320.0,1,2320.0
SO55142,434,146,2013-03-28,2013-04-04,2013-04-09,2320.0,1,2320.0
SO55143,2171,272,2013-03-28,2013-04-04,2013-04-09,120.0,1,120.0
SO55144,9318,266,2013-03-28,2013-04-04,2013-04-09,5.0,1,5.0
SO55145,12781,370,2013-03-28,2013-04-04,2013-04-09,1701.0,1,1701.0
SO55146,1751,149,2013-03-28,2013-04-04,2013-04-09,2295.0,1,2295.0
SO55146,1751,150,2013-03-28,2013-04-04,2013-04-09,2295.0,1,2295.0
SO55147,18242,328,2013-03-28,2013-04-04,2013-04-09,25.0,1,25.0
SO55148,214,269,2013-03-28,2013-04-04,2013-04-09,2.0,1,2.0
SO55149,16655,327,2013-03-28,2013-04-04,2013-04-09,21.0,1,21.0
SO55150,16480,327,2013-03-28,2013-04-04,2013-04-09,21.0,1,21.0
SO55151,216,319,2013-03-28,2013-04-04,2013-04-09,5.0,1,5.0
SO55152,14954,324,2013-03-28,2013-04-04,2013-04-09,25.0,1,25.0
SO55153,9747,324,2013-03-28,2013-04-04,2013-04-09,25.0,1,25.0
SO55154,5960,329,2013-03-28,2013-04-04,2013-04-09,33.0,1,33.0
SO55155,13743,318,2013-03-28,2013-04-04,2013-04-09,4.0,1,4.0
SO55156,13424,329,2013-03-28,2013-04-04,2013-04-09,33.0,1,33.0
SO55157,7687,317,2013-03-28,2013-04-04,2013-04-09,5.0,1,5.0
SO55158,499,263,2013-03-28,2013-04-04,2013-04-09,70.0,1,70.0
SO55159,8897,264,2013-03-28,2013-04-04,2013-04-09,70.0,1,70.0
SO55160,9015,12,2013-03-28,2013-04-04,2013-04-09,9.0,1,9.0
SO55160,9015,13,2013-03-28,2013-04-04,2013-04-09,9.0,1,9.0
SO55160,9015,14,2013-03-28,2013-04-04,2013-04-09,9.0,1,9.0
SO55161,5116,317,2013-03-28,2013-04-04,2013-04-09,5.0,1,5.0
SO55162,7328,266,2013-03-28,2013-04-04,2013-04-09,5.0,1,5.0
SO55163,13400,317,2013-03-28,2013-04-04,2013-04-09,5.0,1,5.0
SO55164,3532,329,2013-03-28,2013-04-04,2013-04-09,33.0,1,33.0
SO55165,11325,328,2013-03-28,2013-04-04,2013-04-09,25.0,1,25.0
SO55166,5475,324,2013-03-28,2013-04-04,2013-04-09,25.0,1,25.0
SO55167,7037,328,2013-03-28,2013-04-04,2013-04-09,25.0,1,25.0
SO55168,16904,318,2013-03-28,2013-04-04,2013-04-09,4.0,1,4.0
SO55169,8516,318,2013-03-28,2013-04-04,2013-04-09,4.0,1,4.0
SO55170,10115,266,2013-03-28,2013-04-04,2013-04-09,5.0,1,5.0
SO55171,567,327,2013-03-28,2013-04-04,2013-04-09,21.0,1,21.0
SO55172,2184,274,2013-03-28,2013-04-04,2013-04-09,22.0,1,22.0
SO55173,2980,376,2013-03-28,2013-04-04,2013-04-09,769.0,1,769.0
SO55174,7722,370,2013-03-28,2013-04-04,2013-04-09,1701.0,1,1701.0
SO55175,765,147,2013-03-28,2013-04-04,2013-04-09,2295.0,1,2295.0
SO55175,765,148,2013-03-28,2013-04-04,2013-04-09,2295.0,1,2295.0
SO55176,893,141,2013-03-28,2013-04-04,2013-04-09,2320.0,1,2320.0
SO55176,893,142,2013-03-28,2013-04-04,2013-04-09,2320.0,1,2320.0
SO55177,5341,394,2013-03-28,2013-04-04,2013-04-09,540.0,1,540.0
SO55178,13136,365,2013-03-28,2013-04-04,2013-04-09,2384.0,1,2384.0
SO55179,7492,166,2013-03-29,2013-04-05,2013-04-10,2443.0,1,2443.0
SO55179,7492,167,2013-03-29,2013-04-05,2013-04-10,2443.0,1,2443.0
SO55180,363,324,2013-03-29,2013-04-05,2013-04-10,25.0,1,25.0
SO55181,4237,318,2013-03-29,2013-04-05,2013-04-10,4.0,1,4.0
SO55182,6239,325,2013-03-29,2013-04-05,2013-04-10,30.0,1,30.0
SO55183,5169,325,2013-03-29,2013-04-05,2013-04-10,30.0,1,30.0
SO55184,7713,274,2013-03-29,2013-04-05,2013-04-10,22.0,1,22.0
SO55185,1250,18,2013-03-29,2013-04-05,2013-04-10,50.0,1,50.0
SO55185,1250,19,2013-03-29,2013-04-05,2013-04-10,50.0,1,50.0
SO55185,1250,20,2013-03-29,2013-04-05,2013-04-10,50.0,1,50.0
SO55186,6326,12,2013-03-29,2013-04-05,2013-04-10,9.0,1,9.0
SO55186,6326,13,2013-03-29,2013-04-05,2013-04-10,9.0,1,9.0
SO55186,6326,14,2013-03-29,2013-04-05,2013-04-10,9.0,1,9.0
SO55187,3926,385,2013-03-29,2013-04-05,2013-04-10,540.0,1,540.0
SO55188,16925,160,2013-03-29,2013-04-05,2013-04-10,2443.0,1,2443.0
SO55188,16925,161,2013-03-29,2013-04-05,2013-04-10,2443.0,1,2443.0
SO55189,154,260,2013-03-29,2013-04-05,2013-04-10,64.0,1,64.0
SO55190,254,318,2013-03-29,2013-04-05,2013-04-10,4.0,1,4.0
SO55191,178,318,2013-03-29,2013-04-05,2013-04-10,4.0,1,4.0
SO55192,17992,328,2013-03-29,2013-04-05,2013-04-10,25.0,1,25.0
SO55193,216,328,2013-03-29,2013-04-05,2013-04-10,25.0,1,25.0
SO55194,4817,318,2013-03-29,2013-04-05,2013-04-10,4.0,1,4.0
SO55195,6388,317,2013-03-29,2013-04-05,2013-04-10,5.0,1,5.0
SO55196,9514,266,2013-03-29,2013-04-05,2013-04-10,5.0,1,5.0
SO55197,1364,266,2013-03-29,2013-04-05,2013-04-10,5.0,1,5.0
SO55198,8882,12,2013-03-29,2013-04-05,2013-04-10,9.0,1,9.0
SO55198,8882,13,2013-03-29,2013-04-05,2013-04-10,9.0,1,9.0
SO55198,8882,14,2013-03-29,2013-04-05,2013-04-10,9.0,1,9.0
SO55199,9767,267,2013-03-29,2013-04-05,2013-04-10,10.0,1,10.0
SO55200,9521,267,2013-03-29,2013-04-05,2013-04-10,10.0,1,10.0
SO55201,7575,266,2013-03-29,2013-04-05,2013-04-10,5.0,1,5.0
SO55202,12880,266,2013-03-29,2013-04-05,2013-04-10,5.0,1,5.0
SO55203,4872,317,2013-03-29,2013-04-05,2013-04-10,5.0,1,5.0
SO55204,12592,317,2013-03-29,2013-04-05,2013-04-10,5.0,1,5.0
SO55205,8871,317,2013-03-29,2013-04-05,2013-04-10,5.0,1,5.0
SO55206,5307,274,2013-03-29,2013-04-05,2013-04-10,22.0,1,22.0
SO55207,9597,324,2013-03-29,2013-04-05,2013-04-10,25.0,1,25.0
SO55208,6722,325,2013-03-29,2013-04-05,2013-04-10,30.0,1,30.0
SO55209,6105,266,2013-03-29,2013-04-05,2013-04-10,5.0,1,5.0
SO55210,14517,327,2013-03-29,2013-04-05,2013-04-10,21.0,1,21.0
SO55211,10846,266,2013-03-29,2013-04-05,2013-04-10,5.0,1,5.0
SO55212,393,330,2013-03-29,2013-04-05,2013-04-10,29.0,1,29.0
SO55213,1310,327,2013-03-29,2013-04-05,2013-04-10,21.0,1,21.0
SO55214,4702,319,2013-03-29,2013-04-05,2013-04-10,5.0,1,5.0
SO55215,154,326,2013-03-29,2013-04-05,2013-04-10,35.0,1,35.0
SO55216,1186,326,2013-03-29,2013-04-05,2013-04-10,35.0,1,35.0
SO55217,891,326,2013-03-29,2013-04-05,2013-04-10,35.0,1,35.0
SO55218,1952,274,2013-03-29,2013-04-05,2013-04-10,22.0,1,22.0
SO55219,9325,162,2013-03-29,2013-04-05,2013-04-10,2443.0,1,2443.0
SO55219,9325,163,2013-03-29,2013-04-05,2013-04-10,2443.0,1,2443.0
SO55220,1194,145,2013-03-29,2013-04-05,2013-04-10,2320.0,1,2320.0
SO55220,1194,146,2013-03-29,2013-04-05,2013-04-10,2320.0,1,2320.0
SO55221,3158,361,2013-03-29,2013-04-05,2013-04-10,742.0,1,742.0
SO55222,7704,371,2013-03-29,2013-04-05,2013-04-10,1701.0,1,1701.0
SO55223,9822,394,2013-03-29,2013-04-05,2013-04-10,540.0,1,540.0
SO55224,17929,363,2013-03-29,2013-04-05,2013-04-10,2384.0,1,2384.0
SO55225,5744,168,2013-03-29,2013-04-05,2013-04-10,2443.0,1,2443.0
SO55225,5744,169,2013-03-29,2013-04-05,2013-04-10,2443.0,1,2443.0
SO55226,7910,166,2013-03-29,2013-04-05,2013-04-10,2443.0,1,2443.0
SO55226,7910,167,2013-03-29,2013-04-05,2013-04-10,2443.0,1,2443.0
SO55227,4831,387,2013-03-29,2013-04-05,2013-04-10,540.0,1,540.0
SO55228,897,143,2013-03-29,2013-04-05,2013-04-10,2320.0,1,2320.0
SO55228,897,144,2013-03-29,2013-04-05,2013-04-10,2320.0,1,2320.0
SO55229,10654,394,2013-03-29,2013-04-05,2013-04-10,540.0,1,540.0
SO55230,10792,394,2013-03-29,2013-04-05,2013-04-10,540.0,1,540.0
SO55231,8717,174,2013-03-29,2013-04-05,2013-04-10,1120.0,1,1120.0
SO55231,8717,175,2013-03-29,2013-04-05,2013-04-10,1120.0,1,1120.0
SO55232,14703,362,2013-03-29,2013-04-05,2013-04-10,2384.0,1,2384.0
SO55332,12572,178,2013-03-30,2013-04-06,2013-04-11,1120.0,1,1120.0
SO55332,12572,179,2013-03-30,2013-04-06,2013-04-11,1120.0,1,1120.0
SO55333,1641,147,2013-03-30,2013-04-06,2013-04-11,2295.0,1,2295.0
SO55333,1641,148,2013-03-30,2013-04-06,2013-04-11,2295.0,1,2295.0
SO55334,10221,326,2013-03-30,2013-04-06,2013-04-11,35.0,1,35.0
SO55335,459,267,2013-03-30,2013-04-06,2013-04-11,10.0,1,10.0
SO55336,3233,24,2013-03-30,2013-04-06,2013-04-11,50.0,1,50.0
SO55336,3233,25,2013-03-30,2013-04-06,2013-04-11,50.0,1,50.0
SO55336,3233,26,2013-03-30,2013-04-06,2013-04-11,50.0,1,50.0
SO55337,759,251,2013-03-30,2013-04-06,2013-04-11,24.0,1,24.0
SO55337,759,252,2013-03-30,2013-04-06,2013-04-11,24.0,1,24.0
SO55338,3062,15,2013-03-30,2013-04-06,2013-04-11,50.0,1,50.0
SO55338,3062,16,2013-03-30,2013-04-06,2013-04-11,50.0,1,50.0
SO55338,3062,17,2013-03-30,2013-04-06,2013-04-11,50.0,1,50.0
SO55339,8605,330,2013-03-30,2013-04-06,2013-04-11,29.0,1,29.0
SO55340,8626,330,2013-03-30,2013-04-06,2013-04-11,29.0,1,29.0
SO55341,3931,387,2013-03-30,2013-04-06,2013-04-11,540.0,1,540.0
SO55342,288,319,2013-03-30,2013-04-06,2013-04-11,5.0,1,5.0
SO55343,17055,327,2013-03-30,2013-04-06,2013-04-11,21.0,1,21.0
SO55344,14006,324,2013-03-30,2013-04-06,2013-04-11,25.0,1,25.0
SO55345,13945,318,2013-03-30,2013-04-06,2013-04-11,4.0,1,4.0
SO55346,15689,324,2013-03-30,2013-04-06,2013-04-11,25.0,1,25.0
SO55347,14066,329,2013-03-30,2013-04-06,2013-04-11,33.0,1,33.0
SO55348,10308,267,2013-03-30,2013-04-06,2013-04-11,10.0,1,10.0
SO55349,8881,265,2013-03-30,2013-04-06,2013-04-11,70.0,1,70.0
SO55350,17601,263,2013-03-30,2013-04-06,2013-04-11,70.0,1,70.0
SO55351,6694,266,2013-03-30,2013-04-06,2013-04-11,5.0,1,5.0
SO55352,4308,317,2013-03-30,2013-04-06,2013-04-11,5.0,1,5.0
SO55353,7638,274,2013-03-30,2013-04-06,2013-04-11,22.0,1,22.0
SO55354,9595,325,2013-03-30,2013-04-06,2013-04-11,30.0,1,30.0
SO55355,1839,274,2013-03-30,2013-04-06,2013-04-11,22.0,1,22.0
SO55356,8930,328,2013-03-30,2013-04-06,2013-04-11,25.0,1,25.0
SO55357,12977,266,2013-03-30,2013-04-06,2013-04-11,5.0,1,5.0
SO55358,12967,266,2013-03-30,2013-04-06,2013-04-11,5.0,1,5.0
SO55359,8253,266,2013-03-30,2013-04-06,2013-04-11,5.0,1,5.0
SO55360,15895,327,2013-03-30,2013-04-06,2013-04-11,21.0,1,21.0
SO55361,9950,317,2013-03-30,2013-04-06,2013-04-11,5.0,1,5.0
SO55362,17544,319,2013-03-30,2013-04-06,2013-04-11,5.0,1,5.0
SO55363,9732,330,2013-03-30,2013-04-06,2013-04-11,29.0,1,29.0
SO55364,1466,318,2013-03-30,2013-04-06,2013-04-11,4.0,1,4.0
SO55365,14639,319,2013-03-30,2013-04-06,2013-04-11,5.0,1,5.0
SO55366,2789,319,2013-03-30,2013-04-06,2013-04-11,5.0,1,5.0
SO55367,6643,319,2013-03-30,2013-04-06,2013-04-11,5.0,1,5.0
SO55368,1897,274,2013-03-30,2013-04-06,2013-04-11,22.0,1,22.0
SO55369,1434,326,2013-03-30,2013-04-06,2013-04-11,35.0,1,35.0
SO55370,567,268,2013-03-30,2013-04-06,2013-04-11,9.0,1,9.0
SO55371,3132,371,2013-03-30,2013-04-06,2013-04-11,1701.0,1,1701.0
SO55372,18180,352,2013-03-30,2013-04-06,2013-04-11,2384.0,1,2384.0
SO55373,17847,357,2013-03-30,2013-04-06,2013-04-11,742.0,1,742.0
SO55374,1342,149,2013-03-30,2013-04-06,2013-04-11,2295.0,1,2295.0
SO55374,1342,150,2013-03-30,2013-04-06,2013-04-11,2295.0,1,2295.0
SO55375,14385,366,2013-03-30,2013-04-06,2013-04-11,1215.0,1,1215.0
SO55376,14383,349,2013-03-30,2013-04-06,2013-04-11,1215.0,1,1215.0
SO55377,11886,393,2013-03-30,2013-04-06,2013-04-11,540.0,1,540.0
SO55378,9063,178,2013-03-30,2013-04-06,2013-04-11,1120.0,1,1120.0
SO55378,9063,179,2013-03-30,2013-04-06,2013-04-11,1120.0,1,1120.0
SO55379,485,394,2013-03-30,2013-04-06,2013-04-11,540.0,1,540.0
SO55380,15223,394,2013-03-30,2013-04-06,2013-04-11,540.0,1,540.0
SO55381,10091,394,2013-03-30,2013-04-06,2013-04-11,540.0,1,540.0
SO55382,4627,350,2013-03-30,2013-04-06,2013-04-11,2384.0,1,2384.0
SO55383,4358,363,2013-03-30,2013-04-06,2013-04-11,2384.0,1,2384.0
SO55384,1638,145,2013-03-31,2013-04-07,2013-04-12,2320.0,1,2320.0
SO55384,1638,146,2013-03-31,2013-04-07,2013-04-12,2320.0,1,2320.0
SO55385,332,266,2013-03-31,2013-04-07,2013-04-12,5.0,1,5.0
SO55386,1346,324,2013-03-31,2013-04-07,2013-04-12,25.0,1,25.0
SO55387,4604,328,2013-03-31,2013-04-07,2013-04-12,25.0,1,25.0
SO55388,5680,317,2013-03-31,2013-04-07,2013-04-12,5.0,1,5.0
SO55389,4808,328,2013-03-31,2013-04-07,2013-04-12,25.0,1,25.0
SO55390,11209,326,2013-03-31,2013-04-07,2013-04-12,35.0,1,35.0
SO55391,11845,317,2013-03-31,2013-04-07,2013-04-12,5.0,1,5.0
SO55392,6064,280,2013-03-31,2013-04-07,2013-04-12,54.0,1,54.0
SO55393,4187,4,2013-03-31,2013-04-07,2013-04-12,35.0,1,35.0
SO55393,4187,5,2013-03-31,2013-04-07,2013-04-12,35.0,1,35.0
SO55393,4187,6,2013-03-31,2013-04-07,2013-04-12,35.0,1,35.0
SO55394,761,251,2013-03-31,2013-04-07,2013-04-12,24.0,1,24.0
SO55394,761,252,2013-03-31,2013-04-07,2013-04-12,24.0,1,24.0
SO55395,6743,370,2013-03-31,2013-04-07,2013-04-12,1701.0,1,1701.0
SO55396,4701,370,2013-03-31,2013-04-07,2013-04-12,1701.0,1,1701.0
SO55397,1315,147,2013-03-31,2013-04-07,2013-04-12,2295.0,1,2295.0
SO55397,1315,148,2013-03-31,2013-04-07,2013-04-12,2295.0,1,2295.0
SO55398,6744,389,2013-03-31,2013-04-07,2013-04-12,540.0,1,540.0
SO55399,4653,379,2013-03-31,2013-04-07,2013-04-12,769.0,1,769.0
SO55400,256,318,2013-03-31,2013-04-07,2013-04-12,4.0,1,4.0
SO55401,632,24,2013-03-31,2013-04-07,2013-04-12,50.0,1,50.0
SO55401,632,25,2013-03-31,2013-04-07,2013-04-12,50.0,1,50.0
SO55401,632,26,2013-03-31,2013-04-07,2013-04-12,50.0,1,50.0
SO55402,15793,318,2013-03-31,2013-04-07,2013-04-12,4.0,1,4.0
SO55403,15055,324,2013-03-31,2013-04-07,2013-04-12,25.0,1,25.0
SO55404,13934,329,2013-03-31,2013-04-07,2013-04-12,33.0,1,33.0
SO55405,3354,329,2013-03-31,2013-04-07,2013-04-12,33.0,1,33.0
SO55406,13396,329,2013-03-31,2013-04-07,2013-04-12,33.0,1,33.0
SO55407,15103,324,2013-03-31,2013-04-07,2013-04-12,25.0,1,25.0
SO55408,12679,325,2013-03-31,2013-04-07,2013-04-12,30.0,1,30.0
SO55409,12863,325,2013-03-31,2013-04-07,2013-04-12,30.0,1,30.0
SO55410,11036,325,2013-03-31,2013-04-07,2013-04-12,30.0,1,30.0
SO55411,11035,267,2013-03-31,2013-04-07,2013-04-12,10.0,1,10.0
SO55412,10776,267,2013-03-31,2013-04-07,2013-04-12,10.0,1,10.0
SO55413,5332,267,2013-03-31,2013-04-07,2013-04-12,10.0,1,10.0
SO55414,5993,266,2013-03-31,2013-04-07,2013-04-12,5.0,1,5.0
SO55415,5215,317,2013-03-31,2013-04-07,2013-04-12,5.0,1,5.0
SO55416,3470,317,2013-03-31,2013-04-07,2013-04-12,5.0,1,5.0
SO55417,2374,274,2013-03-31,2013-04-07,2013-04-12,22.0,1,22.0
SO55418,6111,317,2013-03-31,2013-04-07,2013-04-12,5.0,1,5.0
SO55419,8346,325,2013-03-31,2013-04-07,2013-04-12,30.0,1,30.0
SO55420,3975,326,2013-03-31,2013-04-07,2013-04-12,35.0,1,35.0
SO55421,8370,328,2013-03-31,2013-04-07,2013-04-12,25.0,1,25.0
SO55422,9872,325,2013-03-31,2013-04-07,2013-04-12,30.0,1,30.0
SO55423,12229,318,2013-03-31,2013-04-07,2013-04-12,4.0,1,4.0
SO55424,16153,318,2013-03-31,2013-04-07,2013-04-12,4.0,1,4.0
SO55425,13155,266,2013-03-31,2013-04-07,2013-04-12,5.0,1,5.0
SO55426,16958,318,2013-03-31,2013-04-07,2013-04-12,4.0,1,4.0
SO55427,12774,330,2013-03-31,2013-04-07,2013-04-12,29.0,1,29.0
SO55428,521,326,2013-03-31,2013-04-07,2013-04-12,35.0,1,35.0
SO55429,699,326,2013-03-31,2013-04-07,2013-04-12,35.0,1,35.0
SO55430,227,326,2013-03-31,2013-04-07,2013-04-12,35.0,1,35.0
SO55431,3329,317,2013-03-31,2013-04-07,2013-04-12,5.0,1,5.0
SO55432,772,326,2013-03-31,2013-04-07,2013-04-12,35.0,1,35.0
SO55433,406,280,2013-03-31,2013-04-07,2013-04-12,54.0,1,54.0
SO55434,349,266,2013-03-31,2013-04-07,2013-04-12,5.0,1,5.0
SO55435,1662,266,2013-03-31,2013-04-07,2013-04-12,5.0,1,5.0
SO55436,1263,21,2013-03-31,2013-04-07,2013-04-12,50.0,1,50.0
SO55436,1263,22,2013-03-31,2013-04-07,2013-04-12,50.0,1,50.0
SO55436,1263,23,2013-03-31,2013-04-07,2013-04-12,50.0,1,50.0
SO55437,9341,160,2013-03-31,2013-04-07,2013-04-12,2443.0,1,2443.0
SO55437,9341,161,2013-03-31,2013-04-07,2013-04-12,2443.0,1,2443.0
SO55438,5977,372,2013-03-31,2013-04-07,2013-04-12,1701.0,1,1701.0
SO55439,3018,376,2013-03-31,2013-04-07,2013-04-12,769.0,1,769.0
SO55440,1081,145,2013-03-31,2013-04-07,2013-04-12,2320.0,1,2320.0
SO55440,1081,146,2013-03-31,2013-04-07,2013-04-12,2320.0,1,2320.0
SO55441,629,147,2013-03-31,2013-04-07,2013-04-12,2295.0,1,2295.0
SO55441,629,148,2013-03-31,2013-04-07,2013-04-12,2295.0,1,2295.0
SO55442,1365,145,2013-03-31,2013-04-07,2013-04-12,2320.0,1,2320.0
SO55442,1365,146,2013-03-31,2013-04-07,2013-04-12,2320.0,1,2320.0
SO55443,3847,355,2013-03-31,2013-04-07,2013-04-12,742.0,1,742.0
SO55444,16339,373,2013-03-31,2013-04-07,2013-04-12,540.0,1,540.0
SO55445,8094,162,2013-03-31,2013-04-07,2013-04-12,2443.0,1,2443.0
SO55445,8094,163,2013-03-31,2013-04-07,2013-04-12,2443.0,1,2443.0
SO55446,1350,149,2013-03-31,2013-04-07,2013-04-12,2295.0,1,2295.0
SO55446,1350,150,2013-03-31,2013-04-07,2013-04-12,2295.0,1,2295.0
SO55447,1356,143,2013-03-31,2013-04-07,2013-04-12,2320.0,1,2320.0
SO55447,1356,144,2013-03-31,2013-04-07,2013-04-12,2320.0,1,2320.0
SO55448,1669,147,2013-03-31,2013-04-07,2013-04-12,2295.0,1,2295.0
SO55448,1669,148,2013-03-31,2013-04-07,2013-04-12,2295.0,1,2295.0
SO55449,1004,141,2013-03-31,2013-04-07,2013-04-12,2320.0,1,2320.0
SO55449,1004,142,2013-03-31,2013-04-07,2013-04-12,2320.0,1,2320.0
SO55450,11073,393,2013-03-31,2013-04-07,2013-04-12,540.0,1,540.0
SO55451,13906,178,2013-04-01,2013-04-08,2013-04-13,1120.0,1,1120.0
SO55451,13906,179,2013-04-01,2013-04-08,2013-04-13,1120.0,1,1120.0
SO55452,5522,176,2013-04-01,2013-04-08,2013-04-13,1120.0,1,1120.0
SO55452,5522,177,2013-04-01,2013-04-08,2013-04-13,1120.0,1,1120.0
SO55453,1386,147,2013-04-01,2013-04-08,2013-04-13,2295.0,1,2295.0
SO55453,1386,148,2013-04-01,2013-04-08,2013-04-13,2295.0,1,2295.0
SO55454,1214,141,2013-04-01,2013-04-08,2013-04-13,2320.0,1,2320.0
SO55454,1214,142,2013-04-01,2013-04-08,2013-04-13,2320.0,1,2320.0
SO55455,1366,268,2013-04-01,2013-04-08,2013-04-13,9.0,1,9.0
SO55456,2629,324,2013-04-01,2013-04-08,2013-04-13,25.0,1,25.0
SO55457,7286,317,2013-04-01,2013-04-08,2013-04-13,5.0,1,5.0
SO55458,13472,266,2013-04-01,2013-04-08,2013-04-13,5.0,1,5.0
SO55459,16351,264,2013-04-01,2013-04-08,2013-04-13,70.0,1,70.0
SO55460,8630,318,2013-04-01,2013-04-08,2013-04-13,4.0,1,4.0
SO55461,6319,12,2013-04-01,2013-04-08,2013-04-13,9.0,1,9.0
SO55461,6319,13,2013-04-01,2013-04-08,2013-04-13,9.0,1,9.0
SO55461,6319,14,2013-04-01,2013-04-08,2013-04-13,9.0,1,9.0
SO55462,506,319,2013-04-01,2013-04-08,2013-04-13,5.0,1,5.0
SO55463,212,318,2013-04-01,2013-04-08,2013-04-13,4.0,1,4.0
SO55464,18053,318,2013-04-01,2013-04-08,2013-04-13,4.0,1,4.0
SO55465,18233,318,2013-04-01,2013-04-08,2013-04-13,4.0,1,4.0
SO55466,17091,319,2013-04-01,2013-04-08,2013-04-13,5.0,1,5.0
SO55467,17003,319,2013-04-01,2013-04-08,2013-04-13,5.0,1,5.0
SO55468,14207,324,2013-04-01,2013-04-08,2013-04-13,25.0,1,25.0
SO55469,15260,330,2013-04-01,2013-04-08,2013-04-13,29.0,1,29.0
SO55470,12199,325,2013-04-01,2013-04-08,2013-04-13,30.0,1,30.0
SO55471,10803,267,2013-04-01,2013-04-08,2013-04-13,10.0,1,10.0
SO55472,9706,267,2013-04-01,2013-04-08,2013-04-13,10.0,1,10.0
SO55473,7810,263,2013-04-01,2013-04-08,2013-04-13,70.0,1,70.0
SO55474,3503,263,2013-04-01,2013-04-08,2013-04-13,70.0,1,70.0
SO55475,3655,317,2013-04-01,2013-04-08,2013-04-13,5.0,1,5.0
SO55476,11060,317,2013-04-01,2013-04-08,2013-04-13,5.0,1,5.0
SO55477,3850,274,2013-04-01,2013-04-08,2013-04-13,22.0,1,22.0
SO55478,4619,328,2013-04-01,2013-04-08,2013-04-13,25.0,1,25.0
SO55479,6971,328,2013-04-01,2013-04-08,2013-04-13,25.0,1,25.0
SO55480,7043,324,2013-04-01,2013-04-08,2013-04-13,25.0,1,25.0
SO55481,7025,324,2013-04-01,2013-04-08,2013-04-13,25.0,1,25.0
SO55482,6747,317,2013-04-01,2013-04-08,2013-04-13,5.0,1,5.0
SO55483,6789,324,2013-04-01,2013-04-08,2013-04-13,25.0,1,25.0
SO55484,6841,324,2013-04-01,2013-04-08,2013-04-13,25.0,1,25.0
SO55485,12757,330,2013-04-01,2013-04-08,2013-04-13,29.0,1,29.0
SO55486,16931,330,2013-04-01,2013-04-08,2013-04-13,29.0,1,29.0
SO55487,1066,326,2013-04-01,2013-04-08,2013-04-13,35.0,1,35.0
SO55488,726,326,2013-04-01,2013-04-08,2013-04-13,35.0,1,35.0
SO55489,4158,326,2013-04-01,2013-04-08,2013-04-13,35.0,1,35.0
SO55490,3105,377,2013-04-01,2013-04-08,2013-04-13,769.0,1,769.0
SO55491,2221,143,2013-04-01,2013-04-08,2013-04-13,2320.0,1,2320.0
SO55491,2221,144,2013-04-01,2013-04-08,2013-04-13,2320.0,1,2320.0
SO55492,15934,368,2013-04-01,2013-04-08,2013-04-13,1215.0,1,1215.0
SO55493,388,367,2013-04-01,2013-04-08,2013-04-13,1215.0,1,1215.0
SO55494,9824,394,2013-04-01,2013-04-08,2013-04-13,540.0,1,540.0
SO55495,9985,395,2013-04-01,2013-04-08,2013-04-13,540.0,1,540.0
SO55496,9989,373,2013-04-01,2013-04-08,2013-04-13,540.0,1,540.0
SO55497,18103,350,2013-04-01,2013-04-08,2013-04-13,2384.0,1,2384.0
SO55498,18104,365,2013-04-01,2013-04-08,2013-04-13,2384.0,1,2384.0
SO55499,1677,149,2013-04-01,2013-04-08,2013-04-13,2295.0,1,2295.0
SO55499,1677,150,2013-04-01,2013-04-08,2013-04-13,2295.0,1,2295.0
SO55500,11897,393,2013-04-01,2013-04-08,2013-04-13,540.0,1,540.0
SO55501,11067,373,2013-04-01,2013-04-08,2013-04-13,540.0,1,540.0
SO55502,9000,176,2013-04-01,2013-04-08,2013-04-13,1120.0,1,1120.0
SO55502,9000,177,2013-04-01,2013-04-08,2013-04-13,1120.0,1,1120.0
SO55503,14721,353,2013-04-01,2013-04-08,2013-04-13,2384.0,1,2384.0
SO55504,1648,362,2013-04-01,2013-04-08,2013-04-13,2384.0,1,2384.0
SO55505,1303,143,2013-04-02,2013-04-09,2013-04-14,2320.0,1,2320.0
SO55505,1303,144,2013-04-02,2013-04-09,2013-04-14,2320.0,1,2320.0
SO55506,2794,377,2013-04-02,2013-04-09,2013-04-14,769.0,1,769.0
SO55507,6730,318,2013-04-02,2013-04-09,2013-04-14,4.0,1,4.0
SO55508,14225,317,2013-04-02,2013-04-09,2013-04-14,5.0,1,5.0
SO55509,761,318,2013-04-02,2013-04-09,2013-04-14,4.0,1,4.0
SO55510,18305,267,2013-04-02,2013-04-09,2013-04-14,10.0,1,10.0
SO55511,5931,273,2013-04-02,2013-04-09,2013-04-14,8.0,1,8.0
SO55512,1346,251,2013-04-02,2013-04-09,2013-04-14,24.0,1,24.0
SO55512,1346,252,2013-04-02,2013-04-09,2013-04-14,24.0,1,24.0
SO55513,2808,379,2013-04-02,2013-04-09,2013-04-14,769.0,1,769.0
SO55514,16225,318,2013-04-02,2013-04-09,2013-04-14,4.0,1,4.0
SO55515,18076,318,2013-04-02,2013-04-09,2013-04-14,4.0,1,4.0
SO55516,17797,318,2013-04-02,2013-04-09,2013-04-14,4.0,1,4.0
SO55517,17267,319,2013-04-02,2013-04-09,2013-04-14,5.0,1,5.0
SO55518,15350,324,2013-04-02,2013-04-09,2013-04-14,25.0,1,25.0
SO55519,254,324,2013-04-02,2013-04-09,2013-04-14,25.0,1,25.0
SO55520,13738,329,2013-04-02,2013-04-09,2013-04-14,33.0,1,33.0
SO55521,1940,325,2013-04-02,2013-04-09,2013-04-14,30.0,1,30.0
SO55522,10751,267,2013-04-02,2013-04-09,2013-04-14,10.0,1,10.0
SO55523,7542,265,2013-04-02,2013-04-09,2013-04-14,70.0,1,70.0
SO55524,7313,266,2013-04-02,2013-04-09,2013-04-14,5.0,1,5.0
SO55525,6527,266,2013-04-02,2013-04-09,2013-04-14,5.0,1,5.0
SO55526,16438,264,2013-04-02,2013-04-09,2013-04-14,70.0,1,70.0
SO55527,5964,266,2013-04-02,2013-04-09,2013-04-14,5.0,1,5.0
SO55528,7105,266,2013-04-02,2013-04-09,2013-04-14,5.0,1,5.0
SO55529,3455,274,2013-04-02,2013-04-09,2013-04-14,22.0,1,22.0
SO55530,15702,317,2013-04-02,2013-04-09,2013-04-14,5.0,1,5.0
SO55531,14670,318,2013-04-02,2013-04-09,2013-04-14,4.0,1,4.0
SO55532,10511,325,2013-04-02,2013-04-09,2013-04-14,30.0,1,30.0
SO55533,16784,318,2013-04-02,2013-04-09,2013-04-14,4.0,1,4.0
SO55534,16323,319,2013-04-02,2013-04-09,2013-04-14,5.0,1,5.0
SO55535,14631,319,2013-04-02,2013-04-09,2013-04-14,5.0,1,5.0
SO55536,2331,326,2013-04-02,2013-04-09,2013-04-14,35.0,1,35.0
SO55537,3037,376,2013-04-02,2013-04-09,2013-04-14,769.0,1,769.0
SO55538,6048,379,2013-04-02,2013-04-09,2013-04-14,769.0,1,769.0
SO55539,7770,369,2013-04-02,2013-04-09,2013-04-14,1701.0,1,1701.0
SO55540,9995,393,2013-04-02,2013-04-09,2013-04-14,540.0,1,540.0
SO55541,8589,166,2013-04-02,2013-04-09,2013-04-14,2443.0,1,2443.0
SO55541,8589,167,2013-04-02,2013-04-09,2013-04-14,2443.0,1,2443.0
SO55542,8587,166,2013-04-02,2013-04-09,2013-04-14,2443.0,1,2443.0
SO55542,8587,167,2013-04-02,2013-04-09,2013-04-14,2443.0,1,2443.0
SO55543,1040,147,2013-04-02,2013-04-09,2013-04-14,2295.0,1,2295.0
SO55543,1040,148,2013-04-02,2013-04-09,2013-04-14,2295.0,1,2295.0
SO55544,14386,367,2013-04-02,2013-04-09,2013-04-14,1215.0,1,1215.0
SO55545,13803,363,2013-04-02,2013-04-09,2013-04-14,2384.0,1,2384.0
SO55546,13807,363,2013-04-02,2013-04-09,2013-04-14,2384.0,1,2384.0
SO55547,13999,364,2013-04-02,2013-04-09,2013-04-14,2384.0,1,2384.0
SO55548,8987,170,2013-04-02,2013-04-09,2013-04-14,1120.0,1,1120.0
SO55548,8987,171,2013-04-02,2013-04-09,2013-04-14,1120.0,1,1120.0
SO55549,12945,178,2013-04-02,2013-04-09,2013-04-14,1120.0,1,1120.0
SO55549,12945,179,2013-04-02,2013-04-09,2013-04-14,1120.0,1,1120.0
SO55550,14762,394,2013-04-02,2013-04-09,2013-04-14,540.0,1,540.0
SO55551,403,393,2013-04-02,2013-04-09,2013-04-14,540.0,1,540.0
SO55552,15211,373,2013-04-02,2013-04-09,2013-04-14,540.0,1,540.0
SO55553,1646,353,2013-04-02,2013-04-09,2013-04-14,2384.0,1,2384.0
SO55554,13137,365,2013-04-02,2013-04-09,2013-04-14,2384.0,1,2384.0
SO55555,2769,145,2013-04-03,2013-04-10,2013-04-15,2320.0,1,2320.0
SO55555,2769,146,2013-04-03,2013-04-10,2013-04-15,2320.0,1,2320.0
SO55556,1282,145,2013-04-03,2013-04-10,2013-04-15,2320.0,1,2320.0
SO55556,1282,146,2013-04-03,2013-04-10,2013-04-15,2320.0,1,2320.0
SO55557,17602,273,2013-04-03,2013-04-10,2013-04-15,8.0,1,8.0
SO55558,5175,318,2013-04-03,2013-04-10,2013-04-15,4.0,1,4.0
SO55559,7744,274,2013-04-03,2013-04-10,2013-04-15,22.0,1,22.0
SO55560,5610,329,2013-04-03,2013-04-10,2013-04-15,33.0,1,33.0
SO55561,9046,387,2013-04-03,2013-04-10,2013-04-15,540.0,1,540.0
SO55562,829,279,2013-04-03,2013-04-10,2013-04-15,54.0,1,54.0
SO55563,188,318,2013-04-03,2013-04-10,2013-04-15,4.0,1,4.0
SO55564,18325,318,2013-04-03,2013-04-10,2013-04-15,4.0,1,4.0
SO55565,18252,318,2013-04-03,2013-04-10,2013-04-15,4.0,1,4.0
SO55566,803,318,2013-04-03,2013-04-10,2013-04-15,4.0,1,4.0
SO55567,16659,327,2013-04-03,2013-04-10,2013-04-15,21.0,1,21.0
SO55568,10239,324,2013-04-03,2013-04-10,2013-04-15,25.0,1,25.0
SO55569,6388,317,2013-04-03,2013-04-10,2013-04-15,5.0,1,5.0
SO55570,14373,329,2013-04-03,2013-04-10,2013-04-15,33.0,1,33.0
SO55571,201,324,2013-04-03,2013-04-10,2013-04-15,25.0,1,25.0
SO55572,92,318,2013-04-03,2013-04-10,2013-04-15,4.0,1,4.0
SO55573,12030,325,2013-04-03,2013-04-10,2013-04-15,30.0,1,30.0
SO55574,5959,267,2013-04-03,2013-04-10,2013-04-15,10.0,1,10.0
SO55575,7787,265,2013-04-03,2013-04-10,2013-04-15,70.0,1,70.0
SO55576,7388,266,2013-04-03,2013-04-10,2013-04-15,5.0,1,5.0
SO55577,6393,12,2013-04-03,2013-04-10,2013-04-15,9.0,1,9.0
SO55577,6393,13,2013-04-03,2013-04-10,2013-04-15,9.0,1,9.0
SO55577,6393,14,2013-04-03,2013-04-10,2013-04-15,9.0,1,9.0
SO55578,5004,317,2013-04-03,2013-04-10,2013-04-15,5.0,1,5.0
SO55579,4964,317,2013-04-03,2013-04-10,2013-04-15,5.0,1,5.0
SO55580,7555,274,2013-04-03,2013-04-10,2013-04-15,22.0,1,22.0
SO55581,2760,274,2013-04-03,2013-04-10,2013-04-15,22.0,1,22.0
SO55582,4442,326,2013-04-03,2013-04-10,2013-04-15,35.0,1,35.0
SO55583,11381,266,2013-04-03,2013-04-10,2013-04-15,5.0,1,5.0
SO55584,14629,318,2013-04-03,2013-04-10,2013-04-15,4.0,1,4.0
SO55585,18435,319,2013-04-03,2013-04-10,2013-04-15,5.0,1,5.0
SO55586,13149,318,2013-04-03,2013-04-10,2013-04-15,4.0,1,4.0
SO55587,567,319,2013-04-03,2013-04-10,2013-04-15,5.0,1,5.0
SO55588,567,319,2013-04-03,2013-04-10,2013-04-15,5.0,1,5.0
SO55589,3983,330,2013-04-03,2013-04-10,2013-04-15,29.0,1,29.0
SO55590,6703,319,2013-04-03,2013-04-10,2013-04-15,5.0,1,5.0
SO55591,1758,274,2013-04-03,2013-04-10,2013-04-15,22.0,1,22.0
SO55592,12377,370,2013-04-03,2013-04-10,2013-04-15,1701.0,1,1701.0
SO55593,8130,382,2013-04-03,2013-04-10,2013-04-15,565.0,1,565.0
SO55594,5952,371,2013-04-03,2013-04-10,2013-04-15,1701.0,1,1701.0
SO55595,8122,383,2013-04-03,2013-04-10,2013-04-15,565.0,1,565.0
SO55596,8123,383,2013-04-03,2013-04-10,2013-04-15,565.0,1,565.0
SO55597,2285,151,2013-04-03,2013-04-10,2013-04-15,2295.0,1,2295.0
SO55597,2285,152,2013-04-03,2013-04-10,2013-04-15,2295.0,1,2295.0
SO55598,1942,141,2013-04-03,2013-04-10,2013-04-15,2320.0,1,2320.0
SO55598,1942,142,2013-04-03,2013-04-10,2013-04-15,2320.0,1,2320.0
SO55599,41,141,2013-04-03,2013-04-10,2013-04-15,2320.0,1,2320.0
SO55599,41,142,2013-04-03,2013-04-10,2013-04-15,2320.0,1,2320.0
SO55600,2102,149,2013-04-03,2013-04-10,2013-04-15,2295.0,1,2295.0
SO55600,2102,150,2013-04-03,2013-04-10,2013-04-15,2295.0,1,2295.0
SO55601,3772,374,2013-04-03,2013-04-10,2013-04-15,742.0,1,742.0
SO55602,1386,374,2013-04-03,2013-04-10,2013-04-15,742.0,1,742.0
SO55603,16340,394,2013-04-03,2013-04-10,2013-04-15,540.0,1,540.0
SO55604,18290,362,2013-04-03,2013-04-10,2013-04-15,2384.0,1,2384.0
SO55605,8095,166,2013-04-03,2013-04-10,2013-04-15,2443.0,1,2443.0
SO55605,8095,167,2013-04-03,2013-04-10,2013-04-15,2443.0,1,2443.0
SO55606,6281,168,2013-04-03,2013-04-10,2013-04-15,2443.0,1,2443.0
SO55606,6281,169,2013-04-03,2013-04-10,2013-04-15,2443.0,1,2443.0
SO55607,978,141,2013-04-03,2013-04-10,2013-04-15,2320.0,1,2320.0
SO55607,978,142,2013-04-03,2013-04-10,2013-04-15,2320.0,1,2320.0
SO55608,13785,353,2013-04-03,2013-04-10,2013-04-15,2384.0,1,2384.0
SO55609,13350,365,2013-04-03,2013-04-10,2013-04-15,2384.0,1,2384.0
SO55610,8746,176,2013-04-03,2013-04-10,2013-04-15,1120.0,1,1120.0
SO55610,8746,177,2013-04-03,2013-04-10,2013-04-15,1120.0,1,1120.0
SO55611,18404,393,2013-04-03,2013-04-10,2013-04-15,540.0,1,540.0
SO55612,14761,394,2013-04-03,2013-04-10,2013-04-15,540.0,1,540.0
SO55613,4578,328,2013-04-04,2013-04-11,2013-04-16,25.0,1,25.0
SO55614,8585,327,2013-04-04,2013-04-11,2013-04-16,21.0,1,21.0
SO55615,13907,317,2013-04-04,2013-04-11,2013-04-16,5.0,1,5.0
SO55616,13596,317,2013-04-04,2013-04-11,2013-04-16,5.0,1,5.0
SO55617,11915,266,2013-04-04,2013-04-11,2013-04-16,5.0,1,5.0
SO55618,16971,319,2013-04-04,2013-04-11,2013-04-16,5.0,1,5.0
SO55619,15669,265,2013-04-04,2013-04-11,2013-04-16,70.0,1,70.0
SO55620,17323,319,2013-04-04,2013-04-11,2013-04-16,5.0,1,5.0
SO55621,2042,4,2013-04-04,2013-04-11,2013-04-16,35.0,1,35.0
SO55621,2042,5,2013-04-04,2013-04-11,2013-04-16,35.0,1,35.0
SO55621,2042,6,2013-04-04,2013-04-11,2013-04-16,35.0,1,35.0
SO55622,8581,280,2013-04-04,2013-04-11,2013-04-16,54.0,1,54.0
SO55623,242,380,2013-04-04,2013-04-11,2013-04-16,565.0,1,565.0
SO55624,6983,379,2013-04-04,2013-04-11,2013-04-16,769.0,1,769.0
SO55625,204,319,2013-04-04,2013-04-11,2013-04-16,5.0,1,5.0
SO55626,92,318,2013-04-04,2013-04-11,2013-04-16,4.0,1,4.0
SO55627,507,327,2013-04-04,2013-04-11,2013-04-16,21.0,1,21.0
SO55628,13290,329,2013-04-04,2013-04-11,2013-04-16,33.0,1,33.0
SO55629,13928,317,2013-04-04,2013-04-11,2013-04-16,5.0,1,5.0
SO55630,10234,264,2013-04-04,2013-04-11,2013-04-16,70.0,1,70.0
SO55631,9506,266,2013-04-04,2013-04-11,2013-04-16,5.0,1,5.0
SO55632,9130,265,2013-04-04,2013-04-11,2013-04-16,70.0,1,70.0
SO55633,4495,263,2013-04-04,2013-04-11,2013-04-16,70.0,1,70.0
SO55634,7800,264,2013-04-04,2013-04-11,2013-04-16,70.0,1,70.0
SO55635,4884,317,2013-04-04,2013-04-11,2013-04-16,5.0,1,5.0
SO55636,4385,317,2013-04-04,2013-04-11,2013-04-16,5.0,1,5.0
SO55637,6343,317,2013-04-04,2013-04-11,2013-04-16,5.0,1,5.0
SO55638,12499,317,2013-04-04,2013-04-11,2013-04-16,5.0,1,5.0
SO55639,8646,317,2013-04-04,2013-04-11,2013-04-16,5.0,1,5.0
SO55640,4261,274,2013-04-04,2013-04-11,2013-04-16,22.0,1,22.0
SO55641,5397,324,2013-04-04,2013-04-11,2013-04-16,25.0,1,25.0
SO55642,5460,317,2013-04-04,2013-04-11,2013-04-16,5.0,1,5.0
SO55643,10472,274,2013-04-04,2013-04-11,2013-04-16,22.0,1,22.0
SO55644,9869,325,2013-04-04,2013-04-11,2013-04-16,30.0,1,30.0
SO55645,491,277,2013-04-04,2013-04-11,2013-04-16,54.0,1,54.0
SO55646,6705,324,2013-04-04,2013-04-11,2013-04-16,25.0,1,25.0
SO55647,8491,318,2013-04-04,2013-04-11,2013-04-16,4.0,1,4.0
SO55648,13704,266,2013-04-04,2013-04-11,2013-04-16,5.0,1,5.0
SO55649,10740,325,2013-04-04,2013-04-11,2013-04-16,30.0,1,30.0
SO55650,3185,330,2013-04-04,2013-04-11,2013-04-16,29.0,1,29.0
SO55651,3424,330,2013-04-04,2013-04-11,2013-04-16,29.0,1,29.0
SO55652,7150,319,2013-04-04,2013-04-11,2013-04-16,5.0,1,5.0
SO55653,14143,319,2013-04-04,2013-04-11,2013-04-16,5.0,1,5.0
SO55654,6840,319,2013-04-04,2013-04-11,2013-04-16,5.0,1,5.0
SO55655,14477,319,2013-04-04,2013-04-11,2013-04-16,5.0,1,5.0
SO55656,1458,274,2013-04-04,2013-04-11,2013-04-16,22.0,1,22.0
SO55657,5949,274,2013-04-04,2013-04-11,2013-04-16,22.0,1,22.0
SO55658,1797,274,2013-04-04,2013-04-11,2013-04-16,22.0,1,22.0
SO55659,5373,162,2013-04-04,2013-04-11,2013-04-16,2443.0,1,2443.0
SO55659,5373,163,2013-04-04,2013-04-11,2013-04-16,2443.0,1,2443.0
SO55660,1765,377,2013-04-04,2013-04-11,2013-04-16,769.0,1,769.0
SO55661,1981,151,2013-04-04,2013-04-11,2013-04-16,2295.0,1,2295.0
SO55661,1981,152,2013-04-04,2013-04-11,2013-04-16,2295.0,1,2295.0
SO55662,1927,141,2013-04-04,2013-04-11,2013-04-16,2320.0,1,2320.0
SO55662,1927,142,2013-04-04,2013-04-11,2013-04-16,2320.0,1,2320.0
SO55663,1290,368,2013-04-04,2013-04-11,2013-04-16,1215.0,1,1215.0
SO55664,3304,378,2013-04-04,2013-04-11,2013-04-16,769.0,1,769.0
SO55665,17216,394,2013-04-04,2013-04-11,2013-04-16,540.0,1,540.0
SO55666,1354,147,2013-04-04,2013-04-11,2013-04-16,2295.0,1,2295.0
SO55666,1354,148,2013-04-04,2013-04-11,2013-04-16,2295.0,1,2295.0
SO55667,1681,149,2013-04-04,2013-04-11,2013-04-16,2295.0,1,2295.0
SO55667,1681,150,2013-04-04,2013-04-11,2013-04-16,2295.0,1,2295.0
SO55668,1348,149,2013-04-04,2013-04-11,2013-04-16,2295.0,1,2295.0
SO55668,1348,150,2013-04-04,2013-04-11,2013-04-16,2295.0,1,2295.0
SO55669,1011,143,2013-04-04,2013-04-11,2013-04-16,2320.0,1,2320.0
SO55669,1011,144,2013-04-04,2013-04-11,2013-04-16,2320.0,1,2320.0
SO55670,989,147,2013-04-04,2013-04-11,2013-04-16,2295.0,1,2295.0
SO55670,989,148,2013-04-04,2013-04-11,2013-04-16,2295.0,1,2295.0
SO55671,14369,367,2013-04-04,2013-04-11,2013-04-16,1215.0,1,1215.0
SO55672,11344,352,2013-04-04,2013-04-11,2013-04-16,2384.0,1,2384.0
SO55673,14026,351,2013-04-04,2013-04-11,2013-04-16,2384.0,1,2384.0
SO55674,13989,362,2013-04-04,2013-04-11,2013-04-16,2384.0,1,2384.0
SO55675,11759,394,2013-04-04,2013-04-11,2013-04-16,540.0,1,540.0
SO55676,7604,174,2013-04-04,2013-04-11,2013-04-16,1120.0,1,1120.0
SO55676,7604,175,2013-04-04,2013-04-11,2013-04-16,1120.0,1,1120.0
SO55677,8866,174,2013-04-04,2013-04-11,2013-04-16,1120.0,1,1120.0
SO55677,8866,175,2013-04-04,2013-04-11,2013-04-16,1120.0,1,1120.0
SO55678,8982,170,2013-04-04,2013-04-11,2013-04-16,1120.0,1,1120.0
SO55678,8982,171,2013-04-04,2013-04-11,2013-04-16,1120.0,1,1120.0
SO55679,8999,176,2013-04-04,2013-04-11,2013-04-16,1120.0,1,1120.0
SO55679,8999,177,2013-04-04,2013-04-11,2013-04-16,1120.0,1,1120.0
SO55680,17724,362,2013-04-04,2013-04-11,2013-04-16,2384.0,1,2384.0
SO55681,1309,363,2013-04-04,2013-04-11,2013-04-16,2384.0,1,2384.0
SO55682,615,141,2013-04-05,2013-04-12,2013-04-17,2320.0,1,2320.0
SO55682,615,142,2013-04-05,2013-04-12,2013-04-17,2320.0,1,2320.0
SO55683,6728,274,2013-04-05,2013-04-12,2013-04-17,22.0,1,22.0
SO55684,14137,317,2013-04-05,2013-04-12,2013-04-17,5.0,1,5.0
SO55685,1994,317,2013-04-05,2013-04-12,2013-04-17,5.0,1,5.0
SO55686,6254,278,2013-04-05,2013-04-12,2013-04-17,54.0,1,54.0
SO55687,6634,371,2013-04-05,2013-04-12,2013-04-17,1701.0,1,1701.0
SO55688,17345,278,2013-04-05,2013-04-12,2013-04-17,54.0,1,54.0
SO55689,533,269,2013-04-05,2013-04-12,2013-04-17,2.0,1,2.0
SO55690,650,280,2013-04-05,2013-04-12,2013-04-17,54.0,1,54.0
SO55691,177,24,2013-04-05,2013-04-12,2013-04-17,50.0,1,50.0
SO55691,177,25,2013-04-05,2013-04-12,2013-04-17,50.0,1,50.0
SO55691,177,26,2013-04-05,2013-04-12,2013-04-17,50.0,1,50.0
SO55692,17810,328,2013-04-05,2013-04-12,2013-04-17,25.0,1,25.0
SO55693,18050,318,2013-04-05,2013-04-12,2013-04-17,4.0,1,4.0
SO55694,678,327,2013-04-05,2013-04-12,2013-04-17,21.0,1,21.0
SO55695,277,324,2013-04-05,2013-04-12,2013-04-17,25.0,1,25.0
SO55696,14352,324,2013-04-05,2013-04-12,2013-04-17,25.0,1,25.0
SO55697,502,319,2013-04-05,2013-04-12,2013-04-17,5.0,1,5.0
SO55698,12733,325,2013-04-05,2013-04-12,2013-04-17,30.0,1,30.0
SO55699,7323,317,2013-04-05,2013-04-12,2013-04-17,5.0,1,5.0
SO55700,3627,329,2013-04-05,2013-04-12,2013-04-17,33.0,1,33.0
SO55701,11082,325,2013-04-05,2013-04-12,2013-04-17,30.0,1,30.0
SO55702,11245,325,2013-04-05,2013-04-12,2013-04-17,30.0,1,30.0
SO55703,3354,267,2013-04-05,2013-04-12,2013-04-17,10.0,1,10.0
SO55704,16101,266,2013-04-05,2013-04-12,2013-04-17,5.0,1,5.0
SO55705,6123,266,2013-04-05,2013-04-12,2013-04-17,5.0,1,5.0
SO55706,10816,317,2013-04-05,2013-04-12,2013-04-17,5.0,1,5.0
SO55707,4895,317,2013-04-05,2013-04-12,2013-04-17,5.0,1,5.0
SO55708,18267,266,2013-04-05,2013-04-12,2013-04-17,5.0,1,5.0
SO55709,3512,317,2013-04-05,2013-04-12,2013-04-17,5.0,1,5.0
SO55710,6557,317,2013-04-05,2013-04-12,2013-04-17,5.0,1,5.0
SO55711,8048,274,2013-04-05,2013-04-12,2013-04-17,22.0,1,22.0
SO55712,10069,325,2013-04-05,2013-04-12,2013-04-17,30.0,1,30.0
SO55713,2695,318,2013-04-05,2013-04-12,2013-04-17,4.0,1,4.0
SO55714,10089,327,2013-04-05,2013-04-12,2013-04-17,21.0,1,21.0
SO55715,14508,319,2013-04-05,2013-04-12,2013-04-17,5.0,1,5.0
SO55716,937,317,2013-04-05,2013-04-12,2013-04-17,5.0,1,5.0
SO55717,1411,326,2013-04-05,2013-04-12,2013-04-17,35.0,1,35.0
SO55718,7392,274,2013-04-05,2013-04-12,2013-04-17,22.0,1,22.0
SO55719,1866,267,2013-04-05,2013-04-12,2013-04-17,10.0,1,10.0
SO55720,3025,376,2013-04-05,2013-04-12,2013-04-17,769.0,1,769.0
SO55721,2203,141,2013-04-05,2013-04-12,2013-04-17,2320.0,1,2320.0
SO55721,2203,142,2013-04-05,2013-04-12,2013-04-17,2320.0,1,2320.0
SO55722,2033,151,2013-04-05,2013-04-12,2013-04-17,2295.0,1,2295.0
SO55722,2033,152,2013-04-05,2013-04-12,2013-04-17,2295.0,1,2295.0
SO55723,18434,368,2013-04-05,2013-04-12,2013-04-17,1215.0,1,1215.0
SO55724,3713,355,2013-04-05,2013-04-12,2013-04-17,742.0,1,742.0
SO55725,248,375,2013-04-05,2013-04-12,2013-04-17,742.0,1,742.0
SO55726,9986,394,2013-04-05,2013-04-12,2013-04-17,540.0,1,540.0
SO55727,9993,393,2013-04-05,2013-04-12,2013-04-17,540.0,1,540.0
SO55728,13805,351,2013-04-05,2013-04-12,2013-04-17,2384.0,1,2384.0
SO55729,10355,395,2013-04-05,2013-04-12,2013-04-17,540.0,1,540.0
SO55730,11047,394,2013-04-05,2013-04-12,2013-04-17,540.0,1,540.0
SO55731,5505,393,2013-04-05,2013-04-12,2013-04-17,540.0,1,540.0
SO55732,8776,170,2013-04-05,2013-04-12,2013-04-17,1120.0,1,1120.0
SO55732,8776,171,2013-04-05,2013-04-12,2013-04-17,1120.0,1,1120.0
SO55733,9167,172,2013-04-05,2013-04-12,2013-04-17,1120.0,1,1120.0
SO55733,9167,173,2013-04-05,2013-04-12,2013-04-17,1120.0,1,1120.0
SO55734,12775,178,2013-04-05,2013-04-12,2013-04-17,1120.0,1,1120.0
SO55734,12775,179,2013-04-05,2013-04-12,2013-04-17,1120.0,1,1120.0
SO55735,14726,352,2013-04-05,2013-04-12,2013-04-17,2384.0,1,2384.0
SO55736,5521,178,2013-04-06,2013-04-13,2013-04-18,1120.0,1,1120.0
SO55736,5521,179,2013-04-06,2013-04-13,2013-04-18,1120.0,1,1120.0
SO55737,13908,172,2013-04-06,2013-04-13,2013-04-18,1120.0,1,1120.0
SO55737,13908,173,2013-04-06,2013-04-13,2013-04-18,1120.0,1,1120.0
SO55738,5524,176,2013-04-06,2013-04-13,2013-04-18,1120.0,1,1120.0
SO55738,5524,177,2013-04-06,2013-04-13,2013-04-18,1120.0,1,1120.0
SO55739,2256,141,2013-04-06,2013-04-13,2013-04-18,2320.0,1,2320.0
SO55739,2256,142,2013-04-06,2013-04-13,2013-04-18,2320.0,1,2320.0
SO55740,2559,143,2013-04-06,2013-04-13,2013-04-18,2320.0,1,2320.0
SO55740,2559,144,2013-04-06,2013-04-13,2013-04-18,2320.0,1,2320.0
SO55741,3066,367,2013-04-06,2013-04-13,2013-04-18,1215.0,1,1215.0
SO55742,212,21,2013-04-06,2013-04-13,2013-04-18,50.0,1,50.0
SO55742,212,22,2013-04-06,2013-04-13,2013-04-18,50.0,1,50.0
SO55742,212,23,2013-04-06,2013-04-13,2013-04-18,50.0,1,50.0
SO55743,204,9,2013-04-06,2013-04-13,2013-04-18,35.0,1,35.0
SO55743,204,10,2013-04-06,2013-04-13,2013-04-18,35.0,1,35.0
SO55743,204,11,2013-04-06,2013-04-13,2013-04-18,35.0,1,35.0
SO55744,5611,325,2013-04-06,2013-04-13,2013-04-18,30.0,1,30.0
SO55745,5172,325,2013-04-06,2013-04-13,2013-04-18,30.0,1,30.0
SO55746,10991,326,2013-04-06,2013-04-13,2013-04-18,35.0,1,35.0
SO55747,14220,317,2013-04-06,2013-04-13,2013-04-18,5.0,1,5.0
SO55748,1373,317,2013-04-06,2013-04-13,2013-04-18,5.0,1,5.0
SO55749,4812,329,2013-04-06,2013-04-13,2013-04-18,33.0,1,33.0
SO55750,7193,9,2013-04-06,2013-04-13,2013-04-18,35.0,1,35.0
SO55750,7193,10,2013-04-06,2013-04-13,2013-04-18,35.0,1,35.0
SO55750,7193,11,2013-04-06,2013-04-13,2013-04-18,35.0,1,35.0
SO55751,4640,269,2013-04-06,2013-04-13,2013-04-18,2.0,1,2.0
SO55752,2122,276,2013-04-06,2013-04-13,2013-04-18,55.0,1,55.0
SO55753,7720,278,2013-04-06,2013-04-13,2013-04-18,54.0,1,54.0
SO55754,12940,371,2013-04-06,2013-04-13,2013-04-18,1701.0,1,1701.0
SO55755,633,318,2013-04-06,2013-04-13,2013-04-18,4.0,1,4.0
SO55756,288,324,2013-04-06,2013-04-13,2013-04-18,25.0,1,25.0
SO55757,11728,317,2013-04-06,2013-04-13,2013-04-18,5.0,1,5.0
SO55758,11730,325,2013-04-06,2013-04-13,2013-04-18,30.0,1,30.0
SO55759,662,325,2013-04-06,2013-04-13,2013-04-18,30.0,1,30.0
SO55760,11078,325,2013-04-06,2013-04-13,2013-04-18,30.0,1,30.0
SO55761,13224,325,2013-04-06,2013-04-13,2013-04-18,30.0,1,30.0
SO55762,10781,267,2013-04-06,2013-04-13,2013-04-18,10.0,1,10.0
SO55763,12008,266,2013-04-06,2013-04-13,2013-04-18,5.0,1,5.0
SO55764,4880,265,2013-04-06,2013-04-13,2013-04-18,70.0,1,70.0
SO55765,8136,265,2013-04-06,2013-04-13,2013-04-18,70.0,1,70.0
SO55766,5885,266,2013-04-06,2013-04-13,2013-04-18,5.0,1,5.0
SO55767,4369,317,2013-04-06,2013-04-13,2013-04-18,5.0,1,5.0
SO55768,3446,274,2013-04-06,2013-04-13,2013-04-18,22.0,1,22.0
SO55769,3244,274,2013-04-06,2013-04-13,2013-04-18,22.0,1,22.0
SO55770,4274,317,2013-04-06,2013-04-13,2013-04-18,5.0,1,5.0
SO55771,7408,274,2013-04-06,2013-04-13,2013-04-18,22.0,1,22.0
SO55772,8927,317,2013-04-06,2013-04-13,2013-04-18,5.0,1,5.0
SO55773,3423,329,2013-04-06,2013-04-13,2013-04-18,33.0,1,33.0
SO55774,3944,274,2013-04-06,2013-04-13,2013-04-18,22.0,1,22.0
SO55775,7015,262,2013-04-06,2013-04-13,2013-04-18,64.0,1,64.0
SO55776,10844,12,2013-04-06,2013-04-13,2013-04-18,9.0,1,9.0
SO55776,10844,13,2013-04-06,2013-04-13,2013-04-18,9.0,1,9.0
SO55776,10844,14,2013-04-06,2013-04-13,2013-04-18,9.0,1,9.0
SO55777,13036,266,2013-04-06,2013-04-13,2013-04-18,5.0,1,5.0
SO55778,11805,318,2013-04-06,2013-04-13,2013-04-18,4.0,1,4.0
SO55779,14525,318,2013-04-06,2013-04-13,2013-04-18,4.0,1,4.0
SO55780,1604,319,2013-04-06,2013-04-13,2013-04-18,5.0,1,5.0
SO55781,14300,319,2013-04-06,2013-04-13,2013-04-18,5.0,1,5.0
SO55782,500,317,2013-04-06,2013-04-13,2013-04-18,5.0,1,5.0
SO55783,5644,274,2013-04-06,2013-04-13,2013-04-18,22.0,1,22.0
SO55784,5507,274,2013-04-06,2013-04-13,2013-04-18,22.0,1,22.0
SO55785,4864,274,2013-04-06,2013-04-13,2013-04-18,22.0,1,22.0
SO55786,1961,317,2013-04-06,2013-04-13,2013-04-18,5.0,1,5.0
SO55787,1723,267,2013-04-06,2013-04-13,2013-04-18,10.0,1,10.0
SO55788,6120,274,2013-04-06,2013-04-13,2013-04-18,22.0,1,22.0
SO55789,2070,386,2013-04-06,2013-04-13,2013-04-18,540.0,1,540.0
SO55790,8112,383,2013-04-06,2013-04-13,2013-04-18,565.0,1,565.0
SO55791,2069,384,2013-04-06,2013-04-13,2013-04-18,565.0,1,565.0
SO55792,2994,376,2013-04-06,2013-04-13,2013-04-18,769.0,1,769.0
SO55793,3081,377,2013-04-06,2013-04-13,2013-04-18,769.0,1,769.0
SO55794,2204,147,2013-04-06,2013-04-13,2013-04-18,2295.0,1,2295.0
SO55794,2204,148,2013-04-06,2013-04-13,2013-04-18,2295.0,1,2295.0
SO55795,1439,145,2013-04-06,2013-04-13,2013-04-18,2320.0,1,2320.0
SO55795,1439,146,2013-04-06,2013-04-13,2013-04-18,2320.0,1,2320.0
SO55796,5708,377,2013-04-06,2013-04-13,2013-04-18,769.0,1,769.0
SO55797,3305,376,2013-04-06,2013-04-13,2013-04-18,769.0,1,769.0
SO55798,9998,395,2013-04-06,2013-04-13,2013-04-18,540.0,1,540.0
SO55799,18196,362,2013-04-06,2013-04-13,2013-04-18,2384.0,1,2384.0
SO55800,8560,164,2013-04-06,2013-04-13,2013-04-18,2443.0,1,2443.0
SO55800,8560,165,2013-04-06,2013-04-13,2013-04-18,2443.0,1,2443.0
SO55801,8085,164,2013-04-06,2013-04-13,2013-04-18,2443.0,1,2443.0
SO55801,8085,165,2013-04-06,2013-04-13,2013-04-18,2443.0,1,2443.0
SO55802,4833,389,2013-04-06,2013-04-13,2013-04-18,540.0,1,540.0
SO55803,13348,362,2013-04-06,2013-04-13,2013-04-18,2384.0,1,2384.0
SO55804,13352,353,2013-04-06,2013-04-13,2013-04-18,2384.0,1,2384.0
SO55805,11044,395,2013-04-06,2013-04-13,2013-04-18,540.0,1,540.0
SO55806,7642,174,2013-04-06,2013-04-13,2013-04-18,1120.0,1,1120.0
SO55806,7642,175,2013-04-06,2013-04-13,2013-04-18,1120.0,1,1120.0
SO55807,8994,170,2013-04-06,2013-04-13,2013-04-18,1120.0,1,1120.0
SO55807,8994,171,2013-04-06,2013-04-13,2013-04-18,1120.0,1,1120.0
SO55808,12233,174,2013-04-06,2013-04-13,2013-04-18,1120.0,1,1120.0
SO55808,12233,175,2013-04-06,2013-04-13,2013-04-18,1120.0,1,1120.0
SO55809,12753,178,2013-04-06,2013-04-13,2013-04-18,1120.0,1,1120.0
SO55809,12753,179,2013-04-06,2013-04-13,2013-04-18,1120.0,1,1120.0
SO55810,14758,394,2013-04-06,2013-04-13,2013-04-18,540.0,1,540.0
SO55811,1302,350,2013-04-06,2013-04-13,2013-04-18,2384.0,1,2384.0
SO55812,3277,356,2013-04-06,2013-04-13,2013-04-18,742.0,1,742.0
SO55813,1283,141,2013-04-07,2013-04-14,2013-04-19,2320.0,1,2320.0
SO55813,1283,142,2013-04-07,2013-04-14,2013-04-19,2320.0,1,2320.0
SO55814,3065,366,2013-04-07,2013-04-14,2013-04-19,1215.0,1,1215.0
SO55815,712,266,2013-04-07,2013-04-14,2013-04-19,5.0,1,5.0
SO55816,95,324,2013-04-07,2013-04-14,2013-04-19,25.0,1,25.0
SO55817,3238,318,2013-04-07,2013-04-14,2013-04-19,4.0,1,4.0
SO55818,9420,266,2013-04-07,2013-04-14,2013-04-19,5.0,1,5.0
SO55819,4217,266,2013-04-07,2013-04-14,2013-04-19,5.0,1,5.0
SO55820,4811,329,2013-04-07,2013-04-14,2013-04-19,33.0,1,33.0
SO55821,2150,4,2013-04-07,2013-04-14,2013-04-19,35.0,1,35.0
SO55821,2150,5,2013-04-07,2013-04-14,2013-04-19,35.0,1,35.0
SO55821,2150,6,2013-04-07,2013-04-14,2013-04-19,35.0,1,35.0
SO55822,13719,369,2013-04-07,2013-04-14,2013-04-19,1701.0,1,1701.0
SO55823,9151,162,2013-04-07,2013-04-14,2013-04-19,2443.0,1,2443.0
SO55823,9151,163,2013-04-07,2013-04-14,2013-04-19,2443.0,1,2443.0
SO55824,2800,376,2013-04-07,2013-04-14,2013-04-19,769.0,1,769.0
SO55825,4654,376,2013-04-07,2013-04-14,2013-04-19,769.0,1,769.0
SO55826,224,279,2013-04-07,2013-04-14,2013-04-19,54.0,1,54.0
SO55827,222,318,2013-04-07,2013-04-14,2013-04-19,4.0,1,4.0
SO55828,17128,319,2013-04-07,2013-04-14,2013-04-19,5.0,1,5.0
SO55829,18090,318,2013-04-07,2013-04-14,2013-04-19,4.0,1,4.0
SO55830,16681,318,2013-04-07,2013-04-14,2013-04-19,4.0,1,4.0
SO55831,15185,330,2013-04-07,2013-04-14,2013-04-19,29.0,1,29.0
SO55832,17639,328,2013-04-07,2013-04-14,2013-04-19,25.0,1,25.0
SO55833,13828,329,2013-04-07,2013-04-14,2013-04-19,33.0,1,33.0
SO55834,2921,329,2013-04-07,2013-04-14,2013-04-19,33.0,1,33.0
SO55835,14344,324,2013-04-07,2013-04-14,2013-04-19,25.0,1,25.0
SO55836,14092,329,2013-04-07,2013-04-14,2013-04-19,33.0,1,33.0
SO55837,12365,325,2013-04-07,2013-04-14,2013-04-19,30.0,1,30.0
SO55838,12367,325,2013-04-07,2013-04-14,2013-04-19,30.0,1,30.0
SO55839,9635,267,2013-04-07,2013-04-14,2013-04-19,10.0,1,10.0
SO55840,2198,267,2013-04-07,2013-04-14,2013-04-19,10.0,1,10.0
SO55841,8153,263,2013-04-07,2013-04-14,2013-04-19,70.0,1,70.0
SO55842,5383,266,2013-04-07,2013-04-14,2013-04-19,5.0,1,5.0
SO55843,8874,317,2013-04-07,2013-04-14,2013-04-19,5.0,1,5.0
SO55844,3569,317,2013-04-07,2013-04-14,2013-04-19,5.0,1,5.0
SO55845,3555,264,2013-04-07,2013-04-14,2013-04-19,70.0,1,70.0
SO55846,4058,326,2013-04-07,2013-04-14,2013-04-19,35.0,1,35.0
SO55847,3962,318,2013-04-07,2013-04-14,2013-04-19,4.0,1,4.0
SO55848,1738,267,2013-04-07,2013-04-14,2013-04-19,10.0,1,10.0
SO55849,12911,318,2013-04-07,2013-04-14,2013-04-19,4.0,1,4.0
SO55850,16309,318,2013-04-07,2013-04-14,2013-04-19,4.0,1,4.0
SO55851,11425,327,2013-04-07,2013-04-14,2013-04-19,21.0,1,21.0
SO55852,1729,319,2013-04-07,2013-04-14,2013-04-19,5.0,1,5.0
SO55853,12929,319,2013-04-07,2013-04-14,2013-04-19,5.0,1,5.0
SO55854,3888,274,2013-04-07,2013-04-14,2013-04-19,22.0,1,22.0
SO55855,618,145,2013-04-07,2013-04-14,2013-04-19,2320.0,1,2320.0
SO55855,618,146,2013-04-07,2013-04-14,2013-04-19,2320.0,1,2320.0
SO55856,627,151,2013-04-07,2013-04-14,2013-04-19,2295.0,1,2295.0
SO55856,627,152,2013-04-07,2013-04-14,2013-04-19,2295.0,1,2295.0
SO55857,18433,366,2013-04-07,2013-04-14,2013-04-19,1215.0,1,1215.0
SO55858,18293,12,2013-04-07,2013-04-14,2013-04-19,9.0,1,9.0
SO55858,18293,13,2013-04-07,2013-04-14,2013-04-19,9.0,1,9.0
SO55858,18293,14,2013-04-07,2013-04-14,2013-04-19,9.0,1,9.0
SO55859,1343,141,2013-04-07,2013-04-14,2013-04-19,2320.0,1,2320.0
SO55859,1343,142,2013-04-07,2013-04-14,2013-04-19,2320.0,1,2320.0
SO55860,113,143,2013-04-07,2013-04-14,2013-04-19,2320.0,1,2320.0
SO55860,113,144,2013-04-07,2013-04-14,2013-04-19,2320.0,1,2320.0
SO55861,14016,351,2013-04-07,2013-04-14,2013-04-19,2384.0,1,2384.0
SO55862,13809,351,2013-04-07,2013-04-14,2013-04-19,2384.0,1,2384.0
SO55863,329,352,2013-04-07,2013-04-14,2013-04-19,2384.0,1,2384.0
SO55864,14725,350,2013-04-07,2013-04-14,2013-04-19,2384.0,1,2384.0
SO55865,17730,363,2013-04-07,2013-04-14,2013-04-19,2384.0,1,2384.0
SO55866,4686,353,2013-04-07,2013-04-14,2013-04-19,2384.0,1,2384.0
SO55867,5523,172,2013-04-08,2013-04-15,2013-04-20,1120.0,1,1120.0
SO55867,5523,173,2013-04-08,2013-04-15,2013-04-20,1120.0,1,1120.0
SO55868,584,147,2013-04-08,2013-04-15,2013-04-20,2295.0,1,2295.0
SO55868,584,148,2013-04-08,2013-04-15,2013-04-20,2295.0,1,2295.0
SO55869,1273,149,2013-04-08,2013-04-15,2013-04-20,2295.0,1,2295.0
SO55869,1273,150,2013-04-08,2013-04-15,2013-04-20,2295.0,1,2295.0
SO55870,1211,145,2013-04-08,2013-04-15,2013-04-20,2320.0,1,2320.0
SO55870,1211,146,2013-04-08,2013-04-15,2013-04-20,2320.0,1,2320.0
SO55871,4262,318,2013-04-08,2013-04-15,2013-04-20,4.0,1,4.0
SO55872,13376,327,2013-04-08,2013-04-15,2013-04-20,21.0,1,21.0
SO55873,18117,267,2013-04-08,2013-04-15,2013-04-20,10.0,1,10.0
SO55874,5616,329,2013-04-08,2013-04-15,2013-04-20,33.0,1,33.0
SO55875,7272,12,2013-04-08,2013-04-15,2013-04-20,9.0,1,9.0
SO55875,7272,13,2013-04-08,2013-04-15,2013-04-20,9.0,1,9.0
SO55875,7272,14,2013-04-08,2013-04-15,2013-04-20,9.0,1,9.0
SO55876,3684,276,2013-04-08,2013-04-15,2013-04-20,55.0,1,55.0
SO55877,620,277,2013-04-08,2013-04-15,2013-04-20,54.0,1,54.0
SO55878,623,269,2013-04-08,2013-04-15,2013-04-20,2.0,1,2.0
SO55879,750,324,2013-04-08,2013-04-15,2013-04-20,25.0,1,25.0
SO55880,278,318,2013-04-08,2013-04-15,2013-04-20,4.0,1,4.0
SO55881,17029,319,2013-04-08,2013-04-15,2013-04-20,5.0,1,5.0
SO55882,17087,319,2013-04-08,2013-04-15,2013-04-20,5.0,1,5.0
SO55883,5722,327,2013-04-08,2013-04-15,2013-04-20,21.0,1,21.0
SO55884,14960,324,2013-04-08,2013-04-15,2013-04-20,25.0,1,25.0
SO55885,520,327,2013-04-08,2013-04-15,2013-04-20,21.0,1,21.0
SO55886,14849,324,2013-04-08,2013-04-15,2013-04-20,25.0,1,25.0
SO55887,520,317,2013-04-08,2013-04-15,2013-04-20,5.0,1,5.0
SO55888,3642,267,2013-04-08,2013-04-15,2013-04-20,10.0,1,10.0
SO55889,2331,266,2013-04-08,2013-04-15,2013-04-20,5.0,1,5.0
SO55890,6368,261,2013-04-08,2013-04-15,2013-04-20,64.0,1,64.0
SO55891,3656,263,2013-04-08,2013-04-15,2013-04-20,70.0,1,70.0
SO55892,4876,317,2013-04-08,2013-04-15,2013-04-20,5.0,1,5.0
SO55893,4775,317,2013-04-08,2013-04-15,2013-04-20,5.0,1,5.0
SO55894,5717,317,2013-04-08,2013-04-15,2013-04-20,5.0,1,5.0
SO55895,4316,317,2013-04-08,2013-04-15,2013-04-20,5.0,1,5.0
SO55896,8185,324,2013-04-08,2013-04-15,2013-04-20,25.0,1,25.0
SO55897,1127,278,2013-04-08,2013-04-15,2013-04-20,54.0,1,54.0
SO55898,6853,317,2013-04-08,2013-04-15,2013-04-20,5.0,1,5.0
SO55899,5511,328,2013-04-08,2013-04-15,2013-04-20,25.0,1,25.0
SO55900,12633,318,2013-04-08,2013-04-15,2013-04-20,4.0,1,4.0
SO55901,10864,266,2013-04-08,2013-04-15,2013-04-20,5.0,1,5.0
SO55902,13079,318,2013-04-08,2013-04-15,2013-04-20,4.0,1,4.0
SO55903,16852,319,2013-04-08,2013-04-15,2013-04-20,5.0,1,5.0
SO55904,11379,327,2013-04-08,2013-04-15,2013-04-20,21.0,1,21.0
SO55905,17747,327,2013-04-08,2013-04-15,2013-04-20,21.0,1,21.0
SO55906,851,326,2013-04-08,2013-04-15,2013-04-20,35.0,1,35.0
SO55907,1455,274,2013-04-08,2013-04-15,2013-04-20,22.0,1,22.0
SO55908,2098,274,2013-04-08,2013-04-15,2013-04-20,22.0,1,22.0
SO55909,2337,274,2013-04-08,2013-04-15,2013-04-20,22.0,1,22.0
SO55910,9349,168,2013-04-08,2013-04-15,2013-04-20,2443.0,1,2443.0
SO55910,9349,169,2013-04-08,2013-04-15,2013-04-20,2443.0,1,2443.0
SO55911,3109,378,2013-04-08,2013-04-15,2013-04-20,769.0,1,769.0
SO55912,672,141,2013-04-08,2013-04-15,2013-04-20,2320.0,1,2320.0
SO55912,672,142,2013-04-08,2013-04-15,2013-04-20,2320.0,1,2320.0
SO55913,2103,151,2013-04-08,2013-04-15,2013-04-20,2295.0,1,2295.0
SO55913,2103,152,2013-04-08,2013-04-15,2013-04-20,2295.0,1,2295.0
SO55914,17118,394,2013-04-08,2013-04-15,2013-04-20,540.0,1,540.0
SO55915,1670,151,2013-04-08,2013-04-15,2013-04-20,2295.0,1,2295.0
SO55915,1670,152,2013-04-08,2013-04-15,2013-04-20,2295.0,1,2295.0
SO55916,15332,374,2013-04-08,2013-04-15,2013-04-20,742.0,1,742.0
SO55917,1338,143,2013-04-08,2013-04-15,2013-04-20,2320.0,1,2320.0
SO55917,1338,144,2013-04-08,2013-04-15,2013-04-20,2320.0,1,2320.0
SO55918,11090,395,2013-04-08,2013-04-15,2013-04-20,540.0,1,540.0
SO55919,8986,172,2013-04-08,2013-04-15,2013-04-20,1120.0,1,1120.0
SO55919,8986,173,2013-04-08,2013-04-15,2013-04-20,1120.0,1,1120.0
SO55920,12955,176,2013-04-08,2013-04-15,2013-04-20,1120.0,1,1120.0
SO55920,12955,177,2013-04-08,2013-04-15,2013-04-20,1120.0,1,1120.0
SO55921,17881,393,2013-04-08,2013-04-15,2013-04-20,540.0,1,540.0
SO55922,5520,176,2013-04-09,2013-04-16,2013-04-21,1120.0,1,1120.0
SO55922,5520,177,2013-04-09,2013-04-16,2013-04-21,1120.0,1,1120.0
SO55923,1217,143,2013-04-09,2013-04-16,2013-04-21,2320.0,1,2320.0
SO55923,1217,144,2013-04-09,2013-04-16,2013-04-21,2320.0,1,2320.0
SO55924,588,151,2013-04-09,2013-04-16,2013-04-21,2295.0,1,2295.0
SO55924,588,152,2013-04-09,2013-04-16,2013-04-21,2295.0,1,2295.0
SO55925,2771,151,2013-04-09,2013-04-16,2013-04-21,2295.0,1,2295.0
SO55925,2771,152,2013-04-09,2013-04-16,2013-04-21,2295.0,1,2295.0
SO55926,1008,366,2013-04-09,2013-04-16,2013-04-21,1215.0,1,1215.0
SO55927,982,266,2013-04-09,2013-04-16,2013-04-21,5.0,1,5.0
SO55928,7279,317,2013-04-09,2013-04-16,2013-04-21,5.0,1,5.0
SO55929,8626,327,2013-04-09,2013-04-16,2013-04-21,21.0,1,21.0
SO55930,8573,327,2013-04-09,2013-04-16,2013-04-21,21.0,1,21.0
SO55931,4025,325,2013-04-09,2013-04-16,2013-04-21,30.0,1,30.0
SO55932,413,372,2013-04-09,2013-04-16,2013-04-21,1701.0,1,1701.0
SO55933,4639,379,2013-04-09,2013-04-16,2013-04-21,769.0,1,769.0
SO55934,17127,319,2013-04-09,2013-04-16,2013-04-21,5.0,1,5.0
SO55935,17596,24,2013-04-09,2013-04-16,2013-04-21,50.0,1,50.0
SO55935,17596,25,2013-04-09,2013-04-16,2013-04-21,50.0,1,50.0
SO55935,17596,26,2013-04-09,2013-04-16,2013-04-21,50.0,1,50.0
SO55936,16479,318,2013-04-09,2013-04-16,2013-04-21,4.0,1,4.0
SO55937,12045,325,2013-04-09,2013-04-16,2013-04-21,30.0,1,30.0
SO55938,10633,267,2013-04-09,2013-04-16,2013-04-21,10.0,1,10.0
SO55939,9291,264,2013-04-09,2013-04-16,2013-04-21,70.0,1,70.0
SO55940,9121,263,2013-04-09,2013-04-16,2013-04-21,70.0,1,70.0
SO55941,8234,264,2013-04-09,2013-04-16,2013-04-21,70.0,1,70.0
SO55942,6032,266,2013-04-09,2013-04-16,2013-04-21,5.0,1,5.0
SO55943,5239,317,2013-04-09,2013-04-16,2013-04-21,5.0,1,5.0
SO55944,7183,317,2013-04-09,2013-04-16,2013-04-21,5.0,1,5.0
SO55945,5327,324,2013-04-09,2013-04-16,2013-04-21,25.0,1,25.0
SO55946,15393,318,2013-04-09,2013-04-16,2013-04-21,4.0,1,4.0
SO55947,3173,330,2013-04-09,2013-04-16,2013-04-21,29.0,1,29.0
SO55948,696,317,2013-04-09,2013-04-16,2013-04-21,5.0,1,5.0
SO55949,2534,267,2013-04-09,2013-04-16,2013-04-21,10.0,1,10.0
SO55950,2196,274,2013-04-09,2013-04-16,2013-04-21,22.0,1,22.0
SO55951,582,280,2013-04-09,2013-04-16,2013-04-21,54.0,1,54.0
SO55952,427,1,2013-04-09,2013-04-16,2013-04-21,35.0,1,35.0
SO55952,427,2,2013-04-09,2013-04-16,2013-04-21,35.0,1,35.0
SO55952,427,3,2013-04-09,2013-04-16,2013-04-21,35.0,1,35.0
SO55953,5926,372,2013-04-09,2013-04-16,2013-04-21,1701.0,1,1701.0
SO55954,10940,389,2013-04-09,2013-04-16,2013-04-21,540.0,1,540.0
SO55955,5975,369,2013-04-09,2013-04-16,2013-04-21,1701.0,1,1701.0
SO55956,2175,145,2013-04-09,2013-04-16,2013-04-21,2320.0,1,2320.0
SO55956,2175,146,2013-04-09,2013-04-16,2013-04-21,2320.0,1,2320.0
SO55957,133,149,2013-04-09,2013-04-16,2013-04-21,2295.0,1,2295.0
SO55957,133,150,2013-04-09,2013-04-16,2013-04-21,2295.0,1,2295.0
SO55958,6986,367,2013-04-09,2013-04-16,2013-04-21,1215.0,1,1215.0
SO55959,18197,362,2013-04-09,2013-04-16,2013-04-21,2384.0,1,2384.0
SO55960,8096,164,2013-04-09,2013-04-16,2013-04-21,2443.0,1,2443.0
SO55960,8096,165,2013-04-09,2013-04-16,2013-04-21,2443.0,1,2443.0
SO55961,1001,151,2013-04-09,2013-04-16,2013-04-21,2295.0,1,2295.0
SO55961,1001,152,2013-04-09,2013-04-16,2013-04-21,2295.0,1,2295.0
SO55962,1003,141,2013-04-09,2013-04-16,2013-04-21,2320.0,1,2320.0
SO55962,1003,142,2013-04-09,2013-04-16,2013-04-21,2320.0,1,2320.0
SO55963,13810,363,2013-04-09,2013-04-16,2013-04-21,2384.0,1,2384.0
SO55964,13816,364,2013-04-09,2013-04-16,2013-04-21,2384.0,1,2384.0
SO55965,11879,393,2013-04-09,2013-04-16,2013-04-21,540.0,1,540.0
SO55966,10353,393,2013-04-09,2013-04-16,2013-04-21,540.0,1,540.0
SO55967,11049,12,2013-04-09,2013-04-16,2013-04-21,9.0,1,9.0
SO55967,11049,13,2013-04-09,2013-04-16,2013-04-21,9.0,1,9.0
SO55967,11049,14,2013-04-09,2013-04-16,2013-04-21,9.0,1,9.0
SO55968,1216,145,2013-04-10,2013-04-17,2013-04-22,2320.0,1,2320.0
SO55968,1216,146,2013-04-10,2013-04-17,2013-04-22,2320.0,1,2320.0
SO55969,2257,145,2013-04-10,2013-04-17,2013-04-22,2320.0,1,2320.0
SO55969,2257,146,2013-04-10,2013-04-17,2013-04-22,2320.0,1,2320.0
SO55970,611,149,2013-04-10,2013-04-17,2013-04-22,2295.0,1,2295.0
SO55970,611,150,2013-04-10,2013-04-17,2013-04-22,2295.0,1,2295.0
SO55971,881,273,2013-04-10,2013-04-17,2013-04-22,8.0,1,8.0
SO55972,2640,317,2013-04-10,2013-04-17,2013-04-22,5.0,1,5.0
SO55973,46,317,2013-04-10,2013-04-17,2013-04-22,5.0,1,5.0
SO55974,5693,328,2013-04-10,2013-04-17,2013-04-22,25.0,1,25.0
SO55975,9603,327,2013-04-10,2013-04-17,2013-04-22,21.0,1,21.0
SO55976,2046,9,2013-04-10,2013-04-17,2013-04-22,35.0,1,35.0
SO55976,2046,10,2013-04-10,2013-04-17,2013-04-22,35.0,1,35.0
SO55976,2046,11,2013-04-10,2013-04-17,2013-04-22,35.0,1,35.0
SO55977,6255,278,2013-04-10,2013-04-17,2013-04-22,54.0,1,54.0
SO55978,5391,162,2013-04-10,2013-04-17,2013-04-22,2443.0,1,2443.0
SO55978,5391,163,2013-04-10,2013-04-17,2013-04-22,2443.0,1,2443.0
SO55979,12907,166,2013-04-10,2013-04-17,2013-04-22,2443.0,1,2443.0
SO55979,12907,167,2013-04-10,2013-04-17,2013-04-22,2443.0,1,2443.0
SO55980,1333,164,2013-04-10,2013-04-17,2013-04-22,2443.0,1,2443.0
SO55980,1333,165,2013-04-10,2013-04-17,2013-04-22,2443.0,1,2443.0
SO55981,128,318,2013-04-10,2013-04-17,2013-04-22,4.0,1,4.0
SO55982,177,318,2013-04-10,2013-04-17,2013-04-22,4.0,1,4.0
SO55983,14930,324,2013-04-10,2013-04-17,2013-04-22,25.0,1,25.0
SO55984,13773,318,2013-04-10,2013-04-17,2013-04-22,4.0,1,4.0
SO55985,12729,317,2013-04-10,2013-04-17,2013-04-22,5.0,1,5.0
SO55986,12497,317,2013-04-10,2013-04-17,2013-04-22,5.0,1,5.0
SO55987,1197,267,2013-04-10,2013-04-17,2013-04-22,10.0,1,10.0
SO55988,9411,267,2013-04-10,2013-04-17,2013-04-22,10.0,1,10.0
SO55989,17590,265,2013-04-10,2013-04-17,2013-04-22,70.0,1,70.0
SO55990,7603,263,2013-04-10,2013-04-17,2013-04-22,70.0,1,70.0
SO55991,7658,266,2013-04-10,2013-04-17,2013-04-22,5.0,1,5.0
SO55992,7359,266,2013-04-10,2013-04-17,2013-04-22,5.0,1,5.0
SO55993,6340,266,2013-04-10,2013-04-17,2013-04-22,5.0,1,5.0
SO55994,14621,317,2013-04-10,2013-04-17,2013-04-22,5.0,1,5.0
SO55995,2924,274,2013-04-10,2013-04-17,2013-04-22,22.0,1,22.0
SO55996,17380,329,2013-04-10,2013-04-17,2013-04-22,33.0,1,33.0
SO55997,4674,324,2013-04-10,2013-04-17,2013-04-22,25.0,1,25.0
SO55998,8513,328,2013-04-10,2013-04-17,2013-04-22,25.0,1,25.0
SO55999,9910,325,2013-04-10,2013-04-17,2013-04-22,30.0,1,30.0
SO56000,11476,266,2013-04-10,2013-04-17,2013-04-22,5.0,1,5.0
SO56001,16940,318,2013-04-10,2013-04-17,2013-04-22,4.0,1,4.0
SO56002,1734,330,2013-04-10,2013-04-17,2013-04-22,29.0,1,29.0
SO56003,5454,319,2013-04-10,2013-04-17,2013-04-22,5.0,1,5.0
SO56004,1742,319,2013-04-10,2013-04-17,2013-04-22,5.0,1,5.0
SO56005,1320,21,2013-04-10,2013-04-17,2013-04-22,50.0,1,50.0
SO56005,1320,22,2013-04-10,2013-04-17,2013-04-22,50.0,1,50.0
SO56005,1320,23,2013-04-10,2013-04-17,2013-04-22,50.0,1,50.0
SO56006,2250,141,2013-04-10,2013-04-17,2013-04-22,2320.0,1,2320.0
SO56006,2250,142,2013-04-10,2013-04-17,2013-04-22,2320.0,1,2320.0
SO56007,1935,151,2013-04-10,2013-04-17,2013-04-22,2295.0,1,2295.0
SO56007,1935,152,2013-04-10,2013-04-17,2013-04-22,2295.0,1,2295.0
SO56008,6280,164,2013-04-10,2013-04-17,2013-04-22,2443.0,1,2443.0
SO56008,6280,165,2013-04-10,2013-04-17,2013-04-22,2443.0,1,2443.0
SO56009,8562,160,2013-04-10,2013-04-17,2013-04-22,2443.0,1,2443.0
SO56009,8562,161,2013-04-10,2013-04-17,2013-04-22,2443.0,1,2443.0
SO56010,990,149,2013-04-10,2013-04-17,2013-04-22,2295.0,1,2295.0
SO56010,990,150,2013-04-10,2013-04-17,2013-04-22,2295.0,1,2295.0
SO56011,12307,368,2013-04-10,2013-04-17,2013-04-22,1215.0,1,1215.0
SO56012,14384,368,2013-04-10,2013-04-17,2013-04-22,1215.0,1,1215.0
SO56013,8744,176,2013-04-10,2013-04-17,2013-04-22,1120.0,1,1120.0
SO56013,8744,177,2013-04-10,2013-04-17,2013-04-22,1120.0,1,1120.0
SO56014,9163,172,2013-04-10,2013-04-17,2013-04-22,1120.0,1,1120.0
SO56014,9163,173,2013-04-10,2013-04-17,2013-04-22,1120.0,1,1120.0
SO56015,8427,170,2013-04-10,2013-04-17,2013-04-22,1120.0,1,1120.0
SO56015,8427,171,2013-04-10,2013-04-17,2013-04-22,1120.0,1,1120.0
SO56016,1385,394,2013-04-10,2013-04-17,2013-04-22,540.0,1,540.0
SO56017,11523,395,2013-04-10,2013-04-17,2013-04-22,540.0,1,540.0
SO56018,15212,373,2013-04-10,2013-04-17,2013-04-22,540.0,1,540.0
SO56019,1038,367,2013-04-10,2013-04-17,2013-04-22,1215.0,1,1215.0
SO56020,13911,172,2013-04-11,2013-04-18,2013-04-23,1120.0,1,1120.0
SO56020,13911,173,2013-04-11,2013-04-18,2013-04-23,1120.0,1,1120.0
SO56021,1299,149,2013-04-11,2013-04-18,2013-04-23,2295.0,1,2295.0
SO56021,1299,150,2013-04-11,2013-04-18,2013-04-23,2295.0,1,2295.0
SO56022,1367,266,2013-04-11,2013-04-18,2013-04-23,5.0,1,5.0
SO56023,12523,274,2013-04-11,2013-04-18,2013-04-23,22.0,1,22.0
SO56024,2044,1,2013-04-11,2013-04-18,2013-04-23,35.0,1,35.0
SO56024,2044,2,2013-04-11,2013-04-18,2013-04-23,35.0,1,35.0
SO56024,2044,3,2013-04-11,2013-04-18,2013-04-23,35.0,1,35.0
SO56025,3068,24,2013-04-11,2013-04-18,2013-04-23,50.0,1,50.0
SO56025,3068,25,2013-04-11,2013-04-18,2013-04-23,50.0,1,50.0
SO56025,3068,26,2013-04-11,2013-04-18,2013-04-23,50.0,1,50.0
SO56026,8590,278,2013-04-11,2013-04-18,2013-04-23,54.0,1,54.0
SO56027,9055,160,2013-04-11,2013-04-18,2013-04-23,2443.0,1,2443.0
SO56027,9055,161,2013-04-11,2013-04-18,2013-04-23,2443.0,1,2443.0
SO56028,12922,166,2013-04-11,2013-04-18,2013-04-23,2443.0,1,2443.0
SO56028,12922,167,2013-04-11,2013-04-18,2013-04-23,2443.0,1,2443.0
SO56029,216,277,2013-04-11,2013-04-18,2013-04-23,54.0,1,54.0
SO56030,17301,269,2013-04-11,2013-04-18,2013-04-23,2.0,1,2.0
SO56031,15453,324,2013-04-11,2013-04-18,2013-04-23,25.0,1,25.0
SO56032,216,319,2013-04-11,2013-04-18,2013-04-23,5.0,1,5.0
SO56033,5718,329,2013-04-11,2013-04-18,2013-04-23,33.0,1,33.0
SO56034,13514,318,2013-04-11,2013-04-18,2013-04-23,4.0,1,4.0
SO56035,15182,324,2013-04-11,2013-04-18,2013-04-23,25.0,1,25.0
SO56036,809,317,2013-04-11,2013-04-18,2013-04-23,5.0,1,5.0
SO56037,204,317,2013-04-11,2013-04-18,2013-04-23,5.0,1,5.0
SO56038,12827,325,2013-04-11,2013-04-18,2013-04-23,30.0,1,30.0
SO56039,652,317,2013-04-11,2013-04-18,2013-04-23,5.0,1,5.0
SO56040,6482,325,2013-04-11,2013-04-18,2013-04-23,30.0,1,30.0
SO56041,12065,325,2013-04-11,2013-04-18,2013-04-23,30.0,1,30.0
SO56042,3634,266,2013-04-11,2013-04-18,2013-04-23,5.0,1,5.0
SO56043,9439,266,2013-04-11,2013-04-18,2013-04-23,5.0,1,5.0
SO56044,201,267,2013-04-11,2013-04-18,2013-04-23,10.0,1,10.0
SO56045,5981,266,2013-04-11,2013-04-18,2013-04-23,5.0,1,5.0
SO56046,7166,326,2013-04-11,2013-04-18,2013-04-23,35.0,1,35.0
SO56047,10123,327,2013-04-11,2013-04-18,2013-04-23,21.0,1,21.0
SO56048,2268,317,2013-04-11,2013-04-18,2013-04-23,5.0,1,5.0
SO56049,1100,326,2013-04-11,2013-04-18,2013-04-23,35.0,1,35.0
SO56050,695,317,2013-04-11,2013-04-18,2013-04-23,5.0,1,5.0
SO56051,1508,12,2013-04-11,2013-04-18,2013-04-23,9.0,1,9.0
SO56051,1508,13,2013-04-11,2013-04-18,2013-04-23,9.0,1,9.0
SO56051,1508,14,2013-04-11,2013-04-18,2013-04-23,9.0,1,9.0
SO56052,9668,369,2013-04-11,2013-04-18,2013-04-23,1701.0,1,1701.0
SO56053,5764,372,2013-04-11,2013-04-18,2013-04-23,1701.0,1,1701.0
SO56054,5957,370,2013-04-11,2013-04-18,2013-04-23,1701.0,1,1701.0
SO56055,4887,384,2013-04-11,2013-04-18,2013-04-23,565.0,1,565.0
SO56056,3096,376,2013-04-11,2013-04-18,2013-04-23,769.0,1,769.0
SO56057,3106,376,2013-04-11,2013-04-18,2013-04-23,769.0,1,769.0
SO56058,2209,151,2013-04-11,2013-04-18,2013-04-23,2295.0,1,2295.0
SO56058,2209,152,2013-04-11,2013-04-18,2013-04-23,2295.0,1,2295.0
SO56059,1208,149,2013-04-11,2013-04-18,2013-04-23,2295.0,1,2295.0
SO56059,1208,150,2013-04-11,2013-04-18,2013-04-23,2295.0,1,2295.0
SO56060,17212,394,2013-04-11,2013-04-18,2013-04-23,540.0,1,540.0
SO56061,9991,393,2013-04-11,2013-04-18,2013-04-23,540.0,1,540.0
SO56062,8084,164,2013-04-11,2013-04-18,2013-04-23,2443.0,1,2443.0
SO56062,8084,165,2013-04-11,2013-04-18,2013-04-23,2443.0,1,2443.0
SO56063,15352,357,2013-04-11,2013-04-18,2013-04-23,742.0,1,742.0
SO56064,1340,145,2013-04-11,2013-04-18,2013-04-23,2320.0,1,2320.0
SO56064,1340,146,2013-04-11,2013-04-18,2013-04-23,2320.0,1,2320.0
SO56065,11045,373,2013-04-11,2013-04-18,2013-04-23,540.0,1,540.0
SO56066,16881,364,2013-04-11,2013-04-18,2013-04-23,2384.0,1,2384.0
SO56067,4626,363,2013-04-11,2013-04-18,2013-04-23,2384.0,1,2384.0
SO56068,1193,272,2013-04-12,2013-04-19,2013-04-24,120.0,1,120.0
SO56069,7734,274,2013-04-12,2013-04-19,2013-04-24,22.0,1,22.0
SO56070,11844,326,2013-04-12,2013-04-19,2013-04-24,35.0,1,35.0
SO56071,3308,319,2013-04-12,2013-04-19,2013-04-24,5.0,1,5.0
SO56072,4799,9,2013-04-12,2013-04-19,2013-04-24,35.0,1,35.0
SO56072,4799,10,2013-04-12,2013-04-19,2013-04-24,35.0,1,35.0
SO56072,4799,11,2013-04-12,2013-04-19,2013-04-24,35.0,1,35.0
SO56073,5024,330,2013-04-12,2013-04-19,2013-04-24,29.0,1,29.0
SO56074,16389,330,2013-04-12,2013-04-19,2013-04-24,29.0,1,29.0
SO56075,16915,319,2013-04-12,2013-04-19,2013-04-24,5.0,1,5.0
SO56076,15336,317,2013-04-12,2013-04-19,2013-04-24,5.0,1,5.0
SO56077,642,317,2013-04-12,2013-04-19,2013-04-24,5.0,1,5.0
SO56078,12798,329,2013-04-12,2013-04-19,2013-04-24,33.0,1,33.0
SO56079,11069,267,2013-04-12,2013-04-19,2013-04-24,10.0,1,10.0
SO56080,12003,317,2013-04-12,2013-04-19,2013-04-24,5.0,1,5.0
SO56081,10295,267,2013-04-12,2013-04-19,2013-04-24,10.0,1,10.0
SO56082,9790,267,2013-04-12,2013-04-19,2013-04-24,10.0,1,10.0
SO56083,8887,12,2013-04-12,2013-04-19,2013-04-24,9.0,1,9.0
SO56083,8887,13,2013-04-12,2013-04-19,2013-04-24,9.0,1,9.0
SO56083,8887,14,2013-04-12,2013-04-19,2013-04-24,9.0,1,9.0
SO56084,506,263,2013-04-12,2013-04-19,2013-04-24,70.0,1,70.0
SO56085,9128,263,2013-04-12,2013-04-19,2013-04-24,70.0,1,70.0
SO56086,8834,264,2013-04-12,2013-04-19,2013-04-24,70.0,1,70.0
SO56087,642,265,2013-04-12,2013-04-19,2013-04-24,70.0,1,70.0
SO56088,14063,266,2013-04-12,2013-04-19,2013-04-24,5.0,1,5.0
SO56089,3400,317,2013-04-12,2013-04-19,2013-04-24,5.0,1,5.0
SO56090,3697,317,2013-04-12,2013-04-19,2013-04-24,5.0,1,5.0
SO56091,3144,318,2013-04-12,2013-04-19,2013-04-24,4.0,1,4.0
SO56092,17540,263,2013-04-12,2013-04-19,2013-04-24,70.0,1,70.0
SO56093,13859,266,2013-04-12,2013-04-19,2013-04-24,5.0,1,5.0
SO56094,15219,318,2013-04-12,2013-04-19,2013-04-24,4.0,1,4.0
SO56095,18410,330,2013-04-12,2013-04-19,2013-04-24,29.0,1,29.0
SO56096,9963,318,2013-04-12,2013-04-19,2013-04-24,4.0,1,4.0
SO56097,13694,319,2013-04-12,2013-04-19,2013-04-24,5.0,1,5.0
SO56098,16337,319,2013-04-12,2013-04-19,2013-04-24,5.0,1,5.0
SO56099,785,326,2013-04-12,2013-04-19,2013-04-24,35.0,1,35.0
SO56100,688,326,2013-04-12,2013-04-19,2013-04-24,35.0,1,35.0
SO56101,5971,371,2013-04-12,2013-04-19,2013-04-24,1701.0,1,1701.0
SO56102,5973,370,2013-04-12,2013-04-19,2013-04-24,1701.0,1,1701.0
SO56103,9346,168,2013-04-12,2013-04-19,2013-04-24,2443.0,1,2443.0
SO56103,9346,169,2013-04-12,2013-04-19,2013-04-24,2443.0,1,2443.0
SO56104,2993,378,2013-04-12,2013-04-19,2013-04-24,769.0,1,769.0
SO56105,3099,379,2013-04-12,2013-04-19,2013-04-24,769.0,1,769.0
SO56106,1919,145,2013-04-12,2013-04-19,2013-04-24,2320.0,1,2320.0
SO56106,1919,146,2013-04-12,2013-04-19,2013-04-24,2320.0,1,2320.0
SO56107,16860,358,2013-04-12,2013-04-19,2013-04-24,742.0,1,742.0
SO56108,16883,359,2013-04-12,2013-04-19,2013-04-24,742.0,1,742.0
SO56109,9997,395,2013-04-12,2013-04-19,2013-04-24,540.0,1,540.0
SO56110,17962,352,2013-04-12,2013-04-19,2013-04-24,2384.0,1,2384.0
SO56111,8595,160,2013-04-12,2013-04-19,2013-04-24,2443.0,1,2443.0
SO56111,8595,161,2013-04-12,2013-04-19,2013-04-24,2443.0,1,2443.0
SO56112,8596,166,2013-04-12,2013-04-19,2013-04-24,2443.0,1,2443.0
SO56112,8596,167,2013-04-12,2013-04-19,2013-04-24,2443.0,1,2443.0
SO56113,1349,141,2013-04-12,2013-04-19,2013-04-24,2320.0,1,2320.0
SO56113,1349,142,2013-04-12,2013-04-19,2013-04-24,2320.0,1,2320.0
SO56114,1671,149,2013-04-12,2013-04-19,2013-04-24,2295.0,1,2295.0
SO56114,1671,150,2013-04-12,2013-04-19,2013-04-24,2295.0,1,2295.0
SO56115,13393,355,2013-04-12,2013-04-19,2013-04-24,742.0,1,742.0
SO56116,17848,359,2013-04-12,2013-04-19,2013-04-24,742.0,1,742.0
SO56117,14382,349,2013-04-12,2013-04-19,2013-04-24,1215.0,1,1215.0
SO56118,13808,365,2013-04-12,2013-04-19,2013-04-24,2384.0,1,2384.0
SO56119,11093,393,2013-04-12,2013-04-19,2013-04-24,540.0,1,540.0
SO56120,14105,373,2013-04-12,2013-04-19,2013-04-24,540.0,1,540.0
SO56121,11055,393,2013-04-12,2013-04-19,2013-04-24,540.0,1,540.0
SO56122,7618,174,2013-04-12,2013-04-19,2013-04-24,1120.0,1,1120.0
SO56122,7618,175,2013-04-12,2013-04-19,2013-04-24,1120.0,1,1120.0
SO56123,10090,394,2013-04-12,2013-04-19,2013-04-24,540.0,1,540.0
SO56124,17713,363,2013-04-12,2013-04-19,2013-04-24,2384.0,1,2384.0
SO56125,13913,172,2013-04-13,2013-04-20,2013-04-25,1120.0,1,1120.0
SO56125,13913,173,2013-04-13,2013-04-20,2013-04-25,1120.0,1,1120.0
SO56126,616,141,2013-04-13,2013-04-20,2013-04-25,2320.0,1,2320.0
SO56126,616,142,2013-04-13,2013-04-20,2013-04-25,2320.0,1,2320.0
SO56127,1649,151,2013-04-13,2013-04-20,2013-04-25,2295.0,1,2295.0
SO56127,1649,152,2013-04-13,2013-04-20,2013-04-25,2295.0,1,2295.0
SO56128,3071,366,2013-04-13,2013-04-20,2013-04-25,1215.0,1,1215.0
SO56129,4796,328,2013-04-13,2013-04-20,2013-04-25,25.0,1,25.0
SO56130,3687,319,2013-04-13,2013-04-20,2013-04-25,5.0,1,5.0
SO56131,14013,266,2013-04-13,2013-04-20,2013-04-25,5.0,1,5.0
SO56132,4213,319,2013-04-13,2013-04-20,2013-04-25,5.0,1,5.0
SO56133,250,369,2013-04-13,2013-04-20,2013-04-25,1701.0,1,1701.0
SO56134,14306,372,2013-04-13,2013-04-20,2013-04-25,1701.0,1,1701.0
SO56135,671,12,2013-04-13,2013-04-20,2013-04-25,9.0,1,9.0
SO56135,671,13,2013-04-13,2013-04-20,2013-04-25,9.0,1,9.0
SO56135,671,14,2013-04-13,2013-04-20,2013-04-25,9.0,1,9.0
SO56136,82,318,2013-04-13,2013-04-20,2013-04-25,4.0,1,4.0
SO56137,14,318,2013-04-13,2013-04-20,2013-04-25,4.0,1,4.0
SO56138,16383,319,2013-04-13,2013-04-20,2013-04-25,5.0,1,5.0
SO56139,16219,318,2013-04-13,2013-04-20,2013-04-25,4.0,1,4.0
SO56140,16024,327,2013-04-13,2013-04-20,2013-04-25,21.0,1,21.0
SO56141,14260,317,2013-04-13,2013-04-20,2013-04-25,5.0,1,5.0
SO56142,13452,329,2013-04-13,2013-04-20,2013-04-25,33.0,1,33.0
SO56143,13831,329,2013-04-13,2013-04-20,2013-04-25,33.0,1,33.0
SO56144,13992,329,2013-04-13,2013-04-20,2013-04-25,33.0,1,33.0
SO56145,13814,329,2013-04-13,2013-04-20,2013-04-25,33.0,1,33.0
SO56146,15543,324,2013-04-13,2013-04-20,2013-04-25,25.0,1,25.0
SO56147,332,324,2013-04-13,2013-04-20,2013-04-25,25.0,1,25.0
SO56148,13929,324,2013-04-13,2013-04-20,2013-04-25,25.0,1,25.0
SO56149,11123,325,2013-04-13,2013-04-20,2013-04-25,30.0,1,30.0
SO56150,1965,325,2013-04-13,2013-04-20,2013-04-25,30.0,1,30.0
SO56151,9677,267,2013-04-13,2013-04-20,2013-04-25,10.0,1,10.0
SO56152,7547,266,2013-04-13,2013-04-20,2013-04-25,5.0,1,5.0
SO56153,6034,266,2013-04-13,2013-04-20,2013-04-25,5.0,1,5.0
SO56154,13490,266,2013-04-13,2013-04-20,2013-04-25,5.0,1,5.0
SO56155,8642,260,2013-04-13,2013-04-20,2013-04-25,64.0,1,64.0
SO56156,13764,266,2013-04-13,2013-04-20,2013-04-25,5.0,1,5.0
SO56157,2900,274,2013-04-13,2013-04-20,2013-04-25,22.0,1,22.0
SO56158,9300,274,2013-04-13,2013-04-20,2013-04-25,22.0,1,22.0
SO56159,5056,317,2013-04-13,2013-04-20,2013-04-25,5.0,1,5.0
SO56160,7187,274,2013-04-13,2013-04-20,2013-04-25,22.0,1,22.0
SO56161,3546,12,2013-04-13,2013-04-20,2013-04-25,9.0,1,9.0
SO56161,3546,13,2013-04-13,2013-04-20,2013-04-25,9.0,1,9.0
SO56161,3546,14,2013-04-13,2013-04-20,2013-04-25,9.0,1,9.0
SO56162,3530,329,2013-04-13,2013-04-20,2013-04-25,33.0,1,33.0
SO56163,2815,329,2013-04-13,2013-04-20,2013-04-25,33.0,1,33.0
SO56164,8922,318,2013-04-13,2013-04-20,2013-04-25,4.0,1,4.0
SO56165,11699,330,2013-04-13,2013-04-20,2013-04-25,29.0,1,29.0
SO56166,13110,319,2013-04-13,2013-04-20,2013-04-25,5.0,1,5.0
SO56167,808,317,2013-04-13,2013-04-20,2013-04-25,5.0,1,5.0
SO56168,2861,317,2013-04-13,2013-04-20,2013-04-25,5.0,1,5.0
SO56169,745,326,2013-04-13,2013-04-20,2013-04-25,35.0,1,35.0
SO56170,1534,317,2013-04-13,2013-04-20,2013-04-25,5.0,1,5.0
SO56171,3197,267,2013-04-13,2013-04-20,2013-04-25,10.0,1,10.0
SO56172,400,268,2013-04-13,2013-04-20,2013-04-25,9.0,1,9.0
SO56173,8129,380,2013-04-13,2013-04-20,2013-04-25,565.0,1,565.0
SO56174,2329,149,2013-04-13,2013-04-20,2013-04-25,2295.0,1,2295.0
SO56174,2329,150,2013-04-13,2013-04-20,2013-04-25,2295.0,1,2295.0
SO56175,1943,141,2013-04-13,2013-04-20,2013-04-25,2320.0,1,2320.0
SO56175,1943,142,2013-04-13,2013-04-20,2013-04-25,2320.0,1,2320.0
SO56176,542,143,2013-04-13,2013-04-20,2013-04-25,2320.0,1,2320.0
SO56176,542,144,2013-04-13,2013-04-20,2013-04-25,2320.0,1,2320.0
SO56177,1708,145,2013-04-13,2013-04-20,2013-04-25,2320.0,1,2320.0
SO56177,1708,146,2013-04-13,2013-04-20,2013-04-25,2320.0,1,2320.0
SO56178,6985,368,2013-04-13,2013-04-20,2013-04-25,1215.0,1,1215.0
SO56179,18115,365,2013-04-13,2013-04-20,2013-04-25,2384.0,1,2384.0
SO56180,18116,362,2013-04-13,2013-04-20,2013-04-25,2384.0,1,2384.0
SO56181,18184,271,2013-04-13,2013-04-20,2013-04-25,9.0,1,9.0
SO56182,11876,394,2013-04-13,2013-04-20,2013-04-25,540.0,1,540.0
SO56183,11083,373,2013-04-13,2013-04-20,2013-04-25,540.0,1,540.0
SO56184,11046,393,2013-04-13,2013-04-20,2013-04-25,540.0,1,540.0
SO56185,7581,176,2013-04-13,2013-04-20,2013-04-25,1120.0,1,1120.0
SO56185,7581,177,2013-04-13,2013-04-20,2013-04-25,1120.0,1,1120.0
SO56186,4118,353,2013-04-13,2013-04-20,2013-04-25,2384.0,1,2384.0
SO56187,2974,359,2013-04-13,2013-04-20,2013-04-25,742.0,1,742.0
SO56188,1646,145,2013-04-14,2013-04-21,2013-04-26,2320.0,1,2320.0
SO56188,1646,146,2013-04-14,2013-04-21,2013-04-26,2320.0,1,2320.0
SO56189,8588,327,2013-04-14,2013-04-21,2013-04-26,21.0,1,21.0
SO56190,10284,317,2013-04-14,2013-04-21,2013-04-26,5.0,1,5.0
SO56191,3100,12,2013-04-14,2013-04-21,2013-04-26,9.0,1,9.0
SO56191,3100,13,2013-04-14,2013-04-21,2013-04-26,9.0,1,9.0
SO56191,3100,14,2013-04-14,2013-04-21,2013-04-26,9.0,1,9.0
SO56192,16361,264,2013-04-14,2013-04-21,2013-04-26,70.0,1,70.0
SO56193,9174,168,2013-04-14,2013-04-21,2013-04-26,2443.0,1,2443.0
SO56193,9174,169,2013-04-14,2013-04-21,2013-04-26,2443.0,1,2443.0
SO56194,18106,318,2013-04-14,2013-04-21,2013-04-26,4.0,1,4.0
SO56195,196,318,2013-04-14,2013-04-21,2013-04-26,4.0,1,4.0
SO56196,16211,319,2013-04-14,2013-04-21,2013-04-26,5.0,1,5.0
SO56197,278,319,2013-04-14,2013-04-21,2013-04-26,5.0,1,5.0
SO56198,12698,325,2013-04-14,2013-04-21,2013-04-26,30.0,1,30.0
SO56199,3724,329,2013-04-14,2013-04-21,2013-04-26,33.0,1,33.0
SO56200,11216,325,2013-04-14,2013-04-21,2013-04-26,30.0,1,30.0
SO56201,7676,263,2013-04-14,2013-04-21,2013-04-26,70.0,1,70.0
SO56202,14348,266,2013-04-14,2013-04-21,2013-04-26,5.0,1,5.0
SO56203,6171,266,2013-04-14,2013-04-21,2013-04-26,5.0,1,5.0
SO56204,4386,317,2013-04-14,2013-04-21,2013-04-26,5.0,1,5.0
SO56205,3904,317,2013-04-14,2013-04-21,2013-04-26,5.0,1,5.0
SO56206,3829,274,2013-04-14,2013-04-21,2013-04-26,22.0,1,22.0
SO56207,6896,324,2013-04-14,2013-04-21,2013-04-26,25.0,1,25.0
SO56208,8329,328,2013-04-14,2013-04-21,2013-04-26,25.0,1,25.0
SO56209,15890,327,2013-04-14,2013-04-21,2013-04-26,21.0,1,21.0
SO56210,6880,319,2013-04-14,2013-04-21,2013-04-26,5.0,1,5.0
SO56211,2228,274,2013-04-14,2013-04-21,2013-04-26,22.0,1,22.0
SO56212,10769,389,2013-04-14,2013-04-21,2013-04-26,540.0,1,540.0
SO56213,4866,381,2013-04-14,2013-04-21,2013-04-26,565.0,1,565.0
SO56214,2190,143,2013-04-14,2013-04-21,2013-04-26,2320.0,1,2320.0
SO56214,2190,144,2013-04-14,2013-04-21,2013-04-26,2320.0,1,2320.0
SO56215,18294,350,2013-04-14,2013-04-21,2013-04-26,2384.0,1,2384.0
SO56216,8557,164,2013-04-14,2013-04-21,2013-04-26,2443.0,1,2443.0
SO56216,8557,165,2013-04-14,2013-04-21,2013-04-26,2443.0,1,2443.0
SO56217,15345,355,2013-04-14,2013-04-21,2013-04-26,742.0,1,742.0
SO56218,1341,149,2013-04-14,2013-04-21,2013-04-26,2295.0,1,2295.0
SO56218,1341,150,2013-04-14,2013-04-21,2013-04-26,2295.0,1,2295.0
SO56219,13349,352,2013-04-14,2013-04-21,2013-04-26,2384.0,1,2384.0
SO56220,13820,12,2013-04-14,2013-04-21,2013-04-26,9.0,1,9.0
SO56220,13820,13,2013-04-14,2013-04-21,2013-04-26,9.0,1,9.0
SO56220,13820,14,2013-04-14,2013-04-21,2013-04-26,9.0,1,9.0
SO56221,11880,394,2013-04-14,2013-04-21,2013-04-26,540.0,1,540.0
SO56222,11089,373,2013-04-14,2013-04-21,2013-04-26,540.0,1,540.0
SO56223,12761,170,2013-04-14,2013-04-21,2013-04-26,1120.0,1,1120.0
SO56223,12761,171,2013-04-14,2013-04-21,2013-04-26,1120.0,1,1120.0
SO56224,13154,351,2013-04-14,2013-04-21,2013-04-26,2384.0,1,2384.0
SO56225,1659,145,2013-04-15,2013-04-22,2013-04-27,2320.0,1,2320.0
SO56225,1659,146,2013-04-15,2013-04-22,2013-04-27,2320.0,1,2320.0
SO56226,1133,149,2013-04-15,2013-04-22,2013-04-27,2295.0,1,2295.0
SO56226,1133,150,2013-04-15,2013-04-22,2013-04-27,2295.0,1,2295.0
SO56227,617,143,2013-04-15,2013-04-22,2013-04-27,2320.0,1,2320.0
SO56227,617,144,2013-04-15,2013-04-22,2013-04-27,2320.0,1,2320.0
SO56228,1186,273,2013-04-15,2013-04-22,2013-04-27,8.0,1,8.0
SO56229,6290,317,2013-04-15,2013-04-22,2013-04-27,5.0,1,5.0
SO56230,13456,318,2013-04-15,2013-04-22,2013-04-27,4.0,1,4.0
SO56231,7301,329,2013-04-15,2013-04-22,2013-04-27,33.0,1,33.0
SO56232,5390,164,2013-04-15,2013-04-22,2013-04-27,2443.0,1,2443.0
SO56232,5390,165,2013-04-15,2013-04-22,2013-04-27,2443.0,1,2443.0
SO56233,257,318,2013-04-15,2013-04-22,2013-04-27,4.0,1,4.0
SO56234,17107,319,2013-04-15,2013-04-22,2013-04-27,5.0,1,5.0
SO56235,17054,319,2013-04-15,2013-04-22,2013-04-27,5.0,1,5.0
SO56236,17005,319,2013-04-15,2013-04-22,2013-04-27,5.0,1,5.0
SO56237,16665,327,2013-04-15,2013-04-22,2013-04-27,21.0,1,21.0
SO56238,4512,329,2013-04-15,2013-04-22,2013-04-27,33.0,1,33.0
SO56239,12840,325,2013-04-15,2013-04-22,2013-04-27,30.0,1,30.0
SO56240,11748,325,2013-04-15,2013-04-22,2013-04-27,30.0,1,30.0
SO56241,12358,325,2013-04-15,2013-04-22,2013-04-27,30.0,1,30.0
SO56242,2180,267,2013-04-15,2013-04-22,2013-04-27,10.0,1,10.0
SO56243,10806,266,2013-04-15,2013-04-22,2013-04-27,5.0,1,5.0
SO56244,4544,270,2013-04-15,2013-04-22,2013-04-27,9.0,1,9.0
SO56245,713,266,2013-04-15,2013-04-22,2013-04-27,5.0,1,5.0
SO56246,5789,266,2013-04-15,2013-04-22,2013-04-27,5.0,1,5.0
SO56247,5144,317,2013-04-15,2013-04-22,2013-04-27,5.0,1,5.0
SO56248,7129,274,2013-04-15,2013-04-22,2013-04-27,22.0,1,22.0
SO56249,8947,317,2013-04-15,2013-04-22,2013-04-27,5.0,1,5.0
SO56250,17453,265,2013-04-15,2013-04-22,2013-04-27,70.0,1,70.0
SO56251,13547,325,2013-04-15,2013-04-22,2013-04-27,30.0,1,30.0
SO56252,375,319,2013-04-15,2013-04-22,2013-04-27,5.0,1,5.0
SO56253,567,319,2013-04-15,2013-04-22,2013-04-27,5.0,1,5.0
SO56254,1203,326,2013-04-15,2013-04-22,2013-04-27,35.0,1,35.0
SO56255,972,326,2013-04-15,2013-04-22,2013-04-27,35.0,1,35.0
SO56256,4883,389,2013-04-15,2013-04-22,2013-04-27,540.0,1,540.0
SO56257,16885,374,2013-04-15,2013-04-22,2013-04-27,742.0,1,742.0
SO56258,5713,379,2013-04-15,2013-04-22,2013-04-27,769.0,1,769.0
SO56259,3130,370,2013-04-15,2013-04-22,2013-04-27,1701.0,1,1701.0
SO56260,8558,372,2013-04-15,2013-04-22,2013-04-27,1701.0,1,1701.0
SO56261,10000,373,2013-04-15,2013-04-22,2013-04-27,540.0,1,540.0
SO56262,17211,395,2013-04-15,2013-04-22,2013-04-27,540.0,1,540.0
SO56263,9988,373,2013-04-15,2013-04-22,2013-04-27,540.0,1,540.0
SO56264,18195,353,2013-04-15,2013-04-22,2013-04-27,2384.0,1,2384.0
SO56265,8561,166,2013-04-15,2013-04-22,2013-04-27,2443.0,1,2443.0
SO56265,8561,167,2013-04-15,2013-04-22,2013-04-27,2443.0,1,2443.0
SO56266,8577,164,2013-04-15,2013-04-22,2013-04-27,2443.0,1,2443.0
SO56266,8577,165,2013-04-15,2013-04-22,2013-04-27,2443.0,1,2443.0
SO56267,7930,162,2013-04-15,2013-04-22,2013-04-27,2443.0,1,2443.0
SO56267,7930,163,2013-04-15,2013-04-22,2013-04-27,2443.0,1,2443.0
SO56268,473,141,2013-04-15,2013-04-22,2013-04-27,2320.0,1,2320.0
SO56268,473,142,2013-04-15,2013-04-22,2013-04-27,2320.0,1,2320.0
SO56269,152,151,2013-04-15,2013-04-22,2013-04-27,2295.0,1,2295.0
SO56269,152,152,2013-04-15,2013-04-22,2013-04-27,2295.0,1,2295.0
SO56270,1347,141,2013-04-15,2013-04-22,2013-04-27,2320.0,1,2320.0
SO56270,1347,142,2013-04-15,2013-04-22,2013-04-27,2320.0,1,2320.0
SO56271,10337,394,2013-04-15,2013-04-22,2013-04-27,540.0,1,540.0
SO56272,8892,170,2013-04-15,2013-04-22,2013-04-27,1120.0,1,1120.0
SO56272,8892,171,2013-04-15,2013-04-22,2013-04-27,1120.0,1,1120.0
SO56273,5347,318,2013-04-16,2013-04-23,2013-04-28,4.0,1,4.0
SO56274,17951,267,2013-04-16,2013-04-23,2013-04-28,10.0,1,10.0
SO56275,17943,267,2013-04-16,2013-04-23,2013-04-28,10.0,1,10.0
SO56276,9853,371,2013-04-16,2013-04-23,2013-04-28,1701.0,1,1701.0
SO56277,1673,275,2013-04-16,2013-04-23,2013-04-28,159.0,1,159.0
SO56278,6721,382,2013-04-16,2013-04-23,2013-04-28,565.0,1,565.0
SO56279,1334,160,2013-04-16,2013-04-23,2013-04-28,2443.0,1,2443.0
SO56279,1334,161,2013-04-16,2013-04-23,2013-04-28,2443.0,1,2443.0
SO56280,654,278,2013-04-16,2013-04-23,2013-04-28,54.0,1,54.0
SO56281,278,319,2013-04-16,2013-04-23,2013-04-28,5.0,1,5.0
SO56282,521,318,2013-04-16,2013-04-23,2013-04-28,4.0,1,4.0
SO56283,531,318,2013-04-16,2013-04-23,2013-04-28,4.0,1,4.0
SO56284,508,318,2013-04-16,2013-04-23,2013-04-28,4.0,1,4.0
SO56285,16534,327,2013-04-16,2013-04-23,2013-04-28,21.0,1,21.0
SO56286,699,324,2013-04-16,2013-04-23,2013-04-28,25.0,1,25.0
SO56287,16047,330,2013-04-16,2013-04-23,2013-04-28,29.0,1,29.0
SO56288,14435,329,2013-04-16,2013-04-23,2013-04-28,33.0,1,33.0
SO56289,12794,329,2013-04-16,2013-04-23,2013-04-28,33.0,1,33.0
SO56290,8840,325,2013-04-16,2013-04-23,2013-04-28,30.0,1,30.0
SO56291,4857,265,2013-04-16,2013-04-23,2013-04-28,70.0,1,70.0
SO56292,9353,264,2013-04-16,2013-04-23,2013-04-28,70.0,1,70.0
SO56293,809,265,2013-04-16,2013-04-23,2013-04-28,70.0,1,70.0
SO56294,7521,270,2013-04-16,2013-04-23,2013-04-28,9.0,1,9.0
SO56295,9749,264,2013-04-16,2013-04-23,2013-04-28,70.0,1,70.0
SO56296,13774,317,2013-04-16,2013-04-23,2013-04-28,5.0,1,5.0
SO56297,12717,317,2013-04-16,2013-04-23,2013-04-28,5.0,1,5.0
SO56298,3123,274,2013-04-16,2013-04-23,2013-04-28,22.0,1,22.0
SO56299,5049,317,2013-04-16,2013-04-23,2013-04-28,5.0,1,5.0
SO56300,8318,266,2013-04-16,2013-04-23,2013-04-28,5.0,1,5.0
SO56301,5470,328,2013-04-16,2013-04-23,2013-04-28,25.0,1,25.0
SO56302,8376,325,2013-04-16,2013-04-23,2013-04-28,30.0,1,30.0
SO56303,10085,318,2013-04-16,2013-04-23,2013-04-28,4.0,1,4.0
SO56304,10076,266,2013-04-16,2013-04-23,2013-04-28,5.0,1,5.0
SO56305,13573,318,2013-04-16,2013-04-23,2013-04-28,4.0,1,4.0
SO56306,10122,327,2013-04-16,2013-04-23,2013-04-28,21.0,1,21.0
SO56307,15991,327,2013-04-16,2013-04-23,2013-04-28,21.0,1,21.0
SO56308,1192,326,2013-04-16,2013-04-23,2013-04-28,35.0,1,35.0
SO56309,1660,267,2013-04-16,2013-04-23,2013-04-28,10.0,1,10.0
SO56310,1269,24,2013-04-16,2013-04-23,2013-04-28,50.0,1,50.0
SO56310,1269,25,2013-04-16,2013-04-23,2013-04-28,50.0,1,50.0
SO56310,1269,26,2013-04-16,2013-04-23,2013-04-28,50.0,1,50.0
SO56311,581,9,2013-04-16,2013-04-23,2013-04-28,35.0,1,35.0
SO56311,581,10,2013-04-16,2013-04-23,2013-04-28,35.0,1,35.0
SO56311,581,11,2013-04-16,2013-04-23,2013-04-28,35.0,1,35.0
SO56312,5948,370,2013-04-16,2013-04-23,2013-04-28,1701.0,1,1701.0
SO56313,5974,369,2013-04-16,2013-04-23,2013-04-28,1701.0,1,1701.0
SO56314,5374,164,2013-04-16,2013-04-23,2013-04-28,2443.0,1,2443.0
SO56314,5374,165,2013-04-16,2013-04-23,2013-04-28,2443.0,1,2443.0
SO56315,2179,149,2013-04-16,2013-04-23,2013-04-28,2295.0,1,2295.0
SO56315,2179,150,2013-04-16,2013-04-23,2013-04-28,2295.0,1,2295.0
SO56316,1209,147,2013-04-16,2013-04-23,2013-04-28,2295.0,1,2295.0
SO56316,1209,148,2013-04-16,2013-04-23,2013-04-28,2295.0,1,2295.0
SO56317,3844,359,2013-04-16,2013-04-23,2013-04-28,742.0,1,742.0
SO56318,18192,363,2013-04-16,2013-04-23,2013-04-28,2384.0,1,2384.0
SO56319,8556,160,2013-04-16,2013-04-23,2013-04-28,2443.0,1,2443.0
SO56319,8556,161,2013-04-16,2013-04-23,2013-04-28,2443.0,1,2443.0
SO56320,2525,166,2013-04-16,2013-04-23,2013-04-28,2443.0,1,2443.0
SO56320,2525,167,2013-04-16,2013-04-23,2013-04-28,2443.0,1,2443.0
SO56321,7932,160,2013-04-16,2013-04-23,2013-04-28,2443.0,1,2443.0
SO56321,7932,161,2013-04-16,2013-04-23,2013-04-28,2443.0,1,2443.0
SO56322,751,151,2013-04-16,2013-04-23,2013-04-28,2295.0,1,2295.0
SO56322,751,152,2013-04-16,2013-04-23,2013-04-28,2295.0,1,2295.0
SO56323,1672,143,2013-04-16,2013-04-23,2013-04-28,2320.0,1,2320.0
SO56323,1672,144,2013-04-16,2013-04-23,2013-04-28,2320.0,1,2320.0
SO56324,1674,141,2013-04-16,2013-04-23,2013-04-28,2320.0,1,2320.0
SO56324,1674,142,2013-04-16,2013-04-23,2013-04-28,2320.0,1,2320.0
SO56325,15485,355,2013-04-16,2013-04-23,2013-04-28,742.0,1,742.0
SO56326,15486,359,2013-04-16,2013-04-23,2013-04-28,742.0,1,742.0
SO56327,1002,149,2013-04-16,2013-04-23,2013-04-28,2295.0,1,2295.0
SO56327,1002,150,2013-04-16,2013-04-23,2013-04-28,2295.0,1,2295.0
SO56328,13960,353,2013-04-16,2013-04-23,2013-04-28,2384.0,1,2384.0
SO56329,740,365,2013-04-16,2013-04-23,2013-04-28,2384.0,1,2384.0
SO56330,11887,395,2013-04-16,2013-04-23,2013-04-28,540.0,1,540.0
SO56331,9164,178,2013-04-16,2013-04-23,2013-04-28,1120.0,1,1120.0
SO56331,9164,179,2013-04-16,2013-04-23,2013-04-28,1120.0,1,1120.0
SO56332,13909,176,2013-04-17,2013-04-24,2013-04-29,1120.0,1,1120.0
SO56332,13909,177,2013-04-17,2013-04-24,2013-04-29,1120.0,1,1120.0
SO56333,12543,174,2013-04-17,2013-04-24,2013-04-29,1120.0,1,1120.0
SO56333,12543,175,2013-04-17,2013-04-24,2013-04-29,1120.0,1,1120.0
SO56334,1658,143,2013-04-17,2013-04-24,2013-04-29,2320.0,1,2320.0
SO56334,1658,144,2013-04-17,2013-04-24,2013-04-29,2320.0,1,2320.0
SO56335,1331,147,2013-04-17,2013-04-24,2013-04-29,2295.0,1,2295.0
SO56335,1331,148,2013-04-17,2013-04-24,2013-04-29,2295.0,1,2295.0
SO56336,613,147,2013-04-17,2013-04-24,2013-04-29,2295.0,1,2295.0
SO56336,613,148,2013-04-17,2013-04-24,2013-04-29,2295.0,1,2295.0
SO56337,2687,143,2013-04-17,2013-04-24,2013-04-29,2320.0,1,2320.0
SO56337,2687,144,2013-04-17,2013-04-24,2013-04-29,2320.0,1,2320.0
SO56338,1006,366,2013-04-17,2013-04-24,2013-04-29,1215.0,1,1215.0
SO56339,4129,328,2013-04-17,2013-04-24,2013-04-29,25.0,1,25.0
SO56340,6058,325,2013-04-17,2013-04-24,2013-04-29,30.0,1,30.0
SO56341,9418,266,2013-04-17,2013-04-24,2013-04-29,5.0,1,5.0
SO56342,12998,319,2013-04-17,2013-04-24,2013-04-29,5.0,1,5.0
SO56343,9852,372,2013-04-17,2013-04-24,2013-04-29,1701.0,1,1701.0
SO56344,9857,369,2013-04-17,2013-04-24,2013-04-29,1701.0,1,1701.0
SO56345,124,317,2013-04-17,2013-04-24,2013-04-29,5.0,1,5.0
SO56346,12470,325,2013-04-17,2013-04-24,2013-04-29,30.0,1,30.0
SO56347,3567,329,2013-04-17,2013-04-24,2013-04-29,33.0,1,33.0
SO56348,14024,329,2013-04-17,2013-04-24,2013-04-29,33.0,1,33.0
SO56349,2733,267,2013-04-17,2013-04-24,2013-04-29,10.0,1,10.0
SO56350,11139,325,2013-04-17,2013-04-24,2013-04-29,30.0,1,30.0
SO56351,10617,267,2013-04-17,2013-04-24,2013-04-29,10.0,1,10.0
SO56352,9504,267,2013-04-17,2013-04-24,2013-04-29,10.0,1,10.0
SO56353,16244,266,2013-04-17,2013-04-24,2013-04-29,5.0,1,5.0
SO56354,4345,317,2013-04-17,2013-04-24,2013-04-29,5.0,1,5.0
SO56355,3476,317,2013-04-17,2013-04-24,2013-04-29,5.0,1,5.0
SO56356,7180,317,2013-04-17,2013-04-24,2013-04-29,5.0,1,5.0
SO56357,5256,328,2013-04-17,2013-04-24,2013-04-29,25.0,1,25.0
SO56358,2497,329,2013-04-17,2013-04-24,2013-04-29,33.0,1,33.0
SO56359,9571,324,2013-04-17,2013-04-24,2013-04-29,25.0,1,25.0
SO56360,8389,325,2013-04-17,2013-04-24,2013-04-29,30.0,1,30.0
SO56361,4419,317,2013-04-17,2013-04-24,2013-04-29,5.0,1,5.0
SO56362,8128,380,2013-04-17,2013-04-24,2013-04-29,565.0,1,565.0
SO56363,3090,378,2013-04-17,2013-04-24,2013-04-29,769.0,1,769.0
SO56364,2101,145,2013-04-17,2013-04-24,2013-04-29,2320.0,1,2320.0
SO56364,2101,146,2013-04-17,2013-04-24,2013-04-29,2320.0,1,2320.0
SO56365,12107,372,2013-04-17,2013-04-24,2013-04-29,1701.0,1,1701.0
SO56366,12108,371,2013-04-17,2013-04-24,2013-04-29,1701.0,1,1701.0
SO56367,17210,395,2013-04-17,2013-04-24,2013-04-29,540.0,1,540.0
SO56368,18191,363,2013-04-17,2013-04-24,2013-04-29,2384.0,1,2384.0
SO56369,1357,145,2013-04-17,2013-04-24,2013-04-29,2320.0,1,2320.0
SO56369,1357,146,2013-04-17,2013-04-24,2013-04-29,2320.0,1,2320.0
SO56370,15487,355,2013-04-17,2013-04-24,2013-04-29,742.0,1,742.0
SO56371,991,143,2013-04-17,2013-04-24,2013-04-29,2320.0,1,2320.0
SO56371,991,144,2013-04-17,2013-04-24,2013-04-29,2320.0,1,2320.0
SO56372,12284,349,2013-04-17,2013-04-24,2013-04-29,1215.0,1,1215.0
SO56373,14381,368,2013-04-17,2013-04-24,2013-04-29,1215.0,1,1215.0
SO56374,14657,393,2013-04-17,2013-04-24,2013-04-29,540.0,1,540.0
SO56375,14660,394,2013-04-17,2013-04-24,2013-04-29,540.0,1,540.0
SO56376,1645,363,2013-04-17,2013-04-24,2013-04-29,2384.0,1,2384.0
SO56377,1382,149,2013-04-18,2013-04-25,2013-04-30,2295.0,1,2295.0
SO56377,1382,150,2013-04-18,2013-04-25,2013-04-30,2295.0,1,2295.0
SO56378,1287,141,2013-04-18,2013-04-25,2013-04-30,2320.0,1,2320.0
SO56378,1287,142,2013-04-18,2013-04-25,2013-04-30,2320.0,1,2320.0
SO56379,17598,273,2013-04-18,2013-04-25,2013-04-30,8.0,1,8.0
SO56380,9251,317,2013-04-18,2013-04-25,2013-04-30,5.0,1,5.0
SO56381,5641,325,2013-04-18,2013-04-25,2013-04-30,30.0,1,30.0
SO56382,5920,274,2013-04-18,2013-04-25,2013-04-30,22.0,1,22.0
SO56383,11950,274,2013-04-18,2013-04-25,2013-04-30,22.0,1,22.0
SO56384,12425,266,2013-04-18,2013-04-25,2013-04-30,5.0,1,5.0
SO56385,3861,319,2013-04-18,2013-04-25,2013-04-30,5.0,1,5.0
SO56386,2618,276,2013-04-18,2013-04-25,2013-04-30,55.0,1,55.0
SO56387,5636,329,2013-04-18,2013-04-25,2013-04-30,33.0,1,33.0
SO56388,2780,376,2013-04-18,2013-04-25,2013-04-30,769.0,1,769.0
SO56389,18207,328,2013-04-18,2013-04-25,2013-04-30,25.0,1,25.0
SO56390,520,319,2013-04-18,2013-04-25,2013-04-30,5.0,1,5.0
SO56391,14357,324,2013-04-18,2013-04-25,2013-04-30,25.0,1,25.0
SO56392,501,319,2013-04-18,2013-04-25,2013-04-30,5.0,1,5.0
SO56393,14442,318,2013-04-18,2013-04-25,2013-04-30,4.0,1,4.0
SO56394,13399,329,2013-04-18,2013-04-25,2013-04-30,33.0,1,33.0
SO56395,1531,325,2013-04-18,2013-04-25,2013-04-30,30.0,1,30.0
SO56396,13436,329,2013-04-18,2013-04-25,2013-04-30,33.0,1,33.0
SO56397,12301,325,2013-04-18,2013-04-25,2013-04-30,30.0,1,30.0
SO56398,11109,325,2013-04-18,2013-04-25,2013-04-30,30.0,1,30.0
SO56399,3245,265,2013-04-18,2013-04-25,2013-04-30,70.0,1,70.0
SO56400,6606,266,2013-04-18,2013-04-25,2013-04-30,5.0,1,5.0
SO56401,18177,317,2013-04-18,2013-04-25,2013-04-30,5.0,1,5.0
SO56402,4936,317,2013-04-18,2013-04-25,2013-04-30,5.0,1,5.0
SO56403,10691,317,2013-04-18,2013-04-25,2013-04-30,5.0,1,5.0
SO56404,3136,274,2013-04-18,2013-04-25,2013-04-30,22.0,1,22.0
SO56405,5037,274,2013-04-18,2013-04-25,2013-04-30,22.0,1,22.0
SO56406,4093,329,2013-04-18,2013-04-25,2013-04-30,33.0,1,33.0
SO56407,6937,324,2013-04-18,2013-04-25,2013-04-30,25.0,1,25.0
SO56408,6998,325,2013-04-18,2013-04-25,2013-04-30,30.0,1,30.0
SO56409,2810,328,2013-04-18,2013-04-25,2013-04-30,25.0,1,25.0
SO56410,6821,318,2013-04-18,2013-04-25,2013-04-30,4.0,1,4.0
SO56411,11711,318,2013-04-18,2013-04-25,2013-04-30,4.0,1,4.0
SO56412,6822,318,2013-04-18,2013-04-25,2013-04-30,4.0,1,4.0
SO56413,1490,318,2013-04-18,2013-04-25,2013-04-30,4.0,1,4.0
SO56414,14769,318,2013-04-18,2013-04-25,2013-04-30,4.0,1,4.0
SO56415,312,326,2013-04-18,2013-04-25,2013-04-30,35.0,1,35.0
SO56416,1047,326,2013-04-18,2013-04-25,2013-04-30,35.0,1,35.0
SO56417,1195,326,2013-04-18,2013-04-25,2013-04-30,35.0,1,35.0
SO56418,2351,326,2013-04-18,2013-04-25,2013-04-30,35.0,1,35.0
SO56419,1954,274,2013-04-18,2013-04-25,2013-04-30,22.0,1,22.0
SO56420,2496,267,2013-04-18,2013-04-25,2013-04-30,10.0,1,10.0
SO56421,5363,168,2013-04-18,2013-04-25,2013-04-30,2443.0,1,2443.0
SO56421,5363,169,2013-04-18,2013-04-25,2013-04-30,2443.0,1,2443.0
SO56422,630,147,2013-04-18,2013-04-25,2013-04-30,2295.0,1,2295.0
SO56422,630,148,2013-04-18,2013-04-25,2013-04-30,2295.0,1,2295.0
SO56423,136,143,2013-04-18,2013-04-25,2013-04-30,2320.0,1,2320.0
SO56423,136,144,2013-04-18,2013-04-25,2013-04-30,2320.0,1,2320.0
SO56424,11967,370,2013-04-18,2013-04-25,2013-04-30,1701.0,1,1701.0
SO56425,8100,166,2013-04-18,2013-04-25,2013-04-30,2443.0,1,2443.0
SO56425,8100,167,2013-04-18,2013-04-25,2013-04-30,2443.0,1,2443.0
SO56426,11877,393,2013-04-18,2013-04-25,2013-04-30,540.0,1,540.0
SO56427,12776,174,2013-04-18,2013-04-25,2013-04-30,1120.0,1,1120.0
SO56427,12776,175,2013-04-18,2013-04-25,2013-04-30,1120.0,1,1120.0
SO56428,16968,373,2013-04-18,2013-04-25,2013-04-30,540.0,1,540.0
SO56429,17114,375,2013-04-18,2013-04-25,2013-04-30,742.0,1,742.0
SO56430,12541,174,2013-04-19,2013-04-26,2013-05-01,1120.0,1,1120.0
SO56430,12541,175,2013-04-19,2013-04-26,2013-05-01,1120.0,1,1120.0
SO56431,3345,328,2013-04-19,2013-04-26,2013-05-01,25.0,1,25.0
SO56432,4148,318,2013-04-19,2013-04-26,2013-05-01,4.0,1,4.0
SO56433,4027,328,2013-04-19,2013-04-26,2013-05-01,25.0,1,25.0
SO56434,6292,325,2013-04-19,2013-04-26,2013-05-01,30.0,1,30.0
SO56435,7897,326,2013-04-19,2013-04-26,2013-05-01,35.0,1,35.0
SO56436,1036,317,2013-04-19,2013-04-26,2013-05-01,5.0,1,5.0
SO56437,8678,266,2013-04-19,2013-04-26,2013-05-01,5.0,1,5.0
SO56438,4600,267,2013-04-19,2013-04-26,2013-05-01,10.0,1,10.0
SO56439,5179,318,2013-04-19,2013-04-26,2013-05-01,4.0,1,4.0
SO56440,754,273,2013-04-19,2013-04-26,2013-05-01,8.0,1,8.0
SO56441,12921,369,2013-04-19,2013-04-26,2013-05-01,1701.0,1,1701.0
SO56442,6751,382,2013-04-19,2013-04-26,2013-05-01,565.0,1,565.0
SO56443,16944,166,2013-04-19,2013-04-26,2013-05-01,2443.0,1,2443.0
SO56443,16944,167,2013-04-19,2013-04-26,2013-05-01,2443.0,1,2443.0
SO56444,5417,160,2013-04-19,2013-04-26,2013-05-01,2443.0,1,2443.0
SO56444,5417,161,2013-04-19,2013-04-26,2013-05-01,2443.0,1,2443.0
SO56445,5413,162,2013-04-19,2013-04-26,2013-05-01,2443.0,1,2443.0
SO56445,5413,163,2013-04-19,2013-04-26,2013-05-01,2443.0,1,2443.0
SO56446,4658,379,2013-04-19,2013-04-26,2013-05-01,769.0,1,769.0
SO56447,18108,318,2013-04-19,2013-04-26,2013-05-01,4.0,1,4.0
SO56448,92,319,2013-04-19,2013-04-26,2013-05-01,5.0,1,5.0
SO56449,79,319,2013-04-19,2013-04-26,2013-05-01,5.0,1,5.0
SO56450,508,324,2013-04-19,2013-04-26,2013-05-01,25.0,1,25.0
SO56451,11864,325,2013-04-19,2013-04-26,2013-05-01,30.0,1,30.0
SO56452,10262,267,2013-04-19,2013-04-26,2013-05-01,10.0,1,10.0
SO56453,9354,264,2013-04-19,2013-04-26,2013-05-01,70.0,1,70.0
SO56454,9759,263,2013-04-19,2013-04-26,2013-05-01,70.0,1,70.0
SO56455,8020,265,2013-04-19,2013-04-26,2013-05-01,70.0,1,70.0
SO56456,6695,266,2013-04-19,2013-04-26,2013-05-01,5.0,1,5.0
SO56457,1062,266,2013-04-19,2013-04-26,2013-05-01,5.0,1,5.0
SO56458,3921,317,2013-04-19,2013-04-26,2013-05-01,5.0,1,5.0
SO56459,2901,274,2013-04-19,2013-04-26,2013-05-01,22.0,1,22.0
SO56460,6714,325,2013-04-19,2013-04-26,2013-05-01,30.0,1,30.0
SO56461,479,280,2013-04-19,2013-04-26,2013-05-01,54.0,1,54.0
SO56462,2504,330,2013-04-19,2013-04-26,2013-05-01,29.0,1,29.0
SO56463,18443,319,2013-04-19,2013-04-26,2013-05-01,5.0,1,5.0
SO56464,2508,330,2013-04-19,2013-04-26,2013-05-01,29.0,1,29.0
SO56465,829,317,2013-04-19,2013-04-26,2013-05-01,5.0,1,5.0
SO56466,5847,274,2013-04-19,2013-04-26,2013-05-01,22.0,1,22.0
SO56467,4816,274,2013-04-19,2013-04-26,2013-05-01,22.0,1,22.0
SO56468,2545,267,2013-04-19,2013-04-26,2013-05-01,10.0,1,10.0
SO56469,2310,274,2013-04-19,2013-04-26,2013-05-01,22.0,1,22.0
SO56470,9672,369,2013-04-19,2013-04-26,2013-05-01,1701.0,1,1701.0
SO56471,2174,145,2013-04-19,2013-04-26,2013-05-01,2320.0,1,2320.0
SO56471,2174,146,2013-04-19,2013-04-26,2013-05-01,2320.0,1,2320.0
SO56472,1918,145,2013-04-19,2013-04-26,2013-05-01,2320.0,1,2320.0
SO56472,1918,146,2013-04-19,2013-04-26,2013-05-01,2320.0,1,2320.0
SO56473,17213,393,2013-04-19,2013-04-26,2013-05-01,540.0,1,540.0
SO56474,17955,12,2013-04-19,2013-04-26,2013-05-01,9.0,1,9.0
SO56474,17955,13,2013-04-19,2013-04-26,2013-05-01,9.0,1,9.0
SO56474,17955,14,2013-04-19,2013-04-26,2013-05-01,9.0,1,9.0
SO56475,8559,166,2013-04-19,2013-04-26,2013-05-01,2443.0,1,2443.0
SO56475,8559,167,2013-04-19,2013-04-26,2013-05-01,2443.0,1,2443.0
SO56476,1359,147,2013-04-19,2013-04-26,2013-05-01,2295.0,1,2295.0
SO56476,1359,148,2013-04-19,2013-04-26,2013-05-01,2295.0,1,2295.0
SO56477,11769,395,2013-04-19,2013-04-26,2013-05-01,540.0,1,540.0
SO56478,8821,178,2013-04-19,2013-04-26,2013-05-01,1120.0,1,1120.0
SO56478,8821,179,2013-04-19,2013-04-26,2013-05-01,1120.0,1,1120.0
SO56479,12905,178,2013-04-19,2013-04-26,2013-05-01,1120.0,1,1120.0
SO56479,12905,179,2013-04-19,2013-04-26,2013-05-01,1120.0,1,1120.0
SO56480,11518,393,2013-04-19,2013-04-26,2013-05-01,540.0,1,540.0
SO56481,11526,393,2013-04-19,2013-04-26,2013-05-01,540.0,1,540.0
SO56482,16902,364,2013-04-19,2013-04-26,2013-05-01,2384.0,1,2384.0
SO56483,1645,141,2013-04-20,2013-04-27,2013-05-02,2320.0,1,2320.0
SO56483,1645,142,2013-04-20,2013-04-27,2013-05-02,2320.0,1,2320.0
SO56484,1648,141,2013-04-20,2013-04-27,2013-05-02,2320.0,1,2320.0
SO56484,1648,142,2013-04-20,2013-04-27,2013-05-02,2320.0,1,2320.0
SO56485,2686,151,2013-04-20,2013-04-27,2013-05-02,2295.0,1,2295.0
SO56485,2686,152,2013-04-20,2013-04-27,2013-05-02,2295.0,1,2295.0
SO56486,2698,145,2013-04-20,2013-04-27,2013-05-02,2320.0,1,2320.0
SO56486,2698,146,2013-04-20,2013-04-27,2013-05-02,2320.0,1,2320.0
SO56487,301,9,2013-04-20,2013-04-27,2013-05-02,35.0,1,35.0
SO56487,301,10,2013-04-20,2013-04-27,2013-05-02,35.0,1,35.0
SO56487,301,11,2013-04-20,2013-04-27,2013-05-02,35.0,1,35.0
SO56488,143,4,2013-04-20,2013-04-27,2013-05-02,35.0,1,35.0
SO56488,143,5,2013-04-20,2013-04-27,2013-05-02,35.0,1,35.0
SO56488,143,6,2013-04-20,2013-04-27,2013-05-02,35.0,1,35.0
SO56489,6053,317,2013-04-20,2013-04-27,2013-05-02,5.0,1,5.0
SO56490,8601,317,2013-04-20,2013-04-27,2013-05-02,5.0,1,5.0
SO56491,8575,318,2013-04-20,2013-04-27,2013-05-02,4.0,1,4.0
SO56492,9267,318,2013-04-20,2013-04-27,2013-05-02,4.0,1,4.0
SO56493,12347,266,2013-04-20,2013-04-27,2013-05-02,5.0,1,5.0
SO56494,16597,319,2013-04-20,2013-04-27,2013-05-02,5.0,1,5.0
SO56495,2670,265,2013-04-20,2013-04-27,2013-05-02,70.0,1,70.0
SO56496,17946,266,2013-04-20,2013-04-27,2013-05-02,5.0,1,5.0
SO56497,18218,328,2013-04-20,2013-04-27,2013-05-02,25.0,1,25.0
SO56498,876,327,2013-04-20,2013-04-27,2013-05-02,21.0,1,21.0
SO56499,15262,330,2013-04-20,2013-04-27,2013-05-02,29.0,1,29.0
SO56500,2145,330,2013-04-20,2013-04-27,2013-05-02,29.0,1,29.0
SO56501,15045,324,2013-04-20,2013-04-27,2013-05-02,25.0,1,25.0
SO56502,3583,318,2013-04-20,2013-04-27,2013-05-02,4.0,1,4.0
SO56503,10325,266,2013-04-20,2013-04-27,2013-05-02,5.0,1,5.0
SO56504,12006,325,2013-04-20,2013-04-27,2013-05-02,30.0,1,30.0
SO56505,9503,267,2013-04-20,2013-04-27,2013-05-02,10.0,1,10.0
SO56506,7965,264,2013-04-20,2013-04-27,2013-05-02,70.0,1,70.0
SO56507,1431,264,2013-04-20,2013-04-27,2013-05-02,70.0,1,70.0
SO56508,16029,266,2013-04-20,2013-04-27,2013-05-02,5.0,1,5.0
SO56509,4778,317,2013-04-20,2013-04-27,2013-05-02,5.0,1,5.0
SO56510,3281,274,2013-04-20,2013-04-27,2013-05-02,22.0,1,22.0
SO56511,2749,274,2013-04-20,2013-04-27,2013-05-02,22.0,1,22.0
SO56512,3493,317,2013-04-20,2013-04-27,2013-05-02,5.0,1,5.0
SO56513,6227,326,2013-04-20,2013-04-27,2013-05-02,35.0,1,35.0
SO56514,10915,266,2013-04-20,2013-04-27,2013-05-02,5.0,1,5.0
SO56515,8179,328,2013-04-20,2013-04-27,2013-05-02,25.0,1,25.0
SO56516,10136,317,2013-04-20,2013-04-27,2013-05-02,5.0,1,5.0
SO56517,13877,327,2013-04-20,2013-04-27,2013-05-02,21.0,1,21.0
SO56518,8351,327,2013-04-20,2013-04-27,2013-05-02,21.0,1,21.0
SO56519,14470,319,2013-04-20,2013-04-27,2013-05-02,5.0,1,5.0
SO56520,16961,319,2013-04-20,2013-04-27,2013-05-02,5.0,1,5.0
SO56521,8643,274,2013-04-20,2013-04-27,2013-05-02,22.0,1,22.0
SO56522,5950,372,2013-04-20,2013-04-27,2013-05-02,1701.0,1,1701.0
SO56523,9347,164,2013-04-20,2013-04-27,2013-05-02,2443.0,1,2443.0
SO56523,9347,165,2013-04-20,2013-04-27,2013-05-02,2443.0,1,2443.0
SO56524,9348,162,2013-04-20,2013-04-27,2013-05-02,2443.0,1,2443.0
SO56524,9348,163,2013-04-20,2013-04-27,2013-05-02,2443.0,1,2443.0
SO56525,516,149,2013-04-20,2013-04-27,2013-05-02,2295.0,1,2295.0
SO56525,516,150,2013-04-20,2013-04-27,2013-05-02,2295.0,1,2295.0
SO56526,6046,379,2013-04-20,2013-04-27,2013-05-02,769.0,1,769.0
SO56527,7768,370,2013-04-20,2013-04-27,2013-05-02,1701.0,1,1701.0
SO56528,12118,370,2013-04-20,2013-04-27,2013-05-02,1701.0,1,1701.0
SO56529,17963,352,2013-04-20,2013-04-27,2013-05-02,2384.0,1,2384.0
SO56530,1676,143,2013-04-20,2013-04-27,2013-05-02,2320.0,1,2320.0
SO56530,1676,144,2013-04-20,2013-04-27,2013-05-02,2320.0,1,2320.0
SO56531,15344,355,2013-04-20,2013-04-27,2013-05-02,742.0,1,742.0
SO56532,444,151,2013-04-20,2013-04-27,2013-05-02,2295.0,1,2295.0
SO56532,444,152,2013-04-20,2013-04-27,2013-05-02,2295.0,1,2295.0
SO56533,987,141,2013-04-20,2013-04-27,2013-05-02,2320.0,1,2320.0
SO56533,987,142,2013-04-20,2013-04-27,2013-05-02,2320.0,1,2320.0
SO56534,14371,368,2013-04-20,2013-04-27,2013-05-02,1215.0,1,1215.0
SO56535,13967,351,2013-04-20,2013-04-27,2013-05-02,2384.0,1,2384.0
SO56536,5501,373,2013-04-20,2013-04-27,2013-05-02,540.0,1,540.0
SO56537,11761,394,2013-04-20,2013-04-27,2013-05-02,540.0,1,540.0
SO56538,10672,394,2013-04-20,2013-04-27,2013-05-02,540.0,1,540.0
SO56539,4685,350,2013-04-20,2013-04-27,2013-05-02,2384.0,1,2384.0
SO56540,1223,145,2013-04-21,2013-04-28,2013-05-03,2320.0,1,2320.0
SO56540,1223,146,2013-04-21,2013-04-28,2013-05-03,2320.0,1,2320.0
SO56541,3072,366,2013-04-21,2013-04-28,2013-05-03,1215.0,1,1215.0
SO56542,2557,149,2013-04-21,2013-04-28,2013-05-03,2295.0,1,2295.0
SO56542,2557,150,2013-04-21,2013-04-28,2013-05-03,2295.0,1,2295.0
SO56543,786,4,2013-04-21,2013-04-28,2013-05-03,35.0,1,35.0
SO56543,786,5,2013-04-21,2013-04-28,2013-05-03,35.0,1,35.0
SO56543,786,6,2013-04-21,2013-04-28,2013-05-03,35.0,1,35.0
SO56544,7296,274,2013-04-21,2013-04-28,2013-05-03,22.0,1,22.0
SO56545,10954,326,2013-04-21,2013-04-28,2013-05-03,35.0,1,35.0
SO56546,6245,280,2013-04-21,2013-04-28,2013-05-03,54.0,1,54.0
SO56547,114,273,2013-04-21,2013-04-28,2013-05-03,8.0,1,8.0
SO56548,7196,12,2013-04-21,2013-04-28,2013-05-03,9.0,1,9.0
SO56548,7196,13,2013-04-21,2013-04-28,2013-05-03,9.0,1,9.0
SO56548,7196,14,2013-04-21,2013-04-28,2013-05-03,9.0,1,9.0
SO56549,7305,269,2013-04-21,2013-04-28,2013-05-03,2.0,1,2.0
SO56550,6485,276,2013-04-21,2013-04-28,2013-05-03,55.0,1,55.0
SO56551,5626,329,2013-04-21,2013-04-28,2013-05-03,33.0,1,33.0
SO56552,11622,389,2013-04-21,2013-04-28,2013-05-03,540.0,1,540.0
SO56553,11466,164,2013-04-21,2013-04-28,2013-05-03,2443.0,1,2443.0
SO56553,11466,165,2013-04-21,2013-04-28,2013-05-03,2443.0,1,2443.0
SO56554,212,319,2013-04-21,2013-04-28,2013-05-03,5.0,1,5.0
SO56555,13947,329,2013-04-21,2013-04-28,2013-05-03,33.0,1,33.0
SO56556,13964,329,2013-04-21,2013-04-28,2013-05-03,33.0,1,33.0
SO56557,12073,325,2013-04-21,2013-04-28,2013-05-03,30.0,1,30.0
SO56558,13423,329,2013-04-21,2013-04-28,2013-05-03,33.0,1,33.0
SO56559,7107,266,2013-04-21,2013-04-28,2013-05-03,5.0,1,5.0
SO56560,15243,266,2013-04-21,2013-04-28,2013-05-03,5.0,1,5.0
SO56561,4952,317,2013-04-21,2013-04-28,2013-05-03,5.0,1,5.0
SO56562,3909,317,2013-04-21,2013-04-28,2013-05-03,5.0,1,5.0
SO56563,3879,317,2013-04-21,2013-04-28,2013-05-03,5.0,1,5.0
SO56564,9381,317,2013-04-21,2013-04-28,2013-05-03,5.0,1,5.0
SO56565,4306,317,2013-04-21,2013-04-28,2013-05-03,5.0,1,5.0
SO56566,7091,274,2013-04-21,2013-04-28,2013-05-03,22.0,1,22.0
SO56567,3609,317,2013-04-21,2013-04-28,2013-05-03,5.0,1,5.0
SO56568,4174,274,2013-04-21,2013-04-28,2013-05-03,22.0,1,22.0
SO56569,8353,266,2013-04-21,2013-04-28,2013-05-03,5.0,1,5.0
SO56570,10116,266,2013-04-21,2013-04-28,2013-05-03,5.0,1,5.0
SO56571,10064,327,2013-04-21,2013-04-28,2013-05-03,21.0,1,21.0
SO56572,13540,318,2013-04-21,2013-04-28,2013-05-03,4.0,1,4.0
SO56573,16827,327,2013-04-21,2013-04-28,2013-05-03,21.0,1,21.0
SO56574,644,317,2013-04-21,2013-04-28,2013-05-03,5.0,1,5.0
SO56575,2981,274,2013-04-21,2013-04-28,2013-05-03,22.0,1,22.0
SO56576,2291,326,2013-04-21,2013-04-28,2013-05-03,35.0,1,35.0
SO56577,1628,12,2013-04-21,2013-04-28,2013-05-03,9.0,1,9.0
SO56577,1628,13,2013-04-21,2013-04-28,2013-05-03,9.0,1,9.0
SO56577,1628,14,2013-04-21,2013-04-28,2013-05-03,9.0,1,9.0
SO56578,1468,15,2013-04-21,2013-04-28,2013-05-03,50.0,1,50.0
SO56578,1468,16,2013-04-21,2013-04-28,2013-05-03,50.0,1,50.0
SO56578,1468,17,2013-04-21,2013-04-28,2013-05-03,50.0,1,50.0
SO56579,1380,24,2013-04-21,2013-04-28,2013-05-03,50.0,1,50.0
SO56579,1380,25,2013-04-21,2013-04-28,2013-05-03,50.0,1,50.0
SO56579,1380,26,2013-04-21,2013-04-28,2013-05-03,50.0,1,50.0
SO56580,425,9,2013-04-21,2013-04-28,2013-05-03,35.0,1,35.0
SO56580,425,10,2013-04-21,2013-04-28,2013-05-03,35.0,1,35.0
SO56580,425,11,2013-04-21,2013-04-28,2013-05-03,35.0,1,35.0
SO56581,5925,369,2013-04-21,2013-04-28,2013-05-03,1701.0,1,1701.0
SO56582,2177,149,2013-04-21,2013-04-28,2013-05-03,2295.0,1,2295.0
SO56582,2177,150,2013-04-21,2013-04-28,2013-05-03,2295.0,1,2295.0
SO56583,2178,151,2013-04-21,2013-04-28,2013-05-03,2295.0,1,2295.0
SO56583,2178,152,2013-04-21,2013-04-28,2013-05-03,2295.0,1,2295.0
SO56584,2206,151,2013-04-21,2013-04-28,2013-05-03,2295.0,1,2295.0
SO56584,2206,152,2013-04-21,2013-04-28,2013-05-03,2295.0,1,2295.0
SO56585,1936,143,2013-04-21,2013-04-28,2013-05-03,2320.0,1,2320.0
SO56585,1936,144,2013-04-21,2013-04-28,2013-05-03,2320.0,1,2320.0
SO56586,1210,145,2013-04-21,2013-04-28,2013-05-03,2320.0,1,2320.0
SO56586,1210,146,2013-04-21,2013-04-28,2013-05-03,2320.0,1,2320.0
SO56587,1363,149,2013-04-21,2013-04-28,2013-05-03,2295.0,1,2295.0
SO56587,1363,150,2013-04-21,2013-04-28,2013-05-03,2295.0,1,2295.0
SO56588,17964,365,2013-04-21,2013-04-28,2013-05-03,2384.0,1,2384.0
SO56589,11875,394,2013-04-21,2013-04-28,2013-05-03,540.0,1,540.0
SO56590,5669,395,2013-04-21,2013-04-28,2013-05-03,540.0,1,540.0
SO56591,11781,395,2013-04-21,2013-04-28,2013-05-03,540.0,1,540.0
SO56592,8769,178,2013-04-21,2013-04-28,2013-05-03,1120.0,1,1120.0
SO56592,8769,179,2013-04-21,2013-04-28,2013-05-03,1120.0,1,1120.0
SO56593,12763,172,2013-04-21,2013-04-28,2013-05-03,1120.0,1,1120.0
SO56593,12763,173,2013-04-21,2013-04-28,2013-05-03,1120.0,1,1120.0
SO56594,482,373,2013-04-21,2013-04-28,2013-05-03,540.0,1,540.0
SO56595,14658,373,2013-04-21,2013-04-28,2013-05-03,540.0,1,540.0
SO56596,10666,373,2013-04-21,2013-04-28,2013-05-03,540.0,1,540.0
SO56597,17732,362,2013-04-21,2013-04-28,2013-05-03,2384.0,1,2384.0
SO56598,17480,355,2013-04-21,2013-04-28,2013-05-03,742.0,1,742.0
SO56599,1215,147,2013-04-22,2013-04-29,2013-05-04,2295.0,1,2295.0
SO56599,1215,148,2013-04-22,2013-04-29,2013-05-04,2295.0,1,2295.0
SO56600,4642,325,2013-04-22,2013-04-29,2013-05-04,30.0,1,30.0
SO56601,9252,325,2013-04-22,2013-04-29,2013-05-04,30.0,1,30.0
SO56602,6496,274,2013-04-22,2013-04-29,2013-05-04,22.0,1,22.0
SO56603,7207,274,2013-04-22,2013-04-29,2013-05-04,22.0,1,22.0
SO56604,10979,326,2013-04-22,2013-04-29,2013-05-04,35.0,1,35.0
SO56605,9604,327,2013-04-22,2013-04-29,2013-05-04,21.0,1,21.0
SO56606,3316,24,2013-04-22,2013-04-29,2013-05-04,50.0,1,50.0
SO56606,3316,25,2013-04-22,2013-04-29,2013-05-04,50.0,1,50.0
SO56606,3316,26,2013-04-22,2013-04-29,2013-05-04,50.0,1,50.0
SO56607,6635,369,2013-04-22,2013-04-29,2013-05-04,1701.0,1,1701.0
SO56608,8963,268,2013-04-22,2013-04-29,2013-05-04,9.0,1,9.0
SO56609,305,269,2013-04-22,2013-04-29,2013-05-04,2.0,1,2.0
SO56610,143,330,2013-04-22,2013-04-29,2013-05-04,29.0,1,29.0
SO56611,277,327,2013-04-22,2013-04-29,2013-05-04,21.0,1,21.0
SO56612,224,319,2013-04-22,2013-04-29,2013-05-04,5.0,1,5.0
SO56613,15072,324,2013-04-22,2013-04-29,2013-05-04,25.0,1,25.0
SO56614,821,324,2013-04-22,2013-04-29,2013-05-04,25.0,1,25.0
SO56615,1160,317,2013-04-22,2013-04-29,2013-05-04,5.0,1,5.0
SO56616,12004,325,2013-04-22,2013-04-29,2013-05-04,30.0,1,30.0
SO56617,10658,266,2013-04-22,2013-04-29,2013-05-04,5.0,1,5.0
SO56618,8858,264,2013-04-22,2013-04-29,2013-05-04,70.0,1,70.0
SO56619,2487,266,2013-04-22,2013-04-29,2013-05-04,5.0,1,5.0
SO56620,8810,264,2013-04-22,2013-04-29,2013-05-04,70.0,1,70.0
SO56621,8220,265,2013-04-22,2013-04-29,2013-05-04,70.0,1,70.0
SO56622,7846,264,2013-04-22,2013-04-29,2013-05-04,70.0,1,70.0
SO56623,9271,12,2013-04-22,2013-04-29,2013-05-04,9.0,1,9.0
SO56623,9271,13,2013-04-22,2013-04-29,2013-05-04,9.0,1,9.0
SO56623,9271,14,2013-04-22,2013-04-29,2013-05-04,9.0,1,9.0
SO56624,4947,317,2013-04-22,2013-04-29,2013-05-04,5.0,1,5.0
SO56625,4295,317,2013-04-22,2013-04-29,2013-05-04,5.0,1,5.0
SO56626,2986,270,2013-04-22,2013-04-29,2013-05-04,9.0,1,9.0
SO56627,3807,264,2013-04-22,2013-04-29,2013-05-04,70.0,1,70.0
SO56628,8352,266,2013-04-22,2013-04-29,2013-05-04,5.0,1,5.0
SO56629,10663,327,2013-04-22,2013-04-29,2013-05-04,21.0,1,21.0
SO56630,14630,327,2013-04-22,2013-04-29,2013-05-04,21.0,1,21.0
SO56631,18436,330,2013-04-22,2013-04-29,2013-05-04,29.0,1,29.0
SO56632,15928,330,2013-04-22,2013-04-29,2013-05-04,29.0,1,29.0
SO56633,837,326,2013-04-22,2013-04-29,2013-05-04,35.0,1,35.0
SO56634,1016,317,2013-04-22,2013-04-29,2013-05-04,5.0,1,5.0
SO56635,860,326,2013-04-22,2013-04-29,2013-05-04,35.0,1,35.0
SO56636,4860,274,2013-04-22,2013-04-29,2013-05-04,22.0,1,22.0
SO56637,1931,151,2013-04-22,2013-04-29,2013-05-04,2295.0,1,2295.0
SO56637,1931,152,2013-04-22,2013-04-29,2013-05-04,2295.0,1,2295.0
SO56638,16884,356,2013-04-22,2013-04-29,2013-05-04,742.0,1,742.0
SO56639,18185,350,2013-04-22,2013-04-29,2013-05-04,2384.0,1,2384.0
SO56640,7931,160,2013-04-22,2013-04-29,2013-05-04,2443.0,1,2443.0
SO56640,7931,161,2013-04-22,2013-04-29,2013-05-04,2443.0,1,2443.0
SO56641,8984,172,2013-04-22,2013-04-29,2013-05-04,1120.0,1,1120.0
SO56641,8984,173,2013-04-22,2013-04-29,2013-05-04,1120.0,1,1120.0
SO56642,10127,395,2013-04-22,2013-04-29,2013-05-04,540.0,1,540.0
SO56643,3792,352,2013-04-22,2013-04-29,2013-05-04,2384.0,1,2384.0
SO56644,12547,172,2013-04-23,2013-04-30,2013-05-05,1120.0,1,1120.0
SO56644,12547,173,2013-04-23,2013-04-30,2013-05-05,1120.0,1,1120.0
SO56645,14819,317,2013-04-23,2013-04-30,2013-05-05,5.0,1,5.0
SO56646,17960,267,2013-04-23,2013-04-30,2013-05-05,10.0,1,10.0
SO56647,5033,330,2013-04-23,2013-04-30,2013-05-05,29.0,1,29.0
SO56648,1679,275,2013-04-23,2013-04-30,2013-05-05,159.0,1,159.0
SO56649,13724,371,2013-04-23,2013-04-30,2013-05-05,1701.0,1,1701.0
SO56650,6748,388,2013-04-23,2013-04-30,2013-05-05,540.0,1,540.0
SO56651,659,278,2013-04-23,2013-04-30,2013-05-05,54.0,1,54.0
SO56652,17288,319,2013-04-23,2013-04-30,2013-05-05,5.0,1,5.0
SO56653,531,319,2013-04-23,2013-04-30,2013-05-05,5.0,1,5.0
SO56654,503,328,2013-04-23,2013-04-30,2013-05-05,25.0,1,25.0
SO56655,499,327,2013-04-23,2013-04-30,2013-05-05,21.0,1,21.0
SO56656,15493,317,2013-04-23,2013-04-30,2013-05-05,5.0,1,5.0
SO56657,13769,329,2013-04-23,2013-04-30,2013-05-05,33.0,1,33.0
SO56658,9490,267,2013-04-23,2013-04-30,2013-05-05,10.0,1,10.0
SO56659,7355,266,2013-04-23,2013-04-30,2013-05-05,5.0,1,5.0
SO56660,6336,317,2013-04-23,2013-04-30,2013-05-05,5.0,1,5.0
SO56661,4332,317,2013-04-23,2013-04-30,2013-05-05,5.0,1,5.0
SO56662,9501,317,2013-04-23,2013-04-30,2013-05-05,5.0,1,5.0
SO56663,3442,274,2013-04-23,2013-04-30,2013-05-05,22.0,1,22.0
SO56664,7055,274,2013-04-23,2013-04-30,2013-05-05,22.0,1,22.0
SO56665,5303,328,2013-04-23,2013-04-30,2013-05-05,25.0,1,25.0
SO56666,8260,318,2013-04-23,2013-04-30,2013-05-05,4.0,1,4.0
SO56667,11561,266,2013-04-23,2013-04-30,2013-05-05,5.0,1,5.0
SO56668,476,327,2013-04-23,2013-04-30,2013-05-05,21.0,1,21.0
SO56669,6653,318,2013-04-23,2013-04-30,2013-05-05,4.0,1,4.0
SO56670,11458,266,2013-04-23,2013-04-30,2013-05-05,5.0,1,5.0
SO56671,12950,319,2013-04-23,2013-04-30,2013-05-05,5.0,1,5.0
SO56672,5455,319,2013-04-23,2013-04-30,2013-05-05,5.0,1,5.0
SO56673,2817,330,2013-04-23,2013-04-30,2013-05-05,29.0,1,29.0
SO56674,650,326,2013-04-23,2013-04-30,2013-05-05,35.0,1,35.0
SO56675,15233,319,2013-04-23,2013-04-30,2013-05-05,5.0,1,5.0
SO56676,3076,274,2013-04-23,2013-04-30,2013-05-05,22.0,1,22.0
SO56677,806,326,2013-04-23,2013-04-30,2013-05-05,35.0,1,35.0
SO56678,5365,162,2013-04-23,2013-04-30,2013-05-05,2443.0,1,2443.0
SO56678,5365,163,2013-04-23,2013-04-30,2013-05-05,2443.0,1,2443.0
SO56679,3111,379,2013-04-23,2013-04-30,2013-05-05,769.0,1,769.0
SO56680,3038,378,2013-04-23,2013-04-30,2013-05-05,769.0,1,769.0
SO56681,626,147,2013-04-23,2013-04-30,2013-05-05,2295.0,1,2295.0
SO56681,626,148,2013-04-23,2013-04-30,2013-05-05,2295.0,1,2295.0
SO56682,2094,151,2013-04-23,2013-04-30,2013-05-05,2295.0,1,2295.0
SO56682,2094,152,2013-04-23,2013-04-30,2013-05-05,2295.0,1,2295.0
SO56683,127,379,2013-04-23,2013-04-30,2013-05-05,769.0,1,769.0
SO56684,9996,373,2013-04-23,2013-04-30,2013-05-05,540.0,1,540.0
SO56685,17117,395,2013-04-23,2013-04-30,2013-05-05,540.0,1,540.0
SO56686,18193,364,2013-04-23,2013-04-30,2013-05-05,2384.0,1,2384.0
SO56687,8090,162,2013-04-23,2013-04-30,2013-05-05,2443.0,1,2443.0
SO56687,8090,163,2013-04-23,2013-04-30,2013-05-05,2443.0,1,2443.0
SO56688,1675,143,2013-04-23,2013-04-30,2013-05-05,2320.0,1,2320.0
SO56688,1675,144,2013-04-23,2013-04-30,2013-05-05,2320.0,1,2320.0
SO56689,13347,352,2013-04-23,2013-04-30,2013-05-05,2384.0,1,2384.0
SO56690,11792,395,2013-04-23,2013-04-30,2013-05-05,540.0,1,540.0
SO56691,8850,176,2013-04-23,2013-04-30,2013-05-05,1120.0,1,1120.0
SO56691,8850,177,2013-04-23,2013-04-30,2013-05-05,1120.0,1,1120.0
SO56692,1635,151,2013-04-24,2013-05-01,2013-05-06,2295.0,1,2295.0
SO56692,1635,152,2013-04-24,2013-05-01,2013-05-06,2295.0,1,2295.0
SO56693,614,151,2013-04-24,2013-05-01,2013-05-06,2295.0,1,2295.0
SO56693,614,152,2013-04-24,2013-05-01,2013-05-06,2295.0,1,2295.0
SO56694,1298,141,2013-04-24,2013-05-01,2013-05-06,2320.0,1,2320.0
SO56694,1298,142,2013-04-24,2013-05-01,2013-05-06,2320.0,1,2320.0
SO56695,2523,324,2013-04-24,2013-05-01,2013-05-06,25.0,1,25.0
SO56696,1692,324,2013-04-24,2013-05-01,2013-05-06,25.0,1,25.0
SO56697,4140,328,2013-04-24,2013-05-01,2013-05-06,25.0,1,25.0
SO56698,7320,318,2013-04-24,2013-05-01,2013-05-06,4.0,1,4.0
SO56699,10410,326,2013-04-24,2013-05-01,2013-05-06,35.0,1,35.0
SO56700,9219,327,2013-04-24,2013-05-01,2013-05-06,21.0,1,21.0
SO56701,13899,317,2013-04-24,2013-05-01,2013-05-06,5.0,1,5.0
SO56702,13380,271,2013-04-24,2013-05-01,2013-05-06,9.0,1,9.0
SO56703,8592,330,2013-04-24,2013-05-01,2013-05-06,29.0,1,29.0
SO56704,4642,269,2013-04-24,2013-05-01,2013-05-06,2.0,1,2.0
SO56705,5416,168,2013-04-24,2013-05-01,2013-05-06,2443.0,1,2443.0
SO56705,5416,169,2013-04-24,2013-05-01,2013-05-06,2443.0,1,2443.0
SO56706,702,280,2013-04-24,2013-05-01,2013-05-06,54.0,1,54.0
SO56707,1068,24,2013-04-24,2013-05-01,2013-05-06,50.0,1,50.0
SO56707,1068,25,2013-04-24,2013-05-01,2013-05-06,50.0,1,50.0
SO56707,1068,26,2013-04-24,2013-05-01,2013-05-06,50.0,1,50.0
SO56708,501,318,2013-04-24,2013-05-01,2013-05-06,4.0,1,4.0
SO56709,17044,319,2013-04-24,2013-05-01,2013-05-06,5.0,1,5.0
SO56710,17012,319,2013-04-24,2013-05-01,2013-05-06,5.0,1,5.0
SO56711,16400,318,2013-04-24,2013-05-01,2013-05-06,4.0,1,4.0
SO56712,18046,319,2013-04-24,2013-05-01,2013-05-06,5.0,1,5.0
SO56713,1137,324,2013-04-24,2013-05-01,2013-05-06,25.0,1,25.0
SO56714,5877,329,2013-04-24,2013-05-01,2013-05-06,33.0,1,33.0
SO56715,13441,329,2013-04-24,2013-05-01,2013-05-06,33.0,1,33.0
SO56716,2232,325,2013-04-24,2013-05-01,2013-05-06,30.0,1,30.0
SO56717,12452,325,2013-04-24,2013-05-01,2013-05-06,30.0,1,30.0
SO56718,10326,267,2013-04-24,2013-05-01,2013-05-06,10.0,1,10.0
SO56719,11991,325,2013-04-24,2013-05-01,2013-05-06,30.0,1,30.0
SO56720,10251,267,2013-04-24,2013-05-01,2013-05-06,10.0,1,10.0
SO56721,17965,264,2013-04-24,2013-05-01,2013-05-06,70.0,1,70.0
SO56722,7889,265,2013-04-24,2013-05-01,2013-05-06,70.0,1,70.0
SO56723,9287,263,2013-04-24,2013-05-01,2013-05-06,70.0,1,70.0
SO56724,3120,266,2013-04-24,2013-05-01,2013-05-06,5.0,1,5.0
SO56725,9742,263,2013-04-24,2013-05-01,2013-05-06,70.0,1,70.0
SO56726,5300,317,2013-04-24,2013-05-01,2013-05-06,5.0,1,5.0
SO56727,6201,274,2013-04-24,2013-05-01,2013-05-06,22.0,1,22.0
SO56728,5201,274,2013-04-24,2013-05-01,2013-05-06,22.0,1,22.0
SO56729,12220,266,2013-04-24,2013-05-01,2013-05-06,5.0,1,5.0
SO56730,9042,12,2013-04-24,2013-05-01,2013-05-06,9.0,1,9.0
SO56730,9042,13,2013-04-24,2013-05-01,2013-05-06,9.0,1,9.0
SO56730,9042,14,2013-04-24,2013-05-01,2013-05-06,9.0,1,9.0
SO56731,11541,266,2013-04-24,2013-05-01,2013-05-06,5.0,1,5.0
SO56732,11514,327,2013-04-24,2013-05-01,2013-05-06,21.0,1,21.0
SO56733,11871,330,2013-04-24,2013-05-01,2013-05-06,29.0,1,29.0
SO56734,687,326,2013-04-24,2013-05-01,2013-05-06,35.0,1,35.0
SO56735,3086,274,2013-04-24,2013-05-01,2013-05-06,22.0,1,22.0
SO56736,2171,274,2013-04-24,2013-05-01,2013-05-06,22.0,1,22.0
SO56737,2494,267,2013-04-24,2013-05-01,2013-05-06,10.0,1,10.0
SO56738,2222,147,2013-04-24,2013-05-01,2013-05-06,2295.0,1,2295.0
SO56738,2222,148,2013-04-24,2013-05-01,2013-05-06,2295.0,1,2295.0
SO56739,655,141,2013-04-24,2013-05-01,2013-05-06,2320.0,1,2320.0
SO56739,655,142,2013-04-24,2013-05-01,2013-05-06,2320.0,1,2320.0
SO56740,625,143,2013-04-24,2013-05-01,2013-05-06,2320.0,1,2320.0
SO56740,625,144,2013-04-24,2013-05-01,2013-05-06,2320.0,1,2320.0
SO56741,2017,149,2013-04-24,2013-05-01,2013-05-06,2295.0,1,2295.0
SO56741,2017,150,2013-04-24,2013-05-01,2013-05-06,2295.0,1,2295.0
SO56742,2084,145,2013-04-24,2013-05-01,2013-05-06,2320.0,1,2320.0
SO56742,2084,146,2013-04-24,2013-05-01,2013-05-06,2320.0,1,2320.0
SO56743,1710,145,2013-04-24,2013-05-01,2013-05-06,2320.0,1,2320.0
SO56743,1710,146,2013-04-24,2013-05-01,2013-05-06,2320.0,1,2320.0
SO56744,3771,375,2013-04-24,2013-05-01,2013-05-06,742.0,1,742.0
SO56745,3779,354,2013-04-24,2013-05-01,2013-05-06,742.0,1,742.0
SO56746,9999,394,2013-04-24,2013-05-01,2013-05-06,540.0,1,540.0
SO56747,9994,394,2013-04-24,2013-05-01,2013-05-06,540.0,1,540.0
SO56748,18114,351,2013-04-24,2013-05-01,2013-05-06,2384.0,1,2384.0
SO56749,18179,362,2013-04-24,2013-05-01,2013-05-06,2384.0,1,2384.0
SO56750,7929,166,2013-04-24,2013-05-01,2013-05-06,2443.0,1,2443.0
SO56750,7929,167,2013-04-24,2013-05-01,2013-05-06,2443.0,1,2443.0
SO56751,1678,149,2013-04-24,2013-05-01,2013-05-06,2295.0,1,2295.0
SO56751,1678,150,2013-04-24,2013-05-01,2013-05-06,2295.0,1,2295.0
SO56752,995,143,2013-04-24,2013-05-01,2013-05-06,2320.0,1,2320.0
SO56752,995,144,2013-04-24,2013-05-01,2013-05-06,2320.0,1,2320.0
SO56753,11779,393,2013-04-24,2013-05-01,2013-05-06,540.0,1,540.0
SO56754,8876,178,2013-04-24,2013-05-01,2013-05-06,1120.0,1,1120.0
SO56754,8876,179,2013-04-24,2013-05-01,2013-05-06,1120.0,1,1120.0
SO56755,9002,174,2013-04-24,2013-05-01,2013-05-06,1120.0,1,1120.0
SO56755,9002,175,2013-04-24,2013-05-01,2013-05-06,1120.0,1,1120.0
SO56756,12754,178,2013-04-24,2013-05-01,2013-05-06,1120.0,1,1120.0
SO56756,12754,179,2013-04-24,2013-05-01,2013-05-06,1120.0,1,1120.0
SO56757,13910,176,2013-04-25,2013-05-02,2013-05-07,1120.0,1,1120.0
SO56757,13910,177,2013-04-25,2013-05-02,2013-05-07,1120.0,1,1120.0
SO56758,1219,143,2013-04-25,2013-05-02,2013-05-07,2320.0,1,2320.0
SO56758,1219,144,2013-04-25,2013-05-02,2013-05-07,2320.0,1,2320.0
SO56759,1944,12,2013-04-25,2013-05-02,2013-05-07,9.0,1,9.0
SO56759,1944,13,2013-04-25,2013-05-02,2013-05-07,9.0,1,9.0
SO56759,1944,14,2013-04-25,2013-05-02,2013-05-07,9.0,1,9.0
SO56760,9606,318,2013-04-25,2013-05-02,2013-05-07,4.0,1,4.0
SO56761,14218,317,2013-04-25,2013-05-02,2013-05-07,5.0,1,5.0
SO56762,18302,267,2013-04-25,2013-05-02,2013-05-07,10.0,1,10.0
SO56763,8505,383,2013-04-25,2013-05-02,2013-05-07,565.0,1,565.0
SO56764,13550,162,2013-04-25,2013-05-02,2013-05-07,2443.0,1,2443.0
SO56764,13550,163,2013-04-25,2013-05-02,2013-05-07,2443.0,1,2443.0
SO56765,1074,21,2013-04-25,2013-05-02,2013-05-07,50.0,1,50.0
SO56765,1074,22,2013-04-25,2013-05-02,2013-05-07,50.0,1,50.0
SO56765,1074,23,2013-04-25,2013-05-02,2013-05-07,50.0,1,50.0
SO56766,17287,319,2013-04-25,2013-05-02,2013-05-07,5.0,1,5.0
SO56767,18251,318,2013-04-25,2013-05-02,2013-05-07,4.0,1,4.0
SO56768,14008,324,2013-04-25,2013-05-02,2013-05-07,25.0,1,25.0
SO56769,15338,324,2013-04-25,2013-05-02,2013-05-07,25.0,1,25.0
SO56770,13319,318,2013-04-25,2013-05-02,2013-05-07,4.0,1,4.0
SO56771,641,324,2013-04-25,2013-05-02,2013-05-07,25.0,1,25.0
SO56772,699,265,2013-04-25,2013-05-02,2013-05-07,70.0,1,70.0
SO56773,710,264,2013-04-25,2013-05-02,2013-05-07,70.0,1,70.0
SO56774,7072,266,2013-04-25,2013-05-02,2013-05-07,5.0,1,5.0
SO56775,6617,266,2013-04-25,2013-05-02,2013-05-07,5.0,1,5.0
SO56776,3295,274,2013-04-25,2013-05-02,2013-05-07,22.0,1,22.0
SO56777,1505,318,2013-04-25,2013-05-02,2013-05-07,4.0,1,4.0
SO56778,15883,330,2013-04-25,2013-05-02,2013-05-07,29.0,1,29.0
SO56779,18380,327,2013-04-25,2013-05-02,2013-05-07,21.0,1,21.0
SO56780,17906,319,2013-04-25,2013-05-02,2013-05-07,5.0,1,5.0
SO56781,2508,267,2013-04-25,2013-05-02,2013-05-07,10.0,1,10.0
SO56782,7323,274,2013-04-25,2013-05-02,2013-05-07,22.0,1,22.0
SO56783,1982,143,2013-04-25,2013-05-02,2013-05-07,2320.0,1,2320.0
SO56783,1982,144,2013-04-25,2013-05-02,2013-05-07,2320.0,1,2320.0
SO56784,16826,357,2013-04-25,2013-05-02,2013-05-07,742.0,1,742.0
SO56785,5709,376,2013-04-25,2013-05-02,2013-05-07,769.0,1,769.0
SO56786,8597,162,2013-04-25,2013-05-02,2013-05-07,2443.0,1,2443.0
SO56786,8597,163,2013-04-25,2013-05-02,2013-05-07,2443.0,1,2443.0
SO56787,8097,166,2013-04-25,2013-05-02,2013-05-07,2443.0,1,2443.0
SO56787,8097,167,2013-04-25,2013-05-02,2013-05-07,2443.0,1,2443.0
SO56788,1010,151,2013-04-25,2013-05-02,2013-05-07,2295.0,1,2295.0
SO56788,1010,152,2013-04-25,2013-05-02,2013-05-07,2295.0,1,2295.0
SO56789,1339,151,2013-04-25,2013-05-02,2013-05-07,2295.0,1,2295.0
SO56789,1339,152,2013-04-25,2013-05-02,2013-05-07,2295.0,1,2295.0
SO56790,13991,365,2013-04-25,2013-05-02,2013-05-07,2384.0,1,2384.0
SO56791,11092,394,2013-04-25,2013-05-02,2013-05-07,540.0,1,540.0
SO56792,12748,170,2013-04-25,2013-05-02,2013-05-07,1120.0,1,1120.0
SO56792,12748,171,2013-04-25,2013-05-02,2013-05-07,1120.0,1,1120.0
SO56793,11507,395,2013-04-25,2013-05-02,2013-05-07,540.0,1,540.0
SO56794,4694,352,2013-04-25,2013-05-02,2013-05-07,2384.0,1,2384.0
SO56795,1308,351,2013-04-25,2013-05-02,2013-05-07,2384.0,1,2384.0
SO56796,12542,170,2013-04-26,2013-05-03,2013-05-08,1120.0,1,1120.0
SO56796,12542,171,2013-04-26,2013-05-03,2013-05-08,1120.0,1,1120.0
SO56797,1631,151,2013-04-26,2013-05-03,2013-05-08,2295.0,1,2295.0
SO56797,1631,152,2013-04-26,2013-05-03,2013-05-08,2295.0,1,2295.0
SO56798,520,12,2013-04-26,2013-05-03,2013-05-08,9.0,1,9.0
SO56798,520,13,2013-04-26,2013-05-03,2013-05-08,9.0,1,9.0
SO56798,520,14,2013-04-26,2013-05-03,2013-05-08,9.0,1,9.0
SO56799,5675,325,2013-04-26,2013-05-03,2013-05-08,30.0,1,30.0
SO56800,10187,326,2013-04-26,2013-05-03,2013-05-08,35.0,1,35.0
SO56801,6319,325,2013-04-26,2013-05-03,2013-05-08,30.0,1,30.0
SO56802,2615,263,2013-04-26,2013-05-03,2013-05-08,70.0,1,70.0
SO56803,15433,264,2013-04-26,2013-05-03,2013-05-08,70.0,1,70.0
SO56804,4788,267,2013-04-26,2013-05-03,2013-05-08,10.0,1,10.0
SO56805,8628,268,2013-04-26,2013-05-03,2013-05-08,9.0,1,9.0
SO56806,9711,164,2013-04-26,2013-05-03,2013-05-08,2443.0,1,2443.0
SO56806,9711,165,2013-04-26,2013-05-03,2013-05-08,2443.0,1,2443.0
SO56807,635,269,2013-04-26,2013-05-03,2013-05-08,2.0,1,2.0
SO56808,14172,318,2013-04-26,2013-05-03,2013-05-08,4.0,1,4.0
SO56809,14894,324,2013-04-26,2013-05-03,2013-05-08,25.0,1,25.0
SO56810,13397,329,2013-04-26,2013-05-03,2013-05-08,33.0,1,33.0
SO56811,14337,324,2013-04-26,2013-05-03,2013-05-08,25.0,1,25.0
SO56812,11368,317,2013-04-26,2013-05-03,2013-05-08,5.0,1,5.0
SO56813,9185,263,2013-04-26,2013-05-03,2013-05-08,70.0,1,70.0
SO56814,720,253,2013-04-26,2013-05-03,2013-05-08,24.0,1,24.0
SO56814,720,254,2013-04-26,2013-05-03,2013-05-08,24.0,1,24.0
SO56815,7854,264,2013-04-26,2013-05-03,2013-05-08,70.0,1,70.0
SO56816,92,266,2013-04-26,2013-05-03,2013-05-08,5.0,1,5.0
SO56817,5135,317,2013-04-26,2013-05-03,2013-05-08,5.0,1,5.0
SO56818,4432,317,2013-04-26,2013-05-03,2013-05-08,5.0,1,5.0
SO56819,3095,274,2013-04-26,2013-05-03,2013-05-08,22.0,1,22.0
SO56820,15701,317,2013-04-26,2013-05-03,2013-05-08,5.0,1,5.0
SO56821,2915,274,2013-04-26,2013-05-03,2013-05-08,22.0,1,22.0
SO56822,5194,274,2013-04-26,2013-05-03,2013-05-08,22.0,1,22.0
SO56823,17726,264,2013-04-26,2013-05-03,2013-05-08,70.0,1,70.0
SO56824,5439,328,2013-04-26,2013-05-03,2013-05-08,25.0,1,25.0
SO56825,10096,327,2013-04-26,2013-05-03,2013-05-08,21.0,1,21.0
SO56826,16946,318,2013-04-26,2013-05-03,2013-05-08,4.0,1,4.0
SO56827,13109,318,2013-04-26,2013-05-03,2013-05-08,4.0,1,4.0
SO56828,3554,330,2013-04-26,2013-05-03,2013-05-08,29.0,1,29.0
SO56829,4445,319,2013-04-26,2013-05-03,2013-05-08,5.0,1,5.0
SO56830,506,317,2013-04-26,2013-05-03,2013-05-08,5.0,1,5.0
SO56831,1933,326,2013-04-26,2013-05-03,2013-05-08,35.0,1,35.0
SO56832,5242,274,2013-04-26,2013-05-03,2013-05-08,22.0,1,22.0
SO56833,1235,9,2013-04-26,2013-05-03,2013-05-08,35.0,1,35.0
SO56833,1235,10,2013-04-26,2013-05-03,2013-05-08,35.0,1,35.0
SO56833,1235,11,2013-04-26,2013-05-03,2013-05-08,35.0,1,35.0
SO56834,9377,164,2013-04-26,2013-05-03,2013-05-08,2443.0,1,2443.0
SO56834,9377,165,2013-04-26,2013-05-03,2013-05-08,2443.0,1,2443.0
SO56835,691,147,2013-04-26,2013-05-03,2013-05-08,2295.0,1,2295.0
SO56835,691,148,2013-04-26,2013-05-03,2013-05-08,2295.0,1,2295.0
SO56836,624,151,2013-04-26,2013-05-03,2013-05-08,2295.0,1,2295.0
SO56836,624,152,2013-04-26,2013-05-03,2013-05-08,2295.0,1,2295.0
SO56837,389,368,2013-04-26,2013-05-03,2013-05-08,1215.0,1,1215.0
SO56838,5405,12,2013-04-26,2013-05-03,2013-05-08,9.0,1,9.0
SO56838,5405,13,2013-04-26,2013-05-03,2013-05-08,9.0,1,9.0
SO56838,5405,14,2013-04-26,2013-05-03,2013-05-08,9.0,1,9.0
SO56839,12117,372,2013-04-26,2013-05-03,2013-05-08,1701.0,1,1701.0
SO56840,9984,394,2013-04-26,2013-05-03,2013-05-08,540.0,1,540.0
SO56841,17206,373,2013-04-26,2013-05-03,2013-05-08,540.0,1,540.0
SO56842,8106,168,2013-04-26,2013-05-03,2013-05-08,2443.0,1,2443.0
SO56842,8106,169,2013-04-26,2013-05-03,2013-05-08,2443.0,1,2443.0
SO56843,8569,160,2013-04-26,2013-05-03,2013-05-08,2443.0,1,2443.0
SO56843,8569,161,2013-04-26,2013-05-03,2013-05-08,2443.0,1,2443.0
SO56844,8578,164,2013-04-26,2013-05-03,2013-05-08,2443.0,1,2443.0
SO56844,8578,165,2013-04-26,2013-05-03,2013-05-08,2443.0,1,2443.0
SO56845,13819,352,2013-04-26,2013-05-03,2013-05-08,2384.0,1,2384.0
SO56846,11889,394,2013-04-26,2013-05-03,2013-05-08,540.0,1,540.0
SO56847,11068,393,2013-04-26,2013-05-03,2013-05-08,540.0,1,540.0
SO56848,8985,176,2013-04-26,2013-05-03,2013-05-08,1120.0,1,1120.0
SO56848,8985,177,2013-04-26,2013-05-03,2013-05-08,1120.0,1,1120.0
SO56849,8519,178,2013-04-26,2013-05-03,2013-05-08,1120.0,1,1120.0
SO56849,8519,179,2013-04-26,2013-05-03,2013-05-08,1120.0,1,1120.0
SO56850,17366,363,2013-04-26,2013-05-03,2013-05-08,2384.0,1,2384.0
SO56851,10364,317,2013-04-27,2013-05-04,2013-05-09,5.0,1,5.0
SO56852,10366,317,2013-04-27,2013-05-04,2013-05-09,5.0,1,5.0
SO56853,12095,319,2013-04-27,2013-05-04,2013-05-09,5.0,1,5.0
SO56854,16359,264,2013-04-27,2013-05-04,2013-05-09,70.0,1,70.0
SO56855,3088,263,2013-04-27,2013-05-04,2013-05-09,70.0,1,70.0
SO56856,5186,318,2013-04-27,2013-05-04,2013-05-09,4.0,1,4.0
SO56857,2615,273,2013-04-27,2013-05-04,2013-05-09,8.0,1,8.0
SO56858,13835,372,2013-04-27,2013-05-04,2013-05-09,1701.0,1,1701.0
SO56859,8962,268,2013-04-27,2013-05-04,2013-05-09,9.0,1,9.0
SO56860,11465,160,2013-04-27,2013-05-04,2013-05-09,2443.0,1,2443.0
SO56860,11465,161,2013-04-27,2013-05-04,2013-05-09,2443.0,1,2443.0
SO56861,165,318,2013-04-27,2013-05-04,2013-05-09,4.0,1,4.0
SO56862,633,21,2013-04-27,2013-05-04,2013-05-09,50.0,1,50.0
SO56862,633,22,2013-04-27,2013-05-04,2013-05-09,50.0,1,50.0
SO56862,633,23,2013-04-27,2013-05-04,2013-05-09,50.0,1,50.0
SO56863,17804,328,2013-04-27,2013-05-04,2013-05-09,25.0,1,25.0
SO56864,17282,319,2013-04-27,2013-05-04,2013-05-09,5.0,1,5.0
SO56865,18174,328,2013-04-27,2013-05-04,2013-05-09,25.0,1,25.0
SO56866,17634,318,2013-04-27,2013-05-04,2013-05-09,4.0,1,4.0
SO56867,16444,327,2013-04-27,2013-05-04,2013-05-09,21.0,1,21.0
SO56868,5359,330,2013-04-27,2013-05-04,2013-05-09,29.0,1,29.0
SO56869,502,324,2013-04-27,2013-05-04,2013-05-09,25.0,1,25.0
SO56870,13420,318,2013-04-27,2013-05-04,2013-05-09,4.0,1,4.0
SO56871,15241,317,2013-04-27,2013-05-04,2013-05-09,5.0,1,5.0
SO56872,10289,266,2013-04-27,2013-05-04,2013-05-09,5.0,1,5.0
SO56873,5013,264,2013-04-27,2013-05-04,2013-05-09,70.0,1,70.0
SO56874,923,266,2013-04-27,2013-05-04,2013-05-09,5.0,1,5.0
SO56875,6358,266,2013-04-27,2013-05-04,2013-05-09,5.0,1,5.0
SO56876,4270,317,2013-04-27,2013-05-04,2013-05-09,5.0,1,5.0
SO56877,4520,274,2013-04-27,2013-05-04,2013-05-09,22.0,1,22.0
SO56878,2309,274,2013-04-27,2013-05-04,2013-05-09,22.0,1,22.0
SO56879,6218,274,2013-04-27,2013-05-04,2013-05-09,22.0,1,22.0
SO56880,8076,324,2013-04-27,2013-05-04,2013-05-09,25.0,1,25.0
SO56881,17515,263,2013-04-27,2013-05-04,2013-05-09,70.0,1,70.0
SO56882,6887,324,2013-04-27,2013-05-04,2013-05-09,25.0,1,25.0
SO56883,9555,325,2013-04-27,2013-05-04,2013-05-09,30.0,1,30.0
SO56884,11489,266,2013-04-27,2013-05-04,2013-05-09,5.0,1,5.0
SO56885,15390,319,2013-04-27,2013-05-04,2013-05-09,5.0,1,5.0
SO56886,13147,319,2013-04-27,2013-05-04,2013-05-09,5.0,1,5.0
SO56887,14555,319,2013-04-27,2013-05-04,2013-05-09,5.0,1,5.0
SO56888,1928,317,2013-04-27,2013-05-04,2013-05-09,5.0,1,5.0
SO56889,856,317,2013-04-27,2013-05-04,2013-05-09,5.0,1,5.0
SO56890,2422,274,2013-04-27,2013-05-04,2013-05-09,22.0,1,22.0
SO56891,867,326,2013-04-27,2013-05-04,2013-05-09,35.0,1,35.0
SO56892,2587,12,2013-04-27,2013-05-04,2013-05-09,9.0,1,9.0
SO56892,2587,13,2013-04-27,2013-05-04,2013-05-09,9.0,1,9.0
SO56892,2587,14,2013-04-27,2013-05-04,2013-05-09,9.0,1,9.0
SO56893,9669,370,2013-04-27,2013-05-04,2013-05-09,1701.0,1,1701.0
SO56894,4886,383,2013-04-27,2013-05-04,2013-05-09,565.0,1,565.0
SO56895,631,141,2013-04-27,2013-05-04,2013-05-09,2320.0,1,2320.0
SO56895,631,142,2013-04-27,2013-05-04,2013-05-09,2320.0,1,2320.0
SO56896,1930,145,2013-04-27,2013-05-04,2013-05-09,2320.0,1,2320.0
SO56896,1930,146,2013-04-27,2013-05-04,2013-05-09,2320.0,1,2320.0
SO56897,9990,393,2013-04-27,2013-05-04,2013-05-09,540.0,1,540.0
SO56898,9992,393,2013-04-27,2013-05-04,2013-05-09,540.0,1,540.0
SO56899,6052,162,2013-04-27,2013-05-04,2013-05-09,2443.0,1,2443.0
SO56899,6052,163,2013-04-27,2013-05-04,2013-05-09,2443.0,1,2443.0
SO56900,1351,143,2013-04-27,2013-05-04,2013-05-09,2320.0,1,2320.0
SO56900,1351,144,2013-04-27,2013-05-04,2013-05-09,2320.0,1,2320.0
SO56901,13419,358,2013-04-27,2013-05-04,2013-05-09,742.0,1,742.0
SO56902,1005,145,2013-04-27,2013-05-04,2013-05-09,2320.0,1,2320.0
SO56902,1005,146,2013-04-27,2013-05-04,2013-05-09,2320.0,1,2320.0
SO56903,121,149,2013-04-27,2013-05-04,2013-05-09,2295.0,1,2295.0
SO56903,121,150,2013-04-27,2013-05-04,2013-05-09,2295.0,1,2295.0
SO56904,11881,393,2013-04-27,2013-05-04,2013-05-09,540.0,1,540.0
SO56905,11888,393,2013-04-27,2013-05-04,2013-05-09,540.0,1,540.0
SO56906,1641,364,2013-04-27,2013-05-04,2013-05-09,2384.0,1,2384.0
SO56907,5525,170,2013-04-28,2013-05-05,2013-05-10,1120.0,1,1120.0
SO56907,5525,171,2013-04-28,2013-05-05,2013-05-10,1120.0,1,1120.0
SO56908,1654,151,2013-04-28,2013-05-05,2013-05-10,2295.0,1,2295.0
SO56908,1654,152,2013-04-28,2013-05-05,2013-05-10,2295.0,1,2295.0
SO56909,1132,141,2013-04-28,2013-05-05,2013-05-10,2320.0,1,2320.0
SO56909,1132,142,2013-04-28,2013-05-05,2013-05-10,2320.0,1,2320.0
SO56910,20,268,2013-04-28,2013-05-05,2013-05-10,9.0,1,9.0
SO56911,17600,273,2013-04-28,2013-05-05,2013-05-10,8.0,1,8.0
SO56912,17784,4,2013-04-28,2013-05-05,2013-05-10,35.0,1,35.0
SO56912,17784,5,2013-04-28,2013-05-05,2013-05-10,35.0,1,35.0
SO56912,17784,6,2013-04-28,2013-05-05,2013-05-10,35.0,1,35.0
SO56913,10209,317,2013-04-28,2013-05-05,2013-05-10,5.0,1,5.0
SO56914,2038,4,2013-04-28,2013-05-05,2013-05-10,35.0,1,35.0
SO56914,2038,5,2013-04-28,2013-05-05,2013-05-10,35.0,1,35.0
SO56914,2038,6,2013-04-28,2013-05-05,2013-05-10,35.0,1,35.0
SO56915,3125,329,2013-04-28,2013-05-05,2013-05-10,33.0,1,33.0
SO56916,6745,387,2013-04-28,2013-05-05,2013-05-10,540.0,1,540.0
SO56917,13559,160,2013-04-28,2013-05-05,2013-05-10,2443.0,1,2443.0
SO56917,13559,161,2013-04-28,2013-05-05,2013-05-10,2443.0,1,2443.0
SO56918,17867,318,2013-04-28,2013-05-05,2013-05-10,4.0,1,4.0
SO56919,18178,318,2013-04-28,2013-05-05,2013-05-10,4.0,1,4.0
SO56920,213,327,2013-04-28,2013-05-05,2013-05-10,21.0,1,21.0
SO56921,15697,330,2013-04-28,2013-05-05,2013-05-10,29.0,1,29.0
SO56922,13983,329,2013-04-28,2013-05-05,2013-05-10,33.0,1,33.0
SO56923,10783,267,2013-04-28,2013-05-05,2013-05-10,10.0,1,10.0
SO56924,3275,267,2013-04-28,2013-05-05,2013-05-10,10.0,1,10.0
SO56925,770,264,2013-04-28,2013-05-05,2013-05-10,70.0,1,70.0
SO56926,9327,263,2013-04-28,2013-05-05,2013-05-10,70.0,1,70.0
SO56927,8243,264,2013-04-28,2013-05-05,2013-05-10,70.0,1,70.0
SO56928,4545,317,2013-04-28,2013-05-05,2013-05-10,5.0,1,5.0
SO56929,3595,317,2013-04-28,2013-05-05,2013-05-10,5.0,1,5.0
SO56930,8863,317,2013-04-28,2013-05-05,2013-05-10,5.0,1,5.0
SO56931,3203,329,2013-04-28,2013-05-05,2013-05-10,33.0,1,33.0
SO56932,5193,274,2013-04-28,2013-05-05,2013-05-10,22.0,1,22.0
SO56933,6844,325,2013-04-28,2013-05-05,2013-05-10,30.0,1,30.0
SO56934,1296,266,2013-04-28,2013-05-05,2013-05-10,5.0,1,5.0
SO56935,14668,327,2013-04-28,2013-05-05,2013-05-10,21.0,1,21.0
SO56936,1815,319,2013-04-28,2013-05-05,2013-05-10,5.0,1,5.0
SO56937,6882,319,2013-04-28,2013-05-05,2013-05-10,5.0,1,5.0
SO56938,790,326,2013-04-28,2013-05-05,2013-05-10,35.0,1,35.0
SO56939,847,326,2013-04-28,2013-05-05,2013-05-10,35.0,1,35.0
SO56940,3107,376,2013-04-28,2013-05-05,2013-05-10,769.0,1,769.0
SO56941,15358,360,2013-04-28,2013-05-05,2013-05-10,742.0,1,742.0
SO56942,6047,378,2013-04-28,2013-05-05,2013-05-10,769.0,1,769.0
SO56943,7769,369,2013-04-28,2013-05-05,2013-05-10,1701.0,1,1701.0
SO56944,3131,372,2013-04-28,2013-05-05,2013-05-10,1701.0,1,1701.0
SO56945,18181,351,2013-04-28,2013-05-05,2013-05-10,2384.0,1,2384.0
SO56946,8103,168,2013-04-28,2013-05-05,2013-05-10,2443.0,1,2443.0
SO56946,8103,169,2013-04-28,2013-05-05,2013-05-10,2443.0,1,2443.0
SO56947,6516,384,2013-04-28,2013-05-05,2013-05-10,565.0,1,565.0
SO56948,1355,151,2013-04-28,2013-05-05,2013-05-10,2295.0,1,2295.0
SO56948,1355,152,2013-04-28,2013-05-05,2013-05-10,2295.0,1,2295.0
SO56949,1361,147,2013-04-28,2013-05-05,2013-05-10,2295.0,1,2295.0
SO56949,1361,148,2013-04-28,2013-05-05,2013-05-10,2295.0,1,2295.0
SO56950,1668,147,2013-04-28,2013-05-05,2013-05-10,2295.0,1,2295.0
SO56950,1668,148,2013-04-28,2013-05-05,2013-05-10,2295.0,1,2295.0
SO56951,17846,356,2013-04-28,2013-05-05,2013-05-10,742.0,1,742.0
SO56952,11075,373,2013-04-28,2013-05-05,2013-05-10,540.0,1,540.0
SO56953,11079,393,2013-04-28,2013-05-05,2013-05-10,540.0,1,540.0
SO56954,8893,176,2013-04-28,2013-05-05,2013-05-10,1120.0,1,1120.0
SO56954,8893,177,2013-04-28,2013-05-05,2013-05-10,1120.0,1,1120.0
SO56955,17917,393,2013-04-28,2013-05-05,2013-05-10,540.0,1,540.0
SO56956,10674,373,2013-04-28,2013-05-05,2013-05-10,540.0,1,540.0
SO56957,2259,395,2013-04-28,2013-05-05,2013-05-10,540.0,1,540.0
SO56958,13141,362,2013-04-28,2013-05-05,2013-05-10,2384.0,1,2384.0
SO56959,12548,172,2013-04-29,2013-05-06,2013-05-11,1120.0,1,1120.0
SO56959,12548,173,2013-04-29,2013-05-06,2013-05-11,1120.0,1,1120.0
SO56960,2252,141,2013-04-29,2013-05-06,2013-05-11,2320.0,1,2320.0
SO56960,2252,142,2013-04-29,2013-05-06,2013-05-11,2320.0,1,2320.0
SO56961,2772,147,2013-04-29,2013-05-06,2013-05-11,2295.0,1,2295.0
SO56961,2772,148,2013-04-29,2013-05-06,2013-05-11,2295.0,1,2295.0
SO56962,6228,328,2013-04-29,2013-05-06,2013-05-11,25.0,1,25.0
SO56963,12571,274,2013-04-29,2013-05-06,2013-05-11,22.0,1,22.0
SO56964,16497,317,2013-04-29,2013-05-06,2013-05-11,5.0,1,5.0
SO56965,12097,319,2013-04-29,2013-05-06,2013-05-11,5.0,1,5.0
SO56966,5735,21,2013-04-29,2013-05-06,2013-05-11,50.0,1,50.0
SO56966,5735,22,2013-04-29,2013-05-06,2013-05-11,50.0,1,50.0
SO56966,5735,23,2013-04-29,2013-05-06,2013-05-11,50.0,1,50.0
SO56967,4796,1,2013-04-29,2013-05-06,2013-05-11,35.0,1,35.0
SO56967,4796,2,2013-04-29,2013-05-06,2013-05-11,35.0,1,35.0
SO56967,4796,3,2013-04-29,2013-05-06,2013-05-11,35.0,1,35.0
SO56968,3229,21,2013-04-29,2013-05-06,2013-05-11,50.0,1,50.0
SO56968,3229,22,2013-04-29,2013-05-06,2013-05-11,50.0,1,50.0
SO56968,3229,23,2013-04-29,2013-05-06,2013-05-11,50.0,1,50.0
SO56969,12923,166,2013-04-29,2013-05-06,2013-05-11,2443.0,1,2443.0
SO56969,12923,167,2013-04-29,2013-05-06,2013-05-11,2443.0,1,2443.0
SO56970,16222,318,2013-04-29,2013-05-06,2013-05-11,4.0,1,4.0
SO56971,16238,330,2013-04-29,2013-05-06,2013-05-11,29.0,1,29.0
SO56972,6120,317,2013-04-29,2013-05-06,2013-05-11,5.0,1,5.0
SO56973,10744,267,2013-04-29,2013-05-06,2013-05-11,10.0,1,10.0
SO56974,12390,325,2013-04-29,2013-05-06,2013-05-11,30.0,1,30.0
SO56975,3364,266,2013-04-29,2013-05-06,2013-05-11,5.0,1,5.0
SO56976,9459,267,2013-04-29,2013-05-06,2013-05-11,10.0,1,10.0
SO56977,17036,264,2013-04-29,2013-05-06,2013-05-11,70.0,1,70.0
SO56978,8217,266,2013-04-29,2013-05-06,2013-05-11,5.0,1,5.0
SO56979,14926,266,2013-04-29,2013-05-06,2013-05-11,5.0,1,5.0
SO56980,17293,317,2013-04-29,2013-05-06,2013-05-11,5.0,1,5.0
SO56981,5250,317,2013-04-29,2013-05-06,2013-05-11,5.0,1,5.0
SO56982,6487,317,2013-04-29,2013-05-06,2013-05-11,5.0,1,5.0
SO56983,4406,317,2013-04-29,2013-05-06,2013-05-11,5.0,1,5.0
SO56984,10743,274,2013-04-29,2013-05-06,2013-05-11,22.0,1,22.0
SO56985,4839,274,2013-04-29,2013-05-06,2013-05-11,22.0,1,22.0
SO56986,3805,263,2013-04-29,2013-05-06,2013-05-11,70.0,1,70.0
SO56987,12758,318,2013-04-29,2013-05-06,2013-05-11,4.0,1,4.0
SO56988,9575,325,2013-04-29,2013-05-06,2013-05-11,30.0,1,30.0
SO56989,1866,330,2013-04-29,2013-05-06,2013-05-11,29.0,1,29.0
SO56990,2786,330,2013-04-29,2013-05-06,2013-05-11,29.0,1,29.0
SO56991,14666,319,2013-04-29,2013-05-06,2013-05-11,5.0,1,5.0
SO56992,1108,326,2013-04-29,2013-05-06,2013-05-11,35.0,1,35.0
SO56993,933,326,2013-04-29,2013-05-06,2013-05-11,35.0,1,35.0
SO56994,1228,12,2013-04-29,2013-05-06,2013-05-11,9.0,1,9.0
SO56994,1228,13,2013-04-29,2013-05-06,2013-05-11,9.0,1,9.0
SO56994,1228,14,2013-04-29,2013-05-06,2013-05-11,9.0,1,9.0
SO56995,2068,385,2013-04-29,2013-05-06,2013-05-11,540.0,1,540.0
SO56996,11904,166,2013-04-29,2013-05-06,2013-05-11,2443.0,1,2443.0
SO56996,11904,167,2013-04-29,2013-05-06,2013-05-11,2443.0,1,2443.0
SO56997,697,151,2013-04-29,2013-05-06,2013-05-11,2295.0,1,2295.0
SO56997,697,152,2013-04-29,2013-05-06,2013-05-11,2295.0,1,2295.0
SO56998,2191,143,2013-04-29,2013-05-06,2013-05-11,2320.0,1,2320.0
SO56998,2191,144,2013-04-29,2013-05-06,2013-05-11,2320.0,1,2320.0
SO56999,3834,354,2013-04-29,2013-05-06,2013-05-11,742.0,1,742.0
SO57000,16341,395,2013-04-29,2013-05-06,2013-05-11,540.0,1,540.0
SO57001,16300,393,2013-04-29,2013-05-06,2013-05-11,540.0,1,540.0
SO57002,18296,363,2013-04-29,2013-05-06,2013-05-11,2384.0,1,2384.0
SO57003,17958,364,2013-04-29,2013-05-06,2013-05-11,2384.0,1,2384.0
SO57004,148,143,2013-04-29,2013-05-06,2013-05-11,2320.0,1,2320.0
SO57004,148,144,2013-04-29,2013-05-06,2013-05-11,2320.0,1,2320.0
SO57005,14380,366,2013-04-29,2013-05-06,2013-05-11,1215.0,1,1215.0
SO57006,14050,12,2013-04-29,2013-05-06,2013-05-11,9.0,1,9.0
SO57006,14050,13,2013-04-29,2013-05-06,2013-05-11,9.0,1,9.0
SO57006,14050,14,2013-04-29,2013-05-06,2013-05-11,9.0,1,9.0
SO57007,8745,178,2013-04-29,2013-05-06,2013-05-11,1120.0,1,1120.0
SO57007,8745,179,2013-04-29,2013-05-06,2013-05-11,1120.0,1,1120.0
SO57008,8868,172,2013-04-29,2013-05-06,2013-05-11,1120.0,1,1120.0
SO57008,8868,173,2013-04-29,2013-05-06,2013-05-11,1120.0,1,1120.0
SO57009,11542,373,2013-04-29,2013-05-06,2013-05-11,540.0,1,540.0
SO57010,2260,373,2013-04-29,2013-05-06,2013-05-11,540.0,1,540.0
SO57011,1638,350,2013-04-29,2013-05-06,2013-05-11,2384.0,1,2384.0
SO57191,12573,176,2013-04-30,2013-05-07,2013-05-12,1120.0,1,1120.0
SO57191,12573,177,2013-04-30,2013-05-07,2013-05-12,1120.0,1,1120.0
SO57192,184,318,2013-04-30,2013-05-07,2013-05-12,4.0,1,4.0
SO57193,5339,274,2013-04-30,2013-05-07,2013-05-12,22.0,1,22.0
SO57194,17718,253,2013-04-30,2013-05-07,2013-05-12,24.0,1,24.0
SO57194,17718,254,2013-04-30,2013-05-07,2013-05-12,24.0,1,24.0
SO57195,15763,265,2013-04-30,2013-05-07,2013-05-12,70.0,1,70.0
SO57196,8611,330,2013-04-30,2013-05-07,2013-05-12,29.0,1,29.0
SO57197,69,266,2013-04-30,2013-05-07,2013-05-12,5.0,1,5.0
SO57198,201,277,2013-04-30,2013-05-07,2013-05-12,54.0,1,54.0
SO57199,620,12,2013-04-30,2013-05-07,2013-05-12,9.0,1,9.0
SO57199,620,13,2013-04-30,2013-05-07,2013-05-12,9.0,1,9.0
SO57199,620,14,2013-04-30,2013-05-07,2013-05-12,9.0,1,9.0
SO57200,18074,318,2013-04-30,2013-05-07,2013-05-12,4.0,1,4.0
SO57201,841,21,2013-04-30,2013-05-07,2013-05-12,50.0,1,50.0
SO57201,841,22,2013-04-30,2013-05-07,2013-05-12,50.0,1,50.0
SO57201,841,23,2013-04-30,2013-05-07,2013-05-12,50.0,1,50.0
SO57202,332,269,2013-04-30,2013-05-07,2013-05-12,2.0,1,2.0
SO57203,9107,324,2013-04-30,2013-05-07,2013-05-12,25.0,1,25.0
SO57204,15681,324,2013-04-30,2013-05-07,2013-05-12,25.0,1,25.0
SO57205,2702,318,2013-04-30,2013-05-07,2013-05-12,4.0,1,4.0
SO57206,1971,317,2013-04-30,2013-05-07,2013-05-12,5.0,1,5.0
SO57207,4377,267,2013-04-30,2013-05-07,2013-05-12,10.0,1,10.0
SO57208,10754,267,2013-04-30,2013-05-07,2013-05-12,10.0,1,10.0
SO57209,5951,267,2013-04-30,2013-05-07,2013-05-12,10.0,1,10.0
SO57210,9531,267,2013-04-30,2013-05-07,2013-05-12,10.0,1,10.0
SO57211,16402,264,2013-04-30,2013-05-07,2013-05-12,70.0,1,70.0
SO57212,16023,266,2013-04-30,2013-05-07,2013-05-12,5.0,1,5.0
SO57213,15174,266,2013-04-30,2013-05-07,2013-05-12,5.0,1,5.0
SO57214,10692,317,2013-04-30,2013-05-07,2013-05-12,5.0,1,5.0
SO57215,3920,317,2013-04-30,2013-05-07,2013-05-12,5.0,1,5.0
SO57216,15700,317,2013-04-30,2013-05-07,2013-05-12,5.0,1,5.0
SO57217,5305,324,2013-04-30,2013-05-07,2013-05-12,25.0,1,25.0
SO57218,8924,328,2013-04-30,2013-05-07,2013-05-12,25.0,1,25.0
SO57219,12966,318,2013-04-30,2013-05-07,2013-05-12,4.0,1,4.0
SO57220,12746,330,2013-04-30,2013-05-07,2013-05-12,29.0,1,29.0
SO57221,18437,330,2013-04-30,2013-05-07,2013-05-12,29.0,1,29.0
SO57222,15,326,2013-04-30,2013-05-07,2013-05-12,35.0,1,35.0
SO57223,3091,274,2013-04-30,2013-05-07,2013-05-12,22.0,1,22.0
SO57224,2188,274,2013-04-30,2013-05-07,2013-05-12,22.0,1,22.0
SO57225,9383,160,2013-04-30,2013-05-07,2013-05-12,2443.0,1,2443.0
SO57225,9383,161,2013-04-30,2013-05-07,2013-05-12,2443.0,1,2443.0
SO57226,8163,387,2013-04-30,2013-05-07,2013-05-12,540.0,1,540.0
SO57227,3119,145,2013-04-30,2013-05-07,2013-05-12,2320.0,1,2320.0
SO57227,3119,146,2013-04-30,2013-05-07,2013-05-12,2320.0,1,2320.0
SO57228,774,143,2013-04-30,2013-05-07,2013-05-12,2320.0,1,2320.0
SO57228,774,144,2013-04-30,2013-05-07,2013-05-12,2320.0,1,2320.0
SO57229,8564,371,2013-04-30,2013-05-07,2013-05-12,1701.0,1,1701.0
SO57230,11175,373,2013-04-30,2013-05-07,2013-05-12,540.0,1,540.0
SO57231,10002,393,2013-04-30,2013-05-07,2013-05-12,540.0,1,540.0
SO57232,10362,395,2013-04-30,2013-05-07,2013-05-12,540.0,1,540.0
SO57233,8788,164,2013-04-30,2013-05-07,2013-05-12,2443.0,1,2443.0
SO57233,8788,165,2013-04-30,2013-05-07,2013-05-12,2443.0,1,2443.0
SO57234,8790,160,2013-04-30,2013-05-07,2013-05-12,2443.0,1,2443.0
SO57234,8790,161,2013-04-30,2013-05-07,2013-05-12,2443.0,1,2443.0
SO57235,17872,358,2013-04-30,2013-05-07,2013-05-12,742.0,1,742.0
SO57236,13355,352,2013-04-30,2013-05-07,2013-05-12,2384.0,1,2384.0
SO57237,11900,395,2013-04-30,2013-05-07,2013-05-12,540.0,1,540.0
SO57238,9025,176,2013-04-30,2013-05-07,2013-05-12,1120.0,1,1120.0
SO57238,9025,177,2013-04-30,2013-05-07,2013-05-12,1120.0,1,1120.0
SO57239,15843,393,2013-04-30,2013-05-07,2013-05-12,540.0,1,540.0
SO57240,239,394,2013-04-30,2013-05-07,2013-05-12,540.0,1,540.0
SO57241,3977,365,2013-04-30,2013-05-07,2013-05-12,2384.0,1,2384.0
SO57242,1308,151,2013-05-01,2013-05-08,2013-05-13,2295.0,1,2295.0
SO57242,1308,152,2013-05-01,2013-05-08,2013-05-13,2295.0,1,2295.0
SO57243,1302,145,2013-05-01,2013-05-08,2013-05-13,2320.0,1,2320.0
SO57243,1302,146,2013-05-01,2013-05-08,2013-05-13,2320.0,1,2320.0
SO57244,506,268,2013-05-01,2013-05-08,2013-05-13,9.0,1,9.0
SO57245,4641,325,2013-05-01,2013-05-08,2013-05-13,30.0,1,30.0
SO57246,4435,325,2013-05-01,2013-05-08,2013-05-13,30.0,1,30.0
SO57247,13471,266,2013-05-01,2013-05-08,2013-05-13,5.0,1,5.0
SO57248,11949,266,2013-05-01,2013-05-08,2013-05-13,5.0,1,5.0
SO57249,2964,15,2013-05-01,2013-05-08,2013-05-13,50.0,1,50.0
SO57249,2964,16,2013-05-01,2013-05-08,2013-05-13,50.0,1,50.0
SO57249,2964,17,2013-05-01,2013-05-08,2013-05-13,50.0,1,50.0
SO57250,6480,276,2013-05-01,2013-05-08,2013-05-13,55.0,1,55.0
SO57251,1633,164,2013-05-01,2013-05-08,2013-05-13,2443.0,1,2443.0
SO57251,1633,165,2013-05-01,2013-05-08,2013-05-13,2443.0,1,2443.0
SO57252,7005,377,2013-05-01,2013-05-08,2013-05-13,769.0,1,769.0
SO57253,224,1,2013-05-01,2013-05-08,2013-05-13,35.0,1,35.0
SO57253,224,2,2013-05-01,2013-05-08,2013-05-13,35.0,1,35.0
SO57253,224,3,2013-05-01,2013-05-08,2013-05-13,35.0,1,35.0
SO57254,505,269,2013-05-01,2013-05-08,2013-05-13,2.0,1,2.0
SO57255,164,318,2013-05-01,2013-05-08,2013-05-13,4.0,1,4.0
SO57256,18110,318,2013-05-01,2013-05-08,2013-05-13,4.0,1,4.0
SO57257,16215,328,2013-05-01,2013-05-08,2013-05-13,25.0,1,25.0
SO57258,216,319,2013-05-01,2013-05-08,2013-05-13,5.0,1,5.0
SO57259,14339,324,2013-05-01,2013-05-08,2013-05-13,25.0,1,25.0
SO57260,186,317,2013-05-01,2013-05-08,2013-05-13,5.0,1,5.0
SO57261,14843,324,2013-05-01,2013-05-08,2013-05-13,25.0,1,25.0
SO57262,12283,325,2013-05-01,2013-05-08,2013-05-13,30.0,1,30.0
SO57263,11757,325,2013-05-01,2013-05-08,2013-05-13,30.0,1,30.0
SO57264,13531,329,2013-05-01,2013-05-08,2013-05-13,33.0,1,33.0
SO57265,12589,317,2013-05-01,2013-05-08,2013-05-13,5.0,1,5.0
SO57266,9510,267,2013-05-01,2013-05-08,2013-05-13,10.0,1,10.0
SO57267,9488,267,2013-05-01,2013-05-08,2013-05-13,10.0,1,10.0
SO57268,9307,264,2013-05-01,2013-05-08,2013-05-13,70.0,1,70.0
SO57269,7511,266,2013-05-01,2013-05-08,2013-05-13,5.0,1,5.0
SO57270,8544,263,2013-05-01,2013-05-08,2013-05-13,70.0,1,70.0
SO57271,12049,317,2013-05-01,2013-05-08,2013-05-13,5.0,1,5.0
SO57272,6163,266,2013-05-01,2013-05-08,2013-05-13,5.0,1,5.0
SO57273,4401,317,2013-05-01,2013-05-08,2013-05-13,5.0,1,5.0
SO57274,2550,264,2013-05-01,2013-05-08,2013-05-13,70.0,1,70.0
SO57275,5465,317,2013-05-01,2013-05-08,2013-05-13,5.0,1,5.0
SO57276,7007,318,2013-05-01,2013-05-08,2013-05-13,4.0,1,4.0
SO57277,15875,327,2013-05-01,2013-05-08,2013-05-13,21.0,1,21.0
SO57278,11832,266,2013-05-01,2013-05-08,2013-05-13,5.0,1,5.0
SO57279,5059,319,2013-05-01,2013-05-08,2013-05-13,5.0,1,5.0
SO57280,5252,319,2013-05-01,2013-05-08,2013-05-13,5.0,1,5.0
SO57281,79,326,2013-05-01,2013-05-08,2013-05-13,35.0,1,35.0
SO57282,1150,326,2013-05-01,2013-05-08,2013-05-13,35.0,1,35.0
SO57283,2600,267,2013-05-01,2013-05-08,2013-05-13,10.0,1,10.0
SO57284,353,268,2013-05-01,2013-05-08,2013-05-13,9.0,1,9.0
SO57285,8162,385,2013-05-01,2013-05-08,2013-05-13,540.0,1,540.0
SO57286,3344,379,2013-05-01,2013-05-08,2013-05-13,769.0,1,769.0
SO57287,2238,145,2013-05-01,2013-05-08,2013-05-13,2320.0,1,2320.0
SO57287,2238,146,2013-05-01,2013-05-08,2013-05-13,2320.0,1,2320.0
SO57288,2278,149,2013-05-01,2013-05-08,2013-05-13,2295.0,1,2295.0
SO57288,2278,150,2013-05-01,2013-05-08,2013-05-13,2295.0,1,2295.0
SO57289,2378,143,2013-05-01,2013-05-08,2013-05-13,2320.0,1,2320.0
SO57289,2378,144,2013-05-01,2013-05-08,2013-05-13,2320.0,1,2320.0
SO57290,2461,149,2013-05-01,2013-05-08,2013-05-13,2295.0,1,2295.0
SO57290,2461,150,2013-05-01,2013-05-08,2013-05-13,2295.0,1,2295.0
SO57291,1392,354,2013-05-01,2013-05-08,2013-05-13,742.0,1,742.0
SO57292,3307,376,2013-05-01,2013-05-08,2013-05-13,769.0,1,769.0
SO57293,5,351,2013-05-01,2013-05-08,2013-05-13,2384.0,1,2384.0
SO57294,30,141,2013-05-01,2013-05-08,2013-05-13,2320.0,1,2320.0
SO57294,30,142,2013-05-01,2013-05-08,2013-05-13,2320.0,1,2320.0
SO57295,1689,141,2013-05-01,2013-05-08,2013-05-13,2320.0,1,2320.0
SO57295,1689,142,2013-05-01,2013-05-08,2013-05-13,2320.0,1,2320.0
SO57296,14060,364,2013-05-01,2013-05-08,2013-05-13,2384.0,1,2384.0
SO57297,12778,174,2013-05-01,2013-05-08,2013-05-13,1120.0,1,1120.0
SO57297,12778,175,2013-05-01,2013-05-08,2013-05-13,1120.0,1,1120.0
SO57298,11588,393,2013-05-01,2013-05-08,2013-05-13,540.0,1,540.0
SO57299,1649,353,2013-05-01,2013-05-08,2013-05-13,2384.0,1,2384.0
SO57300,4927,353,2013-05-01,2013-05-08,2013-05-13,2384.0,1,2384.0
SO57301,13915,174,2013-05-02,2013-05-09,2013-05-14,1120.0,1,1120.0
SO57301,13915,175,2013-05-02,2013-05-09,2013-05-14,1120.0,1,1120.0
SO57302,13917,170,2013-05-02,2013-05-09,2013-05-14,1120.0,1,1120.0
SO57302,13917,171,2013-05-02,2013-05-09,2013-05-14,1120.0,1,1120.0
SO57303,13920,172,2013-05-02,2013-05-09,2013-05-14,1120.0,1,1120.0
SO57303,13920,173,2013-05-02,2013-05-09,2013-05-14,1120.0,1,1120.0
SO57304,13921,172,2013-05-02,2013-05-09,2013-05-14,1120.0,1,1120.0
SO57304,13921,173,2013-05-02,2013-05-09,2013-05-14,1120.0,1,1120.0
SO57305,13363,170,2013-05-02,2013-05-09,2013-05-14,1120.0,1,1120.0
SO57305,13363,171,2013-05-02,2013-05-09,2013-05-14,1120.0,1,1120.0
SO57306,13366,178,2013-05-02,2013-05-09,2013-05-14,1120.0,1,1120.0
SO57306,13366,179,2013-05-02,2013-05-09,2013-05-14,1120.0,1,1120.0
SO57307,1227,151,2013-05-02,2013-05-09,2013-05-14,2295.0,1,2295.0
SO57307,1227,152,2013-05-02,2013-05-09,2013-05-14,2295.0,1,2295.0
SO57308,531,273,2013-05-02,2013-05-09,2013-05-14,8.0,1,8.0
SO57309,3069,324,2013-05-02,2013-05-09,2013-05-14,25.0,1,25.0
SO57310,4829,317,2013-05-02,2013-05-09,2013-05-14,5.0,1,5.0
SO57311,14032,318,2013-05-02,2013-05-09,2013-05-14,4.0,1,4.0
SO57312,15159,264,2013-05-02,2013-05-09,2013-05-14,70.0,1,70.0
SO57313,2156,263,2013-05-02,2013-05-09,2013-05-14,70.0,1,70.0
SO57314,5412,164,2013-05-02,2013-05-09,2013-05-14,2443.0,1,2443.0
SO57314,5412,165,2013-05-02,2013-05-09,2013-05-14,2443.0,1,2443.0
SO57315,12926,166,2013-05-02,2013-05-09,2013-05-14,2443.0,1,2443.0
SO57315,12926,167,2013-05-02,2013-05-09,2013-05-14,2443.0,1,2443.0
SO57316,726,279,2013-05-02,2013-05-09,2013-05-14,54.0,1,54.0
SO57317,1093,12,2013-05-02,2013-05-09,2013-05-14,9.0,1,9.0
SO57317,1093,13,2013-05-02,2013-05-09,2013-05-14,9.0,1,9.0
SO57317,1093,14,2013-05-02,2013-05-09,2013-05-14,9.0,1,9.0
SO57318,520,18,2013-05-02,2013-05-09,2013-05-14,50.0,1,50.0
SO57318,520,19,2013-05-02,2013-05-09,2013-05-14,50.0,1,50.0
SO57318,520,20,2013-05-02,2013-05-09,2013-05-14,50.0,1,50.0
SO57319,201,318,2013-05-02,2013-05-09,2013-05-14,4.0,1,4.0
SO57320,16195,319,2013-05-02,2013-05-09,2013-05-14,5.0,1,5.0
SO57321,16073,330,2013-05-02,2013-05-09,2013-05-14,29.0,1,29.0
SO57322,15698,330,2013-05-02,2013-05-09,2013-05-14,29.0,1,29.0
SO57323,332,329,2013-05-02,2013-05-09,2013-05-14,33.0,1,33.0
SO57324,620,324,2013-05-02,2013-05-09,2013-05-14,25.0,1,25.0
SO57325,11736,325,2013-05-02,2013-05-09,2013-05-14,30.0,1,30.0
SO57326,12513,325,2013-05-02,2013-05-09,2013-05-14,30.0,1,30.0
SO57327,13630,329,2013-05-02,2013-05-09,2013-05-14,33.0,1,33.0
SO57328,10777,266,2013-05-02,2013-05-09,2013-05-14,5.0,1,5.0
SO57329,8733,263,2013-05-02,2013-05-09,2013-05-14,70.0,1,70.0
SO57330,8245,261,2013-05-02,2013-05-09,2013-05-14,64.0,1,64.0
SO57331,6456,266,2013-05-02,2013-05-09,2013-05-14,5.0,1,5.0
SO57332,6696,266,2013-05-02,2013-05-09,2013-05-14,5.0,1,5.0
SO57333,14189,12,2013-05-02,2013-05-09,2013-05-14,9.0,1,9.0
SO57333,14189,13,2013-05-02,2013-05-09,2013-05-14,9.0,1,9.0
SO57333,14189,14,2013-05-02,2013-05-09,2013-05-14,9.0,1,9.0
SO57334,5249,317,2013-05-02,2013-05-09,2013-05-14,5.0,1,5.0
SO57335,8400,274,2013-05-02,2013-05-09,2013-05-14,22.0,1,22.0
SO57336,7979,274,2013-05-02,2013-05-09,2013-05-14,22.0,1,22.0
SO57337,17552,265,2013-05-02,2013-05-09,2013-05-14,70.0,1,70.0
SO57338,10819,325,2013-05-02,2013-05-09,2013-05-14,30.0,1,30.0
SO57339,285,326,2013-05-02,2013-05-09,2013-05-14,35.0,1,35.0
SO57340,198,326,2013-05-02,2013-05-09,2013-05-14,35.0,1,35.0
SO57341,1096,317,2013-05-02,2013-05-09,2013-05-14,5.0,1,5.0
SO57342,3662,317,2013-05-02,2013-05-09,2013-05-14,5.0,1,5.0
SO57343,509,317,2013-05-02,2013-05-09,2013-05-14,5.0,1,5.0
SO57344,1048,326,2013-05-02,2013-05-09,2013-05-14,35.0,1,35.0
SO57345,2075,274,2013-05-02,2013-05-09,2013-05-14,22.0,1,22.0
SO57346,1307,1,2013-05-02,2013-05-09,2013-05-14,35.0,1,35.0
SO57346,1307,2,2013-05-02,2013-05-09,2013-05-14,35.0,1,35.0
SO57346,1307,3,2013-05-02,2013-05-09,2013-05-14,35.0,1,35.0
SO57347,2345,274,2013-05-02,2013-05-09,2013-05-14,22.0,1,22.0
SO57348,8142,380,2013-05-02,2013-05-09,2013-05-14,565.0,1,565.0
SO57349,6044,370,2013-05-02,2013-05-09,2013-05-14,1701.0,1,1701.0
SO57350,5785,370,2013-05-02,2013-05-09,2013-05-14,1701.0,1,1701.0
SO57351,6021,371,2013-05-02,2013-05-09,2013-05-14,1701.0,1,1701.0
SO57352,3388,379,2013-05-02,2013-05-09,2013-05-14,769.0,1,769.0
SO57353,2300,141,2013-05-02,2013-05-09,2013-05-14,2320.0,1,2320.0
SO57353,2300,142,2013-05-02,2013-05-09,2013-05-14,2320.0,1,2320.0
SO57354,2418,147,2013-05-02,2013-05-09,2013-05-14,2295.0,1,2295.0
SO57354,2418,148,2013-05-02,2013-05-09,2013-05-14,2295.0,1,2295.0
SO57355,2347,147,2013-05-02,2013-05-09,2013-05-14,2295.0,1,2295.0
SO57355,2347,148,2013-05-02,2013-05-09,2013-05-14,2295.0,1,2295.0
SO57356,2379,147,2013-05-02,2013-05-09,2013-05-14,2295.0,1,2295.0
SO57356,2379,148,2013-05-02,2013-05-09,2013-05-14,2295.0,1,2295.0
SO57357,11176,395,2013-05-02,2013-05-09,2013-05-14,540.0,1,540.0
SO57358,10381,394,2013-05-02,2013-05-09,2013-05-14,540.0,1,540.0
SO57359,10390,395,2013-05-02,2013-05-09,2013-05-14,540.0,1,540.0
SO57360,18320,352,2013-05-02,2013-05-09,2013-05-14,2384.0,1,2384.0
SO57361,6,351,2013-05-02,2013-05-09,2013-05-14,2384.0,1,2384.0
SO57362,8792,166,2013-05-02,2013-05-09,2013-05-14,2443.0,1,2443.0
SO57362,8792,167,2013-05-02,2013-05-09,2013-05-14,2443.0,1,2443.0
SO57363,15500,359,2013-05-02,2013-05-09,2013-05-14,742.0,1,742.0
SO57364,14051,362,2013-05-02,2013-05-09,2013-05-14,2384.0,1,2384.0
SO57365,11899,395,2013-05-02,2013-05-09,2013-05-14,540.0,1,540.0
SO57366,10583,395,2013-05-02,2013-05-09,2013-05-14,540.0,1,540.0
SO57367,7842,176,2013-05-02,2013-05-09,2013-05-14,1120.0,1,1120.0
SO57367,7842,177,2013-05-02,2013-05-09,2013-05-14,1120.0,1,1120.0
SO57368,3211,366,2013-05-02,2013-05-09,2013-05-14,1215.0,1,1215.0
SO57369,3287,360,2013-05-02,2013-05-09,2013-05-14,742.0,1,742.0
SO57370,213,18,2013-05-03,2013-05-10,2013-05-15,50.0,1,50.0
SO57370,213,19,2013-05-03,2013-05-10,2013-05-15,50.0,1,50.0
SO57370,213,20,2013-05-03,2013-05-10,2013-05-15,50.0,1,50.0
SO57371,1248,324,2013-05-03,2013-05-10,2013-05-15,25.0,1,25.0
SO57372,4830,328,2013-05-03,2013-05-10,2013-05-15,25.0,1,25.0
SO57373,4138,318,2013-05-03,2013-05-10,2013-05-15,4.0,1,4.0
SO57374,6291,325,2013-05-03,2013-05-10,2013-05-15,30.0,1,30.0
SO57375,9234,317,2013-05-03,2013-05-10,2013-05-15,5.0,1,5.0
SO57376,9278,266,2013-05-03,2013-05-10,2013-05-15,5.0,1,5.0
SO57377,11210,317,2013-05-03,2013-05-10,2013-05-15,5.0,1,5.0
SO57378,11213,317,2013-05-03,2013-05-10,2013-05-15,5.0,1,5.0
SO57379,9219,268,2013-05-03,2013-05-10,2013-05-15,9.0,1,9.0
SO57380,213,269,2013-05-03,2013-05-10,2013-05-15,2.0,1,2.0
SO57381,17616,12,2013-05-03,2013-05-10,2013-05-15,9.0,1,9.0
SO57381,17616,13,2013-05-03,2013-05-10,2013-05-15,9.0,1,9.0
SO57381,17616,14,2013-05-03,2013-05-10,2013-05-15,9.0,1,9.0
SO57382,2100,272,2013-05-03,2013-05-10,2013-05-15,120.0,1,120.0
SO57383,173,318,2013-05-03,2013-05-10,2013-05-15,4.0,1,4.0
SO57384,18130,328,2013-05-03,2013-05-10,2013-05-15,25.0,1,25.0
SO57385,16234,319,2013-05-03,2013-05-10,2013-05-15,5.0,1,5.0
SO57386,13741,318,2013-05-03,2013-05-10,2013-05-15,4.0,1,4.0
SO57387,2942,318,2013-05-03,2013-05-10,2013-05-15,4.0,1,4.0
SO57388,13351,318,2013-05-03,2013-05-10,2013-05-15,4.0,1,4.0
SO57389,13618,329,2013-05-03,2013-05-10,2013-05-15,33.0,1,33.0
SO57390,11097,325,2013-05-03,2013-05-10,2013-05-15,30.0,1,30.0
SO57391,11025,266,2013-05-03,2013-05-10,2013-05-15,5.0,1,5.0
SO57392,869,267,2013-05-03,2013-05-10,2013-05-15,10.0,1,10.0
SO57393,9359,265,2013-05-03,2013-05-10,2013-05-15,70.0,1,70.0
SO57394,16050,266,2013-05-03,2013-05-10,2013-05-15,5.0,1,5.0
SO57395,8137,264,2013-05-03,2013-05-10,2013-05-15,70.0,1,70.0
SO57396,6419,266,2013-05-03,2013-05-10,2013-05-15,5.0,1,5.0
SO57397,11360,317,2013-05-03,2013-05-10,2013-05-15,5.0,1,5.0
SO57398,6016,266,2013-05-03,2013-05-10,2013-05-15,5.0,1,5.0
SO57399,4014,317,2013-05-03,2013-05-10,2013-05-15,5.0,1,5.0
SO57400,8929,317,2013-05-03,2013-05-10,2013-05-15,5.0,1,5.0
SO57401,8072,317,2013-05-03,2013-05-10,2013-05-15,5.0,1,5.0
SO57402,12954,318,2013-05-03,2013-05-10,2013-05-15,4.0,1,4.0
SO57403,16164,319,2013-05-03,2013-05-10,2013-05-15,5.0,1,5.0
SO57404,793,326,2013-05-03,2013-05-10,2013-05-15,35.0,1,35.0
SO57405,2232,317,2013-05-03,2013-05-10,2013-05-15,5.0,1,5.0
SO57406,505,317,2013-05-03,2013-05-10,2013-05-15,5.0,1,5.0
SO57407,3077,274,2013-05-03,2013-05-10,2013-05-15,22.0,1,22.0
SO57408,2304,326,2013-05-03,2013-05-10,2013-05-15,35.0,1,35.0
SO57409,6482,274,2013-05-03,2013-05-10,2013-05-15,22.0,1,22.0
SO57410,2281,145,2013-05-03,2013-05-10,2013-05-15,2320.0,1,2320.0
SO57410,2281,146,2013-05-03,2013-05-10,2013-05-15,2320.0,1,2320.0
SO57411,1448,149,2013-05-03,2013-05-10,2013-05-15,2295.0,1,2295.0
SO57411,1448,150,2013-05-03,2013-05-10,2013-05-15,2295.0,1,2295.0
SO57412,2368,143,2013-05-03,2013-05-10,2013-05-15,2320.0,1,2320.0
SO57412,2368,144,2013-05-03,2013-05-10,2013-05-15,2320.0,1,2320.0
SO57413,3929,356,2013-05-03,2013-05-10,2013-05-15,742.0,1,742.0
SO57414,433,366,2013-05-03,2013-05-10,2013-05-15,1215.0,1,1215.0
SO57415,3135,369,2013-05-03,2013-05-10,2013-05-15,1701.0,1,1701.0
SO57416,17309,393,2013-05-03,2013-05-10,2013-05-15,540.0,1,540.0
SO57417,11171,394,2013-05-03,2013-05-10,2013-05-15,540.0,1,540.0
SO57418,1,362,2013-05-03,2013-05-10,2013-05-15,2384.0,1,2384.0
SO57419,4834,388,2013-05-03,2013-05-10,2013-05-15,540.0,1,540.0
SO57420,1690,151,2013-05-03,2013-05-10,2013-05-15,2295.0,1,2295.0
SO57420,1690,152,2013-05-03,2013-05-10,2013-05-15,2295.0,1,2295.0
SO57421,14065,352,2013-05-03,2013-05-10,2013-05-15,2384.0,1,2384.0
SO57422,14076,365,2013-05-03,2013-05-10,2013-05-15,2384.0,1,2384.0
SO57423,12067,395,2013-05-03,2013-05-10,2013-05-15,540.0,1,540.0
SO57424,9098,174,2013-05-03,2013-05-10,2013-05-15,1120.0,1,1120.0
SO57424,9098,175,2013-05-03,2013-05-10,2013-05-15,1120.0,1,1120.0
SO57425,9109,178,2013-05-03,2013-05-10,2013-05-15,1120.0,1,1120.0
SO57425,9109,179,2013-05-03,2013-05-10,2013-05-15,1120.0,1,1120.0
SO57426,11323,373,2013-05-03,2013-05-10,2013-05-15,540.0,1,540.0
SO57427,2975,358,2013-05-03,2013-05-10,2013-05-15,742.0,1,742.0
SO57428,3970,386,2013-05-04,2013-05-11,2013-05-16,540.0,1,540.0
SO57429,927,273,2013-05-04,2013-05-11,2013-05-16,8.0,1,8.0
SO57430,7735,274,2013-05-04,2013-05-11,2013-05-16,22.0,1,22.0
SO57431,11002,326,2013-05-04,2013-05-11,2013-05-16,35.0,1,35.0
SO57432,12644,266,2013-05-04,2013-05-11,2013-05-16,5.0,1,5.0
SO57433,12306,319,2013-05-04,2013-05-11,2013-05-16,5.0,1,5.0
SO57434,1039,269,2013-05-04,2013-05-11,2013-05-16,2.0,1,2.0
SO57435,10107,369,2013-05-04,2013-05-11,2013-05-16,1701.0,1,1701.0
SO57436,521,328,2013-05-04,2013-05-11,2013-05-16,25.0,1,25.0
SO57437,17983,328,2013-05-04,2013-05-11,2013-05-16,25.0,1,25.0
SO57438,507,318,2013-05-04,2013-05-11,2013-05-16,4.0,1,4.0
SO57439,17633,328,2013-05-04,2013-05-11,2013-05-16,25.0,1,25.0
SO57440,15269,327,2013-05-04,2013-05-11,2013-05-16,21.0,1,21.0
SO57441,14349,317,2013-05-04,2013-05-11,2013-05-16,5.0,1,5.0
SO57442,13237,329,2013-05-04,2013-05-11,2013-05-16,33.0,1,33.0
SO57443,14343,324,2013-05-04,2013-05-11,2013-05-16,25.0,1,25.0
SO57444,12737,317,2013-05-04,2013-05-11,2013-05-16,5.0,1,5.0
SO57445,8649,329,2013-05-04,2013-05-11,2013-05-16,33.0,1,33.0
SO57446,9140,264,2013-05-04,2013-05-11,2013-05-16,70.0,1,70.0
SO57447,6699,266,2013-05-04,2013-05-11,2013-05-16,5.0,1,5.0
SO57448,5858,266,2013-05-04,2013-05-11,2013-05-16,5.0,1,5.0
SO57449,4982,317,2013-05-04,2013-05-11,2013-05-16,5.0,1,5.0
SO57450,3759,317,2013-05-04,2013-05-11,2013-05-16,5.0,1,5.0
SO57451,9104,317,2013-05-04,2013-05-11,2013-05-16,5.0,1,5.0
SO57452,9141,325,2013-05-04,2013-05-11,2013-05-16,30.0,1,30.0
SO57453,4690,326,2013-05-04,2013-05-11,2013-05-16,35.0,1,35.0
SO57454,10027,325,2013-05-04,2013-05-11,2013-05-16,30.0,1,30.0
SO57455,15850,318,2013-05-04,2013-05-11,2013-05-16,4.0,1,4.0
SO57456,14593,318,2013-05-04,2013-05-11,2013-05-16,4.0,1,4.0
SO57457,16965,318,2013-05-04,2013-05-11,2013-05-16,4.0,1,4.0
SO57458,3085,326,2013-05-04,2013-05-11,2013-05-16,35.0,1,35.0
SO57459,702,326,2013-05-04,2013-05-11,2013-05-16,35.0,1,35.0
SO57460,841,326,2013-05-04,2013-05-11,2013-05-16,35.0,1,35.0
SO57461,1722,267,2013-05-04,2013-05-11,2013-05-16,10.0,1,10.0
SO57462,2306,274,2013-05-04,2013-05-11,2013-05-16,22.0,1,22.0
SO57463,1544,12,2013-05-04,2013-05-11,2013-05-16,9.0,1,9.0
SO57463,1544,13,2013-05-04,2013-05-11,2013-05-16,9.0,1,9.0
SO57463,1544,14,2013-05-04,2013-05-11,2013-05-16,9.0,1,9.0
SO57464,8131,384,2013-05-04,2013-05-11,2013-05-16,565.0,1,565.0
SO57465,728,143,2013-05-04,2013-05-11,2013-05-16,2320.0,1,2320.0
SO57465,728,144,2013-05-04,2013-05-11,2013-05-16,2320.0,1,2320.0
SO57466,2420,149,2013-05-04,2013-05-11,2013-05-16,2295.0,1,2295.0
SO57466,2420,150,2013-05-04,2013-05-11,2013-05-16,2295.0,1,2295.0
SO57467,2421,143,2013-05-04,2013-05-11,2013-05-16,2320.0,1,2320.0
SO57467,2421,144,2013-05-04,2013-05-11,2013-05-16,2320.0,1,2320.0
SO57468,3042,147,2013-05-04,2013-05-11,2013-05-16,2295.0,1,2295.0
SO57468,3042,148,2013-05-04,2013-05-11,2013-05-16,2295.0,1,2295.0
SO57469,746,145,2013-05-04,2013-05-11,2013-05-16,2320.0,1,2320.0
SO57469,746,146,2013-05-04,2013-05-11,2013-05-16,2320.0,1,2320.0
SO57470,2316,149,2013-05-04,2013-05-11,2013-05-16,2295.0,1,2295.0
SO57470,2316,150,2013-05-04,2013-05-11,2013-05-16,2295.0,1,2295.0
SO57471,11400,394,2013-05-04,2013-05-11,2013-05-16,540.0,1,540.0
SO57472,16347,373,2013-05-04,2013-05-11,2013-05-16,540.0,1,540.0
SO57473,2013,149,2013-05-04,2013-05-11,2013-05-16,2295.0,1,2295.0
SO57473,2013,150,2013-05-04,2013-05-11,2013-05-16,2295.0,1,2295.0
SO57474,898,149,2013-05-04,2013-05-11,2013-05-16,2295.0,1,2295.0
SO57474,898,150,2013-05-04,2013-05-11,2013-05-16,2295.0,1,2295.0
SO57475,17870,354,2013-05-04,2013-05-11,2013-05-16,742.0,1,742.0
SO57476,14106,352,2013-05-04,2013-05-11,2013-05-16,2384.0,1,2384.0
SO57477,9030,178,2013-05-04,2013-05-11,2013-05-16,1120.0,1,1120.0
SO57477,9030,179,2013-05-04,2013-05-11,2013-05-16,1120.0,1,1120.0
SO57478,9094,174,2013-05-04,2013-05-11,2013-05-16,1120.0,1,1120.0
SO57478,9094,175,2013-05-04,2013-05-11,2013-05-16,1120.0,1,1120.0
SO57479,12985,172,2013-05-04,2013-05-11,2013-05-16,1120.0,1,1120.0
SO57479,12985,173,2013-05-04,2013-05-11,2013-05-16,1120.0,1,1120.0
SO57480,16130,172,2013-05-04,2013-05-11,2013-05-16,1120.0,1,1120.0
SO57480,16130,173,2013-05-04,2013-05-11,2013-05-16,1120.0,1,1120.0
SO57481,4225,328,2013-05-05,2013-05-12,2013-05-17,25.0,1,25.0
SO57482,10964,326,2013-05-05,2013-05-12,2013-05-17,35.0,1,35.0
SO57483,15145,327,2013-05-05,2013-05-12,2013-05-17,21.0,1,21.0
SO57484,11404,264,2013-05-05,2013-05-12,2013-05-17,70.0,1,70.0
SO57485,1007,318,2013-05-05,2013-05-12,2013-05-17,4.0,1,4.0
SO57486,1345,318,2013-05-05,2013-05-12,2013-05-17,4.0,1,4.0
SO57487,2982,4,2013-05-05,2013-05-12,2013-05-17,35.0,1,35.0
SO57487,2982,5,2013-05-05,2013-05-12,2013-05-17,35.0,1,35.0
SO57487,2982,6,2013-05-05,2013-05-12,2013-05-17,35.0,1,35.0
SO57488,6715,370,2013-05-05,2013-05-12,2013-05-17,1701.0,1,1701.0
SO57489,6376,251,2013-05-05,2013-05-12,2013-05-17,24.0,1,24.0
SO57489,6376,252,2013-05-05,2013-05-12,2013-05-17,24.0,1,24.0
SO57490,9887,369,2013-05-05,2013-05-12,2013-05-17,1701.0,1,1701.0
SO57491,2830,376,2013-05-05,2013-05-12,2013-05-17,769.0,1,769.0
SO57492,1120,272,2013-05-05,2013-05-12,2013-05-17,120.0,1,120.0
SO57493,16994,269,2013-05-05,2013-05-12,2013-05-17,2.0,1,2.0
SO57494,92,318,2013-05-05,2013-05-12,2013-05-17,4.0,1,4.0
SO57495,13726,318,2013-05-05,2013-05-12,2013-05-17,4.0,1,4.0
SO57496,12823,325,2013-05-05,2013-05-12,2013-05-17,30.0,1,30.0
SO57497,11050,267,2013-05-05,2013-05-12,2013-05-17,10.0,1,10.0
SO57498,8156,263,2013-05-05,2013-05-12,2013-05-17,70.0,1,70.0
SO57499,1197,266,2013-05-05,2013-05-12,2013-05-17,5.0,1,5.0
SO57500,7677,264,2013-05-05,2013-05-12,2013-05-17,70.0,1,70.0
SO57501,3605,263,2013-05-05,2013-05-12,2013-05-17,70.0,1,70.0
SO57502,2927,274,2013-05-05,2013-05-12,2013-05-17,22.0,1,22.0
SO57503,4251,274,2013-05-05,2013-05-12,2013-05-17,22.0,1,22.0
SO57504,3571,317,2013-05-05,2013-05-12,2013-05-17,5.0,1,5.0
SO57505,4069,274,2013-05-05,2013-05-12,2013-05-17,22.0,1,22.0
SO57506,3984,326,2013-05-05,2013-05-12,2013-05-17,35.0,1,35.0
SO57507,2675,265,2013-05-05,2013-05-12,2013-05-17,70.0,1,70.0
SO57508,16888,267,2013-05-05,2013-05-12,2013-05-17,10.0,1,10.0
SO57509,7033,317,2013-05-05,2013-05-12,2013-05-17,5.0,1,5.0
SO57510,9874,325,2013-05-05,2013-05-12,2013-05-17,30.0,1,30.0
SO57511,13219,266,2013-05-05,2013-05-12,2013-05-17,5.0,1,5.0
SO57512,16314,330,2013-05-05,2013-05-12,2013-05-17,29.0,1,29.0
SO57513,17894,319,2013-05-05,2013-05-12,2013-05-17,5.0,1,5.0
SO57514,2053,274,2013-05-05,2013-05-12,2013-05-17,22.0,1,22.0
SO57515,9413,160,2013-05-05,2013-05-12,2013-05-17,2443.0,1,2443.0
SO57515,9413,161,2013-05-05,2013-05-12,2013-05-17,2443.0,1,2443.0
SO57516,2419,149,2013-05-05,2013-05-12,2013-05-17,2295.0,1,2295.0
SO57516,2419,150,2013-05-05,2013-05-12,2013-05-17,2295.0,1,2295.0
SO57517,2279,145,2013-05-05,2013-05-12,2013-05-17,2320.0,1,2320.0
SO57517,2279,146,2013-05-05,2013-05-12,2013-05-17,2320.0,1,2320.0
SO57518,2910,149,2013-05-05,2013-05-12,2013-05-17,2295.0,1,2295.0
SO57518,2910,150,2013-05-05,2013-05-12,2013-05-17,2295.0,1,2295.0
SO57519,3134,372,2013-05-05,2013-05-12,2013-05-17,1701.0,1,1701.0
SO57520,17308,394,2013-05-05,2013-05-12,2013-05-17,540.0,1,540.0
SO57521,757,149,2013-05-05,2013-05-12,2013-05-17,2295.0,1,2295.0
SO57521,757,150,2013-05-05,2013-05-12,2013-05-17,2295.0,1,2295.0
SO57522,8622,162,2013-05-05,2013-05-12,2013-05-17,2443.0,1,2443.0
SO57522,8622,163,2013-05-05,2013-05-12,2013-05-17,2443.0,1,2443.0
SO57523,8783,166,2013-05-05,2013-05-12,2013-05-17,2443.0,1,2443.0
SO57523,8783,167,2013-05-05,2013-05-12,2013-05-17,2443.0,1,2443.0
SO57524,1688,151,2013-05-05,2013-05-12,2013-05-17,2295.0,1,2295.0
SO57524,1688,152,2013-05-05,2013-05-12,2013-05-17,2295.0,1,2295.0
SO57525,14391,367,2013-05-05,2013-05-12,2013-05-17,1215.0,1,1215.0
SO57526,13360,363,2013-05-05,2013-05-12,2013-05-17,2384.0,1,2384.0
SO57527,13354,363,2013-05-05,2013-05-12,2013-05-17,2384.0,1,2384.0
SO57528,12076,393,2013-05-05,2013-05-12,2013-05-17,540.0,1,540.0
SO57529,12908,172,2013-05-05,2013-05-12,2013-05-17,1120.0,1,1120.0
SO57529,12908,173,2013-05-05,2013-05-12,2013-05-17,1120.0,1,1120.0
SO57530,417,395,2013-05-05,2013-05-12,2013-05-17,540.0,1,540.0
SO57531,11307,395,2013-05-05,2013-05-12,2013-05-17,540.0,1,540.0
SO57532,14731,351,2013-05-05,2013-05-12,2013-05-17,2384.0,1,2384.0
SO57533,5526,172,2013-05-06,2013-05-13,2013-05-18,1120.0,1,1120.0
SO57533,5526,173,2013-05-06,2013-05-13,2013-05-18,1120.0,1,1120.0
SO57534,2412,143,2013-05-06,2013-05-13,2013-05-18,2320.0,1,2320.0
SO57534,2412,144,2013-05-06,2013-05-13,2013-05-18,2320.0,1,2320.0
SO57535,2261,141,2013-05-06,2013-05-13,2013-05-18,2320.0,1,2320.0
SO57535,2261,142,2013-05-06,2013-05-13,2013-05-18,2320.0,1,2320.0
SO57536,75,324,2013-05-06,2013-05-13,2013-05-18,25.0,1,25.0
SO57537,3014,328,2013-05-06,2013-05-13,2013-05-18,25.0,1,25.0
SO57538,4807,328,2013-05-06,2013-05-13,2013-05-18,25.0,1,25.0
SO57539,10172,326,2013-05-06,2013-05-13,2013-05-18,35.0,1,35.0
SO57540,12130,266,2013-05-06,2013-05-13,2013-05-18,5.0,1,5.0
SO57541,16519,265,2013-05-06,2013-05-13,2013-05-18,70.0,1,70.0
SO57542,18303,267,2013-05-06,2013-05-13,2013-05-18,10.0,1,10.0
SO57543,3214,15,2013-05-06,2013-05-13,2013-05-18,50.0,1,50.0
SO57543,3214,16,2013-05-06,2013-05-13,2013-05-18,50.0,1,50.0
SO57543,3214,17,2013-05-06,2013-05-13,2013-05-18,50.0,1,50.0
SO57544,2138,276,2013-05-06,2013-05-13,2013-05-18,55.0,1,55.0
SO57545,16731,318,2013-05-06,2013-05-13,2013-05-18,4.0,1,4.0
SO57546,17279,319,2013-05-06,2013-05-13,2013-05-18,5.0,1,5.0
SO57547,4252,319,2013-05-06,2013-05-13,2013-05-18,5.0,1,5.0
SO57548,16756,318,2013-05-06,2013-05-13,2013-05-18,4.0,1,4.0
SO57549,15334,317,2013-05-06,2013-05-13,2013-05-18,5.0,1,5.0
SO57550,2945,318,2013-05-06,2013-05-13,2013-05-18,4.0,1,4.0
SO57551,13413,318,2013-05-06,2013-05-13,2013-05-18,4.0,1,4.0
SO57552,10713,266,2013-05-06,2013-05-13,2013-05-18,5.0,1,5.0
SO57553,9369,263,2013-05-06,2013-05-13,2013-05-18,70.0,1,70.0
SO57554,288,266,2013-05-06,2013-05-13,2013-05-18,5.0,1,5.0
SO57555,6506,317,2013-05-06,2013-05-13,2013-05-18,5.0,1,5.0
SO57556,9313,317,2013-05-06,2013-05-13,2013-05-18,5.0,1,5.0
SO57557,4840,274,2013-05-06,2013-05-13,2013-05-18,22.0,1,22.0
SO57558,4092,317,2013-05-06,2013-05-13,2013-05-18,5.0,1,5.0
SO57559,14691,318,2013-05-06,2013-05-13,2013-05-18,4.0,1,4.0
SO57560,8343,328,2013-05-06,2013-05-13,2013-05-18,25.0,1,25.0
SO57561,9951,325,2013-05-06,2013-05-13,2013-05-18,30.0,1,30.0
SO57562,17409,327,2013-05-06,2013-05-13,2013-05-18,21.0,1,21.0
SO57563,5199,319,2013-05-06,2013-05-13,2013-05-18,5.0,1,5.0
SO57564,18397,319,2013-05-06,2013-05-13,2013-05-18,5.0,1,5.0
SO57565,663,326,2013-05-06,2013-05-13,2013-05-18,35.0,1,35.0
SO57566,211,317,2013-05-06,2013-05-13,2013-05-18,5.0,1,5.0
SO57567,503,317,2013-05-06,2013-05-13,2013-05-18,5.0,1,5.0
SO57568,2286,326,2013-05-06,2013-05-13,2013-05-18,35.0,1,35.0
SO57569,1804,267,2013-05-06,2013-05-13,2013-05-18,10.0,1,10.0
SO57570,2015,326,2013-05-06,2013-05-13,2013-05-18,35.0,1,35.0
SO57571,2704,326,2013-05-06,2013-05-13,2013-05-18,35.0,1,35.0
SO57572,4499,326,2013-05-06,2013-05-13,2013-05-18,35.0,1,35.0
SO57573,601,4,2013-05-06,2013-05-13,2013-05-18,35.0,1,35.0
SO57573,601,5,2013-05-06,2013-05-13,2013-05-18,35.0,1,35.0
SO57573,601,6,2013-05-06,2013-05-13,2013-05-18,35.0,1,35.0
SO57574,9673,370,2013-05-06,2013-05-13,2013-05-18,1701.0,1,1701.0
SO57575,6031,369,2013-05-06,2013-05-13,2013-05-18,1701.0,1,1701.0
SO57576,6040,369,2013-05-06,2013-05-13,2013-05-18,1701.0,1,1701.0
SO57577,5021,382,2013-05-06,2013-05-13,2013-05-18,565.0,1,565.0
SO57578,2251,145,2013-05-06,2013-05-13,2013-05-18,2320.0,1,2320.0
SO57578,2251,146,2013-05-06,2013-05-13,2013-05-18,2320.0,1,2320.0
SO57579,2344,151,2013-05-06,2013-05-13,2013-05-18,2295.0,1,2295.0
SO57579,2344,152,2013-05-06,2013-05-13,2013-05-18,2295.0,1,2295.0
SO57580,2415,143,2013-05-06,2013-05-13,2013-05-18,2320.0,1,2320.0
SO57580,2415,144,2013-05-06,2013-05-13,2013-05-18,2320.0,1,2320.0
SO57581,11174,393,2013-05-06,2013-05-13,2013-05-18,540.0,1,540.0
SO57582,2002,151,2013-05-06,2013-05-13,2013-05-18,2295.0,1,2295.0
SO57582,2002,152,2013-05-06,2013-05-13,2013-05-18,2295.0,1,2295.0
SO57583,1990,147,2013-05-06,2013-05-13,2013-05-18,2295.0,1,2295.0
SO57583,1990,148,2013-05-06,2013-05-13,2013-05-18,2295.0,1,2295.0
SO57584,8608,160,2013-05-06,2013-05-13,2013-05-18,2443.0,1,2443.0
SO57584,8608,161,2013-05-06,2013-05-13,2013-05-18,2443.0,1,2443.0
SO57585,1686,141,2013-05-06,2013-05-13,2013-05-18,2320.0,1,2320.0
SO57585,1686,142,2013-05-06,2013-05-13,2013-05-18,2320.0,1,2320.0
SO57586,17871,361,2013-05-06,2013-05-13,2013-05-18,742.0,1,742.0
SO57587,985,363,2013-05-06,2013-05-13,2013-05-18,2384.0,1,2384.0
SO57588,14151,351,2013-05-06,2013-05-13,2013-05-18,2384.0,1,2384.0
SO57589,11136,393,2013-05-06,2013-05-13,2013-05-18,540.0,1,540.0
SO57590,11137,373,2013-05-06,2013-05-13,2013-05-18,540.0,1,540.0
SO57591,9172,172,2013-05-06,2013-05-13,2013-05-18,1120.0,1,1120.0
SO57591,9172,173,2013-05-06,2013-05-13,2013-05-18,1120.0,1,1120.0
SO57592,11607,394,2013-05-06,2013-05-13,2013-05-18,540.0,1,540.0
SO57593,12575,176,2013-05-07,2013-05-14,2013-05-19,1120.0,1,1120.0
SO57593,12575,177,2013-05-07,2013-05-14,2013-05-19,1120.0,1,1120.0
SO57594,13361,178,2013-05-07,2013-05-14,2013-05-19,1120.0,1,1120.0
SO57594,13361,179,2013-05-07,2013-05-14,2013-05-19,1120.0,1,1120.0
SO57595,3720,143,2013-05-07,2013-05-14,2013-05-19,2320.0,1,2320.0
SO57595,3720,144,2013-05-07,2013-05-14,2013-05-19,2320.0,1,2320.0
SO57596,11945,266,2013-05-07,2013-05-14,2013-05-19,5.0,1,5.0
SO57597,11406,263,2013-05-07,2013-05-14,2013-05-19,70.0,1,70.0
SO57598,750,267,2013-05-07,2013-05-14,2013-05-19,10.0,1,10.0
SO57599,5432,168,2013-05-07,2013-05-14,2013-05-19,2443.0,1,2443.0
SO57599,5432,169,2013-05-07,2013-05-14,2013-05-19,2443.0,1,2443.0
SO57600,4661,378,2013-05-07,2013-05-14,2013-05-19,769.0,1,769.0
SO57601,2475,319,2013-05-07,2013-05-14,2013-05-19,5.0,1,5.0
SO57602,14208,324,2013-05-07,2013-05-14,2013-05-19,25.0,1,25.0
SO57603,12172,325,2013-05-07,2013-05-14,2013-05-19,30.0,1,30.0
SO57604,11072,267,2013-05-07,2013-05-14,2013-05-19,10.0,1,10.0
SO57605,11548,325,2013-05-07,2013-05-14,2013-05-19,30.0,1,30.0
SO57606,12281,267,2013-05-07,2013-05-14,2013-05-19,10.0,1,10.0
SO57607,10790,267,2013-05-07,2013-05-14,2013-05-19,10.0,1,10.0
SO57608,10457,267,2013-05-07,2013-05-14,2013-05-19,10.0,1,10.0
SO57609,503,264,2013-05-07,2013-05-14,2013-05-19,70.0,1,70.0
SO57610,18038,263,2013-05-07,2013-05-14,2013-05-19,70.0,1,70.0
SO57611,6275,266,2013-05-07,2013-05-14,2013-05-19,5.0,1,5.0
SO57612,4885,317,2013-05-07,2013-05-14,2013-05-19,5.0,1,5.0
SO57613,6711,324,2013-05-07,2013-05-14,2013-05-19,25.0,1,25.0
SO57614,3114,274,2013-05-07,2013-05-14,2013-05-19,22.0,1,22.0
SO57615,2892,274,2013-05-07,2013-05-14,2013-05-19,22.0,1,22.0
SO57616,17496,264,2013-05-07,2013-05-14,2013-05-19,70.0,1,70.0
SO57617,11799,328,2013-05-07,2013-05-14,2013-05-19,25.0,1,25.0
SO57618,1810,319,2013-05-07,2013-05-14,2013-05-19,5.0,1,5.0
SO57619,182,326,2013-05-07,2013-05-14,2013-05-19,35.0,1,35.0
SO57620,314,317,2013-05-07,2013-05-14,2013-05-19,5.0,1,5.0
SO57621,1198,317,2013-05-07,2013-05-14,2013-05-19,5.0,1,5.0
SO57622,1558,267,2013-05-07,2013-05-14,2013-05-19,10.0,1,10.0
SO57623,3286,376,2013-05-07,2013-05-14,2013-05-19,769.0,1,769.0
SO57624,2909,147,2013-05-07,2013-05-14,2013-05-19,2295.0,1,2295.0
SO57624,2909,148,2013-05-07,2013-05-14,2013-05-19,2295.0,1,2295.0
SO57625,8949,168,2013-05-07,2013-05-14,2013-05-19,2443.0,1,2443.0
SO57625,8949,169,2013-05-07,2013-05-14,2013-05-19,2443.0,1,2443.0
SO57626,18309,350,2013-05-07,2013-05-14,2013-05-19,2384.0,1,2384.0
SO57627,2076,147,2013-05-07,2013-05-14,2013-05-19,2295.0,1,2295.0
SO57627,2076,148,2013-05-07,2013-05-14,2013-05-19,2295.0,1,2295.0
SO57628,11105,395,2013-05-07,2013-05-14,2013-05-19,540.0,1,540.0
SO57629,11116,393,2013-05-07,2013-05-14,2013-05-19,540.0,1,540.0
SO57630,9010,172,2013-05-07,2013-05-14,2013-05-19,1120.0,1,1120.0
SO57630,9010,173,2013-05-07,2013-05-14,2013-05-19,1120.0,1,1120.0
SO57631,17378,362,2013-05-07,2013-05-14,2013-05-19,2384.0,1,2384.0
SO57632,2252,350,2013-05-07,2013-05-14,2013-05-19,2384.0,1,2384.0
SO57633,1344,271,2013-05-07,2013-05-14,2013-05-19,9.0,1,9.0
SO57634,263,268,2013-05-08,2013-05-15,2013-05-20,9.0,1,9.0
SO57635,2004,324,2013-05-08,2013-05-15,2013-05-20,25.0,1,25.0
SO57636,11634,382,2013-05-08,2013-05-15,2013-05-20,565.0,1,565.0
SO57637,2016,272,2013-05-08,2013-05-15,2013-05-20,120.0,1,120.0
SO57638,44,318,2013-05-08,2013-05-15,2013-05-20,4.0,1,4.0
SO57639,20,319,2013-05-08,2013-05-15,2013-05-20,5.0,1,5.0
SO57640,17021,319,2013-05-08,2013-05-15,2013-05-20,5.0,1,5.0
SO57641,15545,327,2013-05-08,2013-05-15,2013-05-20,21.0,1,21.0
SO57642,17573,318,2013-05-08,2013-05-15,2013-05-20,4.0,1,4.0
SO57643,224,330,2013-05-08,2013-05-15,2013-05-20,29.0,1,29.0
SO57644,661,325,2013-05-08,2013-05-15,2013-05-20,30.0,1,30.0
SO57645,6510,325,2013-05-08,2013-05-15,2013-05-20,30.0,1,30.0
SO57646,6687,325,2013-05-08,2013-05-15,2013-05-20,30.0,1,30.0
SO57647,4865,267,2013-05-08,2013-05-15,2013-05-20,10.0,1,10.0
SO57648,9370,267,2013-05-08,2013-05-15,2013-05-20,10.0,1,10.0
SO57649,9371,266,2013-05-08,2013-05-15,2013-05-20,5.0,1,5.0
SO57650,6408,266,2013-05-08,2013-05-15,2013-05-20,5.0,1,5.0
SO57651,7878,264,2013-05-08,2013-05-15,2013-05-20,70.0,1,70.0
SO57652,6391,266,2013-05-08,2013-05-15,2013-05-20,5.0,1,5.0
SO57653,2186,266,2013-05-08,2013-05-15,2013-05-20,5.0,1,5.0
SO57654,2653,274,2013-05-08,2013-05-15,2013-05-20,22.0,1,22.0
SO57655,13695,318,2013-05-08,2013-05-15,2013-05-20,4.0,1,4.0
SO57656,12447,318,2013-05-08,2013-05-15,2013-05-20,4.0,1,4.0
SO57657,14471,318,2013-05-08,2013-05-15,2013-05-20,4.0,1,4.0
SO57658,4613,319,2013-05-08,2013-05-15,2013-05-20,5.0,1,5.0
SO57659,224,317,2013-05-08,2013-05-15,2013-05-20,5.0,1,5.0
SO57660,2217,274,2013-05-08,2013-05-15,2013-05-20,22.0,1,22.0
SO57661,556,9,2013-05-08,2013-05-15,2013-05-20,35.0,1,35.0
SO57661,556,10,2013-05-08,2013-05-15,2013-05-20,35.0,1,35.0
SO57661,556,11,2013-05-08,2013-05-15,2013-05-20,35.0,1,35.0
SO57662,2099,274,2013-05-08,2013-05-15,2013-05-20,22.0,1,22.0
SO57663,555,1,2013-05-08,2013-05-15,2013-05-20,35.0,1,35.0
SO57663,555,2,2013-05-08,2013-05-15,2013-05-20,35.0,1,35.0
SO57663,555,3,2013-05-08,2013-05-15,2013-05-20,35.0,1,35.0
SO57664,9387,160,2013-05-08,2013-05-15,2013-05-20,2443.0,1,2443.0
SO57664,9387,161,2013-05-08,2013-05-15,2013-05-20,2443.0,1,2443.0
SO57665,5978,372,2013-05-08,2013-05-15,2013-05-20,1701.0,1,1701.0
SO57666,6012,372,2013-05-08,2013-05-15,2013-05-20,1701.0,1,1701.0
SO57667,1082,147,2013-05-08,2013-05-15,2013-05-20,2295.0,1,2295.0
SO57667,1082,148,2013-05-08,2013-05-15,2013-05-20,2295.0,1,2295.0
SO57668,1091,145,2013-05-08,2013-05-15,2013-05-20,2320.0,1,2320.0
SO57668,1091,146,2013-05-08,2013-05-15,2013-05-20,2320.0,1,2320.0
SO57669,3282,149,2013-05-08,2013-05-15,2013-05-20,2295.0,1,2295.0
SO57669,3282,150,2013-05-08,2013-05-15,2013-05-20,2295.0,1,2295.0
SO57670,2352,151,2013-05-08,2013-05-15,2013-05-20,2295.0,1,2295.0
SO57670,2352,152,2013-05-08,2013-05-15,2013-05-20,2295.0,1,2295.0
SO57671,15903,361,2013-05-08,2013-05-15,2013-05-20,742.0,1,742.0
SO57672,15854,358,2013-05-08,2013-05-15,2013-05-20,742.0,1,742.0
SO57673,241,368,2013-05-08,2013-05-15,2013-05-20,1215.0,1,1215.0
SO57674,8794,166,2013-05-08,2013-05-15,2013-05-20,2443.0,1,2443.0
SO57674,8794,167,2013-05-08,2013-05-15,2013-05-20,2443.0,1,2443.0
SO57675,919,145,2013-05-08,2013-05-15,2013-05-20,2320.0,1,2320.0
SO57675,919,146,2013-05-08,2013-05-15,2013-05-20,2320.0,1,2320.0
SO57676,2081,143,2013-05-08,2013-05-15,2013-05-20,2320.0,1,2320.0
SO57676,2081,144,2013-05-08,2013-05-15,2013-05-20,2320.0,1,2320.0
SO57677,8629,160,2013-05-08,2013-05-15,2013-05-20,2443.0,1,2443.0
SO57677,8629,161,2013-05-08,2013-05-15,2013-05-20,2443.0,1,2443.0
SO57678,17855,355,2013-05-08,2013-05-15,2013-05-20,742.0,1,742.0
SO57679,980,365,2013-05-08,2013-05-15,2013-05-20,2384.0,1,2384.0
SO57680,11095,394,2013-05-08,2013-05-15,2013-05-20,540.0,1,540.0
SO57681,11898,395,2013-05-08,2013-05-15,2013-05-20,540.0,1,540.0
SO57682,9074,170,2013-05-08,2013-05-15,2013-05-20,1120.0,1,1120.0
SO57682,9074,171,2013-05-08,2013-05-15,2013-05-20,1120.0,1,1120.0
SO57683,7796,174,2013-05-08,2013-05-15,2013-05-20,1120.0,1,1120.0
SO57683,7796,175,2013-05-08,2013-05-15,2013-05-20,1120.0,1,1120.0
SO57684,1739,393,2013-05-08,2013-05-15,2013-05-20,540.0,1,540.0
SO57685,17736,363,2013-05-08,2013-05-15,2013-05-20,2384.0,1,2384.0
SO57686,1322,363,2013-05-08,2013-05-15,2013-05-20,2384.0,1,2384.0
SO57687,17398,365,2013-05-08,2013-05-15,2013-05-20,2384.0,1,2384.0
SO57688,2255,353,2013-05-08,2013-05-15,2013-05-20,2384.0,1,2384.0
SO57689,13916,170,2013-05-09,2013-05-16,2013-05-21,1120.0,1,1120.0
SO57689,13916,171,2013-05-09,2013-05-16,2013-05-21,1120.0,1,1120.0
SO57690,2265,145,2013-05-09,2013-05-16,2013-05-21,2320.0,1,2320.0
SO57690,2265,146,2013-05-09,2013-05-16,2013-05-21,2320.0,1,2320.0
SO57691,1195,273,2013-05-09,2013-05-16,2013-05-21,8.0,1,8.0
SO57692,1136,21,2013-05-09,2013-05-16,2013-05-21,50.0,1,50.0
SO57692,1136,22,2013-05-09,2013-05-16,2013-05-21,50.0,1,50.0
SO57692,1136,23,2013-05-09,2013-05-16,2013-05-21,50.0,1,50.0
SO57693,2643,317,2013-05-09,2013-05-16,2013-05-21,5.0,1,5.0
SO57694,4728,328,2013-05-09,2013-05-16,2013-05-21,25.0,1,25.0
SO57695,5490,274,2013-05-09,2013-05-16,2013-05-21,22.0,1,22.0
SO57696,14131,317,2013-05-09,2013-05-16,2013-05-21,5.0,1,5.0
SO57697,5184,318,2013-05-09,2013-05-16,2013-05-21,4.0,1,4.0
SO57698,13247,267,2013-05-09,2013-05-16,2013-05-21,10.0,1,10.0
SO57699,5700,329,2013-05-09,2013-05-16,2013-05-21,33.0,1,33.0
SO57700,6766,370,2013-05-09,2013-05-16,2013-05-21,1701.0,1,1701.0
SO57701,6763,369,2013-05-09,2013-05-16,2013-05-21,1701.0,1,1701.0
SO57702,3057,255,2013-05-09,2013-05-16,2013-05-21,24.0,1,24.0
SO57702,3057,256,2013-05-09,2013-05-16,2013-05-21,24.0,1,24.0
SO57703,6791,383,2013-05-09,2013-05-16,2013-05-21,565.0,1,565.0
SO57704,5431,166,2013-05-09,2013-05-16,2013-05-21,2443.0,1,2443.0
SO57704,5431,167,2013-05-09,2013-05-16,2013-05-21,2443.0,1,2443.0
SO57705,7149,378,2013-05-09,2013-05-16,2013-05-21,769.0,1,769.0
SO57706,660,317,2013-05-09,2013-05-16,2013-05-21,5.0,1,5.0
SO57707,263,319,2013-05-09,2013-05-16,2013-05-21,5.0,1,5.0
SO57708,15810,330,2013-05-09,2013-05-16,2013-05-21,29.0,1,29.0
SO57709,16436,330,2013-05-09,2013-05-16,2013-05-21,29.0,1,29.0
SO57710,12206,317,2013-05-09,2013-05-16,2013-05-21,5.0,1,5.0
SO57711,11128,325,2013-05-09,2013-05-16,2013-05-21,30.0,1,30.0
SO57712,10341,267,2013-05-09,2013-05-16,2013-05-21,10.0,1,10.0
SO57713,2223,267,2013-05-09,2013-05-16,2013-05-21,10.0,1,10.0
SO57714,9422,267,2013-05-09,2013-05-16,2013-05-21,10.0,1,10.0
SO57715,6019,266,2013-05-09,2013-05-16,2013-05-21,5.0,1,5.0
SO57716,4318,317,2013-05-09,2013-05-16,2013-05-21,5.0,1,5.0
SO57717,10447,317,2013-05-09,2013-05-16,2013-05-21,5.0,1,5.0
SO57718,4248,317,2013-05-09,2013-05-16,2013-05-21,5.0,1,5.0
SO57719,7678,12,2013-05-09,2013-05-16,2013-05-21,9.0,1,9.0
SO57719,7678,13,2013-05-09,2013-05-16,2013-05-21,9.0,1,9.0
SO57719,7678,14,2013-05-09,2013-05-16,2013-05-21,9.0,1,9.0
SO57720,3181,329,2013-05-09,2013-05-16,2013-05-21,33.0,1,33.0
SO57721,15879,327,2013-05-09,2013-05-16,2013-05-21,21.0,1,21.0
SO57722,3718,325,2013-05-09,2013-05-16,2013-05-21,30.0,1,30.0
SO57723,662,326,2013-05-09,2013-05-16,2013-05-21,35.0,1,35.0
SO57724,2187,274,2013-05-09,2013-05-16,2013-05-21,22.0,1,22.0
SO57725,789,326,2013-05-09,2013-05-16,2013-05-21,35.0,1,35.0
SO57726,2323,274,2013-05-09,2013-05-16,2013-05-21,22.0,1,22.0
SO57727,6025,370,2013-05-09,2013-05-16,2013-05-21,1701.0,1,1701.0
SO57728,2231,143,2013-05-09,2013-05-16,2013-05-21,2320.0,1,2320.0
SO57728,2231,144,2013-05-09,2013-05-16,2013-05-21,2320.0,1,2320.0
SO57729,2275,151,2013-05-09,2013-05-16,2013-05-21,2295.0,1,2295.0
SO57729,2275,152,2013-05-09,2013-05-16,2013-05-21,2295.0,1,2295.0
SO57730,2427,151,2013-05-09,2013-05-16,2013-05-21,2295.0,1,2295.0
SO57730,2427,152,2013-05-09,2013-05-16,2013-05-21,2295.0,1,2295.0
SO57731,2355,149,2013-05-09,2013-05-16,2013-05-21,2295.0,1,2295.0
SO57731,2355,150,2013-05-09,2013-05-16,2013-05-21,2295.0,1,2295.0
SO57732,2325,149,2013-05-09,2013-05-16,2013-05-21,2295.0,1,2295.0
SO57732,2325,150,2013-05-09,2013-05-16,2013-05-21,2295.0,1,2295.0
SO57733,8950,166,2013-05-09,2013-05-16,2013-05-21,2443.0,1,2443.0
SO57733,8950,167,2013-05-09,2013-05-16,2013-05-21,2443.0,1,2443.0
SO57734,3133,371,2013-05-09,2013-05-16,2013-05-21,1701.0,1,1701.0
SO57735,18319,351,2013-05-09,2013-05-16,2013-05-21,2384.0,1,2384.0
SO57736,10,364,2013-05-09,2013-05-16,2013-05-21,2384.0,1,2384.0
SO57737,2001,149,2013-05-09,2013-05-16,2013-05-21,2295.0,1,2295.0
SO57737,2001,150,2013-05-09,2013-05-16,2013-05-21,2295.0,1,2295.0
SO57738,8615,160,2013-05-09,2013-05-16,2013-05-21,2443.0,1,2443.0
SO57738,8615,161,2013-05-09,2013-05-16,2013-05-21,2443.0,1,2443.0
SO57739,8787,164,2013-05-09,2013-05-16,2013-05-21,2443.0,1,2443.0
SO57739,8787,165,2013-05-09,2013-05-16,2013-05-21,2443.0,1,2443.0
SO57740,14081,352,2013-05-09,2013-05-16,2013-05-21,2384.0,1,2384.0
SO57741,12113,395,2013-05-09,2013-05-16,2013-05-21,540.0,1,540.0
SO57742,11131,373,2013-05-09,2013-05-16,2013-05-21,540.0,1,540.0
SO57743,9067,172,2013-05-09,2013-05-16,2013-05-21,1120.0,1,1120.0
SO57743,9067,173,2013-05-09,2013-05-16,2013-05-21,1120.0,1,1120.0
SO57744,1463,395,2013-05-09,2013-05-16,2013-05-21,540.0,1,540.0
SO57745,5588,365,2013-05-09,2013-05-16,2013-05-21,2384.0,1,2384.0
SO57746,2253,362,2013-05-09,2013-05-16,2013-05-21,2384.0,1,2384.0
SO57747,1620,145,2013-05-10,2013-05-17,2013-05-22,2320.0,1,2320.0
SO57747,1620,146,2013-05-10,2013-05-17,2013-05-22,2320.0,1,2320.0
SO57748,854,24,2013-05-10,2013-05-17,2013-05-22,50.0,1,50.0
SO57748,854,25,2013-05-10,2013-05-17,2013-05-22,50.0,1,50.0
SO57748,854,26,2013-05-10,2013-05-17,2013-05-22,50.0,1,50.0
SO57749,2671,324,2013-05-10,2013-05-17,2013-05-22,25.0,1,25.0
SO57750,10565,317,2013-05-10,2013-05-17,2013-05-22,5.0,1,5.0
SO57751,18316,267,2013-05-10,2013-05-17,2013-05-22,10.0,1,10.0
SO57752,5172,318,2013-05-10,2013-05-17,2013-05-22,4.0,1,4.0
SO57753,4129,24,2013-05-10,2013-05-17,2013-05-22,50.0,1,50.0
SO57753,4129,25,2013-05-10,2013-05-17,2013-05-22,50.0,1,50.0
SO57753,4129,26,2013-05-10,2013-05-17,2013-05-22,50.0,1,50.0
SO57754,1696,275,2013-05-10,2013-05-17,2013-05-22,159.0,1,159.0
SO57755,10106,371,2013-05-10,2013-05-17,2013-05-22,1701.0,1,1701.0
SO57756,278,328,2013-05-10,2013-05-17,2013-05-22,25.0,1,25.0
SO57757,17280,319,2013-05-10,2013-05-17,2013-05-22,5.0,1,5.0
SO57758,8648,319,2013-05-10,2013-05-17,2013-05-22,5.0,1,5.0
SO57759,1917,319,2013-05-10,2013-05-17,2013-05-22,5.0,1,5.0
SO57760,15509,324,2013-05-10,2013-05-17,2013-05-22,25.0,1,25.0
SO57761,10625,266,2013-05-10,2013-05-17,2013-05-22,5.0,1,5.0
SO57762,10242,12,2013-05-10,2013-05-17,2013-05-22,9.0,1,9.0
SO57762,10242,13,2013-05-10,2013-05-17,2013-05-22,9.0,1,9.0
SO57762,10242,14,2013-05-10,2013-05-17,2013-05-22,9.0,1,9.0
SO57763,7600,12,2013-05-10,2013-05-17,2013-05-22,9.0,1,9.0
SO57763,7600,13,2013-05-10,2013-05-17,2013-05-22,9.0,1,9.0
SO57763,7600,14,2013-05-10,2013-05-17,2013-05-22,9.0,1,9.0
SO57764,8108,265,2013-05-10,2013-05-17,2013-05-22,70.0,1,70.0
SO57765,3468,317,2013-05-10,2013-05-17,2013-05-22,5.0,1,5.0
SO57766,8016,274,2013-05-10,2013-05-17,2013-05-22,22.0,1,22.0
SO57767,9551,324,2013-05-10,2013-05-17,2013-05-22,25.0,1,25.0
SO57768,7181,317,2013-05-10,2013-05-17,2013-05-22,5.0,1,5.0
SO57769,6654,317,2013-05-10,2013-05-17,2013-05-22,5.0,1,5.0
SO57770,2468,274,2013-05-10,2013-05-17,2013-05-22,22.0,1,22.0
SO57771,10135,325,2013-05-10,2013-05-17,2013-05-22,30.0,1,30.0
SO57772,14142,266,2013-05-10,2013-05-17,2013-05-22,5.0,1,5.0
SO57773,14305,260,2013-05-10,2013-05-17,2013-05-22,64.0,1,64.0
SO57774,17915,318,2013-05-10,2013-05-17,2013-05-22,4.0,1,4.0
SO57775,18374,327,2013-05-10,2013-05-17,2013-05-22,21.0,1,21.0
SO57776,6205,319,2013-05-10,2013-05-17,2013-05-22,5.0,1,5.0
SO57777,3656,326,2013-05-10,2013-05-17,2013-05-22,35.0,1,35.0
SO57778,1158,326,2013-05-10,2013-05-17,2013-05-22,35.0,1,35.0
SO57779,3022,274,2013-05-10,2013-05-17,2013-05-22,22.0,1,22.0
SO57780,1377,18,2013-05-10,2013-05-17,2013-05-22,50.0,1,50.0
SO57780,1377,19,2013-05-10,2013-05-17,2013-05-22,50.0,1,50.0
SO57780,1377,20,2013-05-10,2013-05-17,2013-05-22,50.0,1,50.0
SO57781,8141,386,2013-05-10,2013-05-17,2013-05-22,540.0,1,540.0
SO57782,2394,151,2013-05-10,2013-05-17,2013-05-22,2295.0,1,2295.0
SO57782,2394,152,2013-05-10,2013-05-17,2013-05-22,2295.0,1,2295.0
SO57783,4,353,2013-05-10,2013-05-17,2013-05-22,2384.0,1,2384.0
SO57784,13433,350,2013-05-10,2013-05-17,2013-05-22,2384.0,1,2384.0
SO57785,14061,362,2013-05-10,2013-05-17,2013-05-22,2384.0,1,2384.0
SO57786,7843,170,2013-05-10,2013-05-17,2013-05-22,1120.0,1,1120.0
SO57786,7843,171,2013-05-10,2013-05-17,2013-05-22,1120.0,1,1120.0
SO57787,15989,174,2013-05-10,2013-05-17,2013-05-22,1120.0,1,1120.0
SO57787,15989,175,2013-05-10,2013-05-17,2013-05-22,1120.0,1,1120.0
SO57788,13914,178,2013-05-11,2013-05-18,2013-05-23,1120.0,1,1120.0
SO57788,13914,179,2013-05-11,2013-05-18,2013-05-23,1120.0,1,1120.0
SO57789,2577,149,2013-05-11,2013-05-18,2013-05-23,2295.0,1,2295.0
SO57789,2577,150,2013-05-11,2013-05-18,2013-05-23,2295.0,1,2295.0
SO57790,1284,147,2013-05-11,2013-05-18,2013-05-23,2295.0,1,2295.0
SO57790,1284,148,2013-05-11,2013-05-18,2013-05-23,2295.0,1,2295.0
SO57791,1138,24,2013-05-11,2013-05-18,2013-05-23,50.0,1,50.0
SO57791,1138,25,2013-05-11,2013-05-18,2013-05-23,50.0,1,50.0
SO57791,1138,26,2013-05-11,2013-05-18,2013-05-23,50.0,1,50.0
SO57792,331,273,2013-05-11,2013-05-18,2013-05-23,8.0,1,8.0
SO57793,3213,324,2013-05-11,2013-05-18,2013-05-23,25.0,1,25.0
SO57794,1994,324,2013-05-11,2013-05-18,2013-05-23,25.0,1,25.0
SO57795,7254,274,2013-05-11,2013-05-18,2013-05-23,22.0,1,22.0
SO57796,6323,274,2013-05-11,2013-05-18,2013-05-23,22.0,1,22.0
SO57797,11848,326,2013-05-11,2013-05-18,2013-05-23,35.0,1,35.0
SO57798,12308,319,2013-05-11,2013-05-18,2013-05-23,5.0,1,5.0
SO57799,16701,319,2013-05-11,2013-05-18,2013-05-23,5.0,1,5.0
SO57800,3678,24,2013-05-11,2013-05-18,2013-05-23,50.0,1,50.0
SO57800,3678,25,2013-05-11,2013-05-18,2013-05-23,50.0,1,50.0
SO57800,3678,26,2013-05-11,2013-05-18,2013-05-23,50.0,1,50.0
SO57801,8575,330,2013-05-11,2013-05-18,2013-05-23,29.0,1,29.0
SO57802,8511,168,2013-05-11,2013-05-18,2013-05-23,2443.0,1,2443.0
SO57802,8511,169,2013-05-11,2013-05-18,2013-05-23,2443.0,1,2443.0
SO57803,5410,164,2013-05-11,2013-05-18,2013-05-23,2443.0,1,2443.0
SO57803,5410,165,2013-05-11,2013-05-18,2013-05-23,2443.0,1,2443.0
SO57804,5471,377,2013-05-11,2013-05-18,2013-05-23,769.0,1,
SO57805,18272,318,2013-05-11,2013-05-18,2013-05-23,4.0,1,4.0
SO57806,18113,318,2013-05-11,2013-05-18,2013-05-23,4.0,1,4.0
SO57807,8649,319,2013-05-11,2013-05-18,2013-05-23,5.0,1,5.0
SO57808,15558,330,2013-05-11,2013-05-18,2013-05-23,29.0,1,29.0
SO57809,7660,265,2013-05-11,2013-05-18,2013-05-23,70.0,1,70.0
SO57810,11028,317,2013-05-11,2013-05-18,2013-05-23,5.0,1,5.0
SO57811,4561,317,2013-05-11,2013-05-18,2013-05-23,5.0,1,5.0
SO57812,6629,317,2013-05-11,2013-05-18,2013-05-23,5.0,1,5.0
SO57813,3545,317,2013-05-11,2013-05-18,2013-05-23,5.0,1,5.0
SO57814,4680,317,2013-05-11,2013-05-18,2013-05-23,5.0,1,5.0
SO57815,543,318,2013-05-11,2013-05-18,2013-05-23,4.0,1,4.0
SO57816,16941,318,2013-05-11,2013-05-18,2013-05-23,4.0,1,4.0
SO57817,1520,327,2013-05-11,2013-05-18,2013-05-23,21.0,1,21.0
SO57818,18439,330,2013-05-11,2013-05-18,2013-05-23,29.0,1,29.0
SO57819,3971,330,2013-05-11,2013-05-18,2013-05-23,29.0,1,29.0
SO57820,3154,319,2013-05-11,2013-05-18,2013-05-23,5.0,1,5.0
SO57821,741,326,2013-05-11,2013-05-18,2013-05-23,35.0,1,35.0
SO57822,207,317,2013-05-11,2013-05-18,2013-05-23,5.0,1,5.0
SO57823,784,317,2013-05-11,2013-05-18,2013-05-23,5.0,1,5.0
SO57824,731,317,2013-05-11,2013-05-18,2013-05-23,5.0,1,5.0
SO57825,1554,267,2013-05-11,2013-05-18,2013-05-23,10.0,1,10.0
SO57826,3271,376,2013-05-11,2013-05-18,2013-05-23,769.0,1,769.0
SO57827,2429,149,2013-05-11,2013-05-18,2013-05-23,2295.0,1,2295.0
SO57827,2429,150,2013-05-11,2013-05-18,2013-05-23,2295.0,1,2295.0
SO57828,2317,143,2013-05-11,2013-05-18,2013-05-23,2320.0,1,2320.0
SO57828,2317,144,2013-05-11,2013-05-18,2013-05-23,2320.0,1,2320.0
SO57829,7006,349,2013-05-11,2013-05-18,2013-05-23,1215.0,1,1215.0
SO57830,17370,358,2013-05-11,2013-05-18,2013-05-23,742.0,1,742.0
SO57831,6065,376,2013-05-11,2013-05-18,2013-05-23,769.0,1,769.0
SO57832,17315,393,2013-05-11,2013-05-18,2013-05-23,540.0,1,540.0
SO57833,1707,147,2013-05-11,2013-05-18,2013-05-23,2295.0,1,2295.0
SO57833,1707,148,2013-05-11,2013-05-18,2013-05-23,2295.0,1,2295.0
SO57834,1988,147,2013-05-11,2013-05-18,2013-05-23,2295.0,1,2295.0
SO57834,1988,148,2013-05-11,2013-05-18,2013-05-23,2295.0,1,2295.0
SO57835,12386,366,2013-05-11,2013-05-18,2013-05-23,1215.0,1,1215.0
SO57836,14185,350,2013-05-11,2013-05-18,2013-05-23,2384.0,1,2384.0
SO57837,10596,395,2013-05-11,2013-05-18,2013-05-23,540.0,1,540.0
SO57838,12128,373,2013-05-11,2013-05-18,2013-05-23,540.0,1,540.0
SO57839,11107,373,2013-05-11,2013-05-18,2013-05-23,540.0,1,540.0
SO57840,9032,176,2013-05-11,2013-05-18,2013-05-23,1120.0,1,1120.0
SO57840,9032,177,2013-05-11,2013-05-18,2013-05-23,1120.0,1,1120.0
SO57841,9041,170,2013-05-11,2013-05-18,2013-05-23,1120.0,1,1120.0
SO57841,9041,171,2013-05-11,2013-05-18,2013-05-23,1120.0,1,1120.0
SO57842,4698,350,2013-05-11,2013-05-18,2013-05-23,2384.0,1,2384.0
SO57843,13922,178,2013-05-12,2013-05-19,2013-05-24,1120.0,1,1120.0
SO57843,13922,179,2013-05-12,2013-05-19,2013-05-24,1120.0,1,1120.0
SO57844,2262,151,2013-05-12,2013-05-19,2013-05-24,2295.0,1,2295.0
SO57844,2262,152,2013-05-12,2013-05-19,2013-05-24,2295.0,1,2295.0
SO57845,593,149,2013-05-12,2013-05-19,2013-05-24,2295.0,1,2295.0
SO57845,593,150,2013-05-12,2013-05-19,2013-05-24,2295.0,1,2295.0
SO57846,1309,147,2013-05-12,2013-05-19,2013-05-24,2295.0,1,2295.0
SO57846,1309,148,2013-05-12,2013-05-19,2013-05-24,2295.0,1,2295.0
SO57847,589,141,2013-05-12,2013-05-19,2013-05-24,2320.0,1,2320.0
SO57847,589,142,2013-05-12,2013-05-19,2013-05-24,2320.0,1,2320.0
SO57848,1788,268,2013-05-12,2013-05-19,2013-05-24,9.0,1,9.0
SO57849,3075,328,2013-05-12,2013-05-19,2013-05-24,25.0,1,25.0
SO57850,3233,328,2013-05-12,2013-05-19,2013-05-24,25.0,1,25.0
SO57851,7295,274,2013-05-12,2013-05-19,2013-05-24,22.0,1,22.0
SO57852,8107,330,2013-05-12,2013-05-19,2013-05-24,29.0,1,29.0
SO57853,7296,269,2013-05-12,2013-05-19,2013-05-24,2.0,1,2.0
SO57854,1697,275,2013-05-12,2013-05-19,2013-05-24,159.0,1,159.0
SO57855,9913,376,2013-05-12,2013-05-19,2013-05-24,769.0,1,769.0
SO57856,17970,280,2013-05-12,2013-05-19,2013-05-24,54.0,1,54.0
SO57857,506,328,2013-05-12,2013-05-19,2013-05-24,25.0,1,25.0
SO57858,3092,328,2013-05-12,2013-05-19,2013-05-24,25.0,1,25.0
SO57859,17348,319,2013-05-12,2013-05-19,2013-05-24,5.0,1,5.0
SO57860,15629,319,2013-05-12,2013-05-19,2013-05-24,5.0,1,5.0
SO57861,177,330,2013-05-12,2013-05-19,2013-05-24,29.0,1,29.0
SO57862,14198,329,2013-05-12,2013-05-19,2013-05-24,33.0,1,33.0
SO57863,511,324,2013-05-12,2013-05-19,2013-05-24,25.0,1,25.0
SO57864,13946,329,2013-05-12,2013-05-19,2013-05-24,33.0,1,33.0
SO57865,224,12,2013-05-12,2013-05-19,2013-05-24,9.0,1,9.0
SO57865,224,13,2013-05-12,2013-05-19,2013-05-24,9.0,1,9.0
SO57865,224,14,2013-05-12,2013-05-19,2013-05-24,9.0,1,9.0
SO57866,11892,325,2013-05-12,2013-05-19,2013-05-24,30.0,1,30.0
SO57867,11287,325,2013-05-12,2013-05-19,2013-05-24,30.0,1,30.0
SO57868,9638,267,2013-05-12,2013-05-19,2013-05-24,10.0,1,10.0
SO57869,10456,266,2013-05-12,2013-05-19,2013-05-24,5.0,1,5.0
SO57870,7573,12,2013-05-12,2013-05-19,2013-05-24,9.0,1,9.0
SO57870,7573,13,2013-05-12,2013-05-19,2013-05-24,9.0,1,9.0
SO57870,7573,14,2013-05-12,2013-05-19,2013-05-24,9.0,1,9.0
SO57871,17291,317,2013-05-12,2013-05-19,2013-05-24,5.0,1,5.0
SO57872,3877,317,2013-05-12,2013-05-19,2013-05-24,5.0,1,5.0
SO57873,9479,274,2013-05-12,2013-05-19,2013-05-24,22.0,1,22.0
SO57874,3800,263,2013-05-12,2013-05-19,2013-05-24,70.0,1,70.0
SO57875,5602,265,2013-05-12,2013-05-19,2013-05-24,70.0,1,70.0
SO57876,6845,317,2013-05-12,2013-05-19,2013-05-24,5.0,1,5.0
SO57877,17469,327,2013-05-12,2013-05-19,2013-05-24,21.0,1,21.0
SO57878,1665,330,2013-05-12,2013-05-19,2013-05-24,29.0,1,29.0
SO57879,13134,319,2013-05-12,2013-05-19,2013-05-24,5.0,1,5.0
SO57880,16165,318,2013-05-12,2013-05-19,2013-05-24,4.0,1,4.0
SO57881,15974,318,2013-05-12,2013-05-19,2013-05-24,4.0,1,4.0
SO57882,17456,330,2013-05-12,2013-05-19,2013-05-24,29.0,1,29.0
SO57883,17883,319,2013-05-12,2013-05-19,2013-05-24,5.0,1,5.0
SO57884,201,326,2013-05-12,2013-05-19,2013-05-24,35.0,1,35.0
SO57885,843,326,2013-05-12,2013-05-19,2013-05-24,35.0,1,35.0
SO57886,1606,267,2013-05-12,2013-05-19,2013-05-24,10.0,1,10.0
SO57887,6000,369,2013-05-12,2013-05-19,2013-05-24,1701.0,1,1701.0
SO57888,3335,376,2013-05-12,2013-05-19,2013-05-24,769.0,1,769.0
SO57889,2441,147,2013-05-12,2013-05-19,2013-05-24,2295.0,1,2295.0
SO57889,2441,148,2013-05-12,2013-05-19,2013-05-24,2295.0,1,2295.0
SO57890,2395,151,2013-05-12,2013-05-19,2013-05-24,2295.0,1,2295.0
SO57890,2395,152,2013-05-12,2013-05-19,2013-05-24,2295.0,1,2295.0
SO57891,242,357,2013-05-12,2013-05-19,2013-05-24,742.0,1,742.0
SO57892,8948,164,2013-05-12,2013-05-19,2013-05-24,2443.0,1,2443.0
SO57892,8948,165,2013-05-12,2013-05-19,2013-05-24,2443.0,1,2443.0
SO57893,1996,151,2013-05-12,2013-05-19,2013-05-24,2295.0,1,2295.0
SO57893,1996,152,2013-05-12,2013-05-19,2013-05-24,2295.0,1,2295.0
SO57894,8789,164,2013-05-12,2013-05-19,2013-05-24,2443.0,1,2443.0
SO57894,8789,165,2013-05-12,2013-05-19,2013-05-24,2443.0,1,2443.0
SO57895,13432,355,2013-05-12,2013-05-19,2013-05-24,742.0,1,742.0
SO57896,14193,351,2013-05-12,2013-05-19,2013-05-24,2384.0,1,2384.0
SO57897,11140,12,2013-05-12,2013-05-19,2013-05-24,9.0,1,9.0
SO57897,11140,13,2013-05-12,2013-05-19,2013-05-24,9.0,1,9.0
SO57897,11140,14,2013-05-12,2013-05-19,2013-05-24,9.0,1,9.0
SO57898,10913,394,2013-05-12,2013-05-19,2013-05-24,540.0,1,540.0
SO57899,3932,363,2013-05-12,2013-05-19,2013-05-24,2384.0,1,2384.0
SO57900,17483,354,2013-05-12,2013-05-19,2013-05-24,742.0,1,742.0
SO57901,13282,178,2013-05-13,2013-05-20,2013-05-25,1120.0,1,1120.0
SO57901,13282,179,2013-05-13,2013-05-20,2013-05-25,1120.0,1,1120.0
SO57902,13918,172,2013-05-13,2013-05-20,2013-05-25,1120.0,1,1120.0
SO57902,13918,173,2013-05-13,2013-05-20,2013-05-25,1120.0,1,1120.0
SO57903,1240,147,2013-05-13,2013-05-20,2013-05-25,2295.0,1,2295.0
SO57903,1240,148,2013-05-13,2013-05-20,2013-05-25,2295.0,1,2295.0
SO57904,5184,328,2013-05-13,2013-05-20,2013-05-25,25.0,1,25.0
SO57905,4640,325,2013-05-13,2013-05-20,2013-05-25,30.0,1,30.0
SO57906,14231,317,2013-05-13,2013-05-20,2013-05-25,5.0,1,5.0
SO57907,5927,268,2013-05-13,2013-05-20,2013-05-25,9.0,1,9.0
SO57908,6769,251,2013-05-13,2013-05-20,2013-05-25,24.0,1,24.0
SO57908,6769,252,2013-05-13,2013-05-20,2013-05-25,24.0,1,24.0
SO57909,6756,384,2013-05-13,2013-05-20,2013-05-25,565.0,1,565.0
SO57910,6773,387,2013-05-13,2013-05-20,2013-05-25,540.0,1,540.0
SO57911,507,277,2013-05-13,2013-05-20,2013-05-25,54.0,1,54.0
SO57912,3085,324,2013-05-13,2013-05-20,2013-05-25,25.0,1,25.0
SO57913,9746,324,2013-05-13,2013-05-20,2013-05-25,25.0,1,25.0
SO57914,1881,325,2013-05-13,2013-05-20,2013-05-25,30.0,1,30.0
SO57915,12491,317,2013-05-13,2013-05-20,2013-05-25,5.0,1,5.0
SO57916,12025,317,2013-05-13,2013-05-20,2013-05-25,5.0,1,5.0
SO57917,9770,267,2013-05-13,2013-05-20,2013-05-25,10.0,1,10.0
SO57918,8239,265,2013-05-13,2013-05-20,2013-05-25,70.0,1,70.0
SO57919,5644,264,2013-05-13,2013-05-20,2013-05-25,70.0,1,70.0
SO57920,12245,317,2013-05-13,2013-05-20,2013-05-25,5.0,1,5.0
SO57921,4818,317,2013-05-13,2013-05-20,2013-05-25,5.0,1,5.0
SO57922,3623,317,2013-05-13,2013-05-20,2013-05-25,5.0,1,5.0
SO57923,5044,274,2013-05-13,2013-05-20,2013-05-25,22.0,1,22.0
SO57924,8920,317,2013-05-13,2013-05-20,2013-05-25,5.0,1,5.0
SO57925,2574,263,2013-05-13,2013-05-20,2013-05-25,70.0,1,70.0
SO57926,14677,318,2013-05-13,2013-05-20,2013-05-25,4.0,1,4.0
SO57927,14801,266,2013-05-13,2013-05-20,2013-05-25,5.0,1,5.0
SO57928,10100,327,2013-05-13,2013-05-20,2013-05-25,21.0,1,21.0
SO57929,13014,330,2013-05-13,2013-05-20,2013-05-25,29.0,1,29.0
SO57930,12772,319,2013-05-13,2013-05-20,2013-05-25,5.0,1,5.0
SO57931,5283,319,2013-05-13,2013-05-20,2013-05-25,5.0,1,5.0
SO57932,4636,319,2013-05-13,2013-05-20,2013-05-25,5.0,1,5.0
SO57933,16804,319,2013-05-13,2013-05-20,2013-05-25,5.0,1,5.0
SO57934,770,326,2013-05-13,2013-05-20,2013-05-25,35.0,1,35.0
SO57935,4010,274,2013-05-13,2013-05-20,2013-05-25,22.0,1,22.0
SO57936,5922,372,2013-05-13,2013-05-20,2013-05-25,1701.0,1,1701.0
SO57937,3363,378,2013-05-13,2013-05-20,2013-05-25,769.0,1,769.0
SO57938,3338,377,2013-05-13,2013-05-20,2013-05-25,769.0,1,769.0
SO57939,14540,349,2013-05-13,2013-05-20,2013-05-25,1215.0,1,1215.0
SO57940,8593,371,2013-05-13,2013-05-20,2013-05-25,1701.0,1,1701.0
SO57941,17313,394,2013-05-13,2013-05-20,2013-05-25,540.0,1,540.0
SO57942,18317,365,2013-05-13,2013-05-20,2013-05-25,2384.0,1,2384.0
SO57943,29,141,2013-05-13,2013-05-20,2013-05-25,2320.0,1,2320.0
SO57943,29,142,2013-05-13,2013-05-20,2013-05-25,2320.0,1,2320.0
SO57944,8785,168,2013-05-13,2013-05-20,2013-05-25,2443.0,1,2443.0
SO57944,8785,169,2013-05-13,2013-05-20,2013-05-25,2443.0,1,2443.0
SO57945,1022,381,2013-05-13,2013-05-20,2013-05-25,565.0,1,565.0
SO57946,13358,350,2013-05-13,2013-05-20,2013-05-25,2384.0,1,2384.0
SO57947,12039,394,2013-05-13,2013-05-20,2013-05-25,540.0,1,540.0
SO57948,11130,394,2013-05-13,2013-05-20,2013-05-25,540.0,1,540.0
SO57949,11100,393,2013-05-13,2013-05-20,2013-05-25,540.0,1,540.0
SO57950,9073,174,2013-05-13,2013-05-20,2013-05-25,1120.0,1,1120.0
SO57950,9073,175,2013-05-13,2013-05-20,2013-05-25,1120.0,1,1120.0
SO57951,16168,176,2013-05-13,2013-05-20,2013-05-25,1120.0,1,1120.0
SO57951,16168,177,2013-05-13,2013-05-20,2013-05-25,1120.0,1,1120.0
SO57952,15838,395,2013-05-13,2013-05-20,2013-05-25,540.0,1,540.0
SO57953,241,395,2013-05-13,2013-05-20,2013-05-25,540.0,1,540.0
SO57954,11591,393,2013-05-13,2013-05-20,2013-05-25,540.0,1,540.0
SO57955,15373,395,2013-05-13,2013-05-20,2013-05-25,540.0,1,540.0
SO57956,1659,362,2013-05-13,2013-05-20,2013-05-25,2384.0,1,2384.0
SO57957,17481,354,2013-05-13,2013-05-20,2013-05-25,742.0,1,742.0
SO57958,278,9,2013-05-14,2013-05-21,2013-05-26,35.0,1,35.0
SO57958,278,10,2013-05-14,2013-05-21,2013-05-26,35.0,1,35.0
SO57958,278,11,2013-05-14,2013-05-21,2013-05-26,35.0,1,35.0
SO57959,3523,328,2013-05-14,2013-05-21,2013-05-26,25.0,1,25.0
SO57960,16151,317,2013-05-14,2013-05-21,2013-05-26,5.0,1,5.0
SO57961,8954,327,2013-05-14,2013-05-21,2013-05-26,21.0,1,21.0
SO57962,1036,269,2013-05-14,2013-05-21,2013-05-26,2.0,1,2.0
SO57963,6765,370,2013-05-14,2013-05-21,2013-05-26,1701.0,1,1701.0
SO57964,8512,162,2013-05-14,2013-05-21,2013-05-26,2443.0,1,2443.0
SO57964,8512,163,2013-05-14,2013-05-21,2013-05-26,2443.0,1,2443.0
SO57965,5513,379,2013-05-14,2013-05-21,2013-05-26,769.0,1,769.0
SO57966,534,269,2013-05-14,2013-05-21,2013-05-26,2.0,1,2.0
SO57967,509,269,2013-05-14,2013-05-21,2013-05-26,2.0,1,2.0
SO57968,18154,318,2013-05-14,2013-05-21,2013-05-26,4.0,1,4.0
SO57969,79,18,2013-05-14,2013-05-21,2013-05-26,50.0,1,50.0
SO57969,79,19,2013-05-14,2013-05-21,2013-05-26,50.0,1,50.0
SO57969,79,20,2013-05-14,2013-05-21,2013-05-26,50.0,1,50.0
SO57970,661,327,2013-05-14,2013-05-21,2013-05-26,21.0,1,21.0
SO57971,6349,327,2013-05-14,2013-05-21,2013-05-26,21.0,1,21.0
SO57972,16247,330,2013-05-14,2013-05-21,2013-05-26,29.0,1,29.0
SO57973,15060,317,2013-05-14,2013-05-21,2013-05-26,5.0,1,5.0
SO57974,14625,318,2013-05-14,2013-05-21,2013-05-26,4.0,1,4.0
SO57975,14293,329,2013-05-14,2013-05-21,2013-05-26,33.0,1,33.0
SO57976,13450,318,2013-05-14,2013-05-21,2013-05-26,4.0,1,4.0
SO57977,14966,324,2013-05-14,2013-05-21,2013-05-26,25.0,1,25.0
SO57978,13678,329,2013-05-14,2013-05-21,2013-05-26,33.0,1,33.0
SO57979,10785,267,2013-05-14,2013-05-21,2013-05-26,10.0,1,10.0
SO57980,4848,264,2013-05-14,2013-05-21,2013-05-26,70.0,1,70.0
SO57981,9412,267,2013-05-14,2013-05-21,2013-05-26,10.0,1,10.0
SO57982,18125,264,2013-05-14,2013-05-21,2013-05-26,70.0,1,70.0
SO57983,17977,265,2013-05-14,2013-05-21,2013-05-26,70.0,1,70.0
SO57984,12558,317,2013-05-14,2013-05-21,2013-05-26,5.0,1,5.0
SO57985,5108,317,2013-05-14,2013-05-21,2013-05-26,5.0,1,5.0
SO57986,6787,324,2013-05-14,2013-05-21,2013-05-26,25.0,1,25.0
SO57987,8935,318,2013-05-14,2013-05-21,2013-05-26,4.0,1,4.0
SO57988,13089,318,2013-05-14,2013-05-21,2013-05-26,4.0,1,4.0
SO57989,14654,327,2013-05-14,2013-05-21,2013-05-26,21.0,1,21.0
SO57990,9970,318,2013-05-14,2013-05-21,2013-05-26,4.0,1,4.0
SO57991,13196,319,2013-05-14,2013-05-21,2013-05-26,5.0,1,5.0
SO57992,274,317,2013-05-14,2013-05-21,2013-05-26,5.0,1,5.0
SO57993,862,326,2013-05-14,2013-05-21,2013-05-26,35.0,1,35.0
SO57994,2181,274,2013-05-14,2013-05-21,2013-05-26,22.0,1,22.0
SO57995,715,317,2013-05-14,2013-05-21,2013-05-26,5.0,1,5.0
SO57996,1310,280,2013-05-14,2013-05-21,2013-05-26,54.0,1,54.0
SO57997,3356,379,2013-05-14,2013-05-21,2013-05-26,769.0,1,769.0
SO57998,3331,377,2013-05-14,2013-05-21,2013-05-26,769.0,1,769.0
SO57999,3337,378,2013-05-14,2013-05-21,2013-05-26,769.0,1,769.0
SO58000,2274,147,2013-05-14,2013-05-21,2013-05-26,2295.0,1,2295.0
SO58000,2274,148,2013-05-14,2013-05-21,2013-05-26,2295.0,1,2295.0
SO58001,2404,145,2013-05-14,2013-05-21,2013-05-26,2320.0,1,2320.0
SO58001,2404,146,2013-05-14,2013-05-21,2013-05-26,2320.0,1,2320.0
SO58002,1087,151,2013-05-14,2013-05-21,2013-05-26,2295.0,1,2295.0
SO58002,1087,152,2013-05-14,2013-05-21,2013-05-26,2295.0,1,2295.0
SO58003,3848,359,2013-05-14,2013-05-21,2013-05-26,742.0,1,742.0
SO58004,15857,355,2013-05-14,2013-05-21,2013-05-26,742.0,1,742.0
SO58005,6051,379,2013-05-14,2013-05-21,2013-05-26,769.0,1,769.0
SO58006,11402,395,2013-05-14,2013-05-21,2013-05-26,540.0,1,540.0
SO58007,7,351,2013-05-14,2013-05-21,2013-05-26,2384.0,1,2384.0
SO58008,8614,168,2013-05-14,2013-05-21,2013-05-26,2443.0,1,2443.0
SO58008,8614,169,2013-05-14,2013-05-21,2013-05-26,2443.0,1,2443.0
SO58009,8784,168,2013-05-14,2013-05-21,2013-05-26,2443.0,1,2443.0
SO58009,8784,169,2013-05-14,2013-05-21,2013-05-26,2443.0,1,2443.0
SO58010,14387,349,2013-05-14,2013-05-21,2013-05-26,1215.0,1,1215.0
SO58011,14163,353,2013-05-14,2013-05-21,2013-05-26,2384.0,1,2384.0
SO58012,14176,365,2013-05-14,2013-05-21,2013-05-26,2384.0,1,2384.0
SO58013,14186,352,2013-05-14,2013-05-21,2013-05-26,2384.0,1,2384.0
SO58014,11993,395,2013-05-14,2013-05-21,2013-05-26,540.0,1,540.0
SO58015,3738,178,2013-05-14,2013-05-21,2013-05-26,1120.0,1,1120.0
SO58015,3738,179,2013-05-14,2013-05-21,2013-05-26,1120.0,1,1120.0
SO58016,9031,178,2013-05-14,2013-05-21,2013-05-26,1120.0,1,1120.0
SO58016,9031,179,2013-05-14,2013-05-21,2013-05-26,1120.0,1,1120.0
SO58017,1324,350,2013-05-14,2013-05-21,2013-05-26,2384.0,1,2384.0
SO58018,17486,359,2013-05-14,2013-05-21,2013-05-26,742.0,1,742.0
SO58019,1226,151,2013-05-15,2013-05-22,2013-05-27,2295.0,1,2295.0
SO58019,1226,152,2013-05-15,2013-05-22,2013-05-27,2295.0,1,2295.0
SO58020,1324,141,2013-05-15,2013-05-22,2013-05-27,2320.0,1,2320.0
SO58020,1324,142,2013-05-15,2013-05-22,2013-05-27,2320.0,1,2320.0
SO58021,4824,328,2013-05-15,2013-05-22,2013-05-27,25.0,1,25.0
SO58022,2997,328,2013-05-15,2013-05-22,2013-05-27,25.0,1,25.0
SO58023,7764,317,2013-05-15,2013-05-22,2013-05-27,5.0,1,5.0
SO58024,7933,274,2013-05-15,2013-05-22,2013-05-27,22.0,1,22.0
SO58025,15670,264,2013-05-15,2013-05-22,2013-05-27,70.0,1,70.0
SO58026,2643,15,2013-05-15,2013-05-22,2013-05-27,50.0,1,50.0
SO58026,2643,16,2013-05-15,2013-05-22,2013-05-27,50.0,1,50.0
SO58026,2643,17,2013-05-15,2013-05-22,2013-05-27,50.0,1,50.0
SO58027,18313,267,2013-05-15,2013-05-22,2013-05-27,10.0,1,10.0
SO58028,2996,1,2013-05-15,2013-05-22,2013-05-27,35.0,1,35.0
SO58028,2996,2,2013-05-15,2013-05-22,2013-05-27,35.0,1,35.0
SO58028,2996,3,2013-05-15,2013-05-22,2013-05-27,35.0,1,35.0
SO58029,6356,253,2013-05-15,2013-05-22,2013-05-27,24.0,1,24.0
SO58029,6356,254,2013-05-15,2013-05-22,2013-05-27,24.0,1,24.0
SO58030,18338,24,2013-05-15,2013-05-22,2013-05-27,50.0,1,50.0
SO58030,18338,25,2013-05-15,2013-05-22,2013-05-27,50.0,1,50.0
SO58030,18338,26,2013-05-15,2013-05-22,2013-05-27,50.0,1,50.0
SO58031,15560,318,2013-05-15,2013-05-22,2013-05-27,4.0,1,4.0
SO58032,18054,318,2013-05-15,2013-05-22,2013-05-27,4.0,1,4.0
SO58033,9881,372,2013-05-15,2013-05-22,2013-05-27,1701.0,1,1701.0
SO58034,11501,166,2013-05-15,2013-05-22,2013-05-27,2443.0,1,2443.0
SO58034,11501,167,2013-05-15,2013-05-22,2013-05-27,2443.0,1,2443.0
SO58035,2801,376,2013-05-15,2013-05-22,2013-05-27,769.0,1,769.0
SO58036,17615,12,2013-05-15,2013-05-22,2013-05-27,9.0,1,9.0
SO58036,17615,13,2013-05-15,2013-05-22,2013-05-27,9.0,1,9.0
SO58036,17615,14,2013-05-15,2013-05-22,2013-05-27,9.0,1,9.0
SO58037,17861,328,2013-05-15,2013-05-22,2013-05-27,25.0,1,25.0
SO58038,1970,330,2013-05-15,2013-05-22,2013-05-27,29.0,1,29.0
SO58039,499,328,2013-05-15,2013-05-22,2013-05-27,25.0,1,25.0
SO58040,15315,318,2013-05-15,2013-05-22,2013-05-27,4.0,1,4.0
SO58041,13356,329,2013-05-15,2013-05-22,2013-05-27,33.0,1,33.0
SO58042,2757,318,2013-05-15,2013-05-22,2013-05-27,4.0,1,4.0
SO58043,11212,317,2013-05-15,2013-05-22,2013-05-27,5.0,1,5.0
SO58044,16740,265,2013-05-15,2013-05-22,2013-05-27,70.0,1,70.0
SO58045,4968,317,2013-05-15,2013-05-22,2013-05-27,5.0,1,5.0
SO58046,6877,328,2013-05-15,2013-05-22,2013-05-27,25.0,1,25.0
SO58047,1494,326,2013-05-15,2013-05-22,2013-05-27,35.0,1,35.0
SO58048,4447,317,2013-05-15,2013-05-22,2013-05-27,5.0,1,5.0
SO58049,3424,267,2013-05-15,2013-05-22,2013-05-27,10.0,1,10.0
SO58050,6839,324,2013-05-15,2013-05-22,2013-05-27,25.0,1,25.0
SO58051,15359,327,2013-05-15,2013-05-22,2013-05-27,21.0,1,21.0
SO58052,6764,319,2013-05-15,2013-05-22,2013-05-27,5.0,1,5.0
SO58053,1958,326,2013-05-15,2013-05-22,2013-05-27,35.0,1,35.0
SO58054,1643,12,2013-05-15,2013-05-22,2013-05-27,9.0,1,9.0
SO58054,1643,13,2013-05-15,2013-05-22,2013-05-27,9.0,1,9.0
SO58054,1643,14,2013-05-15,2013-05-22,2013-05-27,9.0,1,9.0
SO58055,2365,274,2013-05-15,2013-05-22,2013-05-27,22.0,1,22.0
SO58056,9443,168,2013-05-15,2013-05-22,2013-05-27,2443.0,1,2443.0
SO58056,9443,169,2013-05-15,2013-05-22,2013-05-27,2443.0,1,2443.0
SO58057,5376,168,2013-05-15,2013-05-22,2013-05-27,2443.0,1,2443.0
SO58057,5376,169,2013-05-15,2013-05-22,2013-05-27,2443.0,1,2443.0
SO58058,9386,162,2013-05-15,2013-05-22,2013-05-27,2443.0,1,2443.0
SO58058,9386,163,2013-05-15,2013-05-22,2013-05-27,2443.0,1,2443.0
SO58059,5985,370,2013-05-15,2013-05-22,2013-05-27,1701.0,1,1701.0
SO58060,4997,380,2013-05-15,2013-05-22,2013-05-27,565.0,1,565.0
SO58061,773,145,2013-05-15,2013-05-22,2013-05-27,2320.0,1,2320.0
SO58061,773,146,2013-05-15,2013-05-22,2013-05-27,2320.0,1,2320.0
SO58062,16342,393,2013-05-15,2013-05-22,2013-05-27,540.0,1,540.0
SO58063,11172,394,2013-05-15,2013-05-22,2013-05-27,540.0,1,540.0
SO58064,1704,141,2013-05-15,2013-05-22,2013-05-27,2320.0,1,2320.0
SO58064,1704,142,2013-05-15,2013-05-22,2013-05-27,2320.0,1,2320.0
SO58065,1706,141,2013-05-15,2013-05-22,2013-05-27,2320.0,1,2320.0
SO58065,1706,142,2013-05-15,2013-05-22,2013-05-27,2320.0,1,2320.0
SO58066,1695,149,2013-05-15,2013-05-22,2013-05-27,2295.0,1,2295.0
SO58066,1695,150,2013-05-15,2013-05-22,2013-05-27,2295.0,1,2295.0
SO58067,14388,349,2013-05-15,2013-05-22,2013-05-27,1215.0,1,1215.0
SO58068,14187,363,2013-05-15,2013-05-22,2013-05-27,2384.0,1,2384.0
SO58069,12020,395,2013-05-15,2013-05-22,2013-05-27,540.0,1,540.0
SO58070,1632,362,2013-05-15,2013-05-22,2013-05-27,2384.0,1,2384.0
SO58071,1264,149,2013-05-16,2013-05-23,2013-05-28,2295.0,1,2295.0
SO58071,1264,150,2013-05-16,2013-05-23,2013-05-28,2295.0,1,2295.0
SO58072,2255,149,2013-05-16,2013-05-23,2013-05-28,2295.0,1,2295.0
SO58072,2255,150,2013-05-16,2013-05-23,2013-05-28,2295.0,1,2295.0
SO58073,507,268,2013-05-16,2013-05-23,2013-05-28,9.0,1,9.0
SO58074,863,273,2013-05-16,2013-05-23,2013-05-28,8.0,1,8.0
SO58075,16981,319,2013-05-16,2013-05-23,2013-05-28,5.0,1,5.0
SO58076,12009,319,2013-05-16,2013-05-23,2013-05-28,5.0,1,5.0
SO58077,6717,371,2013-05-16,2013-05-23,2013-05-28,1701.0,1,1701.0
SO58078,6642,371,2013-05-16,2013-05-23,2013-05-28,1701.0,1,1701.0
SO58079,14307,370,2013-05-16,2013-05-23,2013-05-28,1701.0,1,1701.0
SO58080,11666,381,2013-05-16,2013-05-23,2013-05-28,565.0,1,565.0
SO58081,278,277,2013-05-16,2013-05-23,2013-05-28,54.0,1,54.0
SO58082,142,318,2013-05-16,2013-05-23,2013-05-28,4.0,1,4.0
SO58083,332,272,2013-05-16,2013-05-23,2013-05-28,120.0,1,120.0
SO58084,331,319,2013-05-16,2013-05-23,2013-05-28,5.0,1,5.0
SO58085,17234,327,2013-05-16,2013-05-23,2013-05-28,21.0,1,21.0
SO58086,5951,329,2013-05-16,2013-05-23,2013-05-28,33.0,1,33.0
SO58087,13316,329,2013-05-16,2013-05-23,2013-05-28,33.0,1,33.0
SO58088,15288,324,2013-05-16,2013-05-23,2013-05-28,25.0,1,25.0
SO58089,11041,325,2013-05-16,2013-05-23,2013-05-28,30.0,1,30.0
SO58090,11990,317,2013-05-16,2013-05-23,2013-05-28,5.0,1,5.0
SO58091,10286,267,2013-05-16,2013-05-23,2013-05-28,10.0,1,10.0
SO58092,18072,264,2013-05-16,2013-05-23,2013-05-28,70.0,1,70.0
SO58093,15100,266,2013-05-16,2013-05-23,2013-05-28,5.0,1,5.0
SO58094,1945,266,2013-05-16,2013-05-23,2013-05-28,5.0,1,5.0
SO58095,5875,266,2013-05-16,2013-05-23,2013-05-28,5.0,1,5.0
SO58096,5075,317,2013-05-16,2013-05-23,2013-05-28,5.0,1,5.0
SO58097,3484,317,2013-05-16,2013-05-23,2013-05-28,5.0,1,5.0
SO58098,11716,261,2013-05-16,2013-05-23,2013-05-28,64.0,1,64.0
SO58099,5601,317,2013-05-16,2013-05-23,2013-05-28,5.0,1,5.0
SO58100,8364,266,2013-05-16,2013-05-23,2013-05-28,5.0,1,5.0
SO58101,8523,328,2013-05-16,2013-05-23,2013-05-28,25.0,1,25.0
SO58102,1813,266,2013-05-16,2013-05-23,2013-05-28,5.0,1,5.0
SO58103,10024,317,2013-05-16,2013-05-23,2013-05-28,5.0,1,5.0
SO58104,11797,266,2013-05-16,2013-05-23,2013-05-28,5.0,1,5.0
SO58105,7032,328,2013-05-16,2013-05-23,2013-05-28,25.0,1,25.0
SO58106,12610,318,2013-05-16,2013-05-23,2013-05-28,4.0,1,4.0
SO58107,2788,319,2013-05-16,2013-05-23,2013-05-28,5.0,1,5.0
SO58108,2423,274,2013-05-16,2013-05-23,2013-05-28,22.0,1,22.0
SO58109,12379,370,2013-05-16,2013-05-23,2013-05-28,1701.0,1,1701.0
SO58110,2284,147,2013-05-16,2013-05-23,2013-05-28,2295.0,1,2295.0
SO58110,2284,148,2013-05-16,2013-05-23,2013-05-28,2295.0,1,2295.0
SO58111,744,141,2013-05-16,2013-05-23,2013-05-28,2320.0,1,2320.0
SO58111,744,142,2013-05-16,2013-05-23,2013-05-28,2320.0,1,2320.0
SO58112,6987,367,2013-05-16,2013-05-23,2013-05-28,1215.0,1,1215.0
SO58113,8793,166,2013-05-16,2013-05-23,2013-05-28,2443.0,1,2443.0
SO58113,8793,167,2013-05-16,2013-05-23,2013-05-28,2443.0,1,2443.0
SO58114,16343,393,2013-05-16,2013-05-23,2013-05-28,540.0,1,540.0
SO58115,18307,353,2013-05-16,2013-05-23,2013-05-28,2384.0,1,2384.0
SO58116,1701,141,2013-05-16,2013-05-23,2013-05-28,2320.0,1,2320.0
SO58116,1701,142,2013-05-16,2013-05-23,2013-05-28,2320.0,1,2320.0
SO58117,1997,141,2013-05-16,2013-05-23,2013-05-28,2320.0,1,2320.0
SO58117,1997,142,2013-05-16,2013-05-23,2013-05-28,2320.0,1,2320.0
SO58118,13649,354,2013-05-16,2013-05-23,2013-05-28,742.0,1,742.0
SO58119,12352,368,2013-05-16,2013-05-23,2013-05-28,1215.0,1,1215.0
SO58120,14390,349,2013-05-16,2013-05-23,2013-05-28,1215.0,1,1215.0
SO58121,12040,394,2013-05-16,2013-05-23,2013-05-28,540.0,1,540.0
SO58122,11094,395,2013-05-16,2013-05-23,2013-05-28,540.0,1,540.0
SO58123,11901,395,2013-05-16,2013-05-23,2013-05-28,540.0,1,540.0
SO58124,14972,394,2013-05-16,2013-05-23,2013-05-28,540.0,1,540.0
SO58125,12081,12,2013-05-16,2013-05-23,2013-05-28,9.0,1,9.0
SO58125,12081,13,2013-05-16,2013-05-23,2013-05-28,9.0,1,9.0
SO58125,12081,14,2013-05-16,2013-05-23,2013-05-28,9.0,1,9.0
SO58126,9006,178,2013-05-16,2013-05-23,2013-05-28,1120.0,1,1120.0
SO58126,9006,179,2013-05-16,2013-05-23,2013-05-28,1120.0,1,1120.0
SO58127,12987,174,2013-05-16,2013-05-23,2013-05-28,1120.0,1,1120.0
SO58127,12987,175,2013-05-16,2013-05-23,2013-05-28,1120.0,1,1120.0
SO58128,11598,373,2013-05-16,2013-05-23,2013-05-28,540.0,1,540.0
SO58129,13159,363,2013-05-16,2013-05-23,2013-05-28,2384.0,1,2384.0
SO58130,3715,149,2013-05-17,2013-05-24,2013-05-29,2295.0,1,2295.0
SO58130,3715,150,2013-05-17,2013-05-24,2013-05-29,2295.0,1,2295.0
SO58131,2824,143,2013-05-17,2013-05-24,2013-05-29,2320.0,1,2320.0
SO58131,2824,144,2013-05-17,2013-05-24,2013-05-29,2320.0,1,2320.0
SO58132,1245,324,2013-05-17,2013-05-24,2013-05-29,25.0,1,25.0
SO58133,3683,318,2013-05-17,2013-05-24,2013-05-29,4.0,1,4.0
SO58134,12104,274,2013-05-17,2013-05-24,2013-05-29,22.0,1,22.0
SO58135,15786,326,2013-05-17,2013-05-24,2013-05-29,35.0,1,35.0
SO58136,7448,327,2013-05-17,2013-05-24,2013-05-29,21.0,1,21.0
SO58137,3230,15,2013-05-17,2013-05-24,2013-05-29,50.0,1,50.0
SO58137,3230,16,2013-05-17,2013-05-24,2013-05-29,50.0,1,50.0
SO58137,3230,17,2013-05-17,2013-05-24,2013-05-29,50.0,1,50.0
SO58138,5699,318,2013-05-17,2013-05-24,2013-05-29,4.0,1,4.0
SO58139,9860,372,2013-05-17,2013-05-24,2013-05-29,1701.0,1,1701.0
SO58140,10105,371,2013-05-17,2013-05-24,2013-05-29,1701.0,1,1701.0
SO58141,2258,143,2013-05-17,2013-05-24,2013-05-29,2320.0,1,2320.0
SO58141,2258,144,2013-05-17,2013-05-24,2013-05-29,2320.0,1,2320.0
SO58142,703,277,2013-05-17,2013-05-24,2013-05-29,54.0,1,54.0
SO58143,313,269,2013-05-17,2013-05-24,2013-05-29,2.0,1,2.0
SO58144,508,318,2013-05-17,2013-05-24,2013-05-29,4.0,1,4.0
SO58145,9765,324,2013-05-17,2013-05-24,2013-05-29,25.0,1,25.0
SO58146,186,330,2013-05-17,2013-05-24,2013-05-29,29.0,1,29.0
SO58147,7926,325,2013-05-17,2013-05-24,2013-05-29,30.0,1,30.0
SO58148,8752,325,2013-05-17,2013-05-24,2013-05-29,30.0,1,30.0
SO58149,11281,325,2013-05-17,2013-05-24,2013-05-29,30.0,1,30.0
SO58150,11192,325,2013-05-17,2013-05-24,2013-05-29,30.0,1,30.0
SO58151,2475,267,2013-05-17,2013-05-24,2013-05-29,10.0,1,10.0
SO58152,1946,266,2013-05-17,2013-05-24,2013-05-29,5.0,1,5.0
SO58153,9762,267,2013-05-17,2013-05-24,2013-05-29,10.0,1,10.0
SO58154,8656,264,2013-05-17,2013-05-24,2013-05-29,70.0,1,70.0
SO58155,5797,266,2013-05-17,2013-05-24,2013-05-29,5.0,1,5.0
SO58156,13731,266,2013-05-17,2013-05-24,2013-05-29,5.0,1,5.0
SO58157,5504,317,2013-05-17,2013-05-24,2013-05-29,5.0,1,5.0
SO58158,8015,274,2013-05-17,2013-05-24,2013-05-29,22.0,1,22.0
SO58159,6876,328,2013-05-17,2013-05-24,2013-05-29,25.0,1,25.0
SO58160,6878,328,2013-05-17,2013-05-24,2013-05-29,25.0,1,25.0
SO58161,472,280,2013-05-17,2013-05-24,2013-05-29,54.0,1,54.0
SO58162,8524,318,2013-05-17,2013-05-24,2013-05-29,4.0,1,4.0
SO58163,11436,327,2013-05-17,2013-05-24,2013-05-29,21.0,1,21.0
SO58164,6752,325,2013-05-17,2013-05-24,2013-05-29,30.0,1,30.0
SO58165,18428,327,2013-05-17,2013-05-24,2013-05-29,21.0,1,21.0
SO58166,2510,319,2013-05-17,2013-05-24,2013-05-29,5.0,1,5.0
SO58167,2502,319,2013-05-17,2013-05-24,2013-05-29,5.0,1,5.0
SO58168,645,326,2013-05-17,2013-05-24,2013-05-29,35.0,1,35.0
SO58169,3092,326,2013-05-17,2013-05-24,2013-05-29,35.0,1,35.0
SO58170,1971,326,2013-05-17,2013-05-24,2013-05-29,35.0,1,35.0
SO58171,721,317,2013-05-17,2013-05-24,2013-05-29,5.0,1,5.0
SO58172,1657,12,2013-05-17,2013-05-24,2013-05-29,9.0,1,9.0
SO58172,1657,13,2013-05-17,2013-05-24,2013-05-29,9.0,1,9.0
SO58172,1657,14,2013-05-17,2013-05-24,2013-05-29,9.0,1,9.0
SO58173,2718,326,2013-05-17,2013-05-24,2013-05-29,35.0,1,35.0
SO58174,8143,381,2013-05-17,2013-05-24,2013-05-29,565.0,1,565.0
SO58175,8165,382,2013-05-17,2013-05-24,2013-05-29,565.0,1,565.0
SO58176,3339,379,2013-05-17,2013-05-24,2013-05-29,769.0,1,769.0
SO58177,2288,143,2013-05-17,2013-05-24,2013-05-29,2320.0,1,2320.0
SO58177,2288,144,2013-05-17,2013-05-24,2013-05-29,2320.0,1,2320.0
SO58178,3437,141,2013-05-17,2013-05-24,2013-05-29,2320.0,1,2320.0
SO58178,3437,142,2013-05-17,2013-05-24,2013-05-29,2320.0,1,2320.0
SO58179,2315,149,2013-05-17,2013-05-24,2013-05-29,2295.0,1,2295.0
SO58179,2315,150,2013-05-17,2013-05-24,2013-05-29,2295.0,1,2295.0
SO58180,9723,355,2013-05-17,2013-05-24,2013-05-29,742.0,1,742.0
SO58181,6050,376,2013-05-17,2013-05-24,2013-05-29,769.0,1,769.0
SO58182,18311,353,2013-05-17,2013-05-24,2013-05-29,2384.0,1,2384.0
SO58183,2079,141,2013-05-17,2013-05-24,2013-05-29,2320.0,1,2320.0
SO58183,2079,142,2013-05-17,2013-05-24,2013-05-29,2320.0,1,2320.0
SO58184,8208,354,2013-05-17,2013-05-24,2013-05-29,742.0,1,742.0
SO58185,14164,362,2013-05-17,2013-05-24,2013-05-29,2384.0,1,2384.0
SO58186,11114,395,2013-05-17,2013-05-24,2013-05-29,540.0,1,540.0
SO58187,9110,170,2013-05-17,2013-05-24,2013-05-29,1120.0,1,1120.0
SO58187,9110,171,2013-05-17,2013-05-24,2013-05-29,1120.0,1,1120.0
SO58188,15220,373,2013-05-17,2013-05-24,2013-05-29,540.0,1,540.0
SO58189,5581,395,2013-05-17,2013-05-24,2013-05-29,540.0,1,540.0
SO58190,4933,12,2013-05-17,2013-05-24,2013-05-29,9.0,1,9.0
SO58190,4933,13,2013-05-17,2013-05-24,2013-05-29,9.0,1,9.0
SO58190,4933,14,2013-05-17,2013-05-24,2013-05-29,9.0,1,9.0
SO58191,17416,364,2013-05-17,2013-05-24,2013-05-29,2384.0,1,2384.0
SO58192,13362,174,2013-05-18,2013-05-25,2013-05-30,1120.0,1,1120.0
SO58192,13362,175,2013-05-18,2013-05-25,2013-05-30,1120.0,1,1120.0
SO58193,2409,149,2013-05-18,2013-05-25,2013-05-30,2295.0,1,2295.0
SO58193,2409,150,2013-05-18,2013-05-25,2013-05-30,2295.0,1,2295.0
SO58194,1272,141,2013-05-18,2013-05-25,2013-05-30,2320.0,1,2320.0
SO58194,1272,142,2013-05-18,2013-05-25,2013-05-30,2320.0,1,2320.0
SO58195,2260,145,2013-05-18,2013-05-25,2013-05-30,2320.0,1,2320.0
SO58195,2260,146,2013-05-18,2013-05-25,2013-05-30,2320.0,1,2320.0
SO58196,2253,151,2013-05-18,2013-05-25,2013-05-30,2295.0,1,2295.0
SO58196,2253,152,2013-05-18,2013-05-25,2013-05-30,2295.0,1,2295.0
SO58197,6347,274,2013-05-18,2013-05-25,2013-05-30,22.0,1,22.0
SO58198,16521,264,2013-05-18,2013-05-25,2013-05-30,70.0,1,70.0
SO58199,8584,330,2013-05-18,2013-05-25,2013-05-30,29.0,1,29.0
SO58200,8567,330,2013-05-18,2013-05-25,2013-05-30,29.0,1,29.0
SO58201,15715,330,2013-05-18,2013-05-25,2013-05-30,29.0,1,29.0
SO58202,288,324,2013-05-18,2013-05-25,2013-05-30,25.0,1,25.0
SO58203,16248,330,2013-05-18,2013-05-25,2013-05-30,29.0,1,29.0
SO58204,16611,319,2013-05-18,2013-05-25,2013-05-30,5.0,1,5.0
SO58205,15063,324,2013-05-18,2013-05-25,2013-05-30,25.0,1,25.0
SO58206,15557,330,2013-05-18,2013-05-25,2013-05-30,29.0,1,29.0
SO58207,13314,329,2013-05-18,2013-05-25,2013-05-30,33.0,1,33.0
SO58208,1431,317,2013-05-18,2013-05-25,2013-05-30,5.0,1,5.0
SO58209,14901,329,2013-05-18,2013-05-25,2013-05-30,33.0,1,33.0
SO58210,14165,329,2013-05-18,2013-05-25,2013-05-30,33.0,1,33.0
SO58211,12824,325,2013-05-18,2013-05-25,2013-05-30,30.0,1,30.0
SO58212,11753,325,2013-05-18,2013-05-25,2013-05-30,30.0,1,30.0
SO58213,11166,325,2013-05-18,2013-05-25,2013-05-30,30.0,1,30.0
SO58214,9777,267,2013-05-18,2013-05-25,2013-05-30,10.0,1,10.0
SO58215,16654,264,2013-05-18,2013-05-25,2013-05-30,70.0,1,70.0
SO58216,9328,263,2013-05-18,2013-05-25,2013-05-30,70.0,1,70.0
SO58217,6612,266,2013-05-18,2013-05-25,2013-05-30,5.0,1,5.0
SO58218,3504,317,2013-05-18,2013-05-25,2013-05-30,5.0,1,5.0
SO58219,4871,317,2013-05-18,2013-05-25,2013-05-30,5.0,1,5.0
SO58220,4275,317,2013-05-18,2013-05-25,2013-05-30,5.0,1,5.0
SO58221,6225,274,2013-05-18,2013-05-25,2013-05-30,22.0,1,22.0
SO58222,11382,251,2013-05-18,2013-05-25,2013-05-30,24.0,1,24.0
SO58222,11382,252,2013-05-18,2013-05-25,2013-05-30,24.0,1,24.0
SO58223,12629,325,2013-05-18,2013-05-25,2013-05-30,30.0,1,30.0
SO58224,12615,317,2013-05-18,2013-05-25,2013-05-30,5.0,1,5.0
SO58225,9961,318,2013-05-18,2013-05-25,2013-05-30,4.0,1,4.0
SO58226,15840,330,2013-05-18,2013-05-25,2013-05-30,29.0,1,29.0
SO58227,11684,319,2013-05-18,2013-05-25,2013-05-30,5.0,1,5.0
SO58228,2495,319,2013-05-18,2013-05-25,2013-05-30,5.0,1,5.0
SO58229,2709,326,2013-05-18,2013-05-25,2013-05-30,35.0,1,35.0
SO58230,824,326,2013-05-18,2013-05-25,2013-05-30,35.0,1,35.0
SO58231,1955,317,2013-05-18,2013-05-25,2013-05-30,5.0,1,5.0
SO58232,2440,274,2013-05-18,2013-05-25,2013-05-30,22.0,1,22.0
SO58233,2147,12,2013-05-18,2013-05-25,2013-05-30,9.0,1,9.0
SO58233,2147,13,2013-05-18,2013-05-25,2013-05-30,9.0,1,9.0
SO58233,2147,14,2013-05-18,2013-05-25,2013-05-30,9.0,1,9.0
SO58234,9406,166,2013-05-18,2013-05-25,2013-05-30,2443.0,1,2443.0
SO58234,9406,167,2013-05-18,2013-05-25,2013-05-30,2443.0,1,2443.0
SO58235,5999,370,2013-05-18,2013-05-25,2013-05-30,1701.0,1,1701.0
SO58236,2299,143,2013-05-18,2013-05-25,2013-05-30,2320.0,1,2320.0
SO58236,2299,144,2013-05-18,2013-05-25,2013-05-30,2320.0,1,2320.0
SO58237,16901,374,2013-05-18,2013-05-25,2013-05-30,742.0,1,742.0
SO58238,8796,168,2013-05-18,2013-05-25,2013-05-30,2443.0,1,2443.0
SO58238,8796,169,2013-05-18,2013-05-25,2013-05-30,2443.0,1,2443.0
SO58239,8563,371,2013-05-18,2013-05-25,2013-05-30,1701.0,1,1701.0
SO58240,12121,369,2013-05-18,2013-05-25,2013-05-30,1701.0,1,1701.0
SO58241,2012,147,2013-05-18,2013-05-25,2013-05-30,2295.0,1,2295.0
SO58241,2012,148,2013-05-18,2013-05-25,2013-05-30,2295.0,1,2295.0
SO58242,1700,149,2013-05-18,2013-05-25,2013-05-30,2295.0,1,2295.0
SO58242,1700,150,2013-05-18,2013-05-25,2013-05-30,2295.0,1,2295.0
SO58243,902,145,2013-05-18,2013-05-25,2013-05-30,2320.0,1,2320.0
SO58243,902,146,2013-05-18,2013-05-25,2013-05-30,2320.0,1,2320.0
SO58244,1702,141,2013-05-18,2013-05-25,2013-05-30,2320.0,1,2320.0
SO58244,1702,142,2013-05-18,2013-05-25,2013-05-30,2320.0,1,2320.0
SO58245,1989,143,2013-05-18,2013-05-25,2013-05-30,2320.0,1,2320.0
SO58245,1989,144,2013-05-18,2013-05-25,2013-05-30,2320.0,1,2320.0
SO58246,8773,164,2013-05-18,2013-05-25,2013-05-30,2443.0,1,2443.0
SO58246,8773,165,2013-05-18,2013-05-25,2013-05-30,2443.0,1,2443.0
SO58247,836,352,2013-05-18,2013-05-25,2013-05-30,2384.0,1,2384.0
SO58248,14289,373,2013-05-18,2013-05-25,2013-05-30,540.0,1,540.0
SO58249,13924,176,2013-05-19,2013-05-26,2013-05-31,1120.0,1,1120.0
SO58249,13924,177,2013-05-19,2013-05-26,2013-05-31,1120.0,1,1120.0
SO58250,3717,147,2013-05-19,2013-05-26,2013-05-31,2295.0,1,2295.0
SO58250,3717,148,2013-05-19,2013-05-26,2013-05-31,2295.0,1,2295.0
SO58251,1301,145,2013-05-19,2013-05-26,2013-05-31,2320.0,1,2320.0
SO58251,1301,146,2013-05-19,2013-05-26,2013-05-31,2320.0,1,2320.0
SO58252,277,268,2013-05-19,2013-05-26,2013-05-31,9.0,1,9.0
SO58253,2126,276,2013-05-19,2013-05-26,2013-05-31,55.0,1,55.0
SO58254,6647,369,2013-05-19,2013-05-26,2013-05-31,1701.0,1,1701.0
SO58255,692,280,2013-05-19,2013-05-26,2013-05-31,54.0,1,54.0
SO58256,7760,318,2013-05-19,2013-05-26,2013-05-31,4.0,1,4.0
SO58257,16631,330,2013-05-19,2013-05-26,2013-05-31,29.0,1,29.0
SO58258,15053,324,2013-05-19,2013-05-26,2013-05-31,25.0,1,25.0
SO58259,16411,327,2013-05-19,2013-05-26,2013-05-31,21.0,1,21.0
SO58260,15542,324,2013-05-19,2013-05-26,2013-05-31,25.0,1,25.0
SO58261,4869,267,2013-05-19,2013-05-26,2013-05-31,10.0,1,10.0
SO58262,10450,267,2013-05-19,2013-05-26,2013-05-31,10.0,1,10.0
SO58263,8860,263,2013-05-19,2013-05-26,2013-05-31,70.0,1,70.0
SO58264,3080,266,2013-05-19,2013-05-26,2013-05-31,5.0,1,5.0
SO58265,7774,265,2013-05-19,2013-05-26,2013-05-31,70.0,1,70.0
SO58266,13730,266,2013-05-19,2013-05-26,2013-05-31,5.0,1,5.0
SO58267,4505,317,2013-05-19,2013-05-26,2013-05-31,5.0,1,5.0
SO58268,3563,317,2013-05-19,2013-05-26,2013-05-31,5.0,1,5.0
SO58269,5594,264,2013-05-19,2013-05-26,2013-05-31,70.0,1,70.0
SO58270,13879,327,2013-05-19,2013-05-26,2013-05-31,21.0,1,21.0
SO58271,8466,266,2013-05-19,2013-05-26,2013-05-31,5.0,1,5.0
SO58272,13549,318,2013-05-19,2013-05-26,2013-05-31,4.0,1,4.0
SO58273,6777,319,2013-05-19,2013-05-26,2013-05-31,5.0,1,5.0
SO58274,5491,160,2013-05-19,2013-05-26,2013-05-31,2443.0,1,2443.0
SO58274,5491,161,2013-05-19,2013-05-26,2013-05-31,2443.0,1,2443.0
SO58275,5998,369,2013-05-19,2013-05-26,2013-05-31,1701.0,1,1701.0
SO58276,8413,388,2013-05-19,2013-05-26,2013-05-31,540.0,1,540.0
SO58277,1381,12,2013-05-19,2013-05-26,2013-05-31,9.0,1,9.0
SO58277,1381,13,2013-05-19,2013-05-26,2013-05-31,9.0,1,9.0
SO58277,1381,14,2013-05-19,2013-05-26,2013-05-31,9.0,1,9.0
SO58278,2077,145,2013-05-19,2013-05-26,2013-05-31,2320.0,1,2320.0
SO58278,2077,146,2013-05-19,2013-05-26,2013-05-31,2320.0,1,2320.0
SO58279,2083,141,2013-05-19,2013-05-26,2013-05-31,2320.0,1,2320.0
SO58279,2083,142,2013-05-19,2013-05-26,2013-05-31,2320.0,1,2320.0
SO58280,13353,365,2013-05-19,2013-05-26,2013-05-31,2384.0,1,2384.0
SO58281,11132,373,2013-05-19,2013-05-26,2013-05-31,540.0,1,540.0
SO58282,10401,373,2013-05-19,2013-05-26,2013-05-31,540.0,1,540.0
SO58283,11134,393,2013-05-19,2013-05-26,2013-05-31,540.0,1,540.0
SO58284,10590,395,2013-05-19,2013-05-26,2013-05-31,540.0,1,540.0
SO58285,7856,174,2013-05-19,2013-05-26,2013-05-31,1120.0,1,1120.0
SO58285,7856,175,2013-05-19,2013-05-26,2013-05-31,1120.0,1,1120.0
SO58286,12984,170,2013-05-19,2013-05-26,2013-05-31,1120.0,1,1120.0
SO58286,12984,171,2013-05-19,2013-05-26,2013-05-31,1120.0,1,1120.0
SO58287,15825,393,2013-05-19,2013-05-26,2013-05-31,540.0,1,540.0
SO58288,1493,149,2013-05-20,2013-05-27,2013-06-01,2295.0,1,2295.0
SO58288,1493,150,2013-05-20,2013-05-27,2013-06-01,2295.0,1,2295.0
SO58289,5186,328,2013-05-20,2013-05-27,2013-06-01,25.0,1,25.0
SO58290,4813,325,2013-05-20,2013-05-27,2013-06-01,30.0,1,30.0
SO58291,5627,325,2013-05-20,2013-05-27,2013-06-01,30.0,1,30.0
SO58292,7326,317,2013-05-20,2013-05-27,2013-06-01,5.0,1,5.0
SO58293,13894,327,2013-05-20,2013-05-27,2013-06-01,21.0,1,21.0
SO58294,5739,274,2013-05-20,2013-05-27,2013-06-01,22.0,1,22.0
SO58295,9213,327,2013-05-20,2013-05-27,2013-06-01,21.0,1,21.0
SO58296,8677,266,2013-05-20,2013-05-27,2013-06-01,5.0,1,5.0
SO58297,16370,12,2013-05-20,2013-05-27,2013-06-01,9.0,1,9.0
SO58297,16370,13,2013-05-20,2013-05-27,2013-06-01,9.0,1,9.0
SO58297,16370,14,2013-05-20,2013-05-27,2013-06-01,9.0,1,9.0
SO58298,3015,4,2013-05-20,2013-05-27,2013-06-01,35.0,1,35.0
SO58298,3015,5,2013-05-20,2013-05-27,2013-06-01,35.0,1,35.0
SO58298,3015,6,2013-05-20,2013-05-27,2013-06-01,35.0,1,35.0
SO58299,13574,168,2013-05-20,2013-05-27,2013-06-01,2443.0,1,2443.0
SO58299,13574,169,2013-05-20,2013-05-27,2013-06-01,2443.0,1,2443.0
SO58300,520,318,2013-05-20,2013-05-27,2013-06-01,4.0,1,4.0
SO58301,18163,318,2013-05-20,2013-05-27,2013-06-01,4.0,1,4.0
SO58302,15048,317,2013-05-20,2013-05-27,2013-06-01,5.0,1,5.0
SO58303,15261,330,2013-05-20,2013-05-27,2013-06-01,29.0,1,29.0
SO58304,13657,329,2013-05-20,2013-05-27,2013-06-01,33.0,1,33.0
SO58305,14045,318,2013-05-20,2013-05-27,2013-06-01,4.0,1,4.0
SO58306,11767,325,2013-05-20,2013-05-27,2013-06-01,30.0,1,30.0
SO58307,4419,325,2013-05-20,2013-05-27,2013-06-01,30.0,1,30.0
SO58308,3898,267,2013-05-20,2013-05-27,2013-06-01,10.0,1,10.0
SO58309,842,265,2013-05-20,2013-05-27,2013-06-01,70.0,1,70.0
SO58310,6344,317,2013-05-20,2013-05-27,2013-06-01,5.0,1,5.0
SO58311,12674,266,2013-05-20,2013-05-27,2013-06-01,5.0,1,5.0
SO58312,2472,12,2013-05-20,2013-05-27,2013-06-01,9.0,1,9.0
SO58312,2472,13,2013-05-20,2013-05-27,2013-06-01,9.0,1,9.0
SO58312,2472,14,2013-05-20,2013-05-27,2013-06-01,9.0,1,9.0
SO58313,2481,274,2013-05-20,2013-05-27,2013-06-01,22.0,1,22.0
SO58314,4706,326,2013-05-20,2013-05-27,2013-06-01,35.0,1,35.0
SO58315,1491,318,2013-05-20,2013-05-27,2013-06-01,4.0,1,4.0
SO58316,6955,325,2013-05-20,2013-05-27,2013-06-01,30.0,1,30.0
SO58317,8467,318,2013-05-20,2013-05-27,2013-06-01,4.0,1,4.0
SO58318,5331,328,2013-05-20,2013-05-27,2013-06-01,25.0,1,25.0
SO58319,7044,317,2013-05-20,2013-05-27,2013-06-01,5.0,1,5.0
SO58320,316,317,2013-05-20,2013-05-27,2013-06-01,5.0,1,5.0
SO58321,3725,326,2013-05-20,2013-05-27,2013-06-01,35.0,1,35.0
SO58322,823,326,2013-05-20,2013-05-27,2013-06-01,35.0,1,35.0
SO58323,1454,274,2013-05-20,2013-05-27,2013-06-01,22.0,1,22.0
SO58324,8694,274,2013-05-20,2013-05-27,2013-06-01,22.0,1,22.0
SO58325,1410,326,2013-05-20,2013-05-27,2013-06-01,35.0,1,35.0
SO58326,1046,326,2013-05-20,2013-05-27,2013-06-01,35.0,1,35.0
SO58327,1617,266,2013-05-20,2013-05-27,2013-06-01,5.0,1,5.0
SO58328,5090,274,2013-05-20,2013-05-27,2013-06-01,22.0,1,22.0
SO58329,6029,372,2013-05-20,2013-05-27,2013-06-01,1701.0,1,1701.0
SO58330,3417,379,2013-05-20,2013-05-27,2013-06-01,769.0,1,769.0
SO58331,3285,376,2013-05-20,2013-05-27,2013-06-01,769.0,1,769.0
SO58332,3343,378,2013-05-20,2013-05-27,2013-06-01,769.0,1,769.0
SO58333,2341,149,2013-05-20,2013-05-27,2013-06-01,2295.0,1,2295.0
SO58333,2341,150,2013-05-20,2013-05-27,2013-06-01,2295.0,1,2295.0
SO58334,2661,151,2013-05-20,2013-05-27,2013-06-01,2295.0,1,2295.0
SO58334,2661,152,2013-05-20,2013-05-27,2013-06-01,2295.0,1,2295.0
SO58335,2327,151,2013-05-20,2013-05-27,2013-06-01,2295.0,1,2295.0
SO58335,2327,152,2013-05-20,2013-05-27,2013-06-01,2295.0,1,2295.0
SO58336,6049,379,2013-05-20,2013-05-27,2013-06-01,769.0,1,769.0
SO58337,6056,378,2013-05-20,2013-05-27,2013-06-01,769.0,1,769.0
SO58338,2526,160,2013-05-20,2013-05-27,2013-06-01,2443.0,1,2443.0
SO58338,2526,161,2013-05-20,2013-05-27,2013-06-01,2443.0,1,2443.0
SO58339,17314,394,2013-05-20,2013-05-27,2013-06-01,540.0,1,540.0
SO58340,2007,141,2013-05-20,2013-05-27,2013-06-01,2320.0,1,2320.0
SO58340,2007,142,2013-05-20,2013-05-27,2013-06-01,2320.0,1,2320.0
SO58341,8774,168,2013-05-20,2013-05-27,2013-06-01,2443.0,1,2443.0
SO58341,8774,169,2013-05-20,2013-05-27,2013-06-01,2443.0,1,2443.0
SO58342,12397,366,2013-05-20,2013-05-27,2013-06-01,1215.0,1,1215.0
SO58343,14192,362,2013-05-20,2013-05-27,2013-06-01,2384.0,1,2384.0
SO58344,9027,172,2013-05-20,2013-05-27,2013-06-01,1120.0,1,1120.0
SO58344,9027,173,2013-05-20,2013-05-27,2013-06-01,1120.0,1,1120.0
SO58345,10314,174,2013-05-20,2013-05-27,2013-06-01,1120.0,1,1120.0
SO58345,10314,175,2013-05-20,2013-05-27,2013-06-01,1120.0,1,1120.0
SO58346,15360,373,2013-05-20,2013-05-27,2013-06-01,540.0,1,540.0
SO58347,15361,393,2013-05-20,2013-05-27,2013-06-01,540.0,1,540.0
SO58348,14730,363,2013-05-20,2013-05-27,2013-06-01,2384.0,1,2384.0
SO58349,17482,354,2013-05-20,2013-05-27,2013-06-01,742.0,1,742.0
SO58350,12576,178,2013-05-21,2013-05-28,2013-06-02,1120.0,1,1120.0
SO58350,12576,179,2013-05-21,2013-05-28,2013-06-02,1120.0,1,1120.0
SO58351,13919,170,2013-05-21,2013-05-28,2013-06-02,1120.0,1,1120.0
SO58351,13919,171,2013-05-21,2013-05-28,2013-06-02,1120.0,1,1120.0
SO58352,1229,151,2013-05-21,2013-05-28,2013-06-02,2295.0,1,2295.0
SO58352,1229,152,2013-05-21,2013-05-28,2013-06-02,2295.0,1,2295.0
SO58353,1285,149,2013-05-21,2013-05-28,2013-06-02,2295.0,1,2295.0
SO58353,1285,150,2013-05-21,2013-05-28,2013-06-02,2295.0,1,2295.0
SO58354,508,266,2013-05-21,2013-05-28,2013-06-02,5.0,1,5.0
SO58355,16345,265,2013-05-21,2013-05-28,2013-06-02,70.0,1,70.0
SO58356,12577,319,2013-05-21,2013-05-28,2013-06-02,5.0,1,5.0
SO58357,6762,370,2013-05-21,2013-05-28,2013-06-02,1701.0,1,1701.0
SO58358,9876,372,2013-05-21,2013-05-28,2013-06-02,1701.0,1,1701.0
SO58359,9886,371,2013-05-21,2013-05-28,2013-06-02,1701.0,1,1701.0
SO58360,6754,381,2013-05-21,2013-05-28,2013-06-02,565.0,1,565.0
SO58361,13578,164,2013-05-21,2013-05-28,2013-06-02,2443.0,1,2443.0
SO58361,13578,165,2013-05-21,2013-05-28,2013-06-02,2443.0,1,2443.0
SO58362,2802,377,2013-05-21,2013-05-28,2013-06-02,769.0,1,769.0
SO58363,323,269,2013-05-21,2013-05-28,2013-06-02,2.0,1,2.0
SO58364,17981,328,2013-05-21,2013-05-28,2013-06-02,25.0,1,25.0
SO58365,301,328,2013-05-21,2013-05-28,2013-06-02,25.0,1,25.0
SO58366,259,318,2013-05-21,2013-05-28,2013-06-02,4.0,1,4.0
SO58367,16439,318,2013-05-21,2013-05-28,2013-06-02,4.0,1,4.0
SO58368,14209,324,2013-05-21,2013-05-28,2013-06-02,25.0,1,25.0
SO58369,13500,329,2013-05-21,2013-05-28,2013-06-02,33.0,1,33.0
SO58370,301,329,2013-05-21,2013-05-28,2013-06-02,33.0,1,33.0
SO58371,1761,317,2013-05-21,2013-05-28,2013-06-02,5.0,1,5.0
SO58372,1098,317,2013-05-21,2013-05-28,2013-06-02,5.0,1,5.0
SO58373,12471,325,2013-05-21,2013-05-28,2013-06-02,30.0,1,30.0
SO58374,8782,325,2013-05-21,2013-05-28,2013-06-02,30.0,1,30.0
SO58375,7091,325,2013-05-21,2013-05-28,2013-06-02,30.0,1,30.0
SO58376,8703,264,2013-05-21,2013-05-28,2013-06-02,70.0,1,70.0
SO58377,7510,266,2013-05-21,2013-05-28,2013-06-02,5.0,1,5.0
SO58378,8140,263,2013-05-21,2013-05-28,2013-06-02,70.0,1,70.0
SO58379,1973,266,2013-05-21,2013-05-28,2013-06-02,5.0,1,5.0
SO58380,5089,317,2013-05-21,2013-05-28,2013-06-02,5.0,1,5.0
SO58381,4780,317,2013-05-21,2013-05-28,2013-06-02,5.0,1,5.0
SO58382,4525,317,2013-05-21,2013-05-28,2013-06-02,5.0,1,5.0
SO58383,5565,317,2013-05-21,2013-05-28,2013-06-02,5.0,1,5.0
SO58384,4634,261,2013-05-21,2013-05-28,2013-06-02,64.0,1,64.0
SO58385,7035,328,2013-05-21,2013-05-28,2013-06-02,25.0,1,25.0
SO58386,8390,318,2013-05-21,2013-05-28,2013-06-02,4.0,1,4.0
SO58387,13072,266,2013-05-21,2013-05-28,2013-06-02,5.0,1,5.0
SO58388,13080,266,2013-05-21,2013-05-28,2013-06-02,5.0,1,5.0
SO58389,4712,319,2013-05-21,2013-05-28,2013-06-02,5.0,1,5.0
SO58390,4512,326,2013-05-21,2013-05-28,2013-06-02,35.0,1,35.0
SO58391,8144,381,2013-05-21,2013-05-28,2013-06-02,565.0,1,565.0
SO58392,6042,372,2013-05-21,2013-05-28,2013-06-02,1701.0,1,1701.0
SO58393,5765,371,2013-05-21,2013-05-28,2013-06-02,1701.0,1,1701.0
SO58394,6022,370,2013-05-21,2013-05-28,2013-06-02,1701.0,1,1701.0
SO58395,8145,384,2013-05-21,2013-05-28,2013-06-02,565.0,1,565.0
SO58396,2289,145,2013-05-21,2013-05-28,2013-06-02,2320.0,1,2320.0
SO58396,2289,146,2013-05-21,2013-05-28,2013-06-02,2320.0,1,2320.0
SO58397,2428,151,2013-05-21,2013-05-28,2013-06-02,2295.0,1,2295.0
SO58397,2428,152,2013-05-21,2013-05-28,2013-06-02,2295.0,1,2295.0
SO58398,2320,145,2013-05-21,2013-05-28,2013-06-02,2320.0,1,2320.0
SO58398,2320,146,2013-05-21,2013-05-28,2013-06-02,2320.0,1,2320.0
SO58399,8795,166,2013-05-21,2013-05-28,2013-06-02,2443.0,1,2443.0
SO58399,8795,167,2013-05-21,2013-05-28,2013-06-02,2443.0,1,2443.0
SO58400,10360,373,2013-05-21,2013-05-28,2013-06-02,540.0,1,540.0
SO58401,10380,395,2013-05-21,2013-05-28,2013-06-02,540.0,1,540.0
SO58402,58,351,2013-05-21,2013-05-28,2013-06-02,2384.0,1,2384.0
SO58403,18310,365,2013-05-21,2013-05-28,2013-06-02,2384.0,1,2384.0
SO58404,1703,143,2013-05-21,2013-05-28,2013-06-02,2320.0,1,2320.0
SO58404,1703,144,2013-05-21,2013-05-28,2013-06-02,2320.0,1,2320.0
SO58405,2000,149,2013-05-21,2013-05-28,2013-06-02,2295.0,1,2295.0
SO58405,2000,150,2013-05-21,2013-05-28,2013-06-02,2295.0,1,2295.0
SO58406,8610,160,2013-05-21,2013-05-28,2013-06-02,2443.0,1,2443.0
SO58406,8610,161,2013-05-21,2013-05-28,2013-06-02,2443.0,1,2443.0
SO58407,1682,141,2013-05-21,2013-05-28,2013-06-02,2320.0,1,2320.0
SO58407,1682,142,2013-05-21,2013-05-28,2013-06-02,2320.0,1,2320.0
SO58408,1685,145,2013-05-21,2013-05-28,2013-06-02,2320.0,1,2320.0
SO58408,1685,146,2013-05-21,2013-05-28,2013-06-02,2320.0,1,2320.0
SO58409,14181,352,2013-05-21,2013-05-28,2013-06-02,2384.0,1,2384.0
SO58410,9068,178,2013-05-21,2013-05-28,2013-06-02,1120.0,1,1120.0
SO58410,9068,179,2013-05-21,2013-05-28,2013-06-02,1120.0,1,1120.0
SO58411,9720,174,2013-05-21,2013-05-28,2013-06-02,1120.0,1,1120.0
SO58411,9720,175,2013-05-21,2013-05-28,2013-06-02,1120.0,1,1120.0
SO58412,15221,395,2013-05-21,2013-05-28,2013-06-02,540.0,1,540.0
SO58413,1462,394,2013-05-21,2013-05-28,2013-06-02,540.0,1,540.0
SO58414,3280,355,2013-05-21,2013-05-28,2013-06-02,742.0,1,742.0
SO58415,1290,141,2013-05-22,2013-05-29,2013-06-03,2320.0,1,2320.0
SO58415,1290,142,2013-05-22,2013-05-29,2013-06-03,2320.0,1,2320.0
SO58416,1322,149,2013-05-22,2013-05-29,2013-06-03,2295.0,1,2295.0
SO58416,1322,150,2013-05-22,2013-05-29,2013-06-03,2295.0,1,2295.0
SO58417,521,273,2013-05-22,2013-05-29,2013-06-03,8.0,1,8.0
SO58418,791,4,2013-05-22,2013-05-29,2013-06-03,35.0,1,35.0
SO58418,791,5,2013-05-22,2013-05-29,2013-06-03,35.0,1,35.0
SO58418,791,6,2013-05-22,2013-05-29,2013-06-03,35.0,1,35.0
SO58419,7195,274,2013-05-22,2013-05-29,2013-06-03,22.0,1,22.0
SO58420,9244,318,2013-05-22,2013-05-29,2013-06-03,4.0,1,4.0
SO58421,5183,318,2013-05-22,2013-05-29,2013-06-03,4.0,1,4.0
SO58422,4125,319,2013-05-22,2013-05-29,2013-06-03,5.0,1,5.0
SO58423,9873,369,2013-05-22,2013-05-29,2013-06-03,1701.0,1,1701.0
SO58424,288,269,2013-05-22,2013-05-29,2013-06-03,2.0,1,2.0
SO58425,467,324,2013-05-22,2013-05-29,2013-06-03,25.0,1,25.0
SO58426,17875,319,2013-05-22,2013-05-29,2013-06-03,5.0,1,5.0
SO58427,16738,327,2013-05-22,2013-05-29,2013-06-03,21.0,1,21.0
SO58428,15777,318,2013-05-22,2013-05-29,2013-06-03,4.0,1,4.0
SO58429,79,317,2013-05-22,2013-05-29,2013-06-03,5.0,1,5.0
SO58430,14360,324,2013-05-22,2013-05-29,2013-06-03,25.0,1,25.0
SO58431,9087,318,2013-05-22,2013-05-29,2013-06-03,4.0,1,4.0
SO58432,12811,325,2013-05-22,2013-05-29,2013-06-03,30.0,1,30.0
SO58433,13659,329,2013-05-22,2013-05-29,2013-06-03,33.0,1,33.0
SO58434,11359,270,2013-05-22,2013-05-29,2013-06-03,9.0,1,9.0
SO58435,10420,267,2013-05-22,2013-05-29,2013-06-03,10.0,1,10.0
SO58436,10303,266,2013-05-22,2013-05-29,2013-06-03,5.0,1,5.0
SO58437,1929,265,2013-05-22,2013-05-29,2013-06-03,70.0,1,70.0
SO58438,10305,267,2013-05-22,2013-05-29,2013-06-03,10.0,1,10.0
SO58439,10141,266,2013-05-22,2013-05-29,2013-06-03,5.0,1,5.0
SO58440,6431,266,2013-05-22,2013-05-29,2013-06-03,5.0,1,5.0
SO58441,7591,265,2013-05-22,2013-05-29,2013-06-03,70.0,1,70.0
SO58442,13622,266,2013-05-22,2013-05-29,2013-06-03,5.0,1,5.0
SO58443,3402,317,2013-05-22,2013-05-29,2013-06-03,5.0,1,5.0
SO58444,5196,318,2013-05-22,2013-05-29,2013-06-03,4.0,1,4.0
SO58445,1846,274,2013-05-22,2013-05-29,2013-06-03,22.0,1,22.0
SO58446,437,279,2013-05-22,2013-05-29,2013-06-03,54.0,1,54.0
SO58447,6900,325,2013-05-22,2013-05-29,2013-06-03,30.0,1,30.0
SO58448,1295,279,2013-05-22,2013-05-29,2013-06-03,54.0,1,54.0
SO58449,1330,330,2013-05-22,2013-05-29,2013-06-03,29.0,1,29.0
SO58450,2504,267,2013-05-22,2013-05-29,2013-06-03,10.0,1,10.0
SO58451,6121,369,2013-05-22,2013-05-29,2013-06-03,1701.0,1,1701.0
SO58452,6128,371,2013-05-22,2013-05-29,2013-06-03,1701.0,1,1701.0
SO58453,6129,370,2013-05-22,2013-05-29,2013-06-03,1701.0,1,1701.0
SO58454,3089,370,2013-05-22,2013-05-29,2013-06-03,1701.0,1,1701.0
SO58455,2346,149,2013-05-22,2013-05-29,2013-06-03,2295.0,1,2295.0
SO58455,2346,150,2013-05-22,2013-05-29,2013-06-03,2295.0,1,2295.0
SO58456,743,149,2013-05-22,2013-05-29,2013-06-03,2295.0,1,2295.0
SO58456,743,150,2013-05-22,2013-05-29,2013-06-03,2295.0,1,2295.0
SO58457,1383,349,2013-05-22,2013-05-29,2013-06-03,1215.0,1,1215.0
SO58458,6057,378,2013-05-22,2013-05-29,2013-06-03,769.0,1,769.0
SO58459,11401,393,2013-05-22,2013-05-29,2013-06-03,540.0,1,540.0
SO58460,1991,143,2013-05-22,2013-05-29,2013-06-03,2320.0,1,2320.0
SO58460,1991,144,2013-05-22,2013-05-29,2013-06-03,2320.0,1,2320.0
SO58461,1684,149,2013-05-22,2013-05-29,2013-06-03,2295.0,1,2295.0
SO58461,1684,150,2013-05-22,2013-05-29,2013-06-03,2295.0,1,2295.0
SO58462,1694,151,2013-05-22,2013-05-29,2013-06-03,2295.0,1,2295.0
SO58462,1694,152,2013-05-22,2013-05-29,2013-06-03,2295.0,1,2295.0
SO58463,13753,355,2013-05-22,2013-05-29,2013-06-03,742.0,1,742.0
SO58464,14389,368,2013-05-22,2013-05-29,2013-06-03,1215.0,1,1215.0
SO58465,14170,364,2013-05-22,2013-05-29,2013-06-03,2384.0,1,2384.0
SO58466,4929,352,2013-05-22,2013-05-29,2013-06-03,2384.0,1,2384.0
SO58467,1999,367,2013-05-22,2013-05-29,2013-06-03,1215.0,1,1215.0
SO58468,17484,355,2013-05-22,2013-05-29,2013-06-03,742.0,1,742.0
SO58469,1230,141,2013-05-23,2013-05-30,2013-06-04,2320.0,1,2320.0
SO58469,1230,142,2013-05-23,2013-05-30,2013-06-04,2320.0,1,2320.0
SO58470,1464,147,2013-05-23,2013-05-30,2013-06-04,2295.0,1,2295.0
SO58470,1464,148,2013-05-23,2013-05-30,2013-06-04,2295.0,1,2295.0
SO58471,2408,145,2013-05-23,2013-05-30,2013-06-04,2320.0,1,2320.0
SO58471,2408,146,2013-05-23,2013-05-30,2013-06-04,2320.0,1,2320.0
SO58472,592,151,2013-05-23,2013-05-30,2013-06-04,2295.0,1,2295.0
SO58472,592,152,2013-05-23,2013-05-30,2013-06-04,2295.0,1,2295.0
SO58473,2254,147,2013-05-23,2013-05-30,2013-06-04,2295.0,1,2295.0
SO58473,2254,148,2013-05-23,2013-05-30,2013-06-04,2295.0,1,2295.0
SO58474,591,145,2013-05-23,2013-05-30,2013-06-04,2320.0,1,2320.0
SO58474,591,146,2013-05-23,2013-05-30,2013-06-04,2320.0,1,2320.0
SO58475,1196,273,2013-05-23,2013-05-30,2013-06-04,8.0,1,8.0
SO58476,2043,324,2013-05-23,2013-05-30,2013-06-04,25.0,1,25.0
SO58477,4125,328,2013-05-23,2013-05-30,2013-06-04,25.0,1,25.0
SO58478,6054,325,2013-05-23,2013-05-30,2013-06-04,30.0,1,30.0
SO58479,9232,318,2013-05-23,2013-05-30,2013-06-04,4.0,1,4.0
SO58480,8631,318,2013-05-23,2013-05-30,2013-06-04,4.0,1,4.0
SO58481,13230,319,2013-05-23,2013-05-30,2013-06-04,5.0,1,5.0
SO58482,2524,1,2013-05-23,2013-05-30,2013-06-04,35.0,1,35.0
SO58482,2524,2,2013-05-23,2013-05-30,2013-06-04,35.0,1,35.0
SO58482,2524,3,2013-05-23,2013-05-30,2013-06-04,35.0,1,35.0
SO58483,8568,330,2013-05-23,2013-05-30,2013-06-04,29.0,1,29.0
SO58484,6298,277,2013-05-23,2013-05-30,2013-06-04,54.0,1,54.0
SO58485,9870,369,2013-05-23,2013-05-30,2013-06-04,1701.0,1,1701.0
SO58486,1632,162,2013-05-23,2013-05-30,2013-06-04,2443.0,1,2443.0
SO58486,1632,163,2013-05-23,2013-05-30,2013-06-04,2443.0,1,2443.0
SO58487,2809,379,2013-05-23,2013-05-30,2013-06-04,769.0,1,769.0
SO58488,632,328,2013-05-23,2013-05-30,2013-06-04,25.0,1,25.0
SO58489,508,1,2013-05-23,2013-05-30,2013-06-04,35.0,1,35.0
SO58489,508,2,2013-05-23,2013-05-30,2013-06-04,35.0,1,35.0
SO58489,508,3,2013-05-23,2013-05-30,2013-06-04,35.0,1,35.0
SO58490,79,328,2013-05-23,2013-05-30,2013-06-04,25.0,1,25.0
SO58491,17231,318,2013-05-23,2013-05-30,2013-06-04,4.0,1,4.0
SO58492,274,269,2013-05-23,2013-05-30,2013-06-04,2.0,1,2.0
SO58493,15267,330,2013-05-23,2013-05-30,2013-06-04,29.0,1,29.0
SO58494,15532,324,2013-05-23,2013-05-30,2013-06-04,25.0,1,25.0
SO58495,9085,329,2013-05-23,2013-05-30,2013-06-04,33.0,1,33.0
SO58496,15118,324,2013-05-23,2013-05-30,2013-06-04,25.0,1,25.0
SO58497,12457,325,2013-05-23,2013-05-30,2013-06-04,30.0,1,30.0
SO58498,13623,329,2013-05-23,2013-05-30,2013-06-04,33.0,1,33.0
SO58499,332,325,2013-05-23,2013-05-30,2013-06-04,30.0,1,30.0
SO58500,11074,267,2013-05-23,2013-05-30,2013-06-04,10.0,1,10.0
SO58501,11104,325,2013-05-23,2013-05-30,2013-06-04,30.0,1,30.0
SO58502,1985,267,2013-05-23,2013-05-30,2013-06-04,10.0,1,10.0
SO58503,9302,265,2013-05-23,2013-05-30,2013-06-04,70.0,1,70.0
SO58504,4959,317,2013-05-23,2013-05-30,2013-06-04,5.0,1,5.0
SO58505,3451,274,2013-05-23,2013-05-30,2013-06-04,22.0,1,22.0
SO58506,3137,274,2013-05-23,2013-05-30,2013-06-04,22.0,1,22.0
SO58507,3194,329,2013-05-23,2013-05-30,2013-06-04,33.0,1,33.0
SO58508,3982,326,2013-05-23,2013-05-30,2013-06-04,35.0,1,35.0
SO58509,10863,12,2013-05-23,2013-05-30,2013-06-04,9.0,1,9.0
SO58509,10863,13,2013-05-23,2013-05-30,2013-06-04,9.0,1,9.0
SO58509,10863,14,2013-05-23,2013-05-30,2013-06-04,9.0,1,9.0
SO58510,4614,324,2013-05-23,2013-05-30,2013-06-04,25.0,1,25.0
SO58511,12625,318,2013-05-23,2013-05-30,2013-06-04,4.0,1,4.0
SO58512,16157,318,2013-05-23,2013-05-30,2013-06-04,4.0,1,4.0
SO58513,13097,319,2013-05-23,2013-05-30,2013-06-04,5.0,1,5.0
SO58514,3982,330,2013-05-23,2013-05-30,2013-06-04,29.0,1,29.0
SO58515,2937,326,2013-05-23,2013-05-30,2013-06-04,35.0,1,35.0
SO58516,8225,274,2013-05-23,2013-05-30,2013-06-04,22.0,1,22.0
SO58517,5903,274,2013-05-23,2013-05-30,2013-06-04,22.0,1,22.0
SO58518,5671,160,2013-05-23,2013-05-30,2013-06-04,2443.0,1,2443.0
SO58518,5671,161,2013-05-23,2013-05-30,2013-06-04,2443.0,1,2443.0
SO58519,6130,370,2013-05-23,2013-05-30,2013-06-04,1701.0,1,1701.0
SO58520,5792,370,2013-05-23,2013-05-30,2013-06-04,1701.0,1,1701.0
SO58521,4994,383,2013-05-23,2013-05-30,2013-06-04,565.0,1,565.0
SO58522,4891,383,2013-05-23,2013-05-30,2013-06-04,565.0,1,565.0
SO58523,3284,377,2013-05-23,2013-05-30,2013-06-04,769.0,1,769.0
SO58524,2225,151,2013-05-23,2013-05-30,2013-06-04,2295.0,1,2295.0
SO58524,2225,152,2013-05-23,2013-05-30,2013-06-04,2295.0,1,2295.0
SO58525,2280,151,2013-05-23,2013-05-30,2013-06-04,2295.0,1,2295.0
SO58525,2280,152,2013-05-23,2013-05-30,2013-06-04,2295.0,1,2295.0
SO58526,2330,151,2013-05-23,2013-05-30,2013-06-04,2295.0,1,2295.0
SO58526,2330,152,2013-05-23,2013-05-30,2013-06-04,2295.0,1,2295.0
SO58527,2349,147,2013-05-23,2013-05-30,2013-06-04,2295.0,1,2295.0
SO58527,2349,148,2013-05-23,2013-05-30,2013-06-04,2295.0,1,2295.0
SO58528,2383,143,2013-05-23,2013-05-30,2013-06-04,2320.0,1,2320.0
SO58528,2383,144,2013-05-23,2013-05-30,2013-06-04,2320.0,1,2320.0
SO58529,2305,141,2013-05-23,2013-05-30,2013-06-04,2320.0,1,2320.0
SO58529,2305,142,2013-05-23,2013-05-30,2013-06-04,2320.0,1,2320.0
SO58530,15937,368,2013-05-23,2013-05-30,2013-06-04,1215.0,1,1215.0
SO58531,12122,369,2013-05-23,2013-05-30,2013-06-04,1701.0,1,1701.0
SO58532,10385,395,2013-05-23,2013-05-30,2013-06-04,540.0,1,540.0
SO58533,11,364,2013-05-23,2013-05-30,2013-06-04,2384.0,1,2384.0
SO58534,18304,351,2013-05-23,2013-05-30,2013-06-04,2384.0,1,2384.0
SO58535,8613,166,2013-05-23,2013-05-30,2013-06-04,2443.0,1,2443.0
SO58535,8613,167,2013-05-23,2013-05-30,2013-06-04,2443.0,1,2443.0
SO58536,28,151,2013-05-23,2013-05-30,2013-06-04,2295.0,1,2295.0
SO58536,28,152,2013-05-23,2013-05-30,2013-06-04,2295.0,1,2295.0
SO58537,14075,271,2013-05-23,2013-05-30,2013-06-04,9.0,1,9.0
SO58538,6119,373,2013-05-23,2013-05-30,2013-06-04,540.0,1,540.0
SO58539,11592,373,2013-05-23,2013-05-30,2013-06-04,540.0,1,540.0
SO58540,15357,373,2013-05-23,2013-05-30,2013-06-04,540.0,1,540.0
SO58541,13245,170,2013-05-24,2013-05-31,2013-06-05,1120.0,1,1120.0
SO58541,13245,171,2013-05-24,2013-05-31,2013-06-05,1120.0,1,1120.0
SO58542,1527,147,2013-05-24,2013-05-31,2013-06-05,2295.0,1,2295.0
SO58542,1527,148,2013-05-24,2013-05-31,2013-06-05,2295.0,1,2295.0
SO58543,1297,149,2013-05-24,2013-05-31,2013-06-05,2295.0,1,2295.0
SO58543,1297,150,2013-05-24,2013-05-31,2013-06-05,2295.0,1,2295.0
SO58544,6307,328,2013-05-24,2013-05-31,2013-06-05,25.0,1,25.0
SO58545,6235,279,2013-05-24,2013-05-31,2013-06-05,54.0,1,54.0
SO58546,2670,273,2013-05-24,2013-05-31,2013-06-05,8.0,1,8.0
SO58547,7706,269,2013-05-24,2013-05-31,2013-06-05,2.0,1,2.0
SO58548,6495,276,2013-05-24,2013-05-31,2013-06-05,55.0,1,55.0
SO58549,16374,318,2013-05-24,2013-05-31,2013-06-05,4.0,1,4.0
SO58550,288,319,2013-05-24,2013-05-31,2013-06-05,5.0,1,5.0
SO58551,18016,328,2013-05-24,2013-05-31,2013-06-05,25.0,1,25.0
SO58552,216,318,2013-05-24,2013-05-31,2013-06-05,4.0,1,4.0
SO58553,15275,327,2013-05-24,2013-05-31,2013-06-05,21.0,1,21.0
SO58554,16285,330,2013-05-24,2013-05-31,2013-06-05,29.0,1,29.0
SO58555,14175,329,2013-05-24,2013-05-31,2013-06-05,33.0,1,33.0
SO58556,331,329,2013-05-24,2013-05-31,2013-06-05,33.0,1,33.0
SO58557,331,329,2013-05-24,2013-05-31,2013-06-05,33.0,1,33.0
SO58558,11124,325,2013-05-24,2013-05-31,2013-06-05,30.0,1,30.0
SO58559,5359,267,2013-05-24,2013-05-31,2013-06-05,10.0,1,10.0
SO58560,5841,265,2013-05-24,2013-05-31,2013-06-05,70.0,1,70.0
SO58561,17074,317,2013-05-24,2013-05-31,2013-06-05,5.0,1,5.0
SO58562,12023,317,2013-05-24,2013-05-31,2013-06-05,5.0,1,5.0
SO58563,7162,317,2013-05-24,2013-05-31,2013-06-05,5.0,1,5.0
SO58564,15906,318,2013-05-24,2013-05-31,2013-06-05,4.0,1,4.0
SO58565,14326,318,2013-05-24,2013-05-31,2013-06-05,4.0,1,4.0
SO58566,16817,319,2013-05-24,2013-05-31,2013-06-05,5.0,1,5.0
SO58567,2240,317,2013-05-24,2013-05-31,2013-06-05,5.0,1,5.0
SO58568,8164,387,2013-05-24,2013-05-31,2013-06-05,540.0,1,540.0
SO58569,708,143,2013-05-24,2013-05-31,2013-06-05,2320.0,1,2320.0
SO58569,708,144,2013-05-24,2013-05-31,2013-06-05,2320.0,1,2320.0
SO58570,2425,149,2013-05-24,2013-05-31,2013-06-05,2295.0,1,2295.0
SO58570,2425,150,2013-05-24,2013-05-31,2013-06-05,2295.0,1,2295.0
SO58571,8798,162,2013-05-24,2013-05-31,2013-06-05,2443.0,1,2443.0
SO58571,8798,163,2013-05-24,2013-05-31,2013-06-05,2443.0,1,2443.0
SO58572,11173,394,2013-05-24,2013-05-31,2013-06-05,540.0,1,540.0
SO58573,1995,149,2013-05-24,2013-05-31,2013-06-05,2295.0,1,2295.0
SO58573,1995,150,2013-05-24,2013-05-31,2013-06-05,2295.0,1,2295.0
SO58574,913,141,2013-05-24,2013-05-31,2013-06-05,2320.0,1,2320.0
SO58574,913,142,2013-05-24,2013-05-31,2013-06-05,2320.0,1,2320.0
SO58575,8791,164,2013-05-24,2013-05-31,2013-06-05,2443.0,1,2443.0
SO58575,8791,165,2013-05-24,2013-05-31,2013-06-05,2443.0,1,2443.0
SO58576,13359,350,2013-05-24,2013-05-31,2013-06-05,2384.0,1,2384.0
SO58577,12041,393,2013-05-24,2013-05-31,2013-06-05,540.0,1,540.0
SO58578,15998,172,2013-05-24,2013-05-31,2013-06-05,1120.0,1,1120.0
SO58578,15998,173,2013-05-24,2013-05-31,2013-06-05,1120.0,1,1120.0
SO58579,12988,174,2013-05-24,2013-05-31,2013-06-05,1120.0,1,1120.0
SO58579,12988,175,2013-05-24,2013-05-31,2013-06-05,1120.0,1,1120.0
SO58580,9721,170,2013-05-24,2013-05-31,2013-06-05,1120.0,1,1120.0
SO58580,9721,171,2013-05-24,2013-05-31,2013-06-05,1120.0,1,1120.0
SO58581,480,393,2013-05-24,2013-05-31,2013-06-05,540.0,1,540.0
SO58582,1398,394,2013-05-24,2013-05-31,2013-06-05,540.0,1,540.0
SO58583,17748,351,2013-05-24,2013-05-31,2013-06-05,2384.0,1,2384.0
SO58584,13158,352,2013-05-24,2013-05-31,2013-06-05,2384.0,1,2384.0
SO58585,1405,147,2013-05-25,2013-06-01,2013-06-06,2295.0,1,2295.0
SO58585,1405,148,2013-05-25,2013-06-01,2013-06-06,2295.0,1,2295.0
SO58586,1278,145,2013-05-25,2013-06-01,2013-06-06,2320.0,1,2320.0
SO58586,1278,146,2013-05-25,2013-06-01,2013-06-06,2320.0,1,2320.0
SO58587,2259,145,2013-05-25,2013-06-01,2013-06-06,2320.0,1,2320.0
SO58587,2259,146,2013-05-25,2013-06-01,2013-06-06,2320.0,1,2320.0
SO58588,1265,145,2013-05-25,2013-06-01,2013-06-06,2320.0,1,2320.0
SO58588,1265,146,2013-05-25,2013-06-01,2013-06-06,2320.0,1,2320.0
SO58589,971,9,2013-05-25,2013-06-01,2013-06-06,35.0,1,35.0
SO58589,971,10,2013-05-25,2013-06-01,2013-06-06,35.0,1,35.0
SO58589,971,11,2013-05-25,2013-06-01,2013-06-06,35.0,1,35.0
SO58590,10208,317,2013-05-25,2013-06-01,2013-06-06,5.0,1,5.0
SO58591,8267,317,2013-05-25,2013-06-01,2013-06-06,5.0,1,5.0
SO58592,15666,264,2013-05-25,2013-06-01,2013-06-06,70.0,1,70.0
SO58593,18322,266,2013-05-25,2013-06-01,2013-06-06,5.0,1,5.0
SO58594,3858,12,2013-05-25,2013-06-01,2013-06-06,9.0,1,9.0
SO58594,3858,13,2013-05-25,2013-06-01,2013-06-06,9.0,1,9.0
SO58594,3858,14,2013-05-25,2013-06-01,2013-06-06,9.0,1,9.0
SO58595,8631,268,2013-05-25,2013-06-01,2013-06-06,9.0,1,9.0
SO58596,3968,389,2013-05-25,2013-06-01,2013-06-06,540.0,1,540.0
SO58597,718,279,2013-05-25,2013-06-01,2013-06-06,54.0,1,54.0
SO58598,166,318,2013-05-25,2013-06-01,2013-06-06,4.0,1,4.0
SO58599,633,272,2013-05-25,2013-06-01,2013-06-06,120.0,1,120.0
SO58600,20,328,2013-05-25,2013-06-01,2013-06-06,25.0,1,25.0
SO58601,17123,319,2013-05-25,2013-06-01,2013-06-06,5.0,1,5.0
SO58602,13804,329,2013-05-25,2013-06-01,2013-06-06,33.0,1,33.0
SO58603,1945,325,2013-05-25,2013-06-01,2013-06-06,30.0,1,30.0
SO58604,14853,317,2013-05-25,2013-06-01,2013-06-06,5.0,1,5.0
SO58605,11969,325,2013-05-25,2013-06-01,2013-06-06,30.0,1,30.0
SO58606,9734,267,2013-05-25,2013-06-01,2013-06-06,10.0,1,10.0
SO58607,10445,266,2013-05-25,2013-06-01,2013-06-06,5.0,1,5.0
SO58608,9385,264,2013-05-25,2013-06-01,2013-06-06,70.0,1,70.0
SO58609,16381,263,2013-05-25,2013-06-01,2013-06-06,70.0,1,70.0
SO58610,14851,266,2013-05-25,2013-06-01,2013-06-06,5.0,1,5.0
SO58611,1526,265,2013-05-25,2013-06-01,2013-06-06,70.0,1,70.0
SO58612,3174,329,2013-05-25,2013-06-01,2013-06-06,33.0,1,33.0
SO58613,8190,255,2013-05-25,2013-06-01,2013-06-06,24.0,1,24.0
SO58613,8190,256,2013-05-25,2013-06-01,2013-06-06,24.0,1,24.0
SO58614,16328,330,2013-05-25,2013-06-01,2013-06-06,29.0,1,29.0
SO58615,5450,319,2013-05-25,2013-06-01,2013-06-06,5.0,1,5.0
SO58616,4120,330,2013-05-25,2013-06-01,2013-06-06,29.0,1,29.0
SO58617,6856,319,2013-05-25,2013-06-01,2013-06-06,5.0,1,5.0
SO58618,658,317,2013-05-25,2013-06-01,2013-06-06,5.0,1,5.0
SO58619,713,326,2013-05-25,2013-06-01,2013-06-06,35.0,1,35.0
SO58620,2292,274,2013-05-25,2013-06-01,2013-06-06,22.0,1,22.0
SO58621,4560,274,2013-05-25,2013-06-01,2013-06-06,22.0,1,22.0
SO58622,1490,12,2013-05-25,2013-06-01,2013-06-06,9.0,1,9.0
SO58622,1490,13,2013-05-25,2013-06-01,2013-06-06,9.0,1,9.0
SO58622,1490,14,2013-05-25,2013-06-01,2013-06-06,9.0,1,9.0
SO58623,6013,371,2013-05-25,2013-06-01,2013-06-06,1701.0,1,
SO58624,2426,149,2013-05-25,2013-06-01,2013-06-06,2295.0,1,2295.0
SO58624,2426,150,2013-05-25,2013-06-01,2013-06-06,2295.0,1,2295.0
SO58625,15904,374,2013-05-25,2013-06-01,2013-06-06,742.0,1,742.0
SO58626,16898,375,2013-05-25,2013-06-01,2013-06-06,742.0,1,742.0
SO58627,240,366,2013-05-25,2013-06-01,2013-06-06,1215.0,1,1215.0
SO58628,15941,367,2013-05-25,2013-06-01,2013-06-06,1215.0,1,1215.0
SO58629,18318,351,2013-05-25,2013-06-01,2013-06-06,2384.0,1,2384.0
SO58630,2052,145,2013-05-25,2013-06-01,2013-06-06,2320.0,1,2320.0
SO58630,2052,146,2013-05-25,2013-06-01,2013-06-06,2320.0,1,2320.0
SO58631,2080,147,2013-05-25,2013-06-01,2013-06-06,2295.0,1,2295.0
SO58631,2080,148,2013-05-25,2013-06-01,2013-06-06,2295.0,1,2295.0
SO58632,2082,149,2013-05-25,2013-06-01,2013-06-06,2295.0,1,2295.0
SO58632,2082,150,2013-05-25,2013-06-01,2013-06-06,2295.0,1,2295.0
SO58633,1687,141,2013-05-25,2013-06-01,2013-06-06,2320.0,1,2320.0
SO58633,1687,142,2013-05-25,2013-06-01,2013-06-06,2320.0,1,2320.0
SO58634,14162,352,2013-05-25,2013-06-01,2013-06-06,2384.0,1,2384.0
SO58635,11320,393,2013-05-25,2013-06-01,2013-06-06,540.0,1,540.0
SO58636,14751,393,2013-05-25,2013-06-01,2013-06-06,540.0,1,540.0
SO58637,2408,363,2013-05-25,2013-06-01,2013-06-06,2384.0,1,2384.0
SO58638,1333,350,2013-05-25,2013-06-01,2013-06-06,2384.0,1,2384.0
SO58639,2405,353,2013-05-25,2013-06-01,2013-06-06,2384.0,1,2384.0
SO58640,2582,145,2013-05-26,2013-06-02,2013-06-07,2320.0,1,2320.0
SO58640,2582,146,2013-05-26,2013-06-02,2013-06-07,2320.0,1,2320.0
SO58641,1288,147,2013-05-26,2013-06-02,2013-06-07,2295.0,1,2295.0
SO58641,1288,148,2013-05-26,2013-06-02,2013-06-07,2295.0,1,2295.0
SO58642,14125,317,2013-05-26,2013-06-02,2013-06-07,5.0,1,5.0
SO58643,15593,264,2013-05-26,2013-06-02,2013-06-07,70.0,1,70.0
SO58644,6301,278,2013-05-26,2013-06-02,2013-06-07,54.0,1,54.0
SO58645,8977,268,2013-05-26,2013-06-02,2013-06-07,9.0,1,9.0
SO58646,243,381,2013-05-26,2013-06-02,2013-06-07,565.0,1,565.0
SO58647,8507,166,2013-05-26,2013-06-02,2013-06-07,2443.0,1,2443.0
SO58647,8507,167,2013-05-26,2013-06-02,2013-06-07,2443.0,1,2443.0
SO58648,9712,162,2013-05-26,2013-06-02,2013-06-07,2443.0,1,2443.0
SO58648,9712,163,2013-05-26,2013-06-02,2013-06-07,2443.0,1,2443.0
SO58649,170,318,2013-05-26,2013-06-02,2013-06-07,4.0,1,4.0
SO58650,7759,318,2013-05-26,2013-06-02,2013-06-07,4.0,1,4.0
SO58651,16565,327,2013-05-26,2013-06-02,2013-06-07,21.0,1,21.0
SO58652,499,324,2013-05-26,2013-06-02,2013-06-07,25.0,1,25.0
SO58653,15691,330,2013-05-26,2013-06-02,2013-06-07,29.0,1,29.0
SO58654,16198,330,2013-05-26,2013-06-02,2013-06-07,29.0,1,29.0
SO58655,12718,325,2013-05-26,2013-06-02,2013-06-07,30.0,1,30.0
SO58656,5097,329,2013-05-26,2013-06-02,2013-06-07,33.0,1,33.0
SO58657,11077,317,2013-05-26,2013-06-02,2013-06-07,5.0,1,5.0
SO58658,7574,317,2013-05-26,2013-06-02,2013-06-07,5.0,1,5.0
SO58659,9441,267,2013-05-26,2013-06-02,2013-06-07,10.0,1,10.0
SO58660,11349,267,2013-05-26,2013-06-02,2013-06-07,10.0,1,10.0
SO58661,8761,265,2013-05-26,2013-06-02,2013-06-07,70.0,1,70.0
SO58662,17768,264,2013-05-26,2013-06-02,2013-06-07,70.0,1,70.0
SO58663,7343,266,2013-05-26,2013-06-02,2013-06-07,5.0,1,5.0
SO58664,4777,317,2013-05-26,2013-06-02,2013-06-07,5.0,1,5.0
SO58665,3643,317,2013-05-26,2013-06-02,2013-06-07,5.0,1,5.0
SO58666,3492,317,2013-05-26,2013-06-02,2013-06-07,5.0,1,5.0
SO58667,17430,329,2013-05-26,2013-06-02,2013-06-07,33.0,1,33.0
SO58668,5538,324,2013-05-26,2013-06-02,2013-06-07,25.0,1,25.0
SO58669,11559,266,2013-05-26,2013-06-02,2013-06-07,5.0,1,5.0
SO58670,11540,266,2013-05-26,2013-06-02,2013-06-07,5.0,1,5.0
SO58671,7182,319,2013-05-26,2013-06-02,2013-06-07,5.0,1,5.0
SO58672,14474,319,2013-05-26,2013-06-02,2013-06-07,5.0,1,5.0
SO58673,2186,326,2013-05-26,2013-06-02,2013-06-07,35.0,1,35.0
SO58674,179,326,2013-05-26,2013-06-02,2013-06-07,35.0,1,35.0
SO58675,504,326,2013-05-26,2013-06-02,2013-06-07,35.0,1,35.0
SO58676,5480,274,2013-05-26,2013-06-02,2013-06-07,22.0,1,22.0
SO58677,1759,317,2013-05-26,2013-06-02,2013-06-07,5.0,1,5.0
SO58678,6041,369,2013-05-26,2013-06-02,2013-06-07,1701.0,1,1701.0
SO58679,6143,372,2013-05-26,2013-06-02,2013-06-07,1701.0,1,1701.0
SO58680,5835,370,2013-05-26,2013-06-02,2013-06-07,1701.0,1,1701.0
SO58681,2287,143,2013-05-26,2013-06-02,2013-06-07,2320.0,1,2320.0
SO58681,2287,144,2013-05-26,2013-06-02,2013-06-07,2320.0,1,2320.0
SO58682,2293,151,2013-05-26,2013-06-02,2013-06-07,2295.0,1,2295.0
SO58682,2293,152,2013-05-26,2013-06-02,2013-06-07,2295.0,1,2295.0
SO58683,2367,151,2013-05-26,2013-06-02,2013-06-07,2295.0,1,2295.0
SO58683,2367,152,2013-05-26,2013-06-02,2013-06-07,2295.0,1,2295.0
SO58684,2416,151,2013-05-26,2013-06-02,2013-06-07,2295.0,1,2295.0
SO58684,2416,152,2013-05-26,2013-06-02,2013-06-07,2295.0,1,2295.0
SO58685,15940,359,2013-05-26,2013-06-02,2013-06-07,742.0,1,742.0
SO58686,12120,369,2013-05-26,2013-06-02,2013-06-07,1701.0,1,1701.0
SO58687,8565,369,2013-05-26,2013-06-02,2013-06-07,1701.0,1,1701.0
SO58688,12119,370,2013-05-26,2013-06-02,2013-06-07,1701.0,1,1701.0
SO58689,2078,147,2013-05-26,2013-06-02,2013-06-07,2295.0,1,2295.0
SO58689,2078,148,2013-05-26,2013-06-02,2013-06-07,2295.0,1,2295.0
SO58690,920,149,2013-05-26,2013-06-02,2013-06-07,2295.0,1,2295.0
SO58690,920,150,2013-05-26,2013-06-02,2013-06-07,2295.0,1,2295.0
SO58691,921,141,2013-05-26,2013-06-02,2013-06-07,2320.0,1,2320.0
SO58691,921,142,2013-05-26,2013-06-02,2013-06-07,2320.0,1,2320.0
SO58692,7190,389,2013-05-26,2013-06-02,2013-06-07,540.0,1,540.0
SO58693,15510,358,2013-05-26,2013-06-02,2013-06-07,742.0,1,742.0
SO58694,12111,393,2013-05-26,2013-06-02,2013-06-07,540.0,1,540.0
SO58695,2720,174,2013-05-26,2013-06-02,2013-06-07,1120.0,1,1120.0
SO58695,2720,175,2013-05-26,2013-06-02,2013-06-07,1120.0,1,1120.0
SO58696,9093,170,2013-05-26,2013-06-02,2013-06-07,1120.0,1,1120.0
SO58696,9093,171,2013-05-26,2013-06-02,2013-06-07,1120.0,1,1120.0
SO58697,11599,393,2013-05-26,2013-06-02,2013-06-07,540.0,1,540.0
SO58698,1391,393,2013-05-26,2013-06-02,2013-06-07,540.0,1,540.0
SO58699,4628,362,2013-05-26,2013-06-02,2013-06-07,2384.0,1,2384.0
SO58700,1334,352,2013-05-26,2013-06-02,2013-06-07,2384.0,1,2384.0
SO58701,3278,361,2013-05-26,2013-06-02,2013-06-07,742.0,1,742.0
SO58702,12574,172,2013-05-27,2013-06-03,2013-06-08,1120.0,1,1120.0
SO58702,12574,173,2013-05-27,2013-06-03,2013-06-08,1120.0,1,1120.0
SO58703,13923,174,2013-05-27,2013-06-03,2013-06-08,1120.0,1,1120.0
SO58703,13923,175,2013-05-27,2013-06-03,2013-06-08,1120.0,1,1120.0
SO58704,2405,143,2013-05-27,2013-06-03,2013-06-08,2320.0,1,2320.0
SO58704,2405,144,2013-05-27,2013-06-03,2013-06-08,2320.0,1,2320.0
SO58705,1403,143,2013-05-27,2013-06-03,2013-06-08,2320.0,1,2320.0
SO58705,1403,144,2013-05-27,2013-06-03,2013-06-08,2320.0,1,2320.0
SO58706,2770,141,2013-05-27,2013-06-03,2013-06-08,2320.0,1,2320.0
SO58706,2770,142,2013-05-27,2013-06-03,2013-06-08,2320.0,1,2320.0
SO58707,17787,273,2013-05-27,2013-06-03,2013-06-08,8.0,1,8.0
SO58708,277,4,2013-05-27,2013-06-03,2013-06-08,35.0,1,35.0
SO58708,277,5,2013-05-27,2013-06-03,2013-06-08,35.0,1,35.0
SO58708,277,6,2013-05-27,2013-06-03,2013-06-08,35.0,1,35.0
SO58709,1415,272,2013-05-27,2013-06-03,2013-06-08,120.0,1,120.0
SO58710,6495,274,2013-05-27,2013-06-03,2013-06-08,22.0,1,22.0
SO58711,14110,317,2013-05-27,2013-06-03,2013-06-08,5.0,1,5.0
SO58712,12651,266,2013-05-27,2013-06-03,2013-06-08,5.0,1,5.0
SO58713,11854,317,2013-05-27,2013-06-03,2013-06-08,5.0,1,5.0
SO58714,11965,265,2013-05-27,2013-06-03,2013-06-08,70.0,1,70.0
SO58715,1679,318,2013-05-27,2013-06-03,2013-06-08,4.0,1,4.0
SO58716,13269,267,2013-05-27,2013-06-03,2013-06-08,10.0,1,10.0
SO58717,75,268,2013-05-27,2013-06-03,2013-06-08,9.0,1,9.0
SO58718,3075,329,2013-05-27,2013-06-03,2013-06-08,33.0,1,33.0
SO58719,10823,383,2013-05-27,2013-06-03,2013-06-08,565.0,1,565.0
SO58720,1961,12,2013-05-27,2013-06-03,2013-06-08,9.0,1,9.0
SO58720,1961,13,2013-05-27,2013-06-03,2013-06-08,9.0,1,9.0
SO58720,1961,14,2013-05-27,2013-06-03,2013-06-08,9.0,1,9.0
SO58721,16220,318,2013-05-27,2013-06-03,2013-06-08,4.0,1,4.0
SO58722,2268,319,2013-05-27,2013-06-03,2013-06-08,5.0,1,5.0
SO58723,17016,319,2013-05-27,2013-06-03,2013-06-08,5.0,1,5.0
SO58724,17257,319,2013-05-27,2013-06-03,2013-06-08,5.0,1,5.0
SO58725,16034,319,2013-05-27,2013-06-03,2013-06-08,5.0,1,5.0
SO58726,14955,324,2013-05-27,2013-06-03,2013-06-08,25.0,1,25.0
SO58727,6361,324,2013-05-27,2013-06-03,2013-06-08,25.0,1,25.0
SO58728,11978,325,2013-05-27,2013-06-03,2013-06-08,30.0,1,30.0
SO58729,10714,266,2013-05-27,2013-06-03,2013-06-08,5.0,1,5.0
SO58730,12380,266,2013-05-27,2013-06-03,2013-06-08,5.0,1,5.0
SO58731,10774,266,2013-05-27,2013-06-03,2013-06-08,5.0,1,5.0
SO58732,9699,267,2013-05-27,2013-06-03,2013-06-08,10.0,1,10.0
SO58733,1761,265,2013-05-27,2013-06-03,2013-06-08,70.0,1,70.0
SO58734,6398,266,2013-05-27,2013-06-03,2013-06-08,5.0,1,5.0
SO58735,15351,266,2013-05-27,2013-06-03,2013-06-08,5.0,1,5.0
SO58736,5007,317,2013-05-27,2013-06-03,2013-06-08,5.0,1,5.0
SO58737,4515,317,2013-05-27,2013-06-03,2013-06-08,5.0,1,5.0
SO58738,3660,317,2013-05-27,2013-06-03,2013-06-08,5.0,1,5.0
SO58739,3588,317,2013-05-27,2013-06-03,2013-06-08,5.0,1,5.0
SO58740,4247,274,2013-05-27,2013-06-03,2013-06-08,22.0,1,22.0
SO58741,9355,274,2013-05-27,2013-06-03,2013-06-08,22.0,1,22.0
SO58742,8046,317,2013-05-27,2013-06-03,2013-06-08,5.0,1,5.0
SO58743,7155,317,2013-05-27,2013-06-03,2013-06-08,5.0,1,5.0
SO58744,4448,324,2013-05-27,2013-06-03,2013-06-08,25.0,1,25.0
SO58745,14683,318,2013-05-27,2013-06-03,2013-06-08,4.0,1,4.0
SO58746,9904,325,2013-05-27,2013-06-03,2013-06-08,30.0,1,30.0
SO58747,15392,330,2013-05-27,2013-06-03,2013-06-08,29.0,1,29.0
SO58748,13692,318,2013-05-27,2013-06-03,2013-06-08,4.0,1,4.0
SO58749,6811,12,2013-05-27,2013-06-03,2013-06-08,9.0,1,9.0
SO58749,6811,13,2013-05-27,2013-06-03,2013-06-08,9.0,1,9.0
SO58749,6811,14,2013-05-27,2013-06-03,2013-06-08,9.0,1,9.0
SO58750,7675,274,2013-05-27,2013-06-03,2013-06-08,22.0,1,22.0
SO58751,3873,274,2013-05-27,2013-06-03,2013-06-08,22.0,1,22.0
SO58752,4944,274,2013-05-27,2013-06-03,2013-06-08,22.0,1,22.0
SO58753,1539,12,2013-05-27,2013-06-03,2013-06-08,9.0,1,9.0
SO58753,1539,13,2013-05-27,2013-06-03,2013-06-08,9.0,1,9.0
SO58753,1539,14,2013-05-27,2013-06-03,2013-06-08,9.0,1,9.0
SO58754,9378,166,2013-05-27,2013-06-03,2013-06-08,2443.0,1,2443.0
SO58754,9378,167,2013-05-27,2013-06-03,2013-06-08,2443.0,1,2443.0
SO58755,6043,372,2013-05-27,2013-06-03,2013-06-08,1701.0,1,1701.0
SO58756,6145,372,2013-05-27,2013-06-03,2013-06-08,1701.0,1,1701.0
SO58757,6030,372,2013-05-27,2013-06-03,2013-06-08,1701.0,1,1701.0
SO58758,706,145,2013-05-27,2013-06-03,2013-06-08,2320.0,1,2320.0
SO58758,706,146,2013-05-27,2013-06-03,2013-06-08,2320.0,1,2320.0
SO58759,2244,143,2013-05-27,2013-06-03,2013-06-08,2320.0,1,2320.0
SO58759,2244,144,2013-05-27,2013-06-03,2013-06-08,2320.0,1,2320.0
SO58760,2370,151,2013-05-27,2013-06-03,2013-06-08,2295.0,1,2295.0
SO58760,2370,152,2013-05-27,2013-06-03,2013-06-08,2295.0,1,2295.0
SO58761,2326,143,2013-05-27,2013-06-03,2013-06-08,2320.0,1,2320.0
SO58761,2326,144,2013-05-27,2013-06-03,2013-06-08,2320.0,1,2320.0
SO58762,3306,378,2013-05-27,2013-06-03,2013-06-08,769.0,1,769.0
SO58763,10001,394,2013-05-27,2013-06-03,2013-06-08,540.0,1,540.0
SO58764,11403,394,2013-05-27,2013-06-03,2013-06-08,540.0,1,540.0
SO58765,18301,350,2013-05-27,2013-06-03,2013-06-08,2384.0,1,2384.0
SO58766,53,364,2013-05-27,2013-06-03,2013-06-08,2384.0,1,2384.0
SO58767,8786,168,2013-05-27,2013-06-03,2013-06-08,2443.0,1,2443.0
SO58767,8786,169,2013-05-27,2013-06-03,2013-06-08,2443.0,1,2443.0
SO58768,18005,354,2013-05-27,2013-06-03,2013-06-08,742.0,1,742.0
SO58769,9033,178,2013-05-27,2013-06-03,2013-06-08,1120.0,1,1120.0
SO58769,9033,179,2013-05-27,2013-06-03,2013-06-08,1120.0,1,1120.0
SO58770,9069,174,2013-05-27,2013-06-03,2013-06-08,1120.0,1,1120.0
SO58770,9069,175,2013-05-27,2013-06-03,2013-06-08,1120.0,1,1120.0
SO58771,12780,178,2013-05-27,2013-06-03,2013-06-08,1120.0,1,1120.0
SO58771,12780,179,2013-05-27,2013-06-03,2013-06-08,1120.0,1,1120.0
SO58772,2409,12,2013-05-27,2013-06-03,2013-06-08,9.0,1,9.0
SO58772,2409,13,2013-05-27,2013-06-03,2013-06-08,9.0,1,9.0
SO58772,2409,14,2013-05-27,2013-06-03,2013-06-08,9.0,1,9.0
SO58773,17404,365,2013-05-27,2013-06-03,2013-06-08,2384.0,1,2384.0
SO58774,2254,353,2013-05-27,2013-06-03,2013-06-08,2384.0,1,2384.0
SO58775,4928,364,2013-05-27,2013-06-03,2013-06-08,2384.0,1,2384.0
SO58776,1992,368,2013-05-27,2013-06-03,2013-06-08,1215.0,1,1215.0
SO58777,888,273,2013-05-28,2013-06-04,2013-06-09,8.0,1,8.0
SO58778,6055,325,2013-05-28,2013-06-04,2013-06-09,30.0,1,30.0
SO58779,10973,325,2013-05-28,2013-06-04,2013-06-09,30.0,1,30.0
SO58780,10953,326,2013-05-28,2013-06-04,2013-06-09,35.0,1,35.0
SO58781,2049,330,2013-05-28,2013-06-04,2013-06-09,29.0,1,29.0
SO58782,1994,330,2013-05-28,2013-06-04,2013-06-09,29.0,1,29.0
SO58783,422,369,2013-05-28,2013-06-04,2013-06-09,1701.0,1,1701.0
SO58784,16945,162,2013-05-28,2013-06-04,2013-06-09,2443.0,1,2443.0
SO58784,16945,163,2013-05-28,2013-06-04,2013-06-09,2443.0,1,2443.0
SO58785,5415,168,2013-05-28,2013-06-04,2013-06-09,2443.0,1,2443.0
SO58785,5415,169,2013-05-28,2013-06-04,2013-06-09,2443.0,1,2443.0
SO58786,13570,166,2013-05-28,2013-06-04,2013-06-09,2443.0,1,2443.0
SO58786,13570,167,2013-05-28,2013-06-04,2013-06-09,2443.0,1,2443.0
SO58787,2807,376,2013-05-28,2013-06-04,2013-06-09,769.0,1,769.0
SO58788,2072,330,2013-05-28,2013-06-04,2013-06-09,29.0,1,29.0
SO58789,15456,317,2013-05-28,2013-06-04,2013-06-09,5.0,1,5.0
SO58790,16666,327,2013-05-28,2013-06-04,2013-06-09,21.0,1,21.0
SO58791,16443,327,2013-05-28,2013-06-04,2013-06-09,21.0,1,21.0
SO58792,12185,317,2013-05-28,2013-06-04,2013-06-09,5.0,1,5.0
SO58793,12505,325,2013-05-28,2013-06-04,2013-06-09,30.0,1,30.0
SO58794,9458,266,2013-05-28,2013-06-04,2013-06-09,5.0,1,5.0
SO58795,9525,267,2013-05-28,2013-06-04,2013-06-09,10.0,1,10.0
SO58796,4971,317,2013-05-28,2013-06-04,2013-06-09,5.0,1,5.0
SO58797,9735,317,2013-05-28,2013-06-04,2013-06-09,5.0,1,5.0
SO58798,3509,317,2013-05-28,2013-06-04,2013-06-09,5.0,1,5.0
SO58799,8233,274,2013-05-28,2013-06-04,2013-06-09,22.0,1,22.0
SO58800,3296,274,2013-05-28,2013-06-04,2013-06-09,22.0,1,22.0
SO58801,3297,274,2013-05-28,2013-06-04,2013-06-09,22.0,1,22.0
SO58802,3389,274,2013-05-28,2013-06-04,2013-06-09,22.0,1,22.0
SO58803,14783,266,2013-05-28,2013-06-04,2013-06-09,5.0,1,5.0
SO58804,9569,328,2013-05-28,2013-06-04,2013-06-09,25.0,1,25.0
SO58805,11398,318,2013-05-28,2013-06-04,2013-06-09,4.0,1,4.0
SO58806,567,319,2013-05-28,2013-06-04,2013-06-09,5.0,1,5.0
SO58807,531,326,2013-05-28,2013-06-04,2013-06-09,35.0,1,35.0
SO58808,322,326,2013-05-28,2013-06-04,2013-06-09,35.0,1,35.0
SO58809,4565,274,2013-05-28,2013-06-04,2013-06-09,22.0,1,22.0
SO58810,6122,371,2013-05-28,2013-06-04,2013-06-09,1701.0,1,1701.0
SO58811,2239,151,2013-05-28,2013-06-04,2013-06-09,2295.0,1,2295.0
SO58811,2239,152,2013-05-28,2013-06-04,2013-06-09,2295.0,1,2295.0
SO58812,709,145,2013-05-28,2013-06-04,2013-06-09,2320.0,1,2320.0
SO58812,709,146,2013-05-28,2013-06-04,2013-06-09,2320.0,1,2320.0
SO58813,2356,145,2013-05-28,2013-06-04,2013-06-09,2320.0,1,2320.0
SO58813,2356,146,2013-05-28,2013-06-04,2013-06-09,2320.0,1,2320.0
SO58814,16909,359,2013-05-28,2013-06-04,2013-06-09,742.0,1,742.0
SO58815,8566,369,2013-05-28,2013-06-04,2013-06-09,1701.0,1,1701.0
SO58816,8594,370,2013-05-28,2013-06-04,2013-06-09,1701.0,1,1701.0
SO58817,10003,395,2013-05-28,2013-06-04,2013-06-09,540.0,1,540.0
SO58818,10388,395,2013-05-28,2013-06-04,2013-06-09,540.0,1,540.0
SO58819,8612,168,2013-05-28,2013-06-04,2013-06-09,2443.0,1,2443.0
SO58819,8612,169,2013-05-28,2013-06-04,2013-06-09,2443.0,1,2443.0
SO58820,11345,364,2013-05-28,2013-06-04,2013-06-09,2384.0,1,2384.0
SO58821,11122,365,2013-05-28,2013-06-04,2013-06-09,2384.0,1,2384.0
SO58822,12112,394,2013-05-28,2013-06-04,2013-06-09,540.0,1,540.0
SO58823,11133,394,2013-05-28,2013-06-04,2013-06-09,540.0,1,540.0
SO58824,11973,373,2013-05-28,2013-06-04,2013-06-09,540.0,1,540.0
SO58825,14288,395,2013-05-28,2013-06-04,2013-06-09,540.0,1,540.0
SO58826,11117,373,2013-05-28,2013-06-04,2013-06-09,540.0,1,540.0
SO58827,11120,395,2013-05-28,2013-06-04,2013-06-09,540.0,1,540.0
SO58828,14409,394,2013-05-28,2013-06-04,2013-06-09,540.0,1,540.0
SO58829,11154,393,2013-05-28,2013-06-04,2013-06-09,540.0,1,540.0
SO58830,9029,174,2013-05-28,2013-06-04,2013-06-09,1120.0,1,1120.0
SO58830,9029,175,2013-05-28,2013-06-04,2013-06-09,1120.0,1,1120.0
SO58831,404,394,2013-05-28,2013-06-04,2013-06-09,540.0,1,540.0
SO58832,15831,373,2013-05-28,2013-06-04,2013-06-09,540.0,1,540.0
SO58833,240,373,2013-05-28,2013-06-04,2013-06-09,540.0,1,540.0
SO58834,11586,395,2013-05-28,2013-06-04,2013-06-09,540.0,1,540.0
SO58835,15215,393,2013-05-28,2013-06-04,2013-06-09,540.0,1,540.0
SO58836,1654,351,2013-05-28,2013-06-04,2013-06-09,2384.0,1,2384.0
SO58837,3212,12,2013-05-28,2013-06-04,2013-06-09,9.0,1,9.0
SO58837,3212,13,2013-05-28,2013-06-04,2013-06-09,9.0,1,9.0
SO58837,3212,14,2013-05-28,2013-06-04,2013-06-09,9.0,1,9.0
SO58838,17485,374,2013-05-28,2013-06-04,2013-06-09,742.0,1,742.0
SO58839,1392,147,2013-05-29,2013-06-05,2013-06-10,2295.0,1,2295.0
SO58839,1392,148,2013-05-29,2013-06-05,2013-06-10,2295.0,1,2295.0
SO58840,805,15,2013-05-29,2013-06-05,2013-06-10,50.0,1,50.0
SO58840,805,16,2013-05-29,2013-06-05,2013-06-10,50.0,1,50.0
SO58840,805,17,2013-05-29,2013-06-05,2013-06-10,50.0,1,50.0
SO58841,5684,325,2013-05-29,2013-06-05,2013-06-10,30.0,1,30.0
SO58842,464,267,2013-05-29,2013-06-05,2013-06-10,10.0,1,10.0
SO58843,12563,319,2013-05-29,2013-06-05,2013-06-10,5.0,1,5.0
SO58844,9048,381,2013-05-29,2013-06-05,2013-06-10,565.0,1,565.0
SO58845,9047,385,2013-05-29,2013-06-05,2013-06-10,540.0,1,540.0
SO58846,5448,378,2013-05-29,2013-06-05,2013-06-10,769.0,1,769.0
SO58847,700,12,2013-05-29,2013-06-05,2013-06-10,9.0,1,9.0
SO58847,700,13,2013-05-29,2013-06-05,2013-06-10,9.0,1,9.0
SO58847,700,14,2013-05-29,2013-06-05,2013-06-10,9.0,1,9.0
SO58848,216,318,2013-05-29,2013-06-05,2013-06-10,4.0,1,4.0
SO58849,16218,318,2013-05-29,2013-06-05,2013-06-10,4.0,1,4.0
SO58850,620,328,2013-05-29,2013-06-05,2013-06-10,25.0,1,25.0
SO58851,269,318,2013-05-29,2013-06-05,2013-06-10,4.0,1,4.0
SO58852,17088,319,2013-05-29,2013-06-05,2013-06-10,5.0,1,5.0
SO58853,16752,327,2013-05-29,2013-06-05,2013-06-10,21.0,1,21.0
SO58854,4245,330,2013-05-29,2013-06-05,2013-06-10,29.0,1,29.0
SO58855,13933,329,2013-05-29,2013-06-05,2013-06-10,33.0,1,33.0
SO58856,14883,317,2013-05-29,2013-06-05,2013-06-10,5.0,1,5.0
SO58857,7643,325,2013-05-29,2013-06-05,2013-06-10,30.0,1,30.0
SO58858,13431,318,2013-05-29,2013-06-05,2013-06-10,4.0,1,4.0
SO58859,4749,325,2013-05-29,2013-06-05,2013-06-10,30.0,1,30.0
SO58860,12550,260,2013-05-29,2013-06-05,2013-06-10,64.0,1,64.0
SO58861,8760,12,2013-05-29,2013-06-05,2013-06-10,9.0,1,9.0
SO58861,8760,13,2013-05-29,2013-06-05,2013-06-10,9.0,1,9.0
SO58861,8760,14,2013-05-29,2013-06-05,2013-06-10,9.0,1,9.0
SO58862,9332,265,2013-05-29,2013-06-05,2013-06-10,70.0,1,70.0
SO58863,9126,265,2013-05-29,2013-06-05,2013-06-10,70.0,1,70.0
SO58864,8661,265,2013-05-29,2013-06-05,2013-06-10,70.0,1,70.0
SO58865,6490,266,2013-05-29,2013-06-05,2013-06-10,5.0,1,5.0
SO58866,13631,266,2013-05-29,2013-06-05,2013-06-10,5.0,1,5.0
SO58867,8648,274,2013-05-29,2013-06-05,2013-06-10,22.0,1,22.0
SO58868,1849,317,2013-05-29,2013-06-05,2013-06-10,5.0,1,5.0
SO58869,17448,265,2013-05-29,2013-06-05,2013-06-10,70.0,1,70.0
SO58870,9587,328,2013-05-29,2013-06-05,2013-06-10,25.0,1,25.0
SO58871,2806,318,2013-05-29,2013-06-05,2013-06-10,4.0,1,4.0
SO58872,3813,328,2013-05-29,2013-06-05,2013-06-10,25.0,1,25.0
SO58873,13558,317,2013-05-29,2013-06-05,2013-06-10,5.0,1,5.0
SO58874,14644,319,2013-05-29,2013-06-05,2013-06-10,5.0,1,5.0
SO58875,567,319,2013-05-29,2013-06-05,2013-06-10,5.0,1,5.0
SO58876,11421,327,2013-05-29,2013-06-05,2013-06-10,21.0,1,21.0
SO58877,17901,319,2013-05-29,2013-06-05,2013-06-10,5.0,1,5.0
SO58878,284,326,2013-05-29,2013-06-05,2013-06-10,35.0,1,35.0
SO58879,5842,274,2013-05-29,2013-06-05,2013-06-10,22.0,1,22.0
SO58880,872,326,2013-05-29,2013-06-05,2013-06-10,35.0,1,35.0
SO58881,1730,12,2013-05-29,2013-06-05,2013-06-10,9.0,1,9.0
SO58881,1730,13,2013-05-29,2013-06-05,2013-06-10,9.0,1,9.0
SO58881,1730,14,2013-05-29,2013-06-05,2013-06-10,9.0,1,9.0
SO58882,5953,369,2013-05-29,2013-06-05,2013-06-10,1701.0,1,1701.0
SO58883,6023,369,2013-05-29,2013-06-05,2013-06-10,1701.0,1,1701.0
SO58884,8166,382,2013-05-29,2013-06-05,2013-06-10,565.0,1,565.0
SO58885,3336,376,2013-05-29,2013-06-05,2013-06-10,769.0,1,769.0
SO58886,2397,141,2013-05-29,2013-06-05,2013-06-10,2320.0,1,2320.0
SO58886,2397,142,2013-05-29,2013-06-05,2013-06-10,2320.0,1,2320.0
SO58887,7020,349,2013-05-29,2013-06-05,2013-06-10,1215.0,1,1215.0
SO58888,11169,395,2013-05-29,2013-06-05,2013-06-10,540.0,1,540.0
SO58889,1699,149,2013-05-29,2013-06-05,2013-06-10,2295.0,1,2295.0
SO58889,1699,150,2013-05-29,2013-06-05,2013-06-10,2295.0,1,2295.0
SO58890,8603,168,2013-05-29,2013-06-05,2013-06-10,2443.0,1,2443.0
SO58890,8603,169,2013-05-29,2013-06-05,2013-06-10,2443.0,1,2443.0
SO58891,1015,387,2013-05-29,2013-06-05,2013-06-10,540.0,1,540.0
SO58892,17860,374,2013-05-29,2013-06-05,2013-06-10,742.0,1,742.0
SO58893,15511,357,2013-05-29,2013-06-05,2013-06-10,742.0,1,742.0
SO58894,14392,367,2013-05-29,2013-06-05,2013-06-10,1215.0,1,1215.0
SO58895,14156,362,2013-05-29,2013-06-05,2013-06-10,2384.0,1,2384.0
SO58896,14080,363,2013-05-29,2013-06-05,2013-06-10,2384.0,1,2384.0
SO58897,9007,174,2013-05-29,2013-06-05,2013-06-10,1120.0,1,1120.0
SO58897,9007,175,2013-05-29,2013-06-05,2013-06-10,1120.0,1,1120.0
SO58898,16128,172,2013-05-29,2013-06-05,2013-06-10,1120.0,1,1120.0
SO58898,16128,173,2013-05-29,2013-06-05,2013-06-10,1120.0,1,1120.0
SO58899,11317,394,2013-05-29,2013-06-05,2013-06-10,540.0,1,540.0
SO58900,13184,350,2013-05-29,2013-06-05,2013-06-10,2384.0,1,2384.0
SO59077,3831,145,2013-05-30,2013-06-06,2013-06-11,2320.0,1,2320.0
SO59077,3831,146,2013-05-30,2013-06-06,2013-06-11,2320.0,1,2320.0
SO59078,3425,151,2013-05-30,2013-06-06,2013-06-11,2295.0,1,2295.0
SO59078,3425,152,2013-05-30,2013-06-06,2013-06-11,2295.0,1,2295.0
SO59079,2584,141,2013-05-30,2013-06-06,2013-06-11,2320.0,1,2320.0
SO59079,2584,142,2013-05-30,2013-06-06,2013-06-11,2320.0,1,2320.0
SO59080,5554,377,2013-05-30,2013-06-06,2013-06-11,769.0,1,769.0
SO59081,10189,317,2013-05-30,2013-06-06,2013-06-11,5.0,1,5.0
SO59082,7200,274,2013-05-30,2013-06-06,2013-06-11,22.0,1,22.0
SO59083,14117,317,2013-05-30,2013-06-06,2013-06-11,5.0,1,5.0
SO59084,11963,266,2013-05-30,2013-06-06,2013-06-11,5.0,1,5.0
SO59085,18093,318,2013-05-30,2013-06-06,2013-06-11,4.0,1,4.0
SO59086,13090,372,2013-05-30,2013-06-06,2013-06-11,1701.0,1,1701.0
SO59087,10019,372,2013-05-30,2013-06-06,2013-06-11,1701.0,1,1701.0
SO59088,16949,166,2013-05-30,2013-06-06,2013-06-11,2443.0,1,2443.0
SO59088,16949,167,2013-05-30,2013-06-06,2013-06-11,2443.0,1,2443.0
SO59089,5046,379,2013-05-30,2013-06-06,2013-06-11,769.0,1,769.0
SO59090,675,277,2013-05-30,2013-06-06,2013-06-11,54.0,1,54.0
SO59091,17978,328,2013-05-30,2013-06-06,2013-06-11,25.0,1,25.0
SO59092,207,269,2013-05-30,2013-06-06,2013-06-11,2.0,1,2.0
SO59093,13392,329,2013-05-30,2013-06-06,2013-06-11,33.0,1,33.0
SO59094,14019,329,2013-05-30,2013-06-06,2013-06-11,33.0,1,33.0
SO59095,923,329,2013-05-30,2013-06-06,2013-06-11,33.0,1,33.0
SO59096,11777,325,2013-05-30,2013-06-06,2013-06-11,30.0,1,30.0
SO59097,8895,264,2013-05-30,2013-06-06,2013-06-11,70.0,1,70.0
SO59098,6542,266,2013-05-30,2013-06-06,2013-06-11,5.0,1,5.0
SO59099,16414,317,2013-05-30,2013-06-06,2013-06-11,5.0,1,5.0
SO59100,14333,317,2013-05-30,2013-06-06,2013-06-11,5.0,1,5.0
SO59101,3250,274,2013-05-30,2013-06-06,2013-06-11,22.0,1,22.0
SO59102,3995,317,2013-05-30,2013-06-06,2013-06-11,5.0,1,5.0
SO59103,10866,318,2013-05-30,2013-06-06,2013-06-11,4.0,1,4.0
SO59104,8910,318,2013-05-30,2013-06-06,2013-06-11,4.0,1,4.0
SO59105,6806,325,2013-05-30,2013-06-06,2013-06-11,30.0,1,30.0
SO59106,13073,318,2013-05-30,2013-06-06,2013-06-11,4.0,1,4.0
SO59107,16841,319,2013-05-30,2013-06-06,2013-06-11,5.0,1,5.0
SO59108,13138,318,2013-05-30,2013-06-06,2013-06-11,4.0,1,4.0
SO59109,5150,274,2013-05-30,2013-06-06,2013-06-11,22.0,1,22.0
SO59110,2164,274,2013-05-30,2013-06-06,2013-06-11,22.0,1,22.0
SO59111,7078,274,2013-05-30,2013-06-06,2013-06-11,22.0,1,22.0
SO59112,1605,267,2013-05-30,2013-06-06,2013-06-11,10.0,1,10.0
SO59113,8688,380,2013-05-30,2013-06-06,2013-06-11,565.0,1,565.0
SO59114,11115,386,2013-05-30,2013-06-06,2013-06-11,540.0,1,540.0
SO59115,2913,141,2013-05-30,2013-06-06,2013-06-11,2320.0,1,2320.0
SO59115,2913,142,2013-05-30,2013-06-06,2013-06-11,2320.0,1,2320.0
SO59116,797,147,2013-05-30,2013-06-06,2013-06-11,2295.0,1,2295.0
SO59116,797,148,2013-05-30,2013-06-06,2013-06-11,2295.0,1,2295.0
SO59117,2457,145,2013-05-30,2013-06-06,2013-06-11,2320.0,1,2320.0
SO59117,2457,146,2013-05-30,2013-06-06,2013-06-11,2320.0,1,2320.0
SO59118,3950,375,2013-05-30,2013-06-06,2013-06-11,742.0,1,742.0
SO59119,15946,375,2013-05-30,2013-06-06,2013-06-11,742.0,1,742.0
SO59120,14589,368,2013-05-30,2013-06-06,2013-06-11,1215.0,1,1215.0
SO59121,12332,372,2013-05-30,2013-06-06,2013-06-11,1701.0,1,1701.0
SO59122,9229,166,2013-05-30,2013-06-06,2013-06-11,2443.0,1,2443.0
SO59122,9229,167,2013-05-30,2013-06-06,2013-06-11,2443.0,1,2443.0
SO59123,8978,164,2013-05-30,2013-06-06,2013-06-11,2443.0,1,2443.0
SO59123,8978,165,2013-05-30,2013-06-06,2013-06-11,2443.0,1,2443.0
SO59124,14108,174,2013-05-30,2013-06-06,2013-06-11,1120.0,1,1120.0
SO59124,14108,175,2013-05-30,2013-06-06,2013-06-11,1120.0,1,1120.0
SO59125,13477,178,2013-05-30,2013-06-06,2013-06-11,1120.0,1,1120.0
SO59125,13477,179,2013-05-30,2013-06-06,2013-06-11,1120.0,1,1120.0
SO59126,16353,373,2013-05-30,2013-06-06,2013-06-11,540.0,1,540.0
SO59127,55,353,2013-05-30,2013-06-06,2013-06-11,2384.0,1,2384.0
SO59128,13446,352,2013-05-30,2013-06-06,2013-06-11,2384.0,1,2384.0
SO59129,13442,365,2013-05-30,2013-06-06,2013-06-11,2384.0,1,2384.0
SO59130,11232,393,2013-05-30,2013-06-06,2013-06-11,540.0,1,540.0
SO59131,12180,394,2013-05-30,2013-06-06,2013-06-11,540.0,1,540.0
SO59132,9297,174,2013-05-30,2013-06-06,2013-06-11,1120.0,1,1120.0
SO59132,9297,175,2013-05-30,2013-06-06,2013-06-11,1120.0,1,1120.0
SO59133,9111,172,2013-05-30,2013-06-06,2013-06-11,1120.0,1,1120.0
SO59133,9111,173,2013-05-30,2013-06-06,2013-06-11,1120.0,1,1120.0
SO59134,6263,372,2013-05-30,2013-06-06,2013-06-11,1701.0,1,1701.0
SO59135,16761,170,2013-05-30,2013-06-06,2013-06-11,1120.0,1,1120.0
SO59135,16761,171,2013-05-30,2013-06-06,2013-06-11,1120.0,1,1120.0
SO59136,1298,170,2013-05-30,2013-06-06,2013-06-11,1120.0,1,1120.0
SO59136,1298,171,2013-05-30,2013-06-06,2013-06-11,1120.0,1,1120.0
SO59137,16798,176,2013-05-30,2013-06-06,2013-06-11,1120.0,1,1120.0
SO59137,16798,177,2013-05-30,2013-06-06,2013-06-11,1120.0,1,1120.0
SO59138,5831,352,2013-05-30,2013-06-06,2013-06-11,2384.0,1,2384.0
SO59139,18383,362,2013-05-30,2013-06-06,2013-06-11,2384.0,1,2384.0
SO59140,17417,351,2013-05-30,2013-06-06,2013-06-11,2384.0,1,2384.0
SO59141,2412,363,2013-05-30,2013-06-06,2013-06-11,2384.0,1,2384.0
SO59142,17326,395,2013-05-30,2013-06-06,2013-06-11,540.0,1,540.0
SO59143,756,317,2013-05-31,2013-06-07,2013-06-12,5.0,1,5.0
SO59144,4207,318,2013-05-31,2013-06-07,2013-06-12,4.0,1,4.0
SO59145,12528,274,2013-05-31,2013-06-07,2013-06-12,22.0,1,22.0
SO59146,10021,369,2013-05-31,2013-06-07,2013-06-12,1701.0,1,1701.0
SO59147,10037,370,2013-05-31,2013-06-07,2013-06-12,1701.0,1,1701.0
SO59148,6800,369,2013-05-31,2013-06-07,2013-06-12,1701.0,1,1701.0
SO59149,6757,372,2013-05-31,2013-06-07,2013-06-12,1701.0,1,1701.0
SO59150,6825,371,2013-05-31,2013-06-07,2013-06-12,1701.0,1,1701.0
SO59151,4096,141,2013-05-31,2013-06-07,2013-06-12,2320.0,1,2320.0
SO59151,4096,142,2013-05-31,2013-06-07,2013-06-12,2320.0,1,2320.0
SO59152,1052,24,2013-05-31,2013-06-07,2013-06-12,50.0,1,50.0
SO59152,1052,25,2013-05-31,2013-06-07,2013-06-12,50.0,1,50.0
SO59152,1052,26,2013-05-31,2013-06-07,2013-06-12,50.0,1,50.0
SO59153,531,328,2013-05-31,2013-06-07,2013-06-12,25.0,1,25.0
SO59154,15738,330,2013-05-31,2013-06-07,2013-06-12,29.0,1,29.0
SO59155,4761,319,2013-05-31,2013-06-07,2013-06-12,5.0,1,5.0
SO59156,15577,330,2013-05-31,2013-06-07,2013-06-12,29.0,1,29.0
SO59157,13737,318,2013-05-31,2013-06-07,2013-06-12,4.0,1,4.0
SO59158,12068,325,2013-05-31,2013-06-07,2013-06-12,30.0,1,30.0
SO59159,10694,267,2013-05-31,2013-06-07,2013-06-12,10.0,1,10.0
SO59160,5498,267,2013-05-31,2013-06-07,2013-06-12,10.0,1,10.0
SO59161,12061,325,2013-05-31,2013-06-07,2013-06-12,30.0,1,30.0
SO59162,10493,266,2013-05-31,2013-06-07,2013-06-12,5.0,1,5.0
SO59163,9115,264,2013-05-31,2013-06-07,2013-06-12,70.0,1,70.0
SO59164,8857,265,2013-05-31,2013-06-07,2013-06-12,70.0,1,70.0
SO59165,6037,264,2013-05-31,2013-06-07,2013-06-12,70.0,1,70.0
SO59166,1108,263,2013-05-31,2013-06-07,2013-06-12,70.0,1,70.0
SO59167,6429,266,2013-05-31,2013-06-07,2013-06-12,5.0,1,5.0
SO59168,7777,266,2013-05-31,2013-06-07,2013-06-12,5.0,1,5.0
SO59169,7601,274,2013-05-31,2013-06-07,2013-06-12,22.0,1,22.0
SO59170,5591,265,2013-05-31,2013-06-07,2013-06-12,70.0,1,70.0
SO59171,1509,264,2013-05-31,2013-06-07,2013-06-12,70.0,1,70.0
SO59172,6704,317,2013-05-31,2013-06-07,2013-06-12,5.0,1,5.0
SO59173,9059,328,2013-05-31,2013-06-07,2013-06-12,25.0,1,25.0
SO59174,5537,328,2013-05-31,2013-06-07,2013-06-12,25.0,1,25.0
SO59175,10515,325,2013-05-31,2013-06-07,2013-06-12,30.0,1,30.0
SO59176,10113,318,2013-05-31,2013-06-07,2013-06-12,4.0,1,4.0
SO59177,1567,330,2013-05-31,2013-06-07,2013-06-12,29.0,1,29.0
SO59178,67,326,2013-05-31,2013-06-07,2013-06-12,35.0,1,35.0
SO59179,1637,319,2013-05-31,2013-06-07,2013-06-12,5.0,1,5.0
SO59180,2570,319,2013-05-31,2013-06-07,2013-06-12,5.0,1,5.0
SO59181,717,317,2013-05-31,2013-06-07,2013-06-12,5.0,1,5.0
SO59182,929,317,2013-05-31,2013-06-07,2013-06-12,5.0,1,5.0
SO59183,839,317,2013-05-31,2013-06-07,2013-06-12,5.0,1,5.0
SO59184,1896,317,2013-05-31,2013-06-07,2013-06-12,5.0,1,5.0
SO59185,5728,162,2013-05-31,2013-06-07,2013-06-12,2443.0,1,2443.0
SO59185,5728,163,2013-05-31,2013-06-07,2013-06-12,2443.0,1,2443.0
SO59186,3380,379,2013-05-31,2013-06-07,2013-06-12,769.0,1,769.0
SO59187,4905,385,2013-05-31,2013-06-07,2013-06-12,540.0,1,540.0
SO59188,3375,143,2013-05-31,2013-06-07,2013-06-12,2320.0,1,2320.0
SO59188,3375,144,2013-05-31,2013-06-07,2013-06-12,2320.0,1,2320.0
SO59189,2453,141,2013-05-31,2013-06-07,2013-06-12,2320.0,1,2320.0
SO59189,2453,142,2013-05-31,2013-06-07,2013-06-12,2320.0,1,2320.0
SO59190,9220,164,2013-05-31,2013-06-07,2013-06-12,2443.0,1,2443.0
SO59190,9220,165,2013-05-31,2013-06-07,2013-06-12,2443.0,1,2443.0
SO59191,13461,170,2013-05-31,2013-06-07,2013-06-12,1120.0,1,1120.0
SO59191,13461,171,2013-05-31,2013-06-07,2013-06-12,1120.0,1,1120.0
SO59192,14058,178,2013-05-31,2013-06-07,2013-06-12,1120.0,1,1120.0
SO59192,14058,179,2013-05-31,2013-06-07,2013-06-12,1120.0,1,1120.0
SO59193,11405,394,2013-05-31,2013-06-07,2013-06-12,540.0,1,540.0
SO59194,57,351,2013-05-31,2013-06-07,2013-06-12,2384.0,1,2384.0
SO59195,14419,366,2013-05-31,2013-06-07,2013-06-12,1215.0,1,1215.0
SO59196,14395,366,2013-05-31,2013-06-07,2013-06-12,1215.0,1,1215.0
SO59197,13645,350,2013-05-31,2013-06-07,2013-06-12,2384.0,1,2384.0
SO59198,11292,373,2013-05-31,2013-06-07,2013-06-12,540.0,1,540.0
SO59199,14990,394,2013-05-31,2013-06-07,2013-06-12,540.0,1,540.0
SO59200,9375,170,2013-05-31,2013-06-07,2013-06-12,1120.0,1,1120.0
SO59200,9375,171,2013-05-31,2013-06-07,2013-06-12,1120.0,1,1120.0
SO59201,6444,370,2013-05-31,2013-06-07,2013-06-12,1701.0,1,1701.0
SO59202,4926,176,2013-05-31,2013-06-07,2013-06-12,1120.0,1,1120.0
SO59202,4926,177,2013-05-31,2013-06-07,2013-06-12,1120.0,1,1120.0
SO59203,11396,395,2013-05-31,2013-06-07,2013-06-12,540.0,1,540.0
SO59204,2596,364,2013-05-31,2013-06-07,2013-06-12,2384.0,1,2384.0
SO59205,2008,366,2013-05-31,2013-06-07,2013-06-12,1215.0,1,1215.0
SO59206,18056,375,2013-05-31,2013-06-07,2013-06-12,742.0,1,742.0
SO59207,448,12,2013-05-31,2013-06-07,2013-06-12,9.0,1,9.0
SO59207,448,13,2013-05-31,2013-06-07,2013-06-12,9.0,1,9.0
SO59207,448,14,2013-05-31,2013-06-07,2013-06-12,9.0,1,9.0
SO59208,456,364,2013-05-31,2013-06-07,2013-06-12,2384.0,1,2384.0
SO59209,457,365,2013-05-31,2013-06-07,2013-06-12,2384.0,1,2384.0
SO59210,1561,147,2013-06-01,2013-06-08,2013-06-13,2295.0,1,2295.0
SO59210,1561,148,2013-06-01,2013-06-08,2013-06-13,2295.0,1,2295.0
SO59211,1600,149,2013-06-01,2013-06-08,2013-06-13,2295.0,1,2295.0
SO59211,1600,150,2013-06-01,2013-06-08,2013-06-13,2295.0,1,2295.0
SO59212,2601,141,2013-06-01,2013-06-08,2013-06-13,2320.0,1,2320.0
SO59212,2601,142,2013-06-01,2013-06-08,2013-06-13,2320.0,1,2320.0
SO59213,2580,141,2013-06-01,2013-06-08,2013-06-13,2320.0,1,2320.0
SO59213,2580,142,2013-06-01,2013-06-08,2013-06-13,2320.0,1,2320.0
SO59214,13279,318,2013-06-01,2013-06-08,2013-06-13,4.0,1,4.0
SO59215,912,318,2013-06-01,2013-06-08,2013-06-13,4.0,1,4.0
SO59216,6804,385,2013-06-01,2013-06-08,2013-06-13,540.0,1,540.0
SO59217,13537,381,2013-06-01,2013-06-08,2013-06-13,565.0,1,565.0
SO59218,9812,160,2013-06-01,2013-06-08,2013-06-13,2443.0,1,2443.0
SO59218,9812,161,2013-06-01,2013-06-08,2013-06-13,2443.0,1,2443.0
SO59219,4083,151,2013-06-01,2013-06-08,2013-06-13,2295.0,1,2295.0
SO59219,4083,152,2013-06-01,2013-06-08,2013-06-13,2295.0,1,2295.0
SO59220,18284,279,2013-06-01,2013-06-08,2013-06-13,54.0,1,54.0
SO59221,17996,328,2013-06-01,2013-06-08,2013-06-13,25.0,1,25.0
SO59222,17361,319,2013-06-01,2013-06-08,2013-06-13,5.0,1,5.0
SO59223,16242,330,2013-06-01,2013-06-08,2013-06-13,29.0,1,29.0
SO59224,15001,324,2013-06-01,2013-06-08,2013-06-13,25.0,1,25.0
SO59225,15578,330,2013-06-01,2013-06-08,2013-06-13,29.0,1,29.0
SO59226,1184,325,2013-06-01,2013-06-08,2013-06-13,30.0,1,30.0
SO59227,12295,317,2013-06-01,2013-06-08,2013-06-13,5.0,1,5.0
SO59228,1970,317,2013-06-01,2013-06-08,2013-06-13,5.0,1,5.0
SO59229,9690,266,2013-06-01,2013-06-08,2013-06-13,5.0,1,5.0
SO59230,9792,267,2013-06-01,2013-06-08,2013-06-13,10.0,1,10.0
SO59231,2868,274,2013-06-01,2013-06-08,2013-06-13,22.0,1,22.0
SO59232,3769,274,2013-06-01,2013-06-08,2013-06-13,22.0,1,22.0
SO59233,2449,274,2013-06-01,2013-06-08,2013-06-13,22.0,1,22.0
SO59234,9180,328,2013-06-01,2013-06-08,2013-06-13,25.0,1,25.0
SO59235,1294,12,2013-06-01,2013-06-08,2013-06-13,9.0,1,9.0
SO59235,1294,13,2013-06-01,2013-06-08,2013-06-13,9.0,1,9.0
SO59235,1294,14,2013-06-01,2013-06-08,2013-06-13,9.0,1,9.0
SO59236,11498,266,2013-06-01,2013-06-08,2013-06-13,5.0,1,5.0
SO59237,12937,330,2013-06-01,2013-06-08,2013-06-13,29.0,1,29.0
SO59238,3840,330,2013-06-01,2013-06-08,2013-06-13,29.0,1,29.0
SO59239,162,326,2013-06-01,2013-06-08,2013-06-13,35.0,1,35.0
SO59240,9462,168,2013-06-01,2013-06-08,2013-06-13,2443.0,1,2443.0
SO59240,9462,169,2013-06-01,2013-06-08,2013-06-13,2443.0,1,2443.0
SO59241,3498,377,2013-06-01,2013-06-08,2013-06-13,769.0,1,769.0
SO59242,3561,376,2013-06-01,2013-06-08,2013-06-13,769.0,1,769.0
SO59243,3379,379,2013-06-01,2013-06-08,2013-06-13,769.0,1,769.0
SO59244,8692,386,2013-06-01,2013-06-08,2013-06-13,540.0,1,540.0
SO59245,3006,149,2013-06-01,2013-06-08,2013-06-13,2295.0,1,2295.0
SO59245,3006,150,2013-06-01,2013-06-08,2013-06-13,2295.0,1,2295.0
SO59246,2896,143,2013-06-01,2013-06-08,2013-06-13,2320.0,1,2320.0
SO59246,2896,144,2013-06-01,2013-06-08,2013-06-13,2320.0,1,2320.0
SO59247,2904,151,2013-06-01,2013-06-08,2013-06-13,2295.0,1,2295.0
SO59247,2904,152,2013-06-01,2013-06-08,2013-06-13,2295.0,1,2295.0
SO59248,1017,141,2013-06-01,2013-06-08,2013-06-13,2320.0,1,2320.0
SO59248,1017,142,2013-06-01,2013-06-08,2013-06-13,2320.0,1,2320.0
SO59249,957,147,2013-06-01,2013-06-08,2013-06-13,2295.0,1,2295.0
SO59249,957,148,2013-06-01,2013-06-08,2013-06-13,2295.0,1,2295.0
SO59250,1027,145,2013-06-01,2013-06-08,2013-06-13,2320.0,1,2320.0
SO59250,1027,146,2013-06-01,2013-06-08,2013-06-13,2320.0,1,2320.0
SO59251,9212,369,2013-06-01,2013-06-08,2013-06-13,1701.0,1,1701.0
SO59252,13463,172,2013-06-01,2013-06-08,2013-06-13,1120.0,1,1120.0
SO59252,13463,173,2013-06-01,2013-06-08,2013-06-13,1120.0,1,1120.0
SO59253,14054,170,2013-06-01,2013-06-08,2013-06-13,1120.0,1,1120.0
SO59253,14054,171,2013-06-01,2013-06-08,2013-06-13,1120.0,1,1120.0
SO59254,17317,393,2013-06-01,2013-06-08,2013-06-13,540.0,1,540.0
SO59255,15580,356,2013-06-01,2013-06-08,2013-06-13,742.0,1,742.0
SO59256,15602,358,2013-06-01,2013-06-08,2013-06-13,742.0,1,742.0
SO59257,18129,359,2013-06-01,2013-06-08,2013-06-13,742.0,1,742.0
SO59258,18167,360,2013-06-01,2013-06-08,2013-06-13,742.0,1,742.0
SO59259,1114,352,2013-06-01,2013-06-08,2013-06-13,2384.0,1,2384.0
SO59260,14285,352,2013-06-01,2013-06-08,2013-06-13,2384.0,1,2384.0
SO59261,14405,350,2013-06-01,2013-06-08,2013-06-13,2384.0,1,2384.0
SO59262,6677,261,2013-06-01,2013-06-08,2013-06-13,64.0,1,64.0
SO59263,7460,393,2013-06-01,2013-06-08,2013-06-13,540.0,1,540.0
SO59264,12174,395,2013-06-01,2013-06-08,2013-06-13,540.0,1,540.0
SO59265,11257,373,2013-06-01,2013-06-08,2013-06-13,540.0,1,540.0
SO59266,8415,176,2013-06-01,2013-06-08,2013-06-13,1120.0,1,1120.0
SO59266,8415,177,2013-06-01,2013-06-08,2013-06-13,1120.0,1,1120.0
SO59267,8474,172,2013-06-01,2013-06-08,2013-06-13,1120.0,1,1120.0
SO59267,8474,173,2013-06-01,2013-06-08,2013-06-13,1120.0,1,1120.0
SO59268,9727,176,2013-06-01,2013-06-08,2013-06-13,1120.0,1,1120.0
SO59268,9727,177,2013-06-01,2013-06-08,2013-06-13,1120.0,1,1120.0
SO59269,5604,353,2013-06-01,2013-06-08,2013-06-13,2384.0,1,2384.0
SO59270,3050,375,2013-06-01,2013-06-08,2013-06-13,742.0,1,742.0
SO59271,458,363,2013-06-01,2013-06-08,2013-06-13,2384.0,1,2384.0
SO59272,1238,143,2013-06-02,2013-06-09,2013-06-14,2320.0,1,2320.0
SO59272,1238,144,2013-06-02,2013-06-09,2013-06-14,2320.0,1,2320.0
SO59273,1623,145,2013-06-02,2013-06-09,2013-06-14,2320.0,1,2320.0
SO59273,1623,146,2013-06-02,2013-06-09,2013-06-14,2320.0,1,2320.0
SO59274,2783,151,2013-06-02,2013-06-09,2013-06-14,2295.0,1,2295.0
SO59274,2783,152,2013-06-02,2013-06-09,2013-06-14,2295.0,1,2295.0
SO59275,1683,317,2013-06-02,2013-06-09,2013-06-14,5.0,1,5.0
SO59276,1371,317,2013-06-02,2013-06-09,2013-06-14,5.0,1,5.0
SO59277,5174,318,2013-06-02,2013-06-09,2013-06-14,4.0,1,4.0
SO59278,6246,279,2013-06-02,2013-06-09,2013-06-14,54.0,1,54.0
SO59279,4237,1,2013-06-02,2013-06-09,2013-06-14,35.0,1,35.0
SO59279,4237,2,2013-06-02,2013-06-09,2013-06-14,35.0,1,35.0
SO59279,4237,3,2013-06-02,2013-06-09,2013-06-14,35.0,1,35.0
SO59280,4584,1,2013-06-02,2013-06-09,2013-06-14,35.0,1,35.0
SO59280,4584,2,2013-06-02,2013-06-09,2013-06-14,35.0,1,35.0
SO59280,4584,3,2013-06-02,2013-06-09,2013-06-14,35.0,1,35.0
SO59281,2845,378,2013-06-02,2013-06-09,2013-06-14,769.0,1,769.0
SO59282,6771,371,2013-06-02,2013-06-09,2013-06-14,1701.0,1,1701.0
SO59283,418,389,2013-06-02,2013-06-09,2013-06-14,540.0,1,540.0
SO59284,3980,388,2013-06-02,2013-06-09,2013-06-14,540.0,1,540.0
SO59285,3961,384,2013-06-02,2013-06-09,2013-06-14,565.0,1,565.0
SO59286,3945,384,2013-06-02,2013-06-09,2013-06-14,565.0,1,565.0
SO59287,9892,384,2013-06-02,2013-06-09,2013-06-14,565.0,1,565.0
SO59288,5434,160,2013-06-02,2013-06-09,2013-06-14,2443.0,1,2443.0
SO59288,5434,161,2013-06-02,2013-06-09,2013-06-14,2443.0,1,2443.0
SO59289,2813,379,2013-06-02,2013-06-09,2013-06-14,769.0,1,769.0
SO59290,521,319,2013-06-02,2013-06-09,2013-06-14,5.0,1,5.0
SO59291,17086,319,2013-06-02,2013-06-09,2013-06-14,5.0,1,5.0
SO59292,332,327,2013-06-02,2013-06-09,2013-06-14,21.0,1,21.0
SO59293,16639,330,2013-06-02,2013-06-09,2013-06-14,29.0,1,29.0
SO59294,15508,324,2013-06-02,2013-06-09,2013-06-14,25.0,1,25.0
SO59295,14855,324,2013-06-02,2013-06-09,2013-06-14,25.0,1,25.0
SO59296,1141,325,2013-06-02,2013-06-09,2013-06-14,30.0,1,30.0
SO59297,10901,267,2013-06-02,2013-06-09,2013-06-14,10.0,1,10.0
SO59298,4817,267,2013-06-02,2013-06-09,2013-06-14,10.0,1,10.0
SO59299,278,266,2013-06-02,2013-06-09,2013-06-14,5.0,1,5.0
SO59300,8852,265,2013-06-02,2013-06-09,2013-06-14,70.0,1,70.0
SO59301,8708,265,2013-06-02,2013-06-09,2013-06-14,70.0,1,70.0
SO59302,8693,263,2013-06-02,2013-06-09,2013-06-14,70.0,1,70.0
SO59303,8154,264,2013-06-02,2013-06-09,2013-06-14,70.0,1,70.0
SO59304,15186,266,2013-06-02,2013-06-09,2013-06-14,5.0,1,5.0
SO59305,5235,317,2013-06-02,2013-06-09,2013-06-14,5.0,1,5.0
SO59306,13948,266,2013-06-02,2013-06-09,2013-06-14,5.0,1,5.0
SO59307,3593,317,2013-06-02,2013-06-09,2013-06-14,5.0,1,5.0
SO59308,6707,317,2013-06-02,2013-06-09,2013-06-14,5.0,1,5.0
SO59309,474,12,2013-06-02,2013-06-09,2013-06-14,9.0,1,9.0
SO59309,474,13,2013-06-02,2013-06-09,2013-06-14,9.0,1,9.0
SO59309,474,14,2013-06-02,2013-06-09,2013-06-14,9.0,1,9.0
SO59310,5435,325,2013-06-02,2013-06-09,2013-06-14,30.0,1,30.0
SO59311,8520,318,2013-06-02,2013-06-09,2013-06-14,4.0,1,4.0
SO59312,6738,325,2013-06-02,2013-06-09,2013-06-14,30.0,1,30.0
SO59313,9909,325,2013-06-02,2013-06-09,2013-06-14,30.0,1,30.0
SO59314,9968,266,2013-06-02,2013-06-09,2013-06-14,5.0,1,5.0
SO59315,7629,325,2013-06-02,2013-06-09,2013-06-14,30.0,1,30.0
SO59316,1836,319,2013-06-02,2013-06-09,2013-06-14,5.0,1,5.0
SO59317,4442,319,2013-06-02,2013-06-09,2013-06-14,5.0,1,5.0
SO59318,313,317,2013-06-02,2013-06-09,2013-06-14,5.0,1,5.0
SO59319,9477,162,2013-06-02,2013-06-09,2013-06-14,2443.0,1,2443.0
SO59319,9477,163,2013-06-02,2013-06-09,2013-06-14,2443.0,1,2443.0
SO59320,8697,381,2013-06-02,2013-06-09,2013-06-14,565.0,1,565.0
SO59321,4902,388,2013-06-02,2013-06-09,2013-06-14,540.0,1,540.0
SO59322,2886,143,2013-06-02,2013-06-09,2013-06-14,2320.0,1,2320.0
SO59322,2886,144,2013-06-02,2013-06-09,2013-06-14,2320.0,1,2320.0
SO59323,3240,151,2013-06-02,2013-06-09,2013-06-14,2295.0,1,2295.0
SO59323,3240,152,2013-06-02,2013-06-09,2013-06-14,2295.0,1,2295.0
SO59324,3007,149,2013-06-02,2013-06-09,2013-06-14,2295.0,1,2295.0
SO59324,3007,150,2013-06-02,2013-06-09,2013-06-14,2295.0,1,2295.0
SO59325,1403,358,2013-06-02,2013-06-09,2013-06-14,742.0,1,742.0
SO59326,1460,349,2013-06-02,2013-06-09,2013-06-14,1215.0,1,1215.0
SO59327,13462,178,2013-06-02,2013-06-09,2013-06-14,1120.0,1,1120.0
SO59327,13462,179,2013-06-02,2013-06-09,2013-06-14,1120.0,1,1120.0
SO59328,13925,170,2013-06-02,2013-06-09,2013-06-14,1120.0,1,1120.0
SO59328,13925,171,2013-06-02,2013-06-09,2013-06-14,1120.0,1,1120.0
SO59329,11580,12,2013-06-02,2013-06-09,2013-06-14,9.0,1,9.0
SO59329,11580,13,2013-06-02,2013-06-09,2013-06-14,9.0,1,9.0
SO59329,11580,14,2013-06-02,2013-06-09,2013-06-14,9.0,1,9.0
SO59330,13468,172,2013-06-02,2013-06-09,2013-06-14,1120.0,1,1120.0
SO59330,13468,173,2013-06-02,2013-06-09,2013-06-14,1120.0,1,1120.0
SO59331,16865,351,2013-06-02,2013-06-09,2013-06-14,2384.0,1,2384.0
SO59332,445,350,2013-06-02,2013-06-09,2013-06-14,2384.0,1,2384.0
SO59333,18020,374,2013-06-02,2013-06-09,2013-06-14,742.0,1,742.0
SO59334,15608,356,2013-06-02,2013-06-09,2013-06-14,742.0,1,742.0
SO59335,14404,366,2013-06-02,2013-06-09,2013-06-14,1215.0,1,1215.0
SO59336,9196,178,2013-06-02,2013-06-09,2013-06-14,1120.0,1,1120.0
SO59336,9196,179,2013-06-02,2013-06-09,2013-06-14,1120.0,1,1120.0
SO59337,8117,172,2013-06-02,2013-06-09,2013-06-14,1120.0,1,1120.0
SO59337,8117,173,2013-06-02,2013-06-09,2013-06-14,1120.0,1,1120.0
SO59338,6270,369,2013-06-02,2013-06-09,2013-06-14,1701.0,1,1701.0
SO59339,9834,174,2013-06-02,2013-06-09,2013-06-14,1120.0,1,1120.0
SO59339,9834,175,2013-06-02,2013-06-09,2013-06-14,1120.0,1,1120.0
SO59340,13032,176,2013-06-02,2013-06-09,2013-06-14,1120.0,1,1120.0
SO59340,13032,177,2013-06-02,2013-06-09,2013-06-14,1120.0,1,1120.0
SO59341,11444,394,2013-06-02,2013-06-09,2013-06-14,540.0,1,540.0
SO59342,14736,363,2013-06-02,2013-06-09,2013-06-14,2384.0,1,2384.0
SO59343,1037,324,2013-06-03,2013-06-10,2013-06-15,25.0,1,25.0
SO59344,11575,264,2013-06-03,2013-06-10,2013-06-15,70.0,1,70.0
SO59345,18118,267,2013-06-03,2013-06-10,2013-06-15,10.0,1,10.0
SO59346,5178,318,2013-06-03,2013-06-10,2013-06-15,4.0,1,4.0
SO59347,6770,370,2013-06-03,2013-06-10,2013-06-15,1701.0,1,1701.0
SO59348,3139,377,2013-06-03,2013-06-10,2013-06-15,769.0,1,769.0
SO59349,851,24,2013-06-03,2013-06-10,2013-06-15,50.0,1,50.0
SO59349,851,25,2013-06-03,2013-06-10,2013-06-15,50.0,1,50.0
SO59349,851,26,2013-06-03,2013-06-10,2013-06-15,50.0,1,50.0
SO59350,15467,324,2013-06-03,2013-06-10,2013-06-15,25.0,1,25.0
SO59351,506,319,2013-06-03,2013-06-10,2013-06-15,5.0,1,5.0
SO59352,13813,329,2013-06-03,2013-06-10,2013-06-15,33.0,1,33.0
SO59353,1432,324,2013-06-03,2013-06-10,2013-06-15,25.0,1,25.0
SO59354,15126,317,2013-06-03,2013-06-10,2013-06-15,5.0,1,5.0
SO59355,828,325,2013-06-03,2013-06-10,2013-06-15,30.0,1,30.0
SO59356,12501,325,2013-06-03,2013-06-10,2013-06-15,30.0,1,30.0
SO59357,11161,325,2013-06-03,2013-06-10,2013-06-15,30.0,1,30.0
SO59358,10918,267,2013-06-03,2013-06-10,2013-06-15,10.0,1,10.0
SO59359,11992,325,2013-06-03,2013-06-10,2013-06-15,30.0,1,30.0
SO59360,10580,267,2013-06-03,2013-06-10,2013-06-15,10.0,1,10.0
SO59361,7366,266,2013-06-03,2013-06-10,2013-06-15,5.0,1,5.0
SO59362,2851,274,2013-06-03,2013-06-10,2013-06-15,22.0,1,22.0
SO59363,3972,317,2013-06-03,2013-06-10,2013-06-15,5.0,1,5.0
SO59364,7188,274,2013-06-03,2013-06-10,2013-06-15,22.0,1,22.0
SO59365,5536,328,2013-06-03,2013-06-10,2013-06-15,25.0,1,25.0
SO59366,2782,317,2013-06-03,2013-06-10,2013-06-15,5.0,1,5.0
SO59367,15418,318,2013-06-03,2013-06-10,2013-06-15,4.0,1,4.0
SO59368,9731,330,2013-06-03,2013-06-10,2013-06-15,29.0,1,29.0
SO59369,14667,319,2013-06-03,2013-06-10,2013-06-15,5.0,1,5.0
SO59370,1093,326,2013-06-03,2013-06-10,2013-06-15,35.0,1,35.0
SO59371,6348,274,2013-06-03,2013-06-10,2013-06-15,22.0,1,22.0
SO59372,3200,267,2013-06-03,2013-06-10,2013-06-15,10.0,1,10.0
SO59373,5086,274,2013-06-03,2013-06-10,2013-06-15,22.0,1,22.0
SO59374,3414,377,2013-06-03,2013-06-10,2013-06-15,769.0,1,769.0
SO59375,7937,376,2013-06-03,2013-06-10,2013-06-15,769.0,1,769.0
SO59376,3560,378,2013-06-03,2013-06-10,2013-06-15,769.0,1,769.0
SO59377,1764,385,2013-06-03,2013-06-10,2013-06-15,540.0,1,540.0
SO59378,4305,143,2013-06-03,2013-06-10,2013-06-15,2320.0,1,2320.0
SO59378,4305,144,2013-06-03,2013-06-10,2013-06-15,2320.0,1,2320.0
SO59379,2908,151,2013-06-03,2013-06-10,2013-06-15,2295.0,1,2295.0
SO59379,2908,152,2013-06-03,2013-06-10,2013-06-15,2295.0,1,2295.0
SO59380,2485,147,2013-06-03,2013-06-10,2013-06-15,2295.0,1,2295.0
SO59380,2485,148,2013-06-03,2013-06-10,2013-06-15,2295.0,1,2295.0
SO59381,3113,147,2013-06-03,2013-06-10,2013-06-15,2295.0,1,2295.0
SO59381,3113,148,2013-06-03,2013-06-10,2013-06-15,2295.0,1,2295.0
SO59382,3243,145,2013-06-03,2013-06-10,2013-06-15,2320.0,1,2320.0
SO59382,3243,146,2013-06-03,2013-06-10,2013-06-15,2320.0,1,2320.0
SO59383,777,145,2013-06-03,2013-06-10,2013-06-15,2320.0,1,2320.0
SO59383,777,146,2013-06-03,2013-06-10,2013-06-15,2320.0,1,2320.0
SO59384,3599,145,2013-06-03,2013-06-10,2013-06-15,2320.0,1,2320.0
SO59384,3599,146,2013-06-03,2013-06-10,2013-06-15,2320.0,1,2320.0
SO59385,776,149,2013-06-03,2013-06-10,2013-06-15,2295.0,1,2295.0
SO59385,776,150,2013-06-03,2013-06-10,2013-06-15,2295.0,1,2295.0
SO59386,1405,354,2013-06-03,2013-06-10,2013-06-15,742.0,1,742.0
SO59387,8632,371,2013-06-03,2013-06-10,2013-06-15,1701.0,1,1701.0
SO59388,3524,370,2013-06-03,2013-06-10,2013-06-15,1701.0,1,1701.0
SO59389,6330,160,2013-06-03,2013-06-10,2013-06-15,2443.0,1,2443.0
SO59389,6330,161,2013-06-03,2013-06-10,2013-06-15,2443.0,1,2443.0
SO59390,6287,168,2013-06-03,2013-06-10,2013-06-15,2443.0,1,2443.0
SO59390,6287,169,2013-06-03,2013-06-10,2013-06-15,2443.0,1,2443.0
SO59391,6727,170,2013-06-03,2013-06-10,2013-06-15,1120.0,1,1120.0
SO59391,6727,171,2013-06-03,2013-06-10,2013-06-15,1120.0,1,1120.0
SO59392,1241,383,2013-06-03,2013-06-10,2013-06-15,565.0,1,565.0
SO59393,15521,355,2013-06-03,2013-06-10,2013-06-15,742.0,1,742.0
SO59394,14396,366,2013-06-03,2013-06-10,2013-06-15,1215.0,1,1215.0
SO59395,14194,350,2013-06-03,2013-06-10,2013-06-15,2384.0,1,2384.0
SO59396,8527,172,2013-06-03,2013-06-10,2013-06-15,1120.0,1,1120.0
SO59396,8527,173,2013-06-03,2013-06-10,2013-06-15,1120.0,1,1120.0
SO59397,9112,170,2013-06-03,2013-06-10,2013-06-15,1120.0,1,1120.0
SO59397,9112,171,2013-06-03,2013-06-10,2013-06-15,1120.0,1,1120.0
SO59398,8437,176,2013-06-03,2013-06-10,2013-06-15,1120.0,1,1120.0
SO59398,8437,177,2013-06-03,2013-06-10,2013-06-15,1120.0,1,1120.0
SO59399,16184,174,2013-06-03,2013-06-10,2013-06-15,1120.0,1,1120.0
SO59399,16184,175,2013-06-03,2013-06-10,2013-06-15,1120.0,1,1120.0
SO59400,15818,395,2013-06-03,2013-06-10,2013-06-15,540.0,1,540.0
SO59401,15948,393,2013-06-03,2013-06-10,2013-06-15,540.0,1,540.0
SO59402,18474,363,2013-06-03,2013-06-10,2013-06-15,2384.0,1,2384.0
SO59403,4086,365,2013-06-03,2013-06-10,2013-06-15,2384.0,1,2384.0
SO59404,1656,351,2013-06-03,2013-06-10,2013-06-15,2384.0,1,2384.0
SO59405,18069,12,2013-06-03,2013-06-10,2013-06-15,9.0,1,9.0
SO59405,18069,13,2013-06-03,2013-06-10,2013-06-15,9.0,1,9.0
SO59405,18069,14,2013-06-03,2013-06-10,2013-06-15,9.0,1,9.0
SO59406,11581,373,2013-06-03,2013-06-10,2013-06-15,540.0,1,540.0
SO59407,3165,147,2013-06-04,2013-06-11,2013-06-16,2295.0,1,2295.0
SO59407,3165,148,2013-06-04,2013-06-11,2013-06-16,2295.0,1,2295.0
SO59408,1395,149,2013-06-04,2013-06-11,2013-06-16,2295.0,1,2295.0
SO59408,1395,150,2013-06-04,2013-06-11,2013-06-16,2295.0,1,2295.0
SO59409,2407,145,2013-06-04,2013-06-11,2013-06-16,2320.0,1,2320.0
SO59409,2407,146,2013-06-04,2013-06-11,2013-06-16,2320.0,1,2320.0
SO59410,3161,145,2013-06-04,2013-06-11,2013-06-16,2320.0,1,2320.0
SO59410,3161,146,2013-06-04,2013-06-11,2013-06-16,2320.0,1,2320.0
SO59411,11525,164,2013-06-04,2013-06-11,2013-06-16,2443.0,1,2443.0
SO59411,11525,165,2013-06-04,2013-06-11,2013-06-16,2443.0,1,2443.0
SO59412,3016,328,2013-06-04,2013-06-11,2013-06-16,25.0,1,25.0
SO59413,7745,274,2013-06-04,2013-06-11,2013-06-16,22.0,1,22.0
SO59414,150,317,2013-06-04,2013-06-11,2013-06-16,5.0,1,5.0
SO59415,6301,325,2013-06-04,2013-06-11,2013-06-16,30.0,1,30.0
SO59416,10378,265,2013-06-04,2013-06-11,2013-06-16,70.0,1,70.0
SO59417,4238,4,2013-06-04,2013-06-11,2013-06-16,35.0,1,35.0
SO59417,4238,5,2013-06-04,2013-06-11,2013-06-16,35.0,1,35.0
SO59417,4238,6,2013-06-04,2013-06-11,2013-06-16,35.0,1,35.0
SO59418,3224,15,2013-06-04,2013-06-11,2013-06-16,50.0,1,50.0
SO59418,3224,16,2013-06-04,2013-06-11,2013-06-16,50.0,1,50.0
SO59418,3224,17,2013-06-04,2013-06-11,2013-06-16,50.0,1,50.0
SO59419,10045,370,2013-06-04,2013-06-11,2013-06-16,1701.0,1,1701.0
SO59420,17078,327,2013-06-04,2013-06-11,2013-06-16,21.0,1,21.0
SO59421,216,327,2013-06-04,2013-06-11,2013-06-16,21.0,1,21.0
SO59422,331,319,2013-06-04,2013-06-11,2013-06-16,5.0,1,5.0
SO59423,16412,327,2013-06-04,2013-06-11,2013-06-16,21.0,1,21.0
SO59424,288,318,2013-06-04,2013-06-11,2013-06-16,4.0,1,4.0
SO59425,13974,329,2013-06-04,2013-06-11,2013-06-16,33.0,1,33.0
SO59426,14871,317,2013-06-04,2013-06-11,2013-06-16,5.0,1,5.0
SO59427,92,324,2013-06-04,2013-06-11,2013-06-16,25.0,1,25.0
SO59428,254,325,2013-06-04,2013-06-11,2013-06-16,30.0,1,30.0
SO59429,13981,329,2013-06-04,2013-06-11,2013-06-16,33.0,1,33.0
SO59430,11241,325,2013-06-04,2013-06-11,2013-06-16,30.0,1,30.0
SO59431,11356,267,2013-06-04,2013-06-11,2013-06-16,10.0,1,10.0
SO59432,10245,267,2013-06-04,2013-06-11,2013-06-16,10.0,1,10.0
SO59433,8244,264,2013-06-04,2013-06-11,2013-06-16,70.0,1,70.0
SO59434,6468,266,2013-06-04,2013-06-11,2013-06-16,5.0,1,5.0
SO59435,13650,266,2013-06-04,2013-06-11,2013-06-16,5.0,1,5.0
SO59436,5334,274,2013-06-04,2013-06-11,2013-06-16,22.0,1,22.0
SO59437,4450,317,2013-06-04,2013-06-11,2013-06-16,5.0,1,5.0
SO59438,3811,317,2013-06-04,2013-06-11,2013-06-16,5.0,1,5.0
SO59439,1377,318,2013-06-04,2013-06-11,2013-06-16,4.0,1,4.0
SO59440,3695,319,2013-06-04,2013-06-11,2013-06-16,5.0,1,5.0
SO59441,13721,319,2013-06-04,2013-06-11,2013-06-16,5.0,1,5.0
SO59442,6106,319,2013-06-04,2013-06-11,2013-06-16,5.0,1,5.0
SO59443,3659,326,2013-06-04,2013-06-11,2013-06-16,35.0,1,35.0
SO59444,868,326,2013-06-04,2013-06-11,2013-06-16,35.0,1,35.0
SO59445,2308,274,2013-06-04,2013-06-11,2013-06-16,22.0,1,22.0
SO59446,5107,274,2013-06-04,2013-06-11,2013-06-16,22.0,1,22.0
SO59447,1428,317,2013-06-04,2013-06-11,2013-06-16,5.0,1,5.0
SO59448,6028,274,2013-06-04,2013-06-11,2013-06-16,22.0,1,22.0
SO59449,590,267,2013-06-04,2013-06-11,2013-06-16,10.0,1,10.0
SO59450,3497,379,2013-06-04,2013-06-11,2013-06-16,769.0,1,769.0
SO59451,8691,386,2013-06-04,2013-06-11,2013-06-16,540.0,1,540.0
SO59452,2479,141,2013-06-04,2013-06-11,2013-06-16,2320.0,1,2320.0
SO59452,2479,142,2013-06-04,2013-06-11,2013-06-16,2320.0,1,2320.0
SO59453,3045,145,2013-06-04,2013-06-11,2013-06-16,2320.0,1,2320.0
SO59453,3045,146,2013-06-04,2013-06-11,2013-06-16,2320.0,1,2320.0
SO59454,2437,147,2013-06-04,2013-06-11,2013-06-16,2295.0,1,2295.0
SO59454,2437,148,2013-06-04,2013-06-11,2013-06-16,2295.0,1,2295.0
SO59455,15965,355,2013-06-04,2013-06-11,2013-06-16,742.0,1,742.0
SO59456,15947,349,2013-06-04,2013-06-11,2013-06-16,1215.0,1,1215.0
SO59457,8299,349,2013-06-04,2013-06-11,2013-06-16,1215.0,1,1215.0
SO59458,4016,371,2013-06-04,2013-06-11,2013-06-16,1701.0,1,1701.0
SO59459,9217,372,2013-06-04,2013-06-11,2013-06-16,1701.0,1,1701.0
SO59460,9218,166,2013-06-04,2013-06-11,2013-06-16,2443.0,1,2443.0
SO59460,9218,167,2013-06-04,2013-06-11,2013-06-16,2443.0,1,2443.0
SO59461,13466,176,2013-06-04,2013-06-11,2013-06-16,1120.0,1,1120.0
SO59461,13466,177,2013-06-04,2013-06-11,2013-06-16,1120.0,1,1120.0
SO59462,13467,172,2013-06-04,2013-06-11,2013-06-16,1120.0,1,1120.0
SO59462,13467,173,2013-06-04,2013-06-11,2013-06-16,1120.0,1,1120.0
SO59463,16363,393,2013-06-04,2013-06-11,2013-06-16,540.0,1,540.0
SO59464,59,362,2013-06-04,2013-06-11,2013-06-16,2384.0,1,2384.0
SO59465,70,350,2013-06-04,2013-06-11,2013-06-16,2384.0,1,2384.0
SO59466,18045,354,2013-06-04,2013-06-11,2013-06-16,742.0,1,742.0
SO59467,5759,360,2013-06-04,2013-06-11,2013-06-16,742.0,1,742.0
SO59468,15546,12,2013-06-04,2013-06-11,2013-06-16,9.0,1,9.0
SO59468,15546,13,2013-06-04,2013-06-11,2013-06-16,9.0,1,9.0
SO59468,15546,14,2013-06-04,2013-06-11,2013-06-16,9.0,1,9.0
SO59469,13497,360,2013-06-04,2013-06-11,2013-06-16,742.0,1,742.0
SO59470,14335,352,2013-06-04,2013-06-11,2013-06-16,2384.0,1,2384.0
SO59471,14399,351,2013-06-04,2013-06-11,2013-06-16,2384.0,1,2384.0
SO59472,14400,364,2013-06-04,2013-06-11,2013-06-16,2384.0,1,2384.0
SO59473,13634,352,2013-06-04,2013-06-11,2013-06-16,2384.0,1,2384.0
SO59474,13642,365,2013-06-04,2013-06-11,2013-06-16,2384.0,1,2384.0
SO59475,6665,394,2013-06-04,2013-06-11,2013-06-16,540.0,1,540.0
SO59476,12925,176,2013-06-04,2013-06-11,2013-06-16,1120.0,1,1120.0
SO59476,12925,177,2013-06-04,2013-06-11,2013-06-16,1120.0,1,1120.0
SO59477,11629,395,2013-06-04,2013-06-11,2013-06-16,540.0,1,540.0
SO59478,11611,373,2013-06-04,2013-06-11,2013-06-16,540.0,1,540.0
SO59479,15929,394,2013-06-04,2013-06-11,2013-06-16,540.0,1,540.0
SO59480,15861,373,2013-06-04,2013-06-11,2013-06-16,540.0,1,540.0
SO59481,14737,352,2013-06-04,2013-06-11,2013-06-16,2384.0,1,2384.0
SO59482,4083,350,2013-06-04,2013-06-11,2013-06-16,2384.0,1,2384.0
SO59483,17418,353,2013-06-04,2013-06-11,2013-06-16,2384.0,1,2384.0
SO59484,18469,364,2013-06-04,2013-06-11,2013-06-16,2384.0,1,2384.0
SO59485,357,376,2013-06-04,2013-06-11,2013-06-16,769.0,1,769.0
SO59486,2011,368,2013-06-04,2013-06-11,2013-06-16,1215.0,1,1215.0
SO59487,11582,394,2013-06-04,2013-06-11,2013-06-16,540.0,1,540.0
SO59488,1855,147,2013-06-05,2013-06-12,2013-06-17,2295.0,1,2295.0
SO59488,1855,148,2013-06-05,2013-06-12,2013-06-17,2295.0,1,2295.0
SO59489,3776,151,2013-06-05,2013-06-12,2013-06-17,2295.0,1,2295.0
SO59489,3776,152,2013-06-05,2013-06-12,2013-06-17,2295.0,1,2295.0
SO59490,1334,151,2013-06-05,2013-06-12,2013-06-17,2295.0,1,2295.0
SO59490,1334,152,2013-06-05,2013-06-12,2013-06-17,2295.0,1,2295.0
SO59491,8623,327,2013-06-05,2013-06-12,2013-06-17,21.0,1,21.0
SO59492,8624,318,2013-06-05,2013-06-12,2013-06-17,4.0,1,4.0
SO59493,6480,274,2013-06-05,2013-06-12,2013-06-17,22.0,1,22.0
SO59494,16147,317,2013-06-05,2013-06-12,2013-06-17,5.0,1,5.0
SO59495,16352,264,2013-06-05,2013-06-12,2013-06-17,70.0,1,70.0
SO59496,15671,264,2013-06-05,2013-06-12,2013-06-17,70.0,1,70.0
SO59497,11018,263,2013-06-05,2013-06-12,2013-06-17,70.0,1,70.0
SO59498,1693,318,2013-06-05,2013-06-12,2013-06-17,4.0,1,4.0
SO59499,467,266,2013-06-05,2013-06-12,2013-06-17,5.0,1,5.0
SO59500,3053,15,2013-06-05,2013-06-12,2013-06-17,50.0,1,50.0
SO59500,3053,16,2013-06-05,2013-06-12,2013-06-17,50.0,1,50.0
SO59500,3053,17,2013-06-05,2013-06-12,2013-06-17,50.0,1,50.0
SO59501,17339,318,2013-06-05,2013-06-12,2013-06-17,4.0,1,4.0
SO59502,10028,371,2013-06-05,2013-06-12,2013-06-17,1701.0,1,1701.0
SO59503,13091,372,2013-06-05,2013-06-12,2013-06-17,1701.0,1,1701.0
SO59504,6776,372,2013-06-05,2013-06-12,2013-06-17,1701.0,1,1701.0
SO59505,13040,372,2013-06-05,2013-06-12,2013-06-17,1701.0,1,1701.0
SO59506,6814,387,2013-06-05,2013-06-12,2013-06-17,540.0,1,540.0
SO59507,9729,384,2013-06-05,2013-06-12,2013-06-17,565.0,1,565.0
SO59508,8311,377,2013-06-05,2013-06-12,2013-06-17,769.0,1,769.0
SO59509,5054,377,2013-06-05,2013-06-12,2013-06-17,769.0,1,769.0
SO59510,331,319,2013-06-05,2013-06-12,2013-06-17,5.0,1,5.0
SO59511,15714,330,2013-06-05,2013-06-12,2013-06-17,29.0,1,29.0
SO59512,14931,317,2013-06-05,2013-06-12,2013-06-17,5.0,1,5.0
SO59513,13993,329,2013-06-05,2013-06-12,2013-06-17,33.0,1,33.0
SO59514,15172,324,2013-06-05,2013-06-12,2013-06-17,25.0,1,25.0
SO59515,11778,325,2013-06-05,2013-06-12,2013-06-17,30.0,1,30.0
SO59516,3662,318,2013-06-05,2013-06-12,2013-06-17,4.0,1,4.0
SO59517,6338,267,2013-06-05,2013-06-12,2013-06-17,10.0,1,10.0
SO59518,8148,317,2013-06-05,2013-06-12,2013-06-17,5.0,1,5.0
SO59519,11163,317,2013-06-05,2013-06-12,2013-06-17,5.0,1,5.0
SO59520,3761,267,2013-06-05,2013-06-12,2013-06-17,10.0,1,10.0
SO59521,2487,267,2013-06-05,2013-06-12,2013-06-17,10.0,1,10.0
SO59522,92,263,2013-06-05,2013-06-12,2013-06-17,70.0,1,70.0
SO59523,16735,263,2013-06-05,2013-06-12,2013-06-17,70.0,1,70.0
SO59524,7838,264,2013-06-05,2013-06-12,2013-06-17,70.0,1,70.0
SO59525,12893,266,2013-06-05,2013-06-12,2013-06-17,5.0,1,5.0
SO59526,12804,266,2013-06-05,2013-06-12,2013-06-17,5.0,1,5.0
SO59527,5386,317,2013-06-05,2013-06-12,2013-06-17,5.0,1,5.0
SO59528,2660,274,2013-06-05,2013-06-12,2013-06-17,22.0,1,22.0
SO59529,7130,274,2013-06-05,2013-06-12,2013-06-17,22.0,1,22.0
SO59530,2792,329,2013-06-05,2013-06-12,2013-06-17,33.0,1,33.0
SO59531,1822,317,2013-06-05,2013-06-12,2013-06-17,5.0,1,5.0
SO59532,15822,327,2013-06-05,2013-06-12,2013-06-17,21.0,1,21.0
SO59533,10133,327,2013-06-05,2013-06-12,2013-06-17,21.0,1,21.0
SO59534,12442,319,2013-06-05,2013-06-12,2013-06-17,5.0,1,5.0
SO59535,6227,319,2013-06-05,2013-06-12,2013-06-17,5.0,1,5.0
SO59536,166,326,2013-06-05,2013-06-12,2013-06-17,35.0,1,35.0
SO59537,1116,326,2013-06-05,2013-06-12,2013-06-17,35.0,1,35.0
SO59538,2170,274,2013-06-05,2013-06-12,2013-06-17,22.0,1,22.0
SO59539,2348,274,2013-06-05,2013-06-12,2013-06-17,22.0,1,22.0
SO59540,9466,168,2013-06-05,2013-06-12,2013-06-17,2443.0,1,2443.0
SO59540,9466,169,2013-06-05,2013-06-12,2013-06-17,2443.0,1,2443.0
SO59541,6160,371,2013-06-05,2013-06-12,2013-06-17,1701.0,1,1701.0
SO59542,3419,376,2013-06-05,2013-06-12,2013-06-17,769.0,1,769.0
SO59543,1767,378,2013-06-05,2013-06-12,2013-06-17,769.0,1,769.0
SO59544,7925,379,2013-06-05,2013-06-12,2013-06-17,769.0,1,769.0
SO59545,4903,384,2013-06-05,2013-06-12,2013-06-17,565.0,1,565.0
SO59546,4904,387,2013-06-05,2013-06-12,2013-06-17,540.0,1,540.0
SO59547,4177,151,2013-06-05,2013-06-12,2013-06-17,2295.0,1,2295.0
SO59547,4177,152,2013-06-05,2013-06-12,2013-06-17,2295.0,1,2295.0
SO59548,2654,141,2013-06-05,2013-06-12,2013-06-17,2320.0,1,2320.0
SO59548,2654,142,2013-06-05,2013-06-12,2013-06-17,2320.0,1,2320.0
SO59549,3942,359,2013-06-05,2013-06-12,2013-06-17,742.0,1,742.0
SO59550,12344,369,2013-06-05,2013-06-12,2013-06-17,1701.0,1,1701.0
SO59551,12345,371,2013-06-05,2013-06-12,2013-06-17,1701.0,1,1701.0
SO59552,8654,371,2013-06-05,2013-06-12,2013-06-17,1701.0,1,1701.0
SO59553,9227,168,2013-06-05,2013-06-12,2013-06-17,2443.0,1,2443.0
SO59553,9227,169,2013-06-05,2013-06-12,2013-06-17,2443.0,1,2443.0
SO59554,6311,160,2013-06-05,2013-06-12,2013-06-17,2443.0,1,2443.0
SO59554,6311,161,2013-06-05,2013-06-12,2013-06-17,2443.0,1,2443.0
SO59555,9214,162,2013-06-05,2013-06-12,2013-06-17,2443.0,1,2443.0
SO59555,9214,163,2013-06-05,2013-06-12,2013-06-17,2443.0,1,2443.0
SO59556,14112,176,2013-06-05,2013-06-12,2013-06-17,1120.0,1,1120.0
SO59556,14112,177,2013-06-05,2013-06-12,2013-06-17,1120.0,1,1120.0
SO59557,11407,394,2013-06-05,2013-06-12,2013-06-17,540.0,1,540.0
SO59558,11410,373,2013-06-05,2013-06-12,2013-06-17,540.0,1,540.0
SO59559,17318,394,2013-06-05,2013-06-12,2013-06-17,540.0,1,540.0
SO59560,11572,393,2013-06-05,2013-06-12,2013-06-17,540.0,1,540.0
SO59561,106,353,2013-06-05,2013-06-12,2013-06-17,2384.0,1,2384.0
SO59562,14902,12,2013-06-05,2013-06-12,2013-06-17,9.0,1,9.0
SO59562,14902,13,2013-06-05,2013-06-12,2013-06-17,9.0,1,9.0
SO59562,14902,14,2013-06-05,2013-06-12,2013-06-17,9.0,1,9.0
SO59563,14904,351,2013-06-05,2013-06-12,2013-06-17,2384.0,1,2384.0
SO59564,14869,364,2013-06-05,2013-06-12,2013-06-17,2384.0,1,2384.0
SO59565,14407,364,2013-06-05,2013-06-12,2013-06-17,2384.0,1,2384.0
SO59566,14424,353,2013-06-05,2013-06-12,2013-06-17,2384.0,1,2384.0
SO59567,6671,373,2013-06-05,2013-06-12,2013-06-17,540.0,1,540.0
SO59568,11291,394,2013-06-05,2013-06-12,2013-06-17,540.0,1,540.0
SO59569,12145,393,2013-06-05,2013-06-12,2013-06-17,540.0,1,540.0
SO59570,8119,174,2013-06-05,2013-06-12,2013-06-17,1120.0,1,1120.0
SO59570,8119,175,2013-06-05,2013-06-12,2013-06-17,1120.0,1,1120.0
SO59571,6390,370,2013-06-05,2013-06-12,2013-06-17,1701.0,1,1701.0
SO59572,12989,176,2013-06-05,2013-06-12,2013-06-17,1120.0,1,1120.0
SO59572,12989,177,2013-06-05,2013-06-12,2013-06-17,1120.0,1,1120.0
SO59573,11439,373,2013-06-05,2013-06-12,2013-06-17,540.0,1,540.0
SO59574,11393,395,2013-06-05,2013-06-12,2013-06-17,540.0,1,540.0
SO59575,15871,271,2013-06-05,2013-06-12,2013-06-17,9.0,1,9.0
SO59576,2578,363,2013-06-05,2013-06-12,2013-06-17,2384.0,1,2384.0
SO59577,2039,368,2013-06-05,2013-06-12,2013-06-17,1215.0,1,1215.0
SO59578,452,364,2013-06-05,2013-06-12,2013-06-17,2384.0,1,2384.0
SO59579,3201,141,2013-06-06,2013-06-13,2013-06-18,2320.0,1,2320.0
SO59579,3201,142,2013-06-06,2013-06-13,2013-06-18,2320.0,1,2320.0
SO59580,1383,145,2013-06-06,2013-06-13,2013-06-18,2320.0,1,2320.0
SO59580,1383,146,2013-06-06,2013-06-13,2013-06-18,2320.0,1,2320.0
SO59581,865,273,2013-06-06,2013-06-13,2013-06-18,8.0,1,8.0
SO59582,6244,325,2013-06-06,2013-06-13,2013-06-18,30.0,1,30.0
SO59583,13585,12,2013-06-06,2013-06-13,2013-06-18,9.0,1,9.0
SO59583,13585,13,2013-06-06,2013-06-13,2013-06-18,9.0,1,9.0
SO59583,13585,14,2013-06-06,2013-06-13,2013-06-18,9.0,1,9.0
SO59584,10897,326,2013-06-06,2013-06-13,2013-06-18,35.0,1,35.0
SO59585,8970,327,2013-06-06,2013-06-13,2013-06-18,21.0,1,21.0
SO59586,14239,317,2013-06-06,2013-06-13,2013-06-18,5.0,1,5.0
SO59587,1680,318,2013-06-06,2013-06-13,2013-06-18,4.0,1,4.0
SO59588,6236,278,2013-06-06,2013-06-13,2013-06-18,54.0,1,54.0
SO59589,6778,369,2013-06-06,2013-06-13,2013-06-18,1701.0,1,1701.0
SO59590,8173,384,2013-06-06,2013-06-13,2013-06-18,565.0,1,565.0
SO59591,13652,318,2013-06-06,2013-06-13,2013-06-18,4.0,1,4.0
SO59592,12201,325,2013-06-06,2013-06-13,2013-06-18,30.0,1,30.0
SO59593,8224,318,2013-06-06,2013-06-13,2013-06-18,4.0,1,4.0
SO59594,12892,325,2013-06-06,2013-06-13,2013-06-18,30.0,1,30.0
SO59595,11159,325,2013-06-06,2013-06-13,2013-06-18,30.0,1,30.0
SO59596,8777,264,2013-06-06,2013-06-13,2013-06-18,70.0,1,70.0
SO59597,7824,265,2013-06-06,2013-06-13,2013-06-18,70.0,1,70.0
SO59598,16385,263,2013-06-06,2013-06-13,2013-06-18,70.0,1,70.0
SO59599,7976,266,2013-06-06,2013-06-13,2013-06-18,5.0,1,5.0
SO59600,12197,317,2013-06-06,2013-06-13,2013-06-18,5.0,1,5.0
SO59601,10264,317,2013-06-06,2013-06-13,2013-06-18,5.0,1,5.0
SO59602,14332,317,2013-06-06,2013-06-13,2013-06-18,5.0,1,5.0
SO59603,4913,317,2013-06-06,2013-06-13,2013-06-18,5.0,1,5.0
SO59604,7182,274,2013-06-06,2013-06-13,2013-06-18,22.0,1,22.0
SO59605,10516,324,2013-06-06,2013-06-13,2013-06-18,25.0,1,25.0
SO59606,14700,318,2013-06-06,2013-06-13,2013-06-18,4.0,1,4.0
SO59607,14301,327,2013-06-06,2013-06-13,2013-06-18,21.0,1,21.0
SO59608,11422,266,2013-06-06,2013-06-13,2013-06-18,5.0,1,5.0
SO59609,11630,319,2013-06-06,2013-06-13,2013-06-18,5.0,1,5.0
SO59610,14696,330,2013-06-06,2013-06-13,2013-06-18,29.0,1,29.0
SO59611,712,326,2013-06-06,2013-06-13,2013-06-18,35.0,1,35.0
SO59612,936,326,2013-06-06,2013-06-13,2013-06-18,35.0,1,35.0
SO59613,2148,326,2013-06-06,2013-06-13,2013-06-18,35.0,1,35.0
SO59614,4880,274,2013-06-06,2013-06-13,2013-06-18,22.0,1,22.0
SO59615,3333,326,2013-06-06,2013-06-13,2013-06-18,35.0,1,35.0
SO59616,2172,274,2013-06-06,2013-06-13,2013-06-18,22.0,1,22.0
SO59617,1366,317,2013-06-06,2013-06-13,2013-06-18,5.0,1,5.0
SO59618,7391,274,2013-06-06,2013-06-13,2013-06-18,22.0,1,22.0
SO59619,2338,274,2013-06-06,2013-06-13,2013-06-18,22.0,1,22.0
SO59620,1102,317,2013-06-06,2013-06-13,2013-06-18,5.0,1,5.0
SO59621,4414,326,2013-06-06,2013-06-13,2013-06-18,35.0,1,35.0
SO59622,874,147,2013-06-06,2013-06-13,2013-06-18,2295.0,1,2295.0
SO59622,874,148,2013-06-06,2013-06-13,2013-06-18,2295.0,1,2295.0
SO59623,2897,151,2013-06-06,2013-06-13,2013-06-18,2295.0,1,2295.0
SO59623,2897,152,2013-06-06,2013-06-13,2013-06-18,2295.0,1,2295.0
SO59624,2658,147,2013-06-06,2013-06-13,2013-06-18,2295.0,1,2295.0
SO59624,2658,148,2013-06-06,2013-06-13,2013-06-18,2295.0,1,2295.0
SO59625,3357,147,2013-06-06,2013-06-13,2013-06-18,2295.0,1,2295.0
SO59625,3357,148,2013-06-06,2013-06-13,2013-06-18,2295.0,1,2295.0
SO59626,3378,145,2013-06-06,2013-06-13,2013-06-18,2320.0,1,2320.0
SO59626,3378,146,2013-06-06,2013-06-13,2013-06-18,2320.0,1,2320.0
SO59627,3951,360,2013-06-06,2013-06-13,2013-06-18,742.0,1,742.0
SO59628,1464,360,2013-06-06,2013-06-13,2013-06-18,742.0,1,742.0
SO59629,3317,377,2013-06-06,2013-06-13,2013-06-18,769.0,1,769.0
SO59630,12411,369,2013-06-06,2013-06-13,2013-06-18,1701.0,1,1701.0
SO59631,9221,162,2013-06-06,2013-06-13,2013-06-18,2443.0,1,2443.0
SO59631,9221,163,2013-06-06,2013-06-13,2013-06-18,2443.0,1,2443.0
SO59632,14037,172,2013-06-06,2013-06-13,2013-06-18,1120.0,1,1120.0
SO59632,14037,173,2013-06-06,2013-06-13,2013-06-18,1120.0,1,1120.0
SO59633,6479,176,2013-06-06,2013-06-13,2013-06-18,1120.0,1,1120.0
SO59633,6479,177,2013-06-06,2013-06-13,2013-06-18,1120.0,1,1120.0
SO59634,11409,393,2013-06-06,2013-06-13,2013-06-18,540.0,1,540.0
SO59635,16357,393,2013-06-06,2013-06-13,2013-06-18,540.0,1,540.0
SO59636,104,351,2013-06-06,2013-06-13,2013-06-18,2384.0,1,2384.0
SO59637,13754,360,2013-06-06,2013-06-13,2013-06-18,742.0,1,742.0
SO59638,13445,363,2013-06-06,2013-06-13,2013-06-18,2384.0,1,2384.0
SO59639,14415,365,2013-06-06,2013-06-13,2013-06-18,2384.0,1,2384.0
SO59640,12140,373,2013-06-06,2013-06-13,2013-06-18,540.0,1,540.0
SO59641,11294,373,2013-06-06,2013-06-13,2013-06-18,540.0,1,540.0
SO59642,11258,395,2013-06-06,2013-06-13,2013-06-18,540.0,1,540.0
SO59643,6362,371,2013-06-06,2013-06-13,2013-06-18,1701.0,1,1701.0
SO59644,15939,394,2013-06-06,2013-06-13,2013-06-18,540.0,1,540.0
SO59645,243,373,2013-06-06,2013-06-13,2013-06-18,540.0,1,540.0
SO59646,2584,353,2013-06-06,2013-06-13,2013-06-18,2384.0,1,2384.0
SO59647,3216,366,2013-06-06,2013-06-13,2013-06-18,1215.0,1,1215.0
SO59648,602,149,2013-06-07,2013-06-14,2013-06-19,2295.0,1,2295.0
SO59648,602,150,2013-06-07,2013-06-14,2013-06-19,2295.0,1,2295.0
SO59649,1632,147,2013-06-07,2013-06-14,2013-06-19,2295.0,1,2295.0
SO59649,1632,148,2013-06-07,2013-06-14,2013-06-19,2295.0,1,2295.0
SO59650,1656,143,2013-06-07,2013-06-14,2013-06-19,2320.0,1,2320.0
SO59650,1656,144,2013-06-07,2013-06-14,2013-06-19,2320.0,1,2320.0
SO59651,2585,147,2013-06-07,2013-06-14,2013-06-19,2295.0,1,2295.0
SO59651,2585,148,2013-06-07,2013-06-14,2013-06-19,2295.0,1,2295.0
SO59652,2642,324,2013-06-07,2013-06-14,2013-06-19,25.0,1,25.0
SO59653,2035,324,2013-06-07,2013-06-14,2013-06-19,25.0,1,25.0
SO59654,4149,318,2013-06-07,2013-06-14,2013-06-19,4.0,1,4.0
SO59655,3676,328,2013-06-07,2013-06-14,2013-06-19,25.0,1,25.0
SO59656,12642,266,2013-06-07,2013-06-14,2013-06-19,5.0,1,5.0
SO59657,5344,330,2013-06-07,2013-06-14,2013-06-19,29.0,1,29.0
SO59658,6332,12,2013-06-07,2013-06-14,2013-06-19,9.0,1,9.0
SO59658,6332,13,2013-06-07,2013-06-14,2013-06-19,9.0,1,9.0
SO59658,6332,14,2013-06-07,2013-06-14,2013-06-19,9.0,1,9.0
SO59659,9223,268,2013-06-07,2013-06-14,2013-06-19,9.0,1,9.0
SO59660,3199,151,2013-06-07,2013-06-14,2013-06-19,2295.0,1,2295.0
SO59660,3199,152,2013-06-07,2013-06-14,2013-06-19,2295.0,1,2295.0
SO59661,17859,319,2013-06-07,2013-06-14,2013-06-19,5.0,1,5.0
SO59662,15459,317,2013-06-07,2013-06-14,2013-06-19,5.0,1,5.0
SO59663,15008,324,2013-06-07,2013-06-14,2013-06-19,25.0,1,25.0
SO59664,14429,329,2013-06-07,2013-06-14,2013-06-19,33.0,1,33.0
SO59665,15595,324,2013-06-07,2013-06-14,2013-06-19,25.0,1,25.0
SO59666,14838,324,2013-06-07,2013-06-14,2013-06-19,25.0,1,25.0
SO59667,749,317,2013-06-07,2013-06-14,2013-06-19,5.0,1,5.0
SO59668,3333,267,2013-06-07,2013-06-14,2013-06-19,10.0,1,10.0
SO59669,9360,263,2013-06-07,2013-06-14,2013-06-19,70.0,1,70.0
SO59670,17333,264,2013-06-07,2013-06-14,2013-06-19,70.0,1,70.0
SO59671,7913,265,2013-06-07,2013-06-14,2013-06-19,70.0,1,70.0
SO59672,7684,264,2013-06-07,2013-06-14,2013-06-19,70.0,1,70.0
SO59673,9089,266,2013-06-07,2013-06-14,2013-06-19,5.0,1,5.0
SO59674,5247,266,2013-06-07,2013-06-14,2013-06-19,5.0,1,5.0
SO59675,3988,324,2013-06-07,2013-06-14,2013-06-19,25.0,1,25.0
SO59676,13847,327,2013-06-07,2013-06-14,2013-06-19,21.0,1,21.0
SO59677,11828,266,2013-06-07,2013-06-14,2013-06-19,5.0,1,5.0
SO59678,15851,318,2013-06-07,2013-06-14,2013-06-19,4.0,1,4.0
SO59679,11822,318,2013-06-07,2013-06-14,2013-06-19,4.0,1,4.0
SO59680,2506,330,2013-06-07,2013-06-14,2013-06-19,29.0,1,29.0
SO59681,567,330,2013-06-07,2013-06-14,2013-06-19,29.0,1,29.0
SO59682,821,326,2013-06-07,2013-06-14,2013-06-19,35.0,1,35.0
SO59683,2510,266,2013-06-07,2013-06-14,2013-06-19,5.0,1,5.0
SO59684,2411,266,2013-06-07,2013-06-14,2013-06-19,5.0,1,5.0
SO59685,2066,372,2013-06-07,2013-06-14,2013-06-19,1701.0,1,1701.0
SO59686,2705,387,2013-06-07,2013-06-14,2013-06-19,540.0,1,540.0
SO59687,3521,377,2013-06-07,2013-06-14,2013-06-19,769.0,1,769.0
SO59688,2867,143,2013-06-07,2013-06-14,2013-06-19,2320.0,1,2320.0
SO59688,2867,144,2013-06-07,2013-06-14,2013-06-19,2320.0,1,2320.0
SO59689,2451,151,2013-06-07,2013-06-14,2013-06-19,2295.0,1,2295.0
SO59689,2451,152,2013-06-07,2013-06-14,2013-06-19,2295.0,1,2295.0
SO59690,9216,369,2013-06-07,2013-06-14,2013-06-19,1701.0,1,1701.0
SO59691,6310,164,2013-06-07,2013-06-14,2013-06-19,2443.0,1,2443.0
SO59691,6310,165,2013-06-07,2013-06-14,2013-06-19,2443.0,1,2443.0
SO59692,8967,162,2013-06-07,2013-06-14,2013-06-19,2443.0,1,2443.0
SO59692,8967,163,2013-06-07,2013-06-14,2013-06-19,2443.0,1,2443.0
SO59693,16371,393,2013-06-07,2013-06-14,2013-06-19,540.0,1,540.0
SO59694,11408,395,2013-06-07,2013-06-14,2013-06-19,540.0,1,540.0
SO59695,56,351,2013-06-07,2013-06-14,2013-06-19,2384.0,1,2384.0
SO59696,16866,350,2013-06-07,2013-06-14,2013-06-19,2384.0,1,2384.0
SO59697,18112,359,2013-06-07,2013-06-14,2013-06-19,742.0,1,742.0
SO59698,14766,351,2013-06-07,2013-06-14,2013-06-19,2384.0,1,2384.0
SO59699,11271,394,2013-06-07,2013-06-14,2013-06-19,540.0,1,540.0
SO59700,14992,395,2013-06-07,2013-06-14,2013-06-19,540.0,1,540.0
SO59701,9321,174,2013-06-07,2013-06-14,2013-06-19,1120.0,1,1120.0
SO59701,9321,175,2013-06-07,2013-06-14,2013-06-19,1120.0,1,1120.0
SO59702,4925,174,2013-06-07,2013-06-14,2013-06-19,1120.0,1,1120.0
SO59702,4925,175,2013-06-07,2013-06-14,2013-06-19,1120.0,1,1120.0
SO59703,11651,394,2013-06-07,2013-06-14,2013-06-19,540.0,1,540.0
SO59704,11610,395,2013-06-07,2013-06-14,2013-06-19,540.0,1,540.0
SO59705,1743,394,2013-06-07,2013-06-14,2013-06-19,540.0,1,540.0
SO59706,5822,364,2013-06-07,2013-06-14,2013-06-19,2384.0,1,2384.0
SO59707,2050,366,2013-06-07,2013-06-14,2013-06-19,1215.0,1,1215.0
SO59708,18064,357,2013-06-07,2013-06-14,2013-06-19,742.0,1,742.0
SO59709,3204,147,2013-06-08,2013-06-15,2013-06-20,2295.0,1,2295.0
SO59709,3204,148,2013-06-08,2013-06-15,2013-06-20,2295.0,1,2295.0
SO59710,5488,274,2013-06-08,2013-06-15,2013-06-20,22.0,1,22.0
SO59711,14211,327,2013-06-08,2013-06-15,2013-06-20,21.0,1,21.0
SO59712,17948,267,2013-06-08,2013-06-15,2013-06-20,10.0,1,10.0
SO59713,18121,267,2013-06-08,2013-06-15,2013-06-20,10.0,1,10.0
SO59714,3213,21,2013-06-08,2013-06-15,2013-06-20,50.0,1,50.0
SO59714,3213,22,2013-06-08,2013-06-15,2013-06-20,50.0,1,50.0
SO59714,3213,23,2013-06-08,2013-06-15,2013-06-20,50.0,1,50.0
SO59715,2591,149,2013-06-08,2013-06-15,2013-06-20,2295.0,1,2295.0
SO59715,2591,150,2013-06-08,2013-06-15,2013-06-20,2295.0,1,2295.0
SO59716,234,318,2013-06-08,2013-06-15,2013-06-20,4.0,1,4.0
SO59717,18075,262,2013-06-08,2013-06-15,2013-06-20,64.0,1,64.0
SO59718,712,330,2013-06-08,2013-06-15,2013-06-20,29.0,1,29.0
SO59719,842,325,2013-06-08,2013-06-15,2013-06-20,30.0,1,30.0
SO59720,12673,325,2013-06-08,2013-06-15,2013-06-20,30.0,1,30.0
SO59721,12072,325,2013-06-08,2013-06-15,2013-06-20,30.0,1,30.0
SO59722,11770,325,2013-06-08,2013-06-15,2013-06-20,30.0,1,30.0
SO59723,503,325,2013-06-08,2013-06-15,2013-06-20,30.0,1,30.0
SO59724,8758,325,2013-06-08,2013-06-15,2013-06-20,30.0,1,30.0
SO59725,7315,325,2013-06-08,2013-06-15,2013-06-20,30.0,1,30.0
SO59726,1973,267,2013-06-08,2013-06-15,2013-06-20,10.0,1,10.0
SO59727,10766,266,2013-06-08,2013-06-15,2013-06-20,5.0,1,5.0
SO59728,10702,267,2013-06-08,2013-06-15,2013-06-20,10.0,1,10.0
SO59729,7690,12,2013-06-08,2013-06-15,2013-06-20,9.0,1,9.0
SO59729,7690,13,2013-06-08,2013-06-15,2013-06-20,9.0,1,9.0
SO59729,7690,14,2013-06-08,2013-06-15,2013-06-20,9.0,1,9.0
SO59730,9125,264,2013-06-08,2013-06-15,2013-06-20,70.0,1,70.0
SO59731,16112,266,2013-06-08,2013-06-15,2013-06-20,5.0,1,5.0
SO59732,16420,265,2013-06-08,2013-06-15,2013-06-20,70.0,1,70.0
SO59733,862,266,2013-06-08,2013-06-15,2013-06-20,5.0,1,5.0
SO59734,6377,266,2013-06-08,2013-06-15,2013-06-20,5.0,1,5.0
SO59735,7179,274,2013-06-08,2013-06-15,2013-06-20,22.0,1,22.0
SO59736,2751,274,2013-06-08,2013-06-15,2013-06-20,22.0,1,22.0
SO59737,3840,264,2013-06-08,2013-06-15,2013-06-20,70.0,1,70.0
SO59738,8192,328,2013-06-08,2013-06-15,2013-06-20,25.0,1,25.0
SO59739,6090,317,2013-06-08,2013-06-15,2013-06-20,5.0,1,5.0
SO59740,8426,328,2013-06-08,2013-06-15,2013-06-20,25.0,1,25.0
SO59741,9584,325,2013-06-08,2013-06-15,2013-06-20,30.0,1,30.0
SO59742,4109,330,2013-06-08,2013-06-15,2013-06-20,29.0,1,29.0
SO59743,1307,319,2013-06-08,2013-06-15,2013-06-20,5.0,1,5.0
SO59744,1776,274,2013-06-08,2013-06-15,2013-06-20,22.0,1,22.0
SO59745,4311,326,2013-06-08,2013-06-15,2013-06-20,35.0,1,35.0
SO59746,3407,376,2013-06-08,2013-06-15,2013-06-20,769.0,1,769.0
SO59747,514,379,2013-06-08,2013-06-15,2013-06-20,769.0,1,769.0
SO59748,2866,145,2013-06-08,2013-06-15,2013-06-20,2320.0,1,2320.0
SO59748,2866,146,2013-06-08,2013-06-15,2013-06-20,2320.0,1,2320.0
SO59749,3122,149,2013-06-08,2013-06-15,2013-06-20,2295.0,1,2295.0
SO59749,3122,150,2013-06-08,2013-06-15,2013-06-20,2295.0,1,2295.0
SO59750,17384,356,2013-06-08,2013-06-15,2013-06-20,742.0,1,742.0
SO59751,17401,356,2013-06-08,2013-06-15,2013-06-20,742.0,1,742.0
SO59752,1461,367,2013-06-08,2013-06-15,2013-06-20,1215.0,1,1215.0
SO59753,2104,151,2013-06-08,2013-06-15,2013-06-20,2295.0,1,2295.0
SO59753,2104,152,2013-06-08,2013-06-15,2013-06-20,2295.0,1,2295.0
SO59754,14428,270,2013-06-08,2013-06-15,2013-06-20,9.0,1,9.0
SO59755,6446,371,2013-06-08,2013-06-15,2013-06-20,1701.0,1,1701.0
SO59756,6464,370,2013-06-08,2013-06-15,2013-06-20,1701.0,1,1701.0
SO59757,15886,373,2013-06-08,2013-06-15,2013-06-20,540.0,1,540.0
SO59758,17487,357,2013-06-08,2013-06-15,2013-06-20,742.0,1,742.0
SO59759,3049,356,2013-06-08,2013-06-15,2013-06-20,742.0,1,742.0
SO59760,94,351,2013-06-08,2013-06-15,2013-06-20,2384.0,1,2384.0
SO59761,3977,141,2013-06-09,2013-06-16,2013-06-21,2320.0,1,2320.0
SO59761,3977,142,2013-06-09,2013-06-16,2013-06-21,2320.0,1,2320.0
SO59762,1840,145,2013-06-09,2013-06-16,2013-06-21,2320.0,1,2320.0
SO59762,1840,146,2013-06-09,2013-06-16,2013-06-21,2320.0,1,2320.0
SO59763,151,317,2013-06-09,2013-06-16,2013-06-21,5.0,1,5.0
SO59764,6228,21,2013-06-09,2013-06-16,2013-06-21,50.0,1,50.0
SO59764,6228,22,2013-06-09,2013-06-16,2013-06-21,50.0,1,50.0
SO59764,6228,23,2013-06-09,2013-06-16,2013-06-21,50.0,1,50.0
SO59765,9713,164,2013-06-09,2013-06-16,2013-06-21,2443.0,1,2443.0
SO59765,9713,165,2013-06-09,2013-06-16,2013-06-21,2443.0,1,2443.0
SO59766,16466,318,2013-06-09,2013-06-16,2013-06-21,4.0,1,4.0
SO59767,16467,318,2013-06-09,2013-06-16,2013-06-21,4.0,1,4.0
SO59768,18165,318,2013-06-09,2013-06-16,2013-06-21,4.0,1,4.0
SO59769,302,269,2013-06-09,2013-06-16,2013-06-21,2.0,1,2.0
SO59770,17007,319,2013-06-09,2013-06-16,2013-06-21,5.0,1,5.0
SO59771,15597,330,2013-06-09,2013-06-16,2013-06-21,29.0,1,29.0
SO59772,13688,329,2013-06-09,2013-06-16,2013-06-21,33.0,1,33.0
SO59773,15081,324,2013-06-09,2013-06-16,2013-06-21,25.0,1,25.0
SO59774,12388,317,2013-06-09,2013-06-16,2013-06-21,5.0,1,5.0
SO59775,10791,267,2013-06-09,2013-06-16,2013-06-21,10.0,1,10.0
SO59776,9399,266,2013-06-09,2013-06-16,2013-06-21,5.0,1,5.0
SO59777,10158,267,2013-06-09,2013-06-16,2013-06-21,10.0,1,10.0
SO59778,9308,264,2013-06-09,2013-06-16,2013-06-21,70.0,1,70.0
SO59779,6579,266,2013-06-09,2013-06-16,2013-06-21,5.0,1,5.0
SO59780,1203,266,2013-06-09,2013-06-16,2013-06-21,5.0,1,5.0
SO59781,4956,317,2013-06-09,2013-06-16,2013-06-21,5.0,1,5.0
SO59782,6169,266,2013-06-09,2013-06-16,2013-06-21,5.0,1,5.0
SO59783,3488,317,2013-06-09,2013-06-16,2013-06-21,5.0,1,5.0
SO59784,5354,274,2013-06-09,2013-06-16,2013-06-21,22.0,1,22.0
SO59785,9107,274,2013-06-09,2013-06-16,2013-06-21,22.0,1,22.0
SO59786,3836,274,2013-06-09,2013-06-16,2013-06-21,22.0,1,22.0
SO59787,3809,265,2013-06-09,2013-06-16,2013-06-21,70.0,1,70.0
SO59788,13541,325,2013-06-09,2013-06-16,2013-06-21,30.0,1,30.0
SO59789,10137,317,2013-06-09,2013-06-16,2013-06-21,5.0,1,5.0
SO59790,9798,318,2013-06-09,2013-06-16,2013-06-21,4.0,1,4.0
SO59791,13131,318,2013-06-09,2013-06-16,2013-06-21,4.0,1,4.0
SO59792,13863,327,2013-06-09,2013-06-16,2013-06-21,21.0,1,21.0
SO59793,11568,327,2013-06-09,2013-06-16,2013-06-21,21.0,1,21.0
SO59794,14570,319,2013-06-09,2013-06-16,2013-06-21,5.0,1,5.0
SO59795,5572,319,2013-06-09,2013-06-16,2013-06-21,5.0,1,5.0
SO59796,733,326,2013-06-09,2013-06-16,2013-06-21,35.0,1,35.0
SO59797,701,326,2013-06-09,2013-06-16,2013-06-21,35.0,1,35.0
SO59798,1968,274,2013-06-09,2013-06-16,2013-06-21,22.0,1,22.0
SO59799,9463,160,2013-06-09,2013-06-16,2013-06-21,2443.0,1,2443.0
SO59799,9463,161,2013-06-09,2013-06-16,2013-06-21,2443.0,1,2443.0
SO59800,5729,160,2013-06-09,2013-06-16,2013-06-21,2443.0,1,2443.0
SO59800,5729,161,2013-06-09,2013-06-16,2013-06-21,2443.0,1,2443.0
SO59801,3495,376,2013-06-09,2013-06-16,2013-06-21,769.0,1,769.0
SO59802,3368,376,2013-06-09,2013-06-16,2013-06-21,769.0,1,769.0
SO59803,2086,382,2013-06-09,2013-06-16,2013-06-21,565.0,1,565.0
SO59804,2898,151,2013-06-09,2013-06-16,2013-06-21,2295.0,1,2295.0
SO59804,2898,152,2013-06-09,2013-06-16,2013-06-21,2295.0,1,2295.0
SO59805,800,141,2013-06-09,2013-06-16,2013-06-21,2320.0,1,2320.0
SO59805,800,142,2013-06-09,2013-06-16,2013-06-21,2320.0,1,2320.0
SO59806,2474,147,2013-06-09,2013-06-16,2013-06-21,2295.0,1,2295.0
SO59806,2474,148,2013-06-09,2013-06-16,2013-06-21,2295.0,1,2295.0
SO59807,3116,147,2013-06-09,2013-06-16,2013-06-21,2295.0,1,2295.0
SO59807,3116,148,2013-06-09,2013-06-16,2013-06-21,2295.0,1,2295.0
SO59808,3479,141,2013-06-09,2013-06-16,2013-06-21,2320.0,1,2320.0
SO59808,3479,142,2013-06-09,2013-06-16,2013-06-21,2320.0,1,2320.0
SO59809,3938,375,2013-06-09,2013-06-16,2013-06-21,742.0,1,742.0
SO59810,15949,368,2013-06-09,2013-06-16,2013-06-21,1215.0,1,1215.0
SO59811,8621,372,2013-06-09,2013-06-16,2013-06-21,1701.0,1,1701.0
SO59812,3856,371,2013-06-09,2013-06-16,2013-06-21,1701.0,1,1701.0
SO59813,8969,168,2013-06-09,2013-06-16,2013-06-21,2443.0,1,2443.0
SO59813,8969,169,2013-06-09,2013-06-16,2013-06-21,2443.0,1,2443.0
SO59814,16367,395,2013-06-09,2013-06-16,2013-06-21,540.0,1,540.0
SO59815,17316,395,2013-06-09,2013-06-16,2013-06-21,540.0,1,540.0
SO59816,16354,393,2013-06-09,2013-06-16,2013-06-21,540.0,1,540.0
SO59817,16356,373,2013-06-09,2013-06-16,2013-06-21,540.0,1,540.0
SO59818,11574,373,2013-06-09,2013-06-16,2013-06-21,540.0,1,540.0
SO59819,15522,357,2013-06-09,2013-06-16,2013-06-21,742.0,1,742.0
SO59820,17581,366,2013-06-09,2013-06-16,2013-06-21,1215.0,1,1215.0
SO59821,14412,366,2013-06-09,2013-06-16,2013-06-21,1215.0,1,1215.0
SO59822,14408,364,2013-06-09,2013-06-16,2013-06-21,2384.0,1,2384.0
SO59823,14411,364,2013-06-09,2013-06-16,2013-06-21,2384.0,1,2384.0
SO59824,14426,365,2013-06-09,2013-06-16,2013-06-21,2384.0,1,2384.0
SO59825,5220,395,2013-06-09,2013-06-16,2013-06-21,540.0,1,540.0
SO59826,12487,370,2013-06-09,2013-06-16,2013-06-21,1701.0,1,1701.0
SO59827,2085,370,2013-06-09,2013-06-16,2013-06-21,1701.0,1,1701.0
SO59828,15932,395,2013-06-09,2013-06-16,2013-06-21,540.0,1,540.0
SO59829,244,394,2013-06-09,2013-06-16,2013-06-21,540.0,1,540.0
SO59830,2582,364,2013-06-09,2013-06-16,2013-06-21,2384.0,1,2384.0
SO59831,359,377,2013-06-09,2013-06-16,2013-06-21,769.0,1,769.0
SO59832,608,143,2013-06-10,2013-06-17,2013-06-22,2320.0,1,2320.0
SO59832,608,144,2013-06-10,2013-06-17,2013-06-22,2320.0,1,2320.0
SO59833,1267,149,2013-06-10,2013-06-17,2013-06-22,2295.0,1,2295.0
SO59833,1267,150,2013-06-10,2013-06-17,2013-06-22,2295.0,1,2295.0
SO59834,3190,145,2013-06-10,2013-06-17,2013-06-22,2320.0,1,2320.0
SO59834,3190,146,2013-06-10,2013-06-17,2013-06-22,2320.0,1,2320.0
SO59835,3164,147,2013-06-10,2013-06-17,2013-06-22,2295.0,1,2295.0
SO59835,3164,148,2013-06-10,2013-06-17,2013-06-22,2295.0,1,2295.0
SO59836,2586,151,2013-06-10,2013-06-17,2013-06-22,2295.0,1,2295.0
SO59836,2586,152,2013-06-10,2013-06-17,2013-06-22,2295.0,1,2295.0
SO59837,1560,143,2013-06-10,2013-06-17,2013-06-22,2320.0,1,2320.0
SO59837,1560,144,2013-06-10,2013-06-17,2013-06-22,2320.0,1,2320.0
SO59838,3162,141,2013-06-10,2013-06-17,2013-06-22,2320.0,1,2320.0
SO59838,3162,142,2013-06-10,2013-06-17,2013-06-22,2320.0,1,2320.0
SO59839,1233,151,2013-06-10,2013-06-17,2013-06-22,2295.0,1,2295.0
SO59839,1233,152,2013-06-10,2013-06-17,2013-06-22,2295.0,1,2295.0
SO59840,4799,318,2013-06-10,2013-06-17,2013-06-22,4.0,1,4.0
SO59841,74,324,2013-06-10,2013-06-17,2013-06-22,25.0,1,25.0
SO59842,1009,318,2013-06-10,2013-06-17,2013-06-22,4.0,1,4.0
SO59843,10831,387,2013-06-10,2013-06-17,2013-06-22,540.0,1,540.0
SO59844,17346,319,2013-06-10,2013-06-17,2013-06-22,5.0,1,5.0
SO59845,632,319,2013-06-10,2013-06-17,2013-06-22,5.0,1,5.0
SO59846,720,325,2013-06-10,2013-06-17,2013-06-22,30.0,1,30.0
SO59847,12864,325,2013-06-10,2013-06-17,2013-06-22,30.0,1,30.0
SO59848,724,267,2013-06-10,2013-06-17,2013-06-22,10.0,1,10.0
SO59849,9476,267,2013-06-10,2013-06-17,2013-06-22,10.0,1,10.0
SO59850,2757,267,2013-06-10,2013-06-17,2013-06-22,10.0,1,10.0
SO59851,7113,266,2013-06-10,2013-06-17,2013-06-22,5.0,1,5.0
SO59852,632,265,2013-06-10,2013-06-17,2013-06-22,70.0,1,70.0
SO59853,7100,266,2013-06-10,2013-06-17,2013-06-22,5.0,1,5.0
SO59854,6611,266,2013-06-10,2013-06-17,2013-06-22,5.0,1,5.0
SO59855,14885,266,2013-06-10,2013-06-17,2013-06-22,5.0,1,5.0
SO59856,11265,317,2013-06-10,2013-06-17,2013-06-22,5.0,1,5.0
SO59857,3177,318,2013-06-10,2013-06-17,2013-06-22,4.0,1,4.0
SO59858,5257,274,2013-06-10,2013-06-17,2013-06-22,22.0,1,22.0
SO59859,6746,317,2013-06-10,2013-06-17,2013-06-22,5.0,1,5.0
SO59860,4655,324,2013-06-10,2013-06-17,2013-06-22,25.0,1,25.0
SO59861,9598,317,2013-06-10,2013-06-17,2013-06-22,5.0,1,5.0
SO59862,9133,325,2013-06-10,2013-06-17,2013-06-22,30.0,1,30.0
SO59863,9803,318,2013-06-10,2013-06-17,2013-06-22,4.0,1,4.0
SO59864,1837,330,2013-06-10,2013-06-17,2013-06-22,29.0,1,29.0
SO59865,11682,330,2013-06-10,2013-06-17,2013-06-22,29.0,1,29.0
SO59866,2613,319,2013-06-10,2013-06-17,2013-06-22,5.0,1,5.0
SO59867,567,330,2013-06-10,2013-06-17,2013-06-22,29.0,1,29.0
SO59868,1761,326,2013-06-10,2013-06-17,2013-06-22,35.0,1,35.0
SO59869,1420,326,2013-06-10,2013-06-17,2013-06-22,35.0,1,35.0
SO59870,4489,317,2013-06-10,2013-06-17,2013-06-22,5.0,1,5.0
SO59871,2604,266,2013-06-10,2013-06-17,2013-06-22,5.0,1,5.0
SO59872,6150,371,2013-06-10,2013-06-17,2013-06-22,1701.0,1,1701.0
SO59873,8709,383,2013-06-10,2013-06-17,2013-06-22,565.0,1,565.0
SO59874,8543,383,2013-06-10,2013-06-17,2013-06-22,565.0,1,565.0
SO59875,2899,141,2013-06-10,2013-06-17,2013-06-22,2320.0,1,2320.0
SO59875,2899,142,2013-06-10,2013-06-17,2013-06-22,2320.0,1,2320.0
SO59876,810,145,2013-06-10,2013-06-17,2013-06-22,2320.0,1,2320.0
SO59876,810,146,2013-06-10,2013-06-17,2013-06-22,2320.0,1,2320.0
SO59877,3257,145,2013-06-10,2013-06-17,2013-06-22,2320.0,1,2320.0
SO59877,3257,146,2013-06-10,2013-06-17,2013-06-22,2320.0,1,2320.0
SO59878,935,145,2013-06-10,2013-06-17,2013-06-22,2320.0,1,2320.0
SO59878,935,146,2013-06-10,2013-06-17,2013-06-22,2320.0,1,2320.0
SO59879,2456,143,2013-06-10,2013-06-17,2013-06-22,2320.0,1,2320.0
SO59879,2456,144,2013-06-10,2013-06-17,2013-06-22,2320.0,1,2320.0
SO59880,2434,149,2013-06-10,2013-06-17,2013-06-22,2295.0,1,2295.0
SO59880,2434,150,2013-06-10,2013-06-17,2013-06-22,2295.0,1,2295.0
SO59881,1450,149,2013-06-10,2013-06-17,2013-06-22,2295.0,1,2295.0
SO59881,1450,150,2013-06-10,2013-06-17,2013-06-22,2295.0,1,2295.0
SO59882,8653,371,2013-06-10,2013-06-17,2013-06-22,1701.0,1,1701.0
SO59883,4030,372,2013-06-10,2013-06-17,2013-06-22,1701.0,1,1701.0
SO59884,8979,168,2013-06-10,2013-06-17,2013-06-22,2443.0,1,2443.0
SO59884,8979,169,2013-06-10,2013-06-17,2013-06-22,2443.0,1,2443.0
SO59885,11576,394,2013-06-10,2013-06-17,2013-06-22,540.0,1,540.0
SO59886,16372,373,2013-06-10,2013-06-17,2013-06-22,540.0,1,540.0
SO59887,5932,174,2013-06-10,2013-06-17,2013-06-22,1120.0,1,1120.0
SO59887,5932,175,2013-06-10,2013-06-17,2013-06-22,1120.0,1,1120.0
SO59888,14393,368,2013-06-10,2013-06-17,2013-06-22,1215.0,1,1215.0
SO59889,12726,366,2013-06-10,2013-06-17,2013-06-22,1215.0,1,1215.0
SO59890,14287,12,2013-06-10,2013-06-17,2013-06-22,9.0,1,9.0
SO59890,14287,13,2013-06-10,2013-06-17,2013-06-22,9.0,1,9.0
SO59890,14287,14,2013-06-10,2013-06-17,2013-06-22,9.0,1,9.0
SO59891,13499,363,2013-06-10,2013-06-17,2013-06-22,2384.0,1,2384.0
SO59892,14427,350,2013-06-10,2013-06-17,2013-06-22,2384.0,1,2384.0
SO59893,11225,393,2013-06-10,2013-06-17,2013-06-22,540.0,1,540.0
SO59894,11165,393,2013-06-10,2013-06-17,2013-06-22,540.0,1,540.0
SO59895,12156,373,2013-06-10,2013-06-17,2013-06-22,540.0,1,540.0
SO59896,9322,176,2013-06-10,2013-06-17,2013-06-22,1120.0,1,1120.0
SO59896,9322,177,2013-06-10,2013-06-17,2013-06-22,1120.0,1,1120.0
SO59897,9194,176,2013-06-10,2013-06-17,2013-06-22,1120.0,1,1120.0
SO59897,9194,177,2013-06-10,2013-06-17,2013-06-22,1120.0,1,1120.0
SO59898,6272,369,2013-06-10,2013-06-17,2013-06-22,1701.0,1,1701.0
SO59899,13027,174,2013-06-10,2013-06-17,2013-06-22,1120.0,1,1120.0
SO59899,13027,175,2013-06-10,2013-06-17,2013-06-22,1120.0,1,1120.0
SO59900,1807,395,2013-06-10,2013-06-17,2013-06-22,540.0,1,540.0
SO59901,6080,376,2013-06-10,2013-06-17,2013-06-22,769.0,1,769.0
SO59902,461,353,2013-06-10,2013-06-17,2013-06-22,2384.0,1,2384.0
SO59903,16500,393,2013-06-10,2013-06-17,2013-06-22,540.0,1,540.0
SO59904,3426,143,2013-06-11,2013-06-18,2013-06-23,2320.0,1,2320.0
SO59904,3426,144,2013-06-11,2013-06-18,2013-06-23,2320.0,1,2320.0
SO59905,1856,145,2013-06-11,2013-06-18,2013-06-23,2320.0,1,2320.0
SO59905,1856,146,2013-06-11,2013-06-18,2013-06-23,2320.0,1,2320.0
SO59906,3163,147,2013-06-11,2013-06-18,2013-06-23,2295.0,1,2295.0
SO59906,3163,148,2013-06-11,2013-06-18,2013-06-23,2295.0,1,2295.0
SO59907,5735,328,2013-06-11,2013-06-18,2013-06-23,25.0,1,25.0
SO59908,6060,325,2013-06-11,2013-06-18,2013-06-23,30.0,1,30.0
SO59909,6232,325,2013-06-11,2013-06-18,2013-06-23,30.0,1,30.0
SO59910,13455,327,2013-06-11,2013-06-18,2013-06-23,21.0,1,21.0
SO59911,10978,326,2013-06-11,2013-06-18,2013-06-23,35.0,1,35.0
SO59912,7446,327,2013-06-11,2013-06-18,2013-06-23,21.0,1,21.0
SO59913,12537,266,2013-06-11,2013-06-18,2013-06-23,5.0,1,5.0
SO59914,17538,266,2013-06-11,2013-06-18,2013-06-23,5.0,1,5.0
SO59915,16719,319,2013-06-11,2013-06-18,2013-06-23,5.0,1,5.0
SO59916,4830,318,2013-06-11,2013-06-18,2013-06-23,4.0,1,4.0
SO59917,11211,326,2013-06-11,2013-06-18,2013-06-23,35.0,1,35.0
SO59918,4239,9,2013-06-11,2013-06-18,2013-06-23,35.0,1,35.0
SO59918,4239,10,2013-06-11,2013-06-18,2013-06-23,35.0,1,35.0
SO59918,4239,11,2013-06-11,2013-06-18,2013-06-23,35.0,1,35.0
SO59919,8598,330,2013-06-11,2013-06-18,2013-06-23,29.0,1,29.0
SO59920,6252,278,2013-06-11,2013-06-18,2013-06-23,54.0,1,54.0
SO59921,9934,371,2013-06-11,2013-06-18,2013-06-23,1701.0,1,1701.0
SO59922,6116,378,2013-06-11,2013-06-18,2013-06-23,769.0,1,769.0
SO59923,729,9,2013-06-11,2013-06-18,2013-06-23,35.0,1,35.0
SO59923,729,10,2013-06-11,2013-06-18,2013-06-23,35.0,1,35.0
SO59923,729,11,2013-06-11,2013-06-18,2013-06-23,35.0,1,35.0
SO59924,499,277,2013-06-11,2013-06-18,2013-06-23,54.0,1,54.0
SO59925,507,319,2013-06-11,2013-06-18,2013-06-23,5.0,1,5.0
SO59926,15254,319,2013-06-11,2013-06-18,2013-06-23,5.0,1,5.0
SO59927,3097,324,2013-06-11,2013-06-18,2013-06-23,25.0,1,25.0
SO59928,263,329,2013-06-11,2013-06-18,2013-06-23,33.0,1,33.0
SO59929,642,324,2013-06-11,2013-06-18,2013-06-23,25.0,1,25.0
SO59930,15125,324,2013-06-11,2013-06-18,2013-06-23,25.0,1,25.0
SO59931,739,317,2013-06-11,2013-06-18,2013-06-23,5.0,1,5.0
SO59932,11370,325,2013-06-11,2013-06-18,2013-06-23,30.0,1,30.0
SO59933,8400,325,2013-06-11,2013-06-18,2013-06-23,30.0,1,30.0
SO59934,749,266,2013-06-11,2013-06-18,2013-06-23,5.0,1,5.0
SO59935,4393,317,2013-06-11,2013-06-18,2013-06-23,5.0,1,5.0
SO59936,3373,274,2013-06-11,2013-06-18,2013-06-23,22.0,1,22.0
SO59937,11015,317,2013-06-11,2013-06-18,2013-06-23,5.0,1,5.0
SO59938,10581,274,2013-06-11,2013-06-18,2013-06-23,22.0,1,22.0
SO59939,2902,274,2013-06-11,2013-06-18,2013-06-23,22.0,1,22.0
SO59940,4637,317,2013-06-11,2013-06-18,2013-06-23,5.0,1,5.0
SO59941,5464,324,2013-06-11,2013-06-18,2013-06-23,25.0,1,25.0
SO59942,12943,318,2013-06-11,2013-06-18,2013-06-23,4.0,1,4.0
SO59943,10520,317,2013-06-11,2013-06-18,2013-06-23,5.0,1,5.0
SO59944,10839,266,2013-06-11,2013-06-18,2013-06-23,5.0,1,5.0
SO59945,9178,318,2013-06-11,2013-06-18,2013-06-23,4.0,1,4.0
SO59946,15858,327,2013-06-11,2013-06-18,2013-06-23,21.0,1,21.0
SO59947,6760,317,2013-06-11,2013-06-18,2013-06-23,5.0,1,5.0
SO59948,16158,318,2013-06-11,2013-06-18,2013-06-23,4.0,1,4.0
SO59949,1202,317,2013-06-11,2013-06-18,2013-06-23,5.0,1,5.0
SO59950,3559,379,2013-06-11,2013-06-18,2013-06-23,769.0,1,769.0
SO59951,2888,143,2013-06-11,2013-06-18,2013-06-23,2320.0,1,2320.0
SO59951,2888,144,2013-06-11,2013-06-18,2013-06-23,2320.0,1,2320.0
SO59952,799,141,2013-06-11,2013-06-18,2013-06-23,2320.0,1,2320.0
SO59952,799,142,2013-06-11,2013-06-18,2013-06-23,2320.0,1,2320.0
SO59953,3256,143,2013-06-11,2013-06-18,2013-06-23,2320.0,1,2320.0
SO59953,3256,144,2013-06-11,2013-06-18,2013-06-23,2320.0,1,2320.0
SO59954,3358,147,2013-06-11,2013-06-18,2013-06-23,2295.0,1,2295.0
SO59954,3358,148,2013-06-11,2013-06-18,2013-06-23,2295.0,1,2295.0
SO59955,3254,147,2013-06-11,2013-06-18,2013-06-23,2295.0,1,2295.0
SO59955,3254,148,2013-06-11,2013-06-18,2013-06-23,2295.0,1,2295.0
SO59956,2430,145,2013-06-11,2013-06-18,2013-06-23,2320.0,1,2320.0
SO59956,2430,146,2013-06-11,2013-06-18,2013-06-23,2320.0,1,2320.0
SO59957,2439,143,2013-06-11,2013-06-18,2013-06-23,2320.0,1,2320.0
SO59957,2439,144,2013-06-11,2013-06-18,2013-06-23,2320.0,1,2320.0
SO59958,15954,356,2013-06-11,2013-06-18,2013-06-23,742.0,1,742.0
SO59959,8616,370,2013-06-11,2013-06-18,2013-06-23,1701.0,1,1701.0
SO59960,6286,164,2013-06-11,2013-06-18,2013-06-23,2443.0,1,2443.0
SO59960,6286,165,2013-06-11,2013-06-18,2013-06-23,2443.0,1,2443.0
SO59961,5527,172,2013-06-11,2013-06-18,2013-06-23,1120.0,1,1120.0
SO59961,5527,173,2013-06-11,2013-06-18,2013-06-23,1120.0,1,1120.0
SO59962,11577,394,2013-06-11,2013-06-18,2013-06-23,540.0,1,540.0
SO59963,6371,176,2013-06-11,2013-06-18,2013-06-23,1120.0,1,1120.0
SO59963,6371,177,2013-06-11,2013-06-18,2013-06-23,1120.0,1,1120.0
SO59964,11413,394,2013-06-11,2013-06-18,2013-06-23,540.0,1,540.0
SO59965,1243,12,2013-06-11,2013-06-18,2013-06-23,9.0,1,9.0
SO59965,1243,13,2013-06-11,2013-06-18,2013-06-23,9.0,1,9.0
SO59965,1243,14,2013-06-11,2013-06-18,2013-06-23,9.0,1,9.0
SO59966,18033,358,2013-06-11,2013-06-18,2013-06-23,742.0,1,742.0
SO59967,1123,362,2013-06-11,2013-06-18,2013-06-23,2384.0,1,2384.0
SO59968,14416,364,2013-06-11,2013-06-18,2013-06-23,2384.0,1,2384.0
SO59969,11217,393,2013-06-11,2013-06-18,2013-06-23,540.0,1,540.0
SO59970,12178,393,2013-06-11,2013-06-18,2013-06-23,540.0,1,540.0
SO59971,5996,370,2013-06-11,2013-06-18,2013-06-23,1701.0,1,1701.0
SO59972,9045,174,2013-06-11,2013-06-18,2013-06-23,1120.0,1,1120.0
SO59972,9045,175,2013-06-11,2013-06-18,2013-06-23,1120.0,1,1120.0
SO59973,12931,170,2013-06-11,2013-06-18,2013-06-23,1120.0,1,1120.0
SO59973,12931,171,2013-06-11,2013-06-18,2013-06-23,1120.0,1,1120.0
SO59974,16762,170,2013-06-11,2013-06-18,2013-06-23,1120.0,1,1120.0
SO59974,16762,171,2013-06-11,2013-06-18,2013-06-23,1120.0,1,1120.0
SO59975,12939,174,2013-06-11,2013-06-18,2013-06-23,1120.0,1,1120.0
SO59975,12939,175,2013-06-11,2013-06-18,2013-06-23,1120.0,1,1120.0
SO59976,15869,395,2013-06-11,2013-06-18,2013-06-23,540.0,1,540.0
SO59977,15935,394,2013-06-11,2013-06-18,2013-06-23,540.0,1,540.0
SO59978,15945,373,2013-06-11,2013-06-18,2013-06-23,540.0,1,540.0
SO59979,4676,363,2013-06-11,2013-06-18,2013-06-23,2384.0,1,2384.0
SO59980,17756,363,2013-06-11,2013-06-18,2013-06-23,2384.0,1,2384.0
SO59981,3346,376,2013-06-11,2013-06-18,2013-06-23,769.0,1,769.0
SO59982,2976,361,2013-06-11,2013-06-18,2013-06-23,742.0,1,742.0
SO59983,2606,151,2013-06-12,2013-06-19,2013-06-24,2295.0,1,2295.0
SO59983,2606,152,2013-06-12,2013-06-19,2013-06-24,2295.0,1,2295.0
SO59984,600,141,2013-06-12,2013-06-19,2013-06-24,2320.0,1,2320.0
SO59984,600,142,2013-06-12,2013-06-19,2013-06-24,2320.0,1,2320.0
SO59985,1633,143,2013-06-12,2013-06-19,2013-06-24,2320.0,1,2320.0
SO59985,1633,144,2013-06-12,2013-06-19,2013-06-24,2320.0,1,2320.0
SO59986,1651,147,2013-06-12,2013-06-19,2013-06-24,2295.0,1,2295.0
SO59986,1651,148,2013-06-12,2013-06-19,2013-06-24,2295.0,1,2295.0
SO59987,2607,143,2013-06-12,2013-06-19,2013-06-24,2320.0,1,2320.0
SO59987,2607,144,2013-06-12,2013-06-19,2013-06-24,2320.0,1,2320.0
SO59988,7311,327,2013-06-12,2013-06-19,2013-06-24,21.0,1,21.0
SO59989,11019,274,2013-06-12,2013-06-19,2013-06-24,22.0,1,22.0
SO59990,14811,327,2013-06-12,2013-06-19,2013-06-24,21.0,1,21.0
SO59991,3101,275,2013-06-12,2013-06-19,2013-06-24,159.0,1,159.0
SO59992,10035,370,2013-06-12,2013-06-19,2013-06-24,1701.0,1,1701.0
SO59993,13583,164,2013-06-12,2013-06-19,2013-06-24,2443.0,1,2443.0
SO59993,13583,165,2013-06-12,2013-06-19,2013-06-24,2443.0,1,2443.0
SO59994,17877,168,2013-06-12,2013-06-19,2013-06-24,2443.0,1,2443.0
SO59994,17877,169,2013-06-12,2013-06-19,2013-06-24,2443.0,1,2443.0
SO59995,13501,329,2013-06-12,2013-06-19,2013-06-24,33.0,1,33.0
SO59996,15106,324,2013-06-12,2013-06-19,2013-06-24,25.0,1,25.0
SO59997,263,329,2013-06-12,2013-06-19,2013-06-24,33.0,1,33.0
SO59998,633,325,2013-06-12,2013-06-19,2013-06-24,30.0,1,30.0
SO59999,11087,325,2013-06-12,2013-06-19,2013-06-24,30.0,1,30.0
SO60000,4378,267,2013-06-12,2013-06-19,2013-06-24,10.0,1,10.0
SO60001,11167,325,2013-06-12,2013-06-19,2013-06-24,30.0,1,30.0
SO60002,12692,325,2013-06-12,2013-06-19,2013-06-24,30.0,1,30.0
SO60003,8862,12,2013-06-12,2013-06-19,2013-06-24,9.0,1,9.0
SO60003,8862,13,2013-06-12,2013-06-19,2013-06-24,9.0,1,9.0
SO60003,8862,14,2013-06-12,2013-06-19,2013-06-24,9.0,1,9.0
SO60004,6457,266,2013-06-12,2013-06-19,2013-06-24,5.0,1,5.0
SO60005,834,266,2013-06-12,2013-06-19,2013-06-24,5.0,1,5.0
SO60006,4296,317,2013-06-12,2013-06-19,2013-06-24,5.0,1,5.0
SO60007,11108,274,2013-06-12,2013-06-19,2013-06-24,22.0,1,22.0
SO60008,3041,274,2013-06-12,2013-06-19,2013-06-24,22.0,1,22.0
SO60009,2489,274,2013-06-12,2013-06-19,2013-06-24,22.0,1,22.0
SO60010,5285,317,2013-06-12,2013-06-19,2013-06-24,5.0,1,5.0
SO60011,6792,317,2013-06-12,2013-06-19,2013-06-24,5.0,1,5.0
SO60012,13882,266,2013-06-12,2013-06-19,2013-06-24,5.0,1,5.0
SO60013,18388,327,2013-06-12,2013-06-19,2013-06-24,21.0,1,21.0
SO60014,5438,319,2013-06-12,2013-06-19,2013-06-24,5.0,1,5.0
SO60015,1941,317,2013-06-12,2013-06-19,2013-06-24,5.0,1,5.0
SO60016,1721,266,2013-06-12,2013-06-19,2013-06-24,5.0,1,5.0
SO60017,840,141,2013-06-12,2013-06-19,2013-06-24,2320.0,1,2320.0
SO60017,840,142,2013-06-12,2013-06-19,2013-06-24,2320.0,1,2320.0
SO60018,3290,147,2013-06-12,2013-06-19,2013-06-24,2295.0,1,2295.0
SO60018,3290,148,2013-06-12,2013-06-19,2013-06-24,2295.0,1,2295.0
SO60019,3383,149,2013-06-12,2013-06-19,2013-06-24,2295.0,1,2295.0
SO60019,3383,150,2013-06-12,2013-06-19,2013-06-24,2295.0,1,2295.0
SO60020,2444,145,2013-06-12,2013-06-19,2013-06-24,2320.0,1,2320.0
SO60020,2444,146,2013-06-12,2013-06-19,2013-06-24,2320.0,1,2320.0
SO60021,9861,375,2013-06-12,2013-06-19,2013-06-24,742.0,1,742.0
SO60022,17422,358,2013-06-12,2013-06-19,2013-06-24,742.0,1,742.0
SO60023,8617,371,2013-06-12,2013-06-19,2013-06-24,1701.0,1,1701.0
SO60024,4015,370,2013-06-12,2013-06-19,2013-06-24,1701.0,1,1701.0
SO60025,8602,371,2013-06-12,2013-06-19,2013-06-24,1701.0,1,1701.0
SO60026,2090,149,2013-06-12,2013-06-19,2013-06-24,2295.0,1,2295.0
SO60026,2090,150,2013-06-12,2013-06-19,2013-06-24,2295.0,1,2295.0
SO60027,15615,357,2013-06-12,2013-06-19,2013-06-24,742.0,1,742.0
SO60028,14892,351,2013-06-12,2013-06-19,2013-06-24,2384.0,1,2384.0
SO60029,12144,393,2013-06-12,2013-06-19,2013-06-24,540.0,1,540.0
SO60030,14993,373,2013-06-12,2013-06-19,2013-06-24,540.0,1,540.0
SO60031,9373,172,2013-06-12,2013-06-19,2013-06-24,1120.0,1,1120.0
SO60031,9373,173,2013-06-12,2013-06-19,2013-06-24,1120.0,1,1120.0
SO60032,8395,170,2013-06-12,2013-06-19,2013-06-24,1120.0,1,1120.0
SO60032,8395,171,2013-06-12,2013-06-19,2013-06-24,1120.0,1,1120.0
SO60033,10316,172,2013-06-12,2013-06-19,2013-06-24,1120.0,1,1120.0
SO60033,10316,173,2013-06-12,2013-06-19,2013-06-24,1120.0,1,1120.0
SO60034,9206,176,2013-06-12,2013-06-19,2013-06-24,1120.0,1,1120.0
SO60034,9206,177,2013-06-12,2013-06-19,2013-06-24,1120.0,1,1120.0
SO60035,9208,178,2013-06-12,2013-06-19,2013-06-24,1120.0,1,1120.0
SO60035,9208,179,2013-06-12,2013-06-19,2013-06-24,1120.0,1,1120.0
SO60036,6024,371,2013-06-12,2013-06-19,2013-06-24,1701.0,1,1701.0
SO60037,9830,174,2013-06-12,2013-06-19,2013-06-24,1120.0,1,1120.0
SO60037,9830,175,2013-06-12,2013-06-19,2013-06-24,1120.0,1,1120.0
SO60038,11639,394,2013-06-12,2013-06-19,2013-06-24,540.0,1,540.0
SO60039,15877,395,2013-06-12,2013-06-19,2013-06-24,540.0,1,540.0
SO60040,11424,373,2013-06-12,2013-06-19,2013-06-24,540.0,1,540.0
SO60041,13199,362,2013-06-12,2013-06-19,2013-06-24,2384.0,1,2384.0
SO60042,78,365,2013-06-12,2013-06-19,2013-06-24,2384.0,1,2384.0
SO60043,453,362,2013-06-12,2013-06-19,2013-06-24,2384.0,1,2384.0
SO60044,1613,147,2013-06-13,2013-06-20,2013-06-25,2295.0,1,2295.0
SO60044,1613,148,2013-06-13,2013-06-20,2013-06-25,2295.0,1,2295.0
SO60045,1857,145,2013-06-13,2013-06-20,2013-06-25,2320.0,1,2320.0
SO60045,1857,146,2013-06-13,2013-06-20,2013-06-25,2320.0,1,2320.0
SO60046,2823,143,2013-06-13,2013-06-20,2013-06-25,2320.0,1,2320.0
SO60046,2823,144,2013-06-13,2013-06-20,2013-06-25,2320.0,1,2320.0
SO60047,17613,12,2013-06-13,2013-06-20,2013-06-25,9.0,1,9.0
SO60047,17613,13,2013-06-13,2013-06-20,2013-06-25,9.0,1,9.0
SO60047,17613,14,2013-06-13,2013-06-20,2013-06-25,9.0,1,9.0
SO60048,17781,273,2013-06-13,2013-06-20,2013-06-25,8.0,1,8.0
SO60049,2049,324,2013-06-13,2013-06-20,2013-06-25,25.0,1,25.0
SO60050,6288,325,2013-06-13,2013-06-20,2013-06-25,30.0,1,30.0
SO60051,9231,325,2013-06-13,2013-06-20,2013-06-25,30.0,1,30.0
SO60052,9233,325,2013-06-13,2013-06-20,2013-06-25,30.0,1,30.0
SO60053,16498,326,2013-06-13,2013-06-20,2013-06-25,35.0,1,35.0
SO60054,11929,266,2013-06-13,2013-06-20,2013-06-25,5.0,1,5.0
SO60055,13117,372,2013-06-13,2013-06-20,2013-06-25,1701.0,1,1701.0
SO60056,10131,372,2013-06-13,2013-06-20,2013-06-25,1701.0,1,1701.0
SO60057,6797,369,2013-06-13,2013-06-20,2013-06-25,1701.0,1,1701.0
SO60058,17643,328,2013-06-13,2013-06-20,2013-06-25,25.0,1,25.0
SO60059,15342,324,2013-06-13,2013-06-20,2013-06-25,25.0,1,25.0
SO60060,13954,324,2013-06-13,2013-06-20,2013-06-25,25.0,1,25.0
SO60061,13619,329,2013-06-13,2013-06-20,2013-06-25,33.0,1,33.0
SO60062,12242,317,2013-06-13,2013-06-20,2013-06-25,5.0,1,5.0
SO60063,11738,325,2013-06-13,2013-06-20,2013-06-25,30.0,1,30.0
SO60064,11752,325,2013-06-13,2013-06-20,2013-06-25,30.0,1,30.0
SO60065,177,329,2013-06-13,2013-06-20,2013-06-25,33.0,1,33.0
SO60066,2761,267,2013-06-13,2013-06-20,2013-06-25,10.0,1,10.0
SO60067,7993,264,2013-06-13,2013-06-20,2013-06-25,70.0,1,70.0
SO60068,6532,12,2013-06-13,2013-06-20,2013-06-25,9.0,1,9.0
SO60068,6532,13,2013-06-13,2013-06-20,2013-06-25,9.0,1,9.0
SO60068,6532,14,2013-06-13,2013-06-20,2013-06-25,9.0,1,9.0
SO60069,6445,266,2013-06-13,2013-06-20,2013-06-25,5.0,1,5.0
SO60070,12568,317,2013-06-13,2013-06-20,2013-06-25,5.0,1,5.0
SO60071,4850,317,2013-06-13,2013-06-20,2013-06-25,5.0,1,5.0
SO60072,4855,317,2013-06-13,2013-06-20,2013-06-25,5.0,1,5.0
SO60073,3900,317,2013-06-13,2013-06-20,2013-06-25,5.0,1,5.0
SO60074,4110,265,2013-06-13,2013-06-20,2013-06-25,70.0,1,70.0
SO60075,3830,317,2013-06-13,2013-06-20,2013-06-25,5.0,1,5.0
SO60076,5038,317,2013-06-13,2013-06-20,2013-06-25,5.0,1,5.0
SO60077,2818,326,2013-06-13,2013-06-20,2013-06-25,35.0,1,35.0
SO60078,4100,318,2013-06-13,2013-06-20,2013-06-25,4.0,1,4.0
SO60079,9564,325,2013-06-13,2013-06-20,2013-06-25,30.0,1,30.0
SO60080,15394,327,2013-06-13,2013-06-20,2013-06-25,21.0,1,21.0
SO60081,11517,266,2013-06-13,2013-06-20,2013-06-25,5.0,1,5.0
SO60082,14323,319,2013-06-13,2013-06-20,2013-06-25,5.0,1,5.0
SO60083,1551,327,2013-06-13,2013-06-20,2013-06-25,21.0,1,21.0
SO60084,3807,330,2013-06-13,2013-06-20,2013-06-25,29.0,1,29.0
SO60085,14467,319,2013-06-13,2013-06-20,2013-06-25,5.0,1,5.0
SO60086,1335,330,2013-06-13,2013-06-20,2013-06-25,29.0,1,29.0
SO60087,2683,319,2013-06-13,2013-06-20,2013-06-25,5.0,1,5.0
SO60088,17882,319,2013-06-13,2013-06-20,2013-06-25,5.0,1,5.0
SO60089,184,326,2013-06-13,2013-06-20,2013-06-25,35.0,1,35.0
SO60090,1107,326,2013-06-13,2013-06-20,2013-06-25,35.0,1,35.0
SO60091,1878,274,2013-06-13,2013-06-20,2013-06-25,22.0,1,22.0
SO60092,1525,12,2013-06-13,2013-06-20,2013-06-25,9.0,1,9.0
SO60092,1525,13,2013-06-13,2013-06-20,2013-06-25,9.0,1,9.0
SO60092,1525,14,2013-06-13,2013-06-20,2013-06-25,9.0,1,9.0
SO60093,2911,149,2013-06-13,2013-06-20,2013-06-25,2295.0,1,2295.0
SO60093,2911,150,2013-06-13,2013-06-20,2013-06-25,2295.0,1,2295.0
SO60094,2874,145,2013-06-13,2013-06-20,2013-06-25,2320.0,1,2320.0
SO60094,2874,146,2013-06-13,2013-06-20,2013-06-25,2320.0,1,2320.0
SO60095,1026,147,2013-06-13,2013-06-20,2013-06-25,2295.0,1,2295.0
SO60095,1026,148,2013-06-13,2013-06-20,2013-06-25,2295.0,1,2295.0
SO60096,3118,149,2013-06-13,2013-06-20,2013-06-25,2295.0,1,2295.0
SO60096,3118,150,2013-06-13,2013-06-20,2013-06-25,2295.0,1,2295.0
SO60097,2450,151,2013-06-13,2013-06-20,2013-06-25,2295.0,1,2295.0
SO60097,2450,152,2013-06-13,2013-06-20,2013-06-25,2295.0,1,2295.0
SO60098,2432,143,2013-06-13,2013-06-20,2013-06-25,2320.0,1,2320.0
SO60098,2432,144,2013-06-13,2013-06-20,2013-06-25,2320.0,1,2320.0
SO60099,775,143,2013-06-13,2013-06-20,2013-06-25,2320.0,1,2320.0
SO60099,775,144,2013-06-13,2013-06-20,2013-06-25,2320.0,1,2320.0
SO60100,17435,361,2013-06-13,2013-06-20,2013-06-25,742.0,1,742.0
SO60101,14541,367,2013-06-13,2013-06-20,2013-06-25,1215.0,1,1215.0
SO60102,9243,164,2013-06-13,2013-06-20,2013-06-25,2443.0,1,2443.0
SO60102,9243,165,2013-06-13,2013-06-20,2013-06-25,2443.0,1,2443.0
SO60103,9245,160,2013-06-13,2013-06-20,2013-06-25,2443.0,1,2443.0
SO60103,9245,161,2013-06-13,2013-06-20,2013-06-25,2443.0,1,2443.0
SO60104,8964,164,2013-06-13,2013-06-20,2013-06-25,2443.0,1,2443.0
SO60104,8964,165,2013-06-13,2013-06-20,2013-06-25,2443.0,1,2443.0
SO60105,6726,174,2013-06-13,2013-06-20,2013-06-25,1120.0,1,1120.0
SO60105,6726,175,2013-06-13,2013-06-20,2013-06-25,1120.0,1,1120.0
SO60106,17321,395,2013-06-13,2013-06-20,2013-06-25,540.0,1,540.0
SO60107,1246,388,2013-06-13,2013-06-20,2013-06-25,540.0,1,540.0
SO60108,12584,366,2013-06-13,2013-06-20,2013-06-25,1215.0,1,1215.0
SO60109,6125,395,2013-06-13,2013-06-20,2013-06-25,540.0,1,540.0
SO60110,6672,393,2013-06-13,2013-06-20,2013-06-25,540.0,1,540.0
SO60111,6673,395,2013-06-13,2013-06-20,2013-06-25,540.0,1,540.0
SO60112,12166,393,2013-06-13,2013-06-20,2013-06-25,540.0,1,540.0
SO60113,9199,174,2013-06-13,2013-06-20,2013-06-25,1120.0,1,1120.0
SO60113,9199,175,2013-06-13,2013-06-20,2013-06-25,1120.0,1,1120.0
SO60114,9296,178,2013-06-13,2013-06-20,2013-06-25,1120.0,1,1120.0
SO60114,9296,179,2013-06-13,2013-06-20,2013-06-25,1120.0,1,1120.0
SO60115,6385,371,2013-06-13,2013-06-20,2013-06-25,1701.0,1,1701.0
SO60116,6387,370,2013-06-13,2013-06-20,2013-06-25,1701.0,1,1701.0
SO60117,8518,174,2013-06-13,2013-06-20,2013-06-25,1120.0,1,1120.0
SO60117,8518,175,2013-06-13,2013-06-20,2013-06-25,1120.0,1,1120.0
SO60118,13016,178,2013-06-13,2013-06-20,2013-06-25,1120.0,1,1120.0
SO60118,13016,179,2013-06-13,2013-06-20,2013-06-25,1120.0,1,1120.0
SO60119,8459,178,2013-06-13,2013-06-20,2013-06-25,1120.0,1,1120.0
SO60119,8459,179,2013-06-13,2013-06-20,2013-06-25,1120.0,1,1120.0
SO60120,8428,178,2013-06-13,2013-06-20,2013-06-25,1120.0,1,1120.0
SO60120,8428,179,2013-06-13,2013-06-20,2013-06-25,1120.0,1,1120.0
SO60121,11608,373,2013-06-13,2013-06-20,2013-06-25,540.0,1,540.0
SO60122,18066,361,2013-06-13,2013-06-20,2013-06-25,742.0,1,742.0
SO60123,3172,147,2013-06-14,2013-06-21,2013-06-26,2295.0,1,2295.0
SO60123,3172,148,2013-06-14,2013-06-21,2013-06-26,2295.0,1,2295.0
SO60124,1231,147,2013-06-14,2013-06-21,2013-06-26,2295.0,1,2295.0
SO60124,1231,148,2013-06-14,2013-06-21,2013-06-26,2295.0,1,2295.0
SO60125,13465,266,2013-06-14,2013-06-21,2013-06-26,5.0,1,5.0
SO60126,16348,264,2013-06-14,2013-06-21,2013-06-26,70.0,1,70.0
SO60127,3947,388,2013-06-14,2013-06-21,2013-06-26,540.0,1,540.0
SO60128,5047,377,2013-06-14,2013-06-21,2013-06-26,769.0,1,769.0
SO60129,8195,378,2013-06-14,2013-06-21,2013-06-26,769.0,1,769.0
SO60130,301,12,2013-06-14,2013-06-21,2013-06-26,9.0,1,9.0
SO60130,301,13,2013-06-14,2013-06-21,2013-06-26,9.0,1,9.0
SO60130,301,14,2013-06-14,2013-06-21,2013-06-26,9.0,1,9.0
SO60131,16676,318,2013-06-14,2013-06-21,2013-06-26,4.0,1,4.0
SO60132,17866,328,2013-06-14,2013-06-21,2013-06-26,25.0,1,25.0
SO60133,712,330,2013-06-14,2013-06-21,2013-06-26,29.0,1,29.0
SO60134,18034,328,2013-06-14,2013-06-21,2013-06-26,25.0,1,25.0
SO60135,17252,319,2013-06-14,2013-06-21,2013-06-26,5.0,1,5.0
SO60136,14958,324,2013-06-14,2013-06-21,2013-06-26,25.0,1,25.0
SO60137,14184,329,2013-06-14,2013-06-21,2013-06-26,33.0,1,33.0
SO60138,14860,317,2013-06-14,2013-06-21,2013-06-26,5.0,1,5.0
SO60139,14765,329,2013-06-14,2013-06-21,2013-06-26,33.0,1,33.0
SO60140,11377,325,2013-06-14,2013-06-21,2013-06-26,30.0,1,30.0
SO60141,12279,267,2013-06-14,2013-06-21,2013-06-26,10.0,1,10.0
SO60142,1057,267,2013-06-14,2013-06-21,2013-06-26,10.0,1,10.0
SO60143,9508,267,2013-06-14,2013-06-21,2013-06-26,10.0,1,10.0
SO60144,5848,265,2013-06-14,2013-06-21,2013-06-26,70.0,1,70.0
SO60145,876,265,2013-06-14,2013-06-21,2013-06-26,70.0,1,70.0
SO60146,869,266,2013-06-14,2013-06-21,2013-06-26,5.0,1,5.0
SO60147,16455,317,2013-06-14,2013-06-21,2013-06-26,5.0,1,5.0
SO60148,8078,317,2013-06-14,2013-06-21,2013-06-26,5.0,1,5.0
SO60149,9088,274,2013-06-14,2013-06-21,2013-06-26,22.0,1,22.0
SO60150,8915,328,2013-06-14,2013-06-21,2013-06-26,25.0,1,25.0
SO60151,12612,318,2013-06-14,2013-06-21,2013-06-26,4.0,1,4.0
SO60152,4612,317,2013-06-14,2013-06-21,2013-06-26,5.0,1,5.0
SO60153,9797,318,2013-06-14,2013-06-21,2013-06-26,4.0,1,4.0
SO60154,18385,327,2013-06-14,2013-06-21,2013-06-26,21.0,1,21.0
SO60155,17916,319,2013-06-14,2013-06-21,2013-06-26,5.0,1,5.0
SO60156,661,317,2013-06-14,2013-06-21,2013-06-26,5.0,1,5.0
SO60157,8554,274,2013-06-14,2013-06-21,2013-06-26,22.0,1,22.0
SO60158,3891,274,2013-06-14,2013-06-21,2013-06-26,22.0,1,22.0
SO60159,7822,274,2013-06-14,2013-06-21,2013-06-26,22.0,1,22.0
SO60160,2455,145,2013-06-14,2013-06-21,2013-06-26,2320.0,1,2320.0
SO60160,2455,146,2013-06-14,2013-06-21,2013-06-26,2320.0,1,2320.0
SO60161,3460,141,2013-06-14,2013-06-21,2013-06-26,2320.0,1,2320.0
SO60161,3460,142,2013-06-14,2013-06-21,2013-06-26,2320.0,1,2320.0
SO60162,15953,375,2013-06-14,2013-06-21,2013-06-26,742.0,1,742.0
SO60163,1395,367,2013-06-14,2013-06-21,2013-06-26,1215.0,1,1215.0
SO60164,8961,168,2013-06-14,2013-06-21,2013-06-26,2443.0,1,2443.0
SO60164,8961,169,2013-06-14,2013-06-21,2013-06-26,2443.0,1,2443.0
SO60165,13458,170,2013-06-14,2013-06-21,2013-06-26,1120.0,1,1120.0
SO60165,13458,171,2013-06-14,2013-06-21,2013-06-26,1120.0,1,1120.0
SO60166,14052,174,2013-06-14,2013-06-21,2013-06-26,1120.0,1,1120.0
SO60166,14052,175,2013-06-14,2013-06-21,2013-06-26,1120.0,1,1120.0
SO60167,14107,172,2013-06-14,2013-06-21,2013-06-26,1120.0,1,1120.0
SO60167,14107,173,2013-06-14,2013-06-21,2013-06-26,1120.0,1,1120.0
SO60168,62,353,2013-06-14,2013-06-21,2013-06-26,2384.0,1,2384.0
SO60169,14403,368,2013-06-14,2013-06-21,2013-06-26,1215.0,1,1215.0
SO60170,11234,362,2013-06-14,2013-06-21,2013-06-26,2384.0,1,2384.0
SO60171,14286,352,2013-06-14,2013-06-21,2013-06-26,2384.0,1,2384.0
SO60172,12155,393,2013-06-14,2013-06-21,2013-06-26,540.0,1,540.0
SO60173,14982,395,2013-06-14,2013-06-21,2013-06-26,540.0,1,540.0
SO60174,8547,176,2013-06-14,2013-06-21,2013-06-26,1120.0,1,1120.0
SO60174,8547,177,2013-06-14,2013-06-21,2013-06-26,1120.0,1,1120.0
SO60175,9320,178,2013-06-14,2013-06-21,2013-06-26,1120.0,1,1120.0
SO60175,9320,179,2013-06-14,2013-06-21,2013-06-26,1120.0,1,1120.0
SO60176,9193,176,2013-06-14,2013-06-21,2013-06-26,1120.0,1,1120.0
SO60176,9193,177,2013-06-14,2013-06-21,2013-06-26,1120.0,1,1120.0
SO60177,6359,370,2013-06-14,2013-06-21,2013-06-26,1701.0,1,1701.0
SO60178,358,379,2013-06-14,2013-06-21,2013-06-26,769.0,1,769.0
SO60179,1955,12,2013-06-15,2013-06-22,2013-06-27,9.0,1,9.0
SO60179,1955,13,2013-06-15,2013-06-22,2013-06-27,9.0,1,9.0
SO60179,1955,14,2013-06-15,2013-06-22,2013-06-27,9.0,1,9.0
SO60180,1673,324,2013-06-15,2013-06-22,2013-06-27,25.0,1,25.0
SO60181,12331,274,2013-06-15,2013-06-22,2013-06-27,22.0,1,22.0
SO60182,11180,274,2013-06-15,2013-06-22,2013-06-27,22.0,1,22.0
SO60183,7902,326,2013-06-15,2013-06-22,2013-06-27,35.0,1,35.0
SO60184,15031,327,2013-06-15,2013-06-22,2013-06-27,21.0,1,21.0
SO60185,13244,319,2013-06-15,2013-06-22,2013-06-27,5.0,1,5.0
SO60186,7307,269,2013-06-15,2013-06-22,2013-06-27,2.0,1,2.0
SO60187,8955,266,2013-06-15,2013-06-22,2013-06-27,5.0,1,5.0
SO60188,6740,370,2013-06-15,2013-06-22,2013-06-27,1701.0,1,1701.0
SO60189,6755,372,2013-06-15,2013-06-22,2013-06-27,1701.0,1,1701.0
SO60190,10013,371,2013-06-15,2013-06-22,2013-06-27,1701.0,1,1701.0
SO60191,10849,383,2013-06-15,2013-06-22,2013-06-27,565.0,1,565.0
SO60192,6795,386,2013-06-15,2013-06-22,2013-06-27,540.0,1,540.0
SO60193,6086,378,2013-06-15,2013-06-22,2013-06-27,769.0,1,769.0
SO60194,4095,151,2013-06-15,2013-06-22,2013-06-27,2295.0,1,2295.0
SO60194,4095,152,2013-06-15,2013-06-22,2013-06-27,2295.0,1,2295.0
SO60195,17344,279,2013-06-15,2013-06-22,2013-06-27,54.0,1,54.0
SO60196,722,280,2013-06-15,2013-06-22,2013-06-27,54.0,1,54.0
SO60197,321,269,2013-06-15,2013-06-22,2013-06-27,2.0,1,2.0
SO60198,177,269,2013-06-15,2013-06-22,2013-06-27,2.0,1,2.0
SO60199,18035,318,2013-06-15,2013-06-22,2013-06-27,4.0,1,4.0
SO60200,331,330,2013-06-15,2013-06-22,2013-06-27,29.0,1,29.0
SO60201,288,327,2013-06-15,2013-06-22,2013-06-27,21.0,1,21.0
SO60202,13971,329,2013-06-15,2013-06-22,2013-06-27,33.0,1,33.0
SO60203,12046,325,2013-06-15,2013-06-22,2013-06-27,30.0,1,30.0
SO60204,14161,318,2013-06-15,2013-06-22,2013-06-27,4.0,1,4.0
SO60205,8730,325,2013-06-15,2013-06-22,2013-06-27,30.0,1,30.0
SO60206,10459,267,2013-06-15,2013-06-22,2013-06-27,10.0,1,10.0
SO60207,9316,265,2013-06-15,2013-06-22,2013-06-27,70.0,1,70.0
SO60208,9019,263,2013-06-15,2013-06-22,2013-06-27,70.0,1,70.0
SO60209,8835,263,2013-06-15,2013-06-22,2013-06-27,70.0,1,70.0
SO60210,8634,266,2013-06-15,2013-06-22,2013-06-27,5.0,1,5.0
SO60211,7679,263,2013-06-15,2013-06-22,2013-06-27,70.0,1,70.0
SO60212,5775,266,2013-06-15,2013-06-22,2013-06-27,5.0,1,5.0
SO60213,5372,317,2013-06-15,2013-06-22,2013-06-27,5.0,1,5.0
SO60214,5737,266,2013-06-15,2013-06-22,2013-06-27,5.0,1,5.0
SO60215,5461,317,2013-06-15,2013-06-22,2013-06-27,5.0,1,5.0
SO60216,435,266,2013-06-15,2013-06-22,2013-06-27,5.0,1,5.0
SO60217,14741,280,2013-06-15,2013-06-22,2013-06-27,54.0,1,54.0
SO60218,12980,318,2013-06-15,2013-06-22,2013-06-27,4.0,1,4.0
SO60219,11705,319,2013-06-15,2013-06-22,2013-06-27,5.0,1,5.0
SO60220,14681,327,2013-06-15,2013-06-22,2013-06-27,21.0,1,21.0
SO60221,16330,319,2013-06-15,2013-06-22,2013-06-27,5.0,1,5.0
SO60222,3527,319,2013-06-15,2013-06-22,2013-06-27,5.0,1,5.0
SO60223,14515,319,2013-06-15,2013-06-22,2013-06-27,5.0,1,5.0
SO60224,623,326,2013-06-15,2013-06-22,2013-06-27,35.0,1,35.0
SO60225,2761,326,2013-06-15,2013-06-22,2013-06-27,35.0,1,35.0
SO60226,144,326,2013-06-15,2013-06-22,2013-06-27,35.0,1,35.0
SO60227,1542,12,2013-06-15,2013-06-22,2013-06-27,9.0,1,9.0
SO60227,1542,13,2013-06-15,2013-06-22,2013-06-27,9.0,1,9.0
SO60227,1542,14,2013-06-15,2013-06-22,2013-06-27,9.0,1,9.0
SO60228,6155,372,2013-06-15,2013-06-22,2013-06-27,1701.0,1,1701.0
SO60229,8690,382,2013-06-15,2013-06-22,2013-06-27,565.0,1,565.0
SO60230,3365,378,2013-06-15,2013-06-22,2013-06-27,769.0,1,769.0
SO60231,2977,149,2013-06-15,2013-06-22,2013-06-27,2295.0,1,2295.0
SO60231,2977,150,2013-06-15,2013-06-22,2013-06-27,2295.0,1,2295.0
SO60232,4176,151,2013-06-15,2013-06-22,2013-06-27,2295.0,1,2295.0
SO60232,4176,152,2013-06-15,2013-06-22,2013-06-27,2295.0,1,2295.0
SO60233,855,147,2013-06-15,2013-06-22,2013-06-27,2295.0,1,2295.0
SO60233,855,148,2013-06-15,2013-06-22,2013-06-27,2295.0,1,2295.0
SO60234,2462,149,2013-06-15,2013-06-22,2013-06-27,2295.0,1,2295.0
SO60234,2462,150,2013-06-15,2013-06-22,2013-06-27,2295.0,1,2295.0
SO60235,9862,361,2013-06-15,2013-06-22,2013-06-27,742.0,1,742.0
SO60236,8197,366,2013-06-15,2013-06-22,2013-06-27,1215.0,1,1215.0
SO60237,9222,162,2013-06-15,2013-06-22,2013-06-27,2443.0,1,2443.0
SO60237,9222,163,2013-06-15,2013-06-22,2013-06-27,2443.0,1,2443.0
SO60238,8972,160,2013-06-15,2013-06-22,2013-06-27,2443.0,1,2443.0
SO60238,8972,161,2013-06-15,2013-06-22,2013-06-27,2443.0,1,2443.0
SO60239,8958,160,2013-06-15,2013-06-22,2013-06-27,2443.0,1,2443.0
SO60239,8958,161,2013-06-15,2013-06-22,2013-06-27,2443.0,1,2443.0
SO60240,73,350,2013-06-15,2013-06-22,2013-06-27,2384.0,1,2384.0
SO60241,105,363,2013-06-15,2013-06-22,2013-06-27,2384.0,1,2384.0
SO60242,107,350,2013-06-15,2013-06-22,2013-06-27,2384.0,1,2384.0
SO60243,14623,352,2013-06-15,2013-06-22,2013-06-27,2384.0,1,2384.0
SO60244,9372,176,2013-06-15,2013-06-22,2013-06-27,1120.0,1,1120.0
SO60244,9372,177,2013-06-15,2013-06-22,2013-06-27,1120.0,1,1120.0
SO60245,6478,369,2013-06-15,2013-06-22,2013-06-27,1701.0,1,1701.0
SO60246,5997,370,2013-06-15,2013-06-22,2013-06-27,1701.0,1,1701.0
SO60247,13020,176,2013-06-15,2013-06-22,2013-06-27,1120.0,1,1120.0
SO60247,13020,177,2013-06-15,2013-06-22,2013-06-27,1120.0,1,1120.0
SO60248,15933,373,2013-06-15,2013-06-22,2013-06-27,540.0,1,540.0
SO60249,3427,151,2013-06-16,2013-06-23,2013-06-28,2295.0,1,2295.0
SO60249,3427,152,2013-06-16,2013-06-23,2013-06-28,2295.0,1,2295.0
SO60250,1609,141,2013-06-16,2013-06-23,2013-06-28,2320.0,1,2320.0
SO60250,1609,142,2013-06-16,2013-06-23,2013-06-28,2320.0,1,2320.0
SO60251,2264,145,2013-06-16,2013-06-23,2013-06-28,2320.0,1,2320.0
SO60251,2264,146,2013-06-16,2013-06-23,2013-06-28,2320.0,1,2320.0
SO60252,1200,272,2013-06-16,2013-06-23,2013-06-28,120.0,1,120.0
SO60253,1007,324,2013-06-16,2013-06-23,2013-06-28,25.0,1,25.0
SO60254,8567,274,2013-06-16,2013-06-23,2013-06-28,22.0,1,22.0
SO60255,9403,266,2013-06-16,2013-06-23,2013-06-28,5.0,1,5.0
SO60256,1460,147,2013-06-16,2013-06-23,2013-06-28,2295.0,1,2295.0
SO60256,1460,148,2013-06-16,2013-06-23,2013-06-28,2295.0,1,2295.0
SO60257,10054,372,2013-06-16,2013-06-23,2013-06-28,1701.0,1,1701.0
SO60258,3958,387,2013-06-16,2013-06-23,2013-06-28,540.0,1,540.0
SO60259,11667,385,2013-06-16,2013-06-23,2013-06-28,540.0,1,540.0
SO60260,13584,166,2013-06-16,2013-06-23,2013-06-28,2443.0,1,2443.0
SO60260,13584,167,2013-06-16,2013-06-23,2013-06-28,2443.0,1,2443.0
SO60261,13861,166,2013-06-16,2013-06-23,2013-06-28,2443.0,1,2443.0
SO60261,13861,167,2013-06-16,2013-06-23,2013-06-28,2443.0,1,2443.0
SO60262,6627,379,2013-06-16,2013-06-23,2013-06-28,769.0,1,769.0
SO60263,9924,378,2013-06-16,2013-06-23,2013-06-28,769.0,1,769.0
SO60264,852,21,2013-06-16,2013-06-23,2013-06-28,50.0,1,50.0
SO60264,852,22,2013-06-16,2013-06-23,2013-06-28,50.0,1,50.0
SO60264,852,23,2013-06-16,2013-06-23,2013-06-28,50.0,1,50.0
SO60265,18254,318,2013-06-16,2013-06-23,2013-06-28,4.0,1,4.0
SO60266,332,330,2013-06-16,2013-06-23,2013-06-28,29.0,1,29.0
SO60267,17056,327,2013-06-16,2013-06-23,2013-06-28,21.0,1,21.0
SO60268,8643,319,2013-06-16,2013-06-23,2013-06-28,5.0,1,5.0
SO60269,14004,324,2013-06-16,2013-06-23,2013-06-28,25.0,1,25.0
SO60270,13930,324,2013-06-16,2013-06-23,2013-06-28,25.0,1,25.0
SO60271,12368,325,2013-06-16,2013-06-23,2013-06-28,30.0,1,30.0
SO60272,3120,267,2013-06-16,2013-06-23,2013-06-28,10.0,1,10.0
SO60273,3292,264,2013-06-16,2013-06-23,2013-06-28,70.0,1,70.0
SO60274,8826,264,2013-06-16,2013-06-23,2013-06-28,70.0,1,70.0
SO60275,6539,266,2013-06-16,2013-06-23,2013-06-28,5.0,1,5.0
SO60276,7094,266,2013-06-16,2013-06-23,2013-06-28,5.0,1,5.0
SO60277,5900,266,2013-06-16,2013-06-23,2013-06-28,5.0,1,5.0
SO60278,11333,317,2013-06-16,2013-06-23,2013-06-28,5.0,1,5.0
SO60279,5190,274,2013-06-16,2013-06-23,2013-06-28,22.0,1,22.0
SO60280,6803,317,2013-06-16,2013-06-23,2013-06-28,5.0,1,5.0
SO60281,2676,267,2013-06-16,2013-06-23,2013-06-28,10.0,1,10.0
SO60282,13843,327,2013-06-16,2013-06-23,2013-06-28,21.0,1,21.0
SO60283,959,326,2013-06-16,2013-06-23,2013-06-28,35.0,1,35.0
SO60284,1437,326,2013-06-16,2013-06-23,2013-06-28,35.0,1,35.0
SO60285,6168,369,2013-06-16,2013-06-23,2013-06-28,1701.0,1,1701.0
SO60286,8659,385,2013-06-16,2013-06-23,2013-06-28,540.0,1,540.0
SO60287,8660,387,2013-06-16,2013-06-23,2013-06-28,540.0,1,540.0
SO60288,3418,376,2013-06-16,2013-06-23,2013-06-28,769.0,1,769.0
SO60289,11051,381,2013-06-16,2013-06-23,2013-06-28,565.0,1,565.0
SO60290,2895,147,2013-06-16,2013-06-23,2013-06-28,2295.0,1,2295.0
SO60290,2895,148,2013-06-16,2013-06-23,2013-06-28,2295.0,1,2295.0
SO60291,2465,141,2013-06-16,2013-06-23,2013-06-28,2320.0,1,2320.0
SO60291,2465,142,2013-06-16,2013-06-23,2013-06-28,2320.0,1,2320.0
SO60292,517,151,2013-06-16,2013-06-23,2013-06-28,2295.0,1,2295.0
SO60292,517,152,2013-06-16,2013-06-23,2013-06-28,2295.0,1,2295.0
SO60293,2436,145,2013-06-16,2013-06-23,2013-06-28,2320.0,1,2320.0
SO60293,2436,146,2013-06-16,2013-06-23,2013-06-28,2320.0,1,2320.0
SO60294,17383,361,2013-06-16,2013-06-23,2013-06-28,742.0,1,742.0
SO60295,9226,164,2013-06-16,2013-06-23,2013-06-28,2443.0,1,2443.0
SO60295,9226,165,2013-06-16,2013-06-23,2013-06-28,2443.0,1,2443.0
SO60296,14116,176,2013-06-16,2013-06-23,2013-06-28,1120.0,1,1120.0
SO60296,14116,177,2013-06-16,2013-06-23,2013-06-28,1120.0,1,1120.0
SO60297,14121,174,2013-06-16,2013-06-23,2013-06-28,1120.0,1,1120.0
SO60297,14121,175,2013-06-16,2013-06-23,2013-06-28,1120.0,1,1120.0
SO60298,1247,386,2013-06-16,2013-06-23,2013-06-28,540.0,1,540.0
SO60299,15576,356,2013-06-16,2013-06-23,2013-06-28,742.0,1,742.0
SO60300,12398,367,2013-06-16,2013-06-23,2013-06-28,1215.0,1,1215.0
SO60301,18139,374,2013-06-16,2013-06-23,2013-06-28,742.0,1,742.0
SO60302,13447,362,2013-06-16,2013-06-23,2013-06-28,2384.0,1,2384.0
SO60303,14406,352,2013-06-16,2013-06-23,2013-06-28,2384.0,1,2384.0
SO60304,11233,365,2013-06-16,2013-06-23,2013-06-28,2384.0,1,2384.0
SO60305,6124,373,2013-06-16,2013-06-23,2013-06-28,540.0,1,540.0
SO60306,6499,395,2013-06-16,2013-06-23,2013-06-28,540.0,1,540.0
SO60307,11298,394,2013-06-16,2013-06-23,2013-06-28,540.0,1,540.0
SO60308,11259,393,2013-06-16,2013-06-23,2013-06-28,540.0,1,540.0
SO60309,8401,174,2013-06-16,2013-06-23,2013-06-28,1120.0,1,1120.0
SO60309,8401,175,2013-06-16,2013-06-23,2013-06-28,1120.0,1,1120.0
SO60310,9188,174,2013-06-16,2013-06-23,2013-06-28,1120.0,1,1120.0
SO60310,9188,175,2013-06-16,2013-06-23,2013-06-28,1120.0,1,1120.0
SO60311,6273,369,2013-06-16,2013-06-23,2013-06-28,1701.0,1,1701.0
SO60312,12924,176,2013-06-16,2013-06-23,2013-06-28,1120.0,1,1120.0
SO60312,12924,177,2013-06-16,2013-06-23,2013-06-28,1120.0,1,1120.0
SO60313,18470,364,2013-06-16,2013-06-23,2013-06-28,2384.0,1,2384.0
SO60314,17524,350,2013-06-16,2013-06-23,2013-06-28,2384.0,1,2384.0
SO60315,1633,365,2013-06-16,2013-06-23,2013-06-28,2384.0,1,2384.0
SO60316,3217,367,2013-06-16,2013-06-23,2013-06-28,1215.0,1,1215.0
SO60317,18055,354,2013-06-16,2013-06-23,2013-06-28,742.0,1,742.0
SO60318,3208,145,2013-06-17,2013-06-24,2013-06-29,2320.0,1,2320.0
SO60318,3208,146,2013-06-17,2013-06-24,2013-06-29,2320.0,1,2320.0
SO60319,1610,147,2013-06-17,2013-06-24,2013-06-29,2295.0,1,2295.0
SO60319,1610,148,2013-06-17,2013-06-24,2013-06-29,2295.0,1,2295.0
SO60320,3184,151,2013-06-17,2013-06-24,2013-06-29,2295.0,1,2295.0
SO60320,3184,152,2013-06-17,2013-06-24,2013-06-29,2295.0,1,2295.0
SO60321,3187,141,2013-06-17,2013-06-24,2013-06-29,2320.0,1,2320.0
SO60321,3187,142,2013-06-17,2013-06-24,2013-06-29,2320.0,1,2320.0
SO60322,2603,145,2013-06-17,2013-06-24,2013-06-29,2320.0,1,2320.0
SO60322,2603,146,2013-06-17,2013-06-24,2013-06-29,2320.0,1,2320.0
SO60323,3791,149,2013-06-17,2013-06-24,2013-06-29,2295.0,1,2295.0
SO60323,3791,150,2013-06-17,2013-06-24,2013-06-29,2295.0,1,2295.0
SO60324,1921,268,2013-06-17,2013-06-24,2013-06-29,9.0,1,9.0
SO60325,4722,318,2013-06-17,2013-06-24,2013-06-29,4.0,1,4.0
SO60326,3224,324,2013-06-17,2013-06-24,2013-06-29,25.0,1,25.0
SO60327,11843,326,2013-06-17,2013-06-24,2013-06-29,35.0,1,35.0
SO60328,6314,325,2013-06-17,2013-06-24,2013-06-29,30.0,1,30.0
SO60329,1673,318,2013-06-17,2013-06-24,2013-06-29,4.0,1,4.0
SO60330,1683,318,2013-06-17,2013-06-24,2013-06-29,4.0,1,4.0
SO60331,988,318,2013-06-17,2013-06-24,2013-06-29,4.0,1,4.0
SO60332,17932,319,2013-06-17,2013-06-24,2013-06-29,5.0,1,5.0
SO60333,3949,387,2013-06-17,2013-06-24,2013-06-29,540.0,1,540.0
SO60334,3979,387,2013-06-17,2013-06-24,2013-06-29,540.0,1,540.0
SO60335,1656,160,2013-06-17,2013-06-24,2013-06-29,2443.0,1,2443.0
SO60335,1656,161,2013-06-17,2013-06-24,2013-06-29,2443.0,1,2443.0
SO60336,13848,166,2013-06-17,2013-06-24,2013-06-29,2443.0,1,2443.0
SO60336,13848,167,2013-06-17,2013-06-24,2013-06-29,2443.0,1,2443.0
SO60337,331,269,2013-06-17,2013-06-24,2013-06-29,2.0,1,2.0
SO60338,15515,324,2013-06-17,2013-06-24,2013-06-29,25.0,1,25.0
SO60339,15263,319,2013-06-17,2013-06-24,2013-06-29,5.0,1,5.0
SO60340,15476,327,2013-06-17,2013-06-24,2013-06-29,21.0,1,21.0
SO60341,224,327,2013-06-17,2013-06-24,2013-06-29,21.0,1,21.0
SO60342,2759,318,2013-06-17,2013-06-24,2013-06-29,4.0,1,4.0
SO60343,5801,267,2013-06-17,2013-06-24,2013-06-29,10.0,1,10.0
SO60344,7984,264,2013-06-17,2013-06-24,2013-06-29,70.0,1,70.0
SO60345,12894,266,2013-06-17,2013-06-24,2013-06-29,5.0,1,5.0
SO60346,15086,317,2013-06-17,2013-06-24,2013-06-29,5.0,1,5.0
SO60347,3594,317,2013-06-17,2013-06-24,2013-06-29,5.0,1,5.0
SO60348,2477,274,2013-06-17,2013-06-24,2013-06-29,22.0,1,22.0
SO60349,2786,329,2013-06-17,2013-06-24,2013-06-29,33.0,1,33.0
SO60350,8506,318,2013-06-17,2013-06-24,2013-06-29,4.0,1,4.0
SO60351,16937,328,2013-06-17,2013-06-24,2013-06-29,25.0,1,25.0
SO60352,10011,266,2013-06-17,2013-06-24,2013-06-29,5.0,1,5.0
SO60353,9917,317,2013-06-17,2013-06-24,2013-06-29,5.0,1,5.0
SO60354,15834,318,2013-06-17,2013-06-24,2013-06-29,4.0,1,4.0
SO60355,15888,318,2013-06-17,2013-06-24,2013-06-29,4.0,1,4.0
SO60356,15403,330,2013-06-17,2013-06-24,2013-06-29,29.0,1,29.0
SO60357,1514,327,2013-06-17,2013-06-24,2013-06-29,21.0,1,21.0
SO60358,6154,370,2013-06-17,2013-06-24,2013-06-29,1701.0,1,1701.0
SO60359,887,151,2013-06-17,2013-06-24,2013-06-29,2295.0,1,2295.0
SO60359,887,152,2013-06-17,2013-06-24,2013-06-29,2295.0,1,2295.0
SO60360,4363,151,2013-06-17,2013-06-24,2013-06-29,2295.0,1,2295.0
SO60360,4363,152,2013-06-17,2013-06-24,2013-06-29,2295.0,1,2295.0
SO60361,812,143,2013-06-17,2013-06-24,2013-06-29,2320.0,1,2320.0
SO60361,812,144,2013-06-17,2013-06-24,2013-06-29,2320.0,1,2320.0
SO60362,3289,143,2013-06-17,2013-06-24,2013-06-29,2320.0,1,2320.0
SO60362,3289,144,2013-06-17,2013-06-24,2013-06-29,2320.0,1,2320.0
SO60363,3382,149,2013-06-17,2013-06-24,2013-06-29,2295.0,1,2295.0
SO60363,3382,150,2013-06-17,2013-06-24,2013-06-29,2295.0,1,2295.0
SO60364,2448,149,2013-06-17,2013-06-24,2013-06-29,2295.0,1,2295.0
SO60364,2448,150,2013-06-17,2013-06-24,2013-06-29,2295.0,1,2295.0
SO60365,2454,145,2013-06-17,2013-06-24,2013-06-29,2320.0,1,2320.0
SO60365,2454,146,2013-06-17,2013-06-24,2013-06-29,2320.0,1,2320.0
SO60366,8599,372,2013-06-17,2013-06-24,2013-06-29,1701.0,1,1701.0
SO60367,14036,176,2013-06-17,2013-06-24,2013-06-29,1120.0,1,1120.0
SO60367,14036,177,2013-06-17,2013-06-24,2013-06-29,1120.0,1,1120.0
SO60368,11579,373,2013-06-17,2013-06-24,2013-06-29,540.0,1,540.0
SO60369,14127,174,2013-06-17,2013-06-24,2013-06-29,1120.0,1,1120.0
SO60369,14127,175,2013-06-17,2013-06-24,2013-06-29,1120.0,1,1120.0
SO60370,2105,143,2013-06-17,2013-06-24,2013-06-29,2320.0,1,2320.0
SO60370,2105,144,2013-06-17,2013-06-24,2013-06-29,2320.0,1,2320.0
SO60371,14401,352,2013-06-17,2013-06-24,2013-06-29,2384.0,1,2384.0
SO60372,10327,176,2013-06-17,2013-06-24,2013-06-29,1120.0,1,1120.0
SO60372,10327,177,2013-06-17,2013-06-24,2013-06-29,1120.0,1,1120.0
SO60373,6481,371,2013-06-17,2013-06-24,2013-06-29,1701.0,1,1701.0
SO60374,13035,176,2013-06-17,2013-06-24,2013-06-29,1120.0,1,1120.0
SO60374,13035,177,2013-06-17,2013-06-24,2013-06-29,1120.0,1,1120.0
SO60375,13012,174,2013-06-17,2013-06-24,2013-06-29,1120.0,1,1120.0
SO60375,13012,175,2013-06-17,2013-06-24,2013-06-29,1120.0,1,1120.0
SO60376,13191,353,2013-06-17,2013-06-24,2013-06-29,2384.0,1,2384.0
SO60377,3215,349,2013-06-17,2013-06-24,2013-06-29,1215.0,1,1215.0
SO60378,17489,358,2013-06-17,2013-06-24,2013-06-29,742.0,1,742.0
SO60379,18063,375,2013-06-17,2013-06-24,2013-06-29,742.0,1,742.0
SO60380,451,365,2013-06-17,2013-06-24,2013-06-29,2384.0,1,2384.0
SO60381,16499,395,2013-06-17,2013-06-24,2013-06-29,540.0,1,540.0
SO60382,6293,325,2013-06-18,2013-06-25,2013-06-30,30.0,1,30.0
SO60383,5701,325,2013-06-18,2013-06-25,2013-06-30,30.0,1,30.0
SO60384,7259,274,2013-06-18,2013-06-25,2013-06-30,22.0,1,22.0
SO60385,6331,274,2013-06-18,2013-06-25,2013-06-30,22.0,1,22.0
SO60386,12096,319,2013-06-18,2013-06-25,2013-06-30,5.0,1,5.0
SO60387,5175,318,2013-06-18,2013-06-25,2013-06-30,4.0,1,4.0
SO60388,4223,9,2013-06-18,2013-06-25,2013-06-30,35.0,1,35.0
SO60388,4223,10,2013-06-18,2013-06-25,2013-06-30,35.0,1,35.0
SO60388,4223,11,2013-06-18,2013-06-25,2013-06-30,35.0,1,35.0
SO60389,8573,330,2013-06-18,2013-06-25,2013-06-30,29.0,1,29.0
SO60390,5683,318,2013-06-18,2013-06-25,2013-06-30,4.0,1,4.0
SO60391,6785,369,2013-06-18,2013-06-25,2013-06-30,1701.0,1,1701.0
SO60392,10012,371,2013-06-18,2013-06-25,2013-06-30,1701.0,1,1701.0
SO60393,5433,164,2013-06-18,2013-06-25,2013-06-30,2443.0,1,2443.0
SO60393,5433,165,2013-06-18,2013-06-25,2013-06-30,2443.0,1,2443.0
SO60394,18058,12,2013-06-18,2013-06-25,2013-06-30,9.0,1,9.0
SO60394,18058,13,2013-06-18,2013-06-25,2013-06-30,9.0,1,9.0
SO60394,18058,14,2013-06-18,2013-06-25,2013-06-30,9.0,1,9.0
SO60395,201,318,2013-06-18,2013-06-25,2013-06-30,4.0,1,4.0
SO60396,15119,324,2013-06-18,2013-06-25,2013-06-30,25.0,1,25.0
SO60397,15499,324,2013-06-18,2013-06-25,2013-06-30,25.0,1,25.0
SO60398,11760,325,2013-06-18,2013-06-25,2013-06-30,30.0,1,30.0
SO60399,6175,266,2013-06-18,2013-06-25,2013-06-30,5.0,1,5.0
SO60400,5673,266,2013-06-18,2013-06-25,2013-06-30,5.0,1,5.0
SO60401,14174,317,2013-06-18,2013-06-25,2013-06-30,5.0,1,5.0
SO60402,9086,274,2013-06-18,2013-06-25,2013-06-30,22.0,1,22.0
SO60403,4635,274,2013-06-18,2013-06-25,2013-06-30,22.0,1,22.0
SO60404,1754,263,2013-06-18,2013-06-25,2013-06-30,70.0,1,70.0
SO60405,2782,326,2013-06-18,2013-06-25,2013-06-30,35.0,1,35.0
SO60406,2696,326,2013-06-18,2013-06-25,2013-06-30,35.0,1,35.0
SO60407,5600,265,2013-06-18,2013-06-25,2013-06-30,70.0,1,70.0
SO60408,16848,327,2013-06-18,2013-06-25,2013-06-30,21.0,1,21.0
SO60409,9065,318,2013-06-18,2013-06-25,2013-06-30,4.0,1,4.0
SO60410,16906,327,2013-06-18,2013-06-25,2013-06-30,21.0,1,21.0
SO60411,16845,319,2013-06-18,2013-06-25,2013-06-30,5.0,1,5.0
SO60412,14496,319,2013-06-18,2013-06-25,2013-06-30,5.0,1,5.0
SO60413,927,326,2013-06-18,2013-06-25,2013-06-30,35.0,1,35.0
SO60414,9496,160,2013-06-18,2013-06-25,2013-06-30,2443.0,1,2443.0
SO60414,9496,161,2013-06-18,2013-06-25,2013-06-30,2443.0,1,2443.0
SO60415,6151,369,2013-06-18,2013-06-25,2013-06-30,1701.0,1,1701.0
SO60416,5084,386,2013-06-18,2013-06-25,2013-06-30,540.0,1,540.0
SO60417,8699,385,2013-06-18,2013-06-25,2013-06-30,540.0,1,540.0
SO60418,2949,149,2013-06-18,2013-06-25,2013-06-30,2295.0,1,2295.0
SO60418,2949,150,2013-06-18,2013-06-25,2013-06-30,2295.0,1,2295.0
SO60419,813,143,2013-06-18,2013-06-25,2013-06-30,2320.0,1,2320.0
SO60419,813,144,2013-06-18,2013-06-25,2013-06-30,2320.0,1,2320.0
SO60420,1782,143,2013-06-18,2013-06-25,2013-06-30,2320.0,1,2320.0
SO60420,1782,144,2013-06-18,2013-06-25,2013-06-30,2320.0,1,2320.0
SO60421,781,143,2013-06-18,2013-06-25,2013-06-30,2320.0,1,2320.0
SO60421,781,144,2013-06-18,2013-06-25,2013-06-30,2320.0,1,2320.0
SO60422,955,151,2013-06-18,2013-06-25,2013-06-30,2295.0,1,2295.0
SO60422,955,152,2013-06-18,2013-06-25,2013-06-30,2295.0,1,2295.0
SO60423,17389,356,2013-06-18,2013-06-25,2013-06-30,742.0,1,742.0
SO60424,8198,367,2013-06-18,2013-06-25,2013-06-30,1215.0,1,1215.0
SO60425,15955,349,2013-06-18,2013-06-25,2013-06-30,1215.0,1,1215.0
SO60426,8951,162,2013-06-18,2013-06-25,2013-06-30,2443.0,1,2443.0
SO60426,8951,163,2013-06-18,2013-06-25,2013-06-30,2443.0,1,2443.0
SO60427,12410,372,2013-06-18,2013-06-25,2013-06-30,1701.0,1,1701.0
SO60428,2527,162,2013-06-18,2013-06-25,2013-06-30,2443.0,1,2443.0
SO60428,2527,163,2013-06-18,2013-06-25,2013-06-30,2443.0,1,2443.0
SO60429,8965,166,2013-06-18,2013-06-25,2013-06-30,2443.0,1,2443.0
SO60429,8965,167,2013-06-18,2013-06-25,2013-06-30,2443.0,1,2443.0
SO60430,5530,174,2013-06-18,2013-06-25,2013-06-30,1120.0,1,1120.0
SO60430,5530,175,2013-06-18,2013-06-25,2013-06-30,1120.0,1,1120.0
SO60431,14120,170,2013-06-18,2013-06-25,2013-06-30,1120.0,1,1120.0
SO60431,14120,171,2013-06-18,2013-06-25,2013-06-30,1120.0,1,1120.0
SO60432,5929,176,2013-06-18,2013-06-25,2013-06-30,1120.0,1,1120.0
SO60432,5929,177,2013-06-18,2013-06-25,2013-06-30,1120.0,1,1120.0
SO60433,16349,395,2013-06-18,2013-06-25,2013-06-30,540.0,1,540.0
SO60434,125,352,2013-06-18,2013-06-25,2013-06-30,2384.0,1,2384.0
SO60435,5161,382,2013-06-18,2013-06-25,2013-06-30,565.0,1,565.0
SO60436,12512,367,2013-06-18,2013-06-25,2013-06-30,1215.0,1,1215.0
SO60437,13641,350,2013-06-18,2013-06-25,2013-06-30,2384.0,1,2384.0
SO60438,14768,365,2013-06-18,2013-06-25,2013-06-30,2384.0,1,2384.0
SO60439,14410,362,2013-06-18,2013-06-25,2013-06-30,2384.0,1,2384.0
SO60440,12167,395,2013-06-18,2013-06-25,2013-06-30,540.0,1,540.0
SO60441,10615,395,2013-06-18,2013-06-25,2013-06-30,540.0,1,540.0
SO60442,12149,393,2013-06-18,2013-06-25,2013-06-30,540.0,1,540.0
SO60443,8537,176,2013-06-18,2013-06-25,2013-06-30,1120.0,1,1120.0
SO60443,8537,177,2013-06-18,2013-06-25,2013-06-30,1120.0,1,1120.0
SO60444,9282,178,2013-06-18,2013-06-25,2013-06-30,1120.0,1,1120.0
SO60444,9282,179,2013-06-18,2013-06-25,2013-06-30,1120.0,1,1120.0
SO60445,7860,176,2013-06-18,2013-06-25,2013-06-30,1120.0,1,1120.0
SO60445,7860,177,2013-06-18,2013-06-25,2013-06-30,1120.0,1,1120.0
SO60446,9832,174,2013-06-18,2013-06-25,2013-06-30,1120.0,1,1120.0
SO60446,9832,175,2013-06-18,2013-06-25,2013-06-30,1120.0,1,1120.0
SO60447,11441,393,2013-06-18,2013-06-25,2013-06-30,540.0,1,540.0
SO60448,11653,394,2013-06-18,2013-06-25,2013-06-30,540.0,1,540.0
SO60449,18478,364,2013-06-18,2013-06-25,2013-06-30,2384.0,1,2384.0
SO60450,6072,377,2013-06-18,2013-06-25,2013-06-30,769.0,1,769.0
SO60451,455,362,2013-06-18,2013-06-25,2013-06-30,2384.0,1,2384.0
SO60452,460,362,2013-06-18,2013-06-25,2013-06-30,2384.0,1,2384.0
SO60453,3196,147,2013-06-19,2013-06-26,2013-07-01,2295.0,1,2295.0
SO60453,3196,148,2013-06-19,2013-06-26,2013-07-01,2295.0,1,2295.0
SO60454,594,143,2013-06-19,2013-06-26,2013-07-01,2320.0,1,2320.0
SO60454,594,144,2013-06-19,2013-06-26,2013-07-01,2320.0,1,2320.0
SO60455,1461,147,2013-06-19,2013-06-26,2013-07-01,2295.0,1,2295.0
SO60455,1461,148,2013-06-19,2013-06-26,2013-07-01,2295.0,1,2295.0
SO60456,1809,143,2013-06-19,2013-06-26,2013-07-01,2320.0,1,2320.0
SO60456,1809,144,2013-06-19,2013-06-26,2013-07-01,2320.0,1,2320.0
SO60457,1381,147,2013-06-19,2013-06-26,2013-07-01,2295.0,1,2295.0
SO60457,1381,148,2013-06-19,2013-06-26,2013-07-01,2295.0,1,2295.0
SO60458,877,273,2013-06-19,2013-06-26,2013-07-01,8.0,1,8.0
SO60459,2138,317,2013-06-19,2013-06-26,2013-07-01,5.0,1,5.0
SO60460,2042,317,2013-06-19,2013-06-26,2013-07-01,5.0,1,5.0
SO60461,11170,264,2013-06-19,2013-06-26,2013-07-01,70.0,1,70.0
SO60462,14242,317,2013-06-19,2013-06-26,2013-07-01,5.0,1,5.0
SO60463,2128,318,2013-06-19,2013-06-26,2013-07-01,4.0,1,4.0
SO60464,8092,269,2013-06-19,2013-06-26,2013-07-01,2.0,1,2.0
SO60465,6053,277,2013-06-19,2013-06-26,2013-07-01,54.0,1,54.0
SO60466,11502,166,2013-06-19,2013-06-26,2013-07-01,2443.0,1,2443.0
SO60466,11502,167,2013-06-19,2013-06-26,2013-07-01,2443.0,1,2443.0
SO60467,2840,378,2013-06-19,2013-06-26,2013-07-01,769.0,1,769.0
SO60468,6628,376,2013-06-19,2013-06-26,2013-07-01,769.0,1,769.0
SO60469,129,318,2013-06-19,2013-06-26,2013-07-01,4.0,1,4.0
SO60470,16567,327,2013-06-19,2013-06-26,2013-07-01,21.0,1,21.0
SO60471,16410,318,2013-06-19,2013-06-26,2013-07-01,4.0,1,4.0
SO60472,14173,318,2013-06-19,2013-06-26,2013-07-01,4.0,1,4.0
SO60473,288,329,2013-06-19,2013-06-26,2013-07-01,33.0,1,33.0
SO60474,7412,325,2013-06-19,2013-06-26,2013-07-01,30.0,1,30.0
SO60475,5668,267,2013-06-19,2013-06-26,2013-07-01,10.0,1,10.0
SO60476,11352,267,2013-06-19,2013-06-26,2013-07-01,10.0,1,10.0
SO60477,8713,265,2013-06-19,2013-06-26,2013-07-01,70.0,1,70.0
SO60478,785,265,2013-06-19,2013-06-26,2013-07-01,70.0,1,70.0
SO60479,9764,264,2013-06-19,2013-06-26,2013-07-01,70.0,1,70.0
SO60480,12085,317,2013-06-19,2013-06-26,2013-07-01,5.0,1,5.0
SO60481,4972,317,2013-06-19,2013-06-26,2013-07-01,5.0,1,5.0
SO60482,2894,274,2013-06-19,2013-06-26,2013-07-01,22.0,1,22.0
SO60483,3610,317,2013-06-19,2013-06-26,2013-07-01,5.0,1,5.0
SO60484,3826,274,2013-06-19,2013-06-26,2013-07-01,22.0,1,22.0
SO60485,9148,318,2013-06-19,2013-06-26,2013-07-01,4.0,1,4.0
SO60486,6187,326,2013-06-19,2013-06-26,2013-07-01,35.0,1,35.0
SO60487,437,327,2013-06-19,2013-06-26,2013-07-01,21.0,1,21.0
SO60488,6214,319,2013-06-19,2013-06-26,2013-07-01,5.0,1,5.0
SO60489,14521,319,2013-06-19,2013-06-26,2013-07-01,5.0,1,5.0
SO60490,1260,21,2013-06-19,2013-06-26,2013-07-01,50.0,1,50.0
SO60490,1260,22,2013-06-19,2013-06-26,2013-07-01,50.0,1,50.0
SO60490,1260,23,2013-06-19,2013-06-26,2013-07-01,50.0,1,50.0
SO60491,6262,371,2013-06-19,2013-06-26,2013-07-01,1701.0,1,1701.0
SO60492,925,147,2013-06-19,2013-06-26,2013-07-01,2295.0,1,2295.0
SO60492,925,148,2013-06-19,2013-06-26,2013-07-01,2295.0,1,2295.0
SO60493,3607,149,2013-06-19,2013-06-26,2013-07-01,2295.0,1,2295.0
SO60493,3607,150,2013-06-19,2013-06-26,2013-07-01,2295.0,1,2295.0
SO60494,2469,141,2013-06-19,2013-06-26,2013-07-01,2320.0,1,2320.0
SO60494,2469,142,2013-06-19,2013-06-26,2013-07-01,2320.0,1,2320.0
SO60495,2488,151,2013-06-19,2013-06-26,2013-07-01,2295.0,1,2295.0
SO60495,2488,152,2013-06-19,2013-06-26,2013-07-01,2295.0,1,2295.0
SO60496,926,143,2013-06-19,2013-06-26,2013-07-01,2320.0,1,2320.0
SO60496,926,144,2013-06-19,2013-06-26,2013-07-01,2320.0,1,2320.0
SO60497,940,145,2013-06-19,2013-06-26,2013-07-01,2320.0,1,2320.0
SO60497,940,146,2013-06-19,2013-06-26,2013-07-01,2320.0,1,2320.0
SO60498,2447,145,2013-06-19,2013-06-26,2013-07-01,2320.0,1,2320.0
SO60498,2447,146,2013-06-19,2013-06-26,2013-07-01,2320.0,1,2320.0
SO60499,15942,361,2013-06-19,2013-06-26,2013-07-01,742.0,1,742.0
SO60500,8600,372,2013-06-19,2013-06-26,2013-07-01,1701.0,1,1701.0
SO60501,9240,164,2013-06-19,2013-06-26,2013-07-01,2443.0,1,2443.0
SO60501,9240,165,2013-06-19,2013-06-26,2013-07-01,2443.0,1,2443.0
SO60502,8975,164,2013-06-19,2013-06-26,2013-07-01,2443.0,1,2443.0
SO60502,8975,165,2013-06-19,2013-06-26,2013-07-01,2443.0,1,2443.0
SO60503,16366,373,2013-06-19,2013-06-26,2013-07-01,540.0,1,540.0
SO60504,14122,176,2013-06-19,2013-06-26,2013-07-01,1120.0,1,1120.0
SO60504,14122,177,2013-06-19,2013-06-26,2013-07-01,1120.0,1,1120.0
SO60505,2091,141,2013-06-19,2013-06-26,2013-07-01,2320.0,1,2320.0
SO60505,2091,142,2013-06-19,2013-06-26,2013-07-01,2320.0,1,2320.0
SO60506,1244,388,2013-06-19,2013-06-26,2013-07-01,540.0,1,540.0
SO60507,14430,353,2013-06-19,2013-06-26,2013-07-01,2384.0,1,2384.0
SO60508,1090,12,2013-06-19,2013-06-26,2013-07-01,9.0,1,9.0
SO60508,1090,13,2013-06-19,2013-06-26,2013-07-01,9.0,1,9.0
SO60508,1090,14,2013-06-19,2013-06-26,2013-07-01,9.0,1,9.0
SO60509,10614,395,2013-06-19,2013-06-26,2013-07-01,540.0,1,540.0
SO60510,12152,394,2013-06-19,2013-06-26,2013-07-01,540.0,1,540.0
SO60511,11272,393,2013-06-19,2013-06-26,2013-07-01,540.0,1,540.0
SO60512,10324,176,2013-06-19,2013-06-26,2013-07-01,1120.0,1,1120.0
SO60512,10324,177,2013-06-19,2013-06-26,2013-07-01,1120.0,1,1120.0
SO60513,9305,172,2013-06-19,2013-06-26,2013-07-01,1120.0,1,1120.0
SO60513,9305,173,2013-06-19,2013-06-26,2013-07-01,1120.0,1,1120.0
SO60514,9311,176,2013-06-19,2013-06-26,2013-07-01,1120.0,1,1120.0
SO60514,9311,177,2013-06-19,2013-06-26,2013-07-01,1120.0,1,1120.0
SO60515,11616,395,2013-06-19,2013-06-26,2013-07-01,540.0,1,540.0
SO60516,15849,373,2013-06-19,2013-06-26,2013-07-01,540.0,1,540.0
SO60517,2264,362,2013-06-19,2013-06-26,2013-07-01,2384.0,1,2384.0
SO60518,454,353,2013-06-19,2013-06-26,2013-07-01,2384.0,1,2384.0
SO60519,4689,147,2013-06-20,2013-06-27,2013-07-02,2295.0,1,2295.0
SO60519,4689,148,2013-06-20,2013-06-27,2013-07-02,2295.0,1,2295.0
SO60520,3775,149,2013-06-20,2013-06-27,2013-07-02,2295.0,1,2295.0
SO60520,3775,150,2013-06-20,2013-06-27,2013-07-02,2295.0,1,2295.0
SO60521,2576,151,2013-06-20,2013-06-27,2013-07-02,2295.0,1,2295.0
SO60521,2576,152,2013-06-20,2013-06-27,2013-07-02,2295.0,1,2295.0
SO60522,1414,272,2013-06-20,2013-06-27,2013-07-02,120.0,1,120.0
SO60523,4767,328,2013-06-20,2013-06-27,2013-07-02,25.0,1,25.0
SO60524,4605,328,2013-06-20,2013-06-27,2013-07-02,25.0,1,25.0
SO60525,12014,319,2013-06-20,2013-06-27,2013-07-02,5.0,1,5.0
SO60526,3315,18,2013-06-20,2013-06-27,2013-07-02,50.0,1,50.0
SO60526,3315,19,2013-06-20,2013-06-27,2013-07-02,50.0,1,50.0
SO60526,3315,20,2013-06-20,2013-06-27,2013-07-02,50.0,1,50.0
SO60527,7292,12,2013-06-20,2013-06-27,2013-07-02,9.0,1,9.0
SO60527,7292,13,2013-06-20,2013-06-27,2013-07-02,9.0,1,9.0
SO60527,7292,14,2013-06-20,2013-06-27,2013-07-02,9.0,1,9.0
SO60528,4688,149,2013-06-20,2013-06-27,2013-07-02,2295.0,1,2295.0
SO60528,4688,150,2013-06-20,2013-06-27,2013-07-02,2295.0,1,2295.0
SO60529,14444,370,2013-06-20,2013-06-27,2013-07-02,1701.0,1,1701.0
SO60530,3991,384,2013-06-20,2013-06-27,2013-07-02,565.0,1,565.0
SO60531,92,269,2013-06-20,2013-06-27,2013-07-02,2.0,1,2.0
SO60532,14183,329,2013-06-20,2013-06-27,2013-07-02,33.0,1,33.0
SO60533,12809,325,2013-06-20,2013-06-27,2013-07-02,30.0,1,30.0
SO60534,6552,325,2013-06-20,2013-06-27,2013-07-02,30.0,1,30.0
SO60535,2752,266,2013-06-20,2013-06-27,2013-07-02,5.0,1,5.0
SO60536,9516,267,2013-06-20,2013-06-27,2013-07-02,10.0,1,10.0
SO60537,9358,265,2013-06-20,2013-06-27,2013-07-02,70.0,1,70.0
SO60538,9760,267,2013-06-20,2013-06-27,2013-07-02,10.0,1,10.0
SO60539,6493,266,2013-06-20,2013-06-27,2013-07-02,5.0,1,5.0
SO60540,9518,274,2013-06-20,2013-06-27,2013-07-02,22.0,1,22.0
SO60541,9802,328,2013-06-20,2013-06-27,2013-07-02,25.0,1,25.0
SO60542,9730,330,2013-06-20,2013-06-27,2013-07-02,29.0,1,29.0
SO60543,16956,318,2013-06-20,2013-06-27,2013-07-02,4.0,1,4.0
SO60544,14581,319,2013-06-20,2013-06-27,2013-07-02,5.0,1,5.0
SO60545,3724,326,2013-06-20,2013-06-27,2013-07-02,35.0,1,35.0
SO60546,854,326,2013-06-20,2013-06-27,2013-07-02,35.0,1,35.0
SO60547,6620,274,2013-06-20,2013-06-27,2013-07-02,22.0,1,22.0
SO60548,4188,149,2013-06-20,2013-06-27,2013-07-02,2295.0,1,2295.0
SO60548,4188,150,2013-06-20,2013-06-27,2013-07-02,2295.0,1,2295.0
SO60549,2887,143,2013-06-20,2013-06-27,2013-07-02,2320.0,1,2320.0
SO60549,2887,144,2013-06-20,2013-06-27,2013-07-02,2320.0,1,2320.0
SO60550,1452,149,2013-06-20,2013-06-27,2013-07-02,2295.0,1,2295.0
SO60550,1452,150,2013-06-20,2013-06-27,2013-07-02,2295.0,1,2295.0
SO60551,2443,149,2013-06-20,2013-06-27,2013-07-02,2295.0,1,2295.0
SO60551,2443,150,2013-06-20,2013-06-27,2013-07-02,2295.0,1,2295.0
SO60552,14035,170,2013-06-20,2013-06-27,2013-07-02,1120.0,1,1120.0
SO60552,14035,171,2013-06-20,2013-06-27,2013-07-02,1120.0,1,1120.0
SO60553,1242,385,2013-06-20,2013-06-27,2013-07-02,540.0,1,540.0
SO60554,11190,394,2013-06-20,2013-06-27,2013-07-02,540.0,1,540.0
SO60555,10328,170,2013-06-20,2013-06-27,2013-07-02,1120.0,1,1120.0
SO60555,10328,171,2013-06-20,2013-06-27,2013-07-02,1120.0,1,1120.0
SO60556,9191,174,2013-06-20,2013-06-27,2013-07-02,1120.0,1,1120.0
SO60556,9191,175,2013-06-20,2013-06-27,2013-07-02,1120.0,1,1120.0
SO60557,6406,255,2013-06-20,2013-06-27,2013-07-02,24.0,1,24.0
SO60557,6406,256,2013-06-20,2013-06-27,2013-07-02,24.0,1,24.0
SO60558,15915,393,2013-06-20,2013-06-27,2013-07-02,540.0,1,540.0
SO60559,15859,395,2013-06-20,2013-06-27,2013-07-02,540.0,1,540.0
SO60560,2593,362,2013-06-20,2013-06-27,2013-07-02,2384.0,1,2384.0
SO60561,1651,362,2013-06-20,2013-06-27,2013-07-02,2384.0,1,2384.0
SO60562,3193,143,2013-06-21,2013-06-28,2013-07-03,2320.0,1,2320.0
SO60562,3193,144,2013-06-21,2013-06-28,2013-07-03,2320.0,1,2320.0
SO60563,1086,12,2013-06-21,2013-06-28,2013-07-03,9.0,1,9.0
SO60563,1086,13,2013-06-21,2013-06-28,2013-07-03,9.0,1,9.0
SO60563,1086,14,2013-06-21,2013-06-28,2013-07-03,9.0,1,9.0
SO60564,1116,24,2013-06-21,2013-06-28,2013-07-03,50.0,1,50.0
SO60564,1116,25,2013-06-21,2013-06-28,2013-07-03,50.0,1,50.0
SO60564,1116,26,2013-06-21,2013-06-28,2013-07-03,50.0,1,50.0
SO60565,201,255,2013-06-21,2013-06-28,2013-07-03,24.0,1,24.0
SO60565,201,256,2013-06-21,2013-06-28,2013-07-03,24.0,1,24.0
SO60566,17786,1,2013-06-21,2013-06-28,2013-07-03,35.0,1,35.0
SO60566,17786,2,2013-06-21,2013-06-28,2013-07-03,35.0,1,35.0
SO60566,17786,3,2013-06-21,2013-06-28,2013-07-03,35.0,1,35.0
SO60567,4736,318,2013-06-21,2013-06-28,2013-07-03,4.0,1,4.0
SO60568,15435,264,2013-06-21,2013-06-28,2013-07-03,70.0,1,70.0
SO60569,2640,272,2013-06-21,2013-06-28,2013-07-03,120.0,1,120.0
SO60570,10669,371,2013-06-21,2013-06-28,2013-07-03,1701.0,1,1701.0
SO60571,14324,369,2013-06-21,2013-06-28,2013-07-03,1701.0,1,1701.0
SO60572,9891,370,2013-06-21,2013-06-28,2013-07-03,1701.0,1,1701.0
SO60573,12623,385,2013-06-21,2013-06-28,2013-07-03,540.0,1,540.0
SO60574,2843,379,2013-06-21,2013-06-28,2013-07-03,769.0,1,769.0
SO60575,735,1,2013-06-21,2013-06-28,2013-07-03,35.0,1,35.0
SO60575,735,2,2013-06-21,2013-06-28,2013-07-03,35.0,1,35.0
SO60575,735,3,2013-06-21,2013-06-28,2013-07-03,35.0,1,35.0
SO60576,688,277,2013-06-21,2013-06-28,2013-07-03,54.0,1,54.0
SO60577,712,328,2013-06-21,2013-06-28,2013-07-03,25.0,1,25.0
SO60578,15553,330,2013-06-21,2013-06-28,2013-07-03,29.0,1,29.0
SO60579,13391,329,2013-06-21,2013-06-28,2013-07-03,33.0,1,33.0
SO60580,620,325,2013-06-21,2013-06-28,2013-07-03,30.0,1,30.0
SO60581,8646,325,2013-06-21,2013-06-28,2013-07-03,30.0,1,30.0
SO60582,10636,267,2013-06-21,2013-06-28,2013-07-03,10.0,1,10.0
SO60583,4572,267,2013-06-21,2013-06-28,2013-07-03,10.0,1,10.0
SO60584,10478,266,2013-06-21,2013-06-28,2013-07-03,5.0,1,5.0
SO60585,520,265,2013-06-21,2013-06-28,2013-07-03,70.0,1,70.0
SO60586,8801,264,2013-06-21,2013-06-28,2013-07-03,70.0,1,70.0
SO60587,14328,266,2013-06-21,2013-06-28,2013-07-03,5.0,1,5.0
SO60588,6435,266,2013-06-21,2013-06-28,2013-07-03,5.0,1,5.0
SO60589,6563,266,2013-06-21,2013-06-28,2013-07-03,5.0,1,5.0
SO60590,7845,264,2013-06-21,2013-06-28,2013-07-03,70.0,1,70.0
SO60591,7773,264,2013-06-21,2013-06-28,2013-07-03,70.0,1,70.0
SO60592,17255,317,2013-06-21,2013-06-28,2013-07-03,5.0,1,5.0
SO60593,4487,317,2013-06-21,2013-06-28,2013-07-03,5.0,1,5.0
SO60594,3374,274,2013-06-21,2013-06-28,2013-07-03,22.0,1,22.0
SO60595,15077,317,2013-06-21,2013-06-28,2013-07-03,5.0,1,5.0
SO60596,5557,324,2013-06-21,2013-06-28,2013-07-03,25.0,1,25.0
SO60597,14146,327,2013-06-21,2013-06-28,2013-07-03,21.0,1,21.0
SO60598,14478,318,2013-06-21,2013-06-28,2013-07-03,4.0,1,4.0
SO60599,9958,318,2013-06-21,2013-06-28,2013-07-03,4.0,1,4.0
SO60600,14678,319,2013-06-21,2013-06-28,2013-07-03,5.0,1,5.0
SO60601,830,326,2013-06-21,2013-06-28,2013-07-03,35.0,1,35.0
SO60602,2353,274,2013-06-21,2013-06-28,2013-07-03,22.0,1,22.0
SO60603,3386,378,2013-06-21,2013-06-28,2013-07-03,769.0,1,769.0
SO60604,3299,141,2013-06-21,2013-06-28,2013-07-03,2320.0,1,2320.0
SO60604,3299,142,2013-06-21,2013-06-28,2013-07-03,2320.0,1,2320.0
SO60605,3117,147,2013-06-21,2013-06-28,2013-07-03,2295.0,1,2295.0
SO60605,3117,148,2013-06-21,2013-06-28,2013-07-03,2295.0,1,2295.0
SO60606,6767,356,2013-06-21,2013-06-28,2013-07-03,742.0,1,742.0
SO60607,12333,372,2013-06-21,2013-06-28,2013-07-03,1701.0,1,1701.0
SO60608,12421,370,2013-06-21,2013-06-28,2013-07-03,1701.0,1,1701.0
SO60609,6316,164,2013-06-21,2013-06-28,2013-07-03,2443.0,1,2443.0
SO60609,6316,165,2013-06-21,2013-06-28,2013-07-03,2443.0,1,2443.0
SO60610,5529,178,2013-06-21,2013-06-28,2013-07-03,1120.0,1,1120.0
SO60610,5529,179,2013-06-21,2013-06-28,2013-07-03,1120.0,1,1120.0
SO60611,17320,393,2013-06-21,2013-06-28,2013-07-03,540.0,1,540.0
SO60612,108,362,2013-06-21,2013-06-28,2013-07-03,2384.0,1,2384.0
SO60613,447,350,2013-06-21,2013-06-28,2013-07-03,2384.0,1,2384.0
SO60614,2092,149,2013-06-21,2013-06-28,2013-07-03,2295.0,1,2295.0
SO60614,2092,150,2013-06-21,2013-06-28,2013-07-03,2295.0,1,2295.0
SO60615,18049,357,2013-06-21,2013-06-28,2013-07-03,742.0,1,742.0
SO60616,12179,373,2013-06-21,2013-06-28,2013-07-03,540.0,1,540.0
SO60617,11273,394,2013-06-21,2013-06-28,2013-07-03,540.0,1,540.0
SO60618,3881,178,2013-06-21,2013-06-28,2013-07-03,1120.0,1,1120.0
SO60618,3881,179,2013-06-21,2013-06-28,2013-07-03,1120.0,1,1120.0
SO60619,9119,176,2013-06-21,2013-06-28,2013-07-03,1120.0,1,1120.0
SO60619,9119,177,2013-06-21,2013-06-28,2013-07-03,1120.0,1,1120.0
SO60620,12941,170,2013-06-21,2013-06-28,2013-07-03,1120.0,1,1120.0
SO60620,12941,171,2013-06-21,2013-06-28,2013-07-03,1120.0,1,1120.0
SO60621,8481,172,2013-06-21,2013-06-28,2013-07-03,1120.0,1,1120.0
SO60621,8481,173,2013-06-21,2013-06-28,2013-07-03,1120.0,1,1120.0
SO60622,11459,395,2013-06-21,2013-06-28,2013-07-03,540.0,1,540.0
SO60623,15887,395,2013-06-21,2013-06-28,2013-07-03,540.0,1,540.0
SO60624,5197,352,2013-06-21,2013-06-28,2013-07-03,2384.0,1,2384.0
SO60625,2577,350,2013-06-21,2013-06-28,2013-07-03,2384.0,1,2384.0
SO60626,17525,365,2013-06-21,2013-06-28,2013-07-03,2384.0,1,2384.0
SO60627,18065,359,2013-06-21,2013-06-28,2013-07-03,742.0,1,742.0
SO60628,77,363,2013-06-21,2013-06-28,2013-07-03,2384.0,1,2384.0
SO60629,93,362,2013-06-21,2013-06-28,2013-07-03,2384.0,1,2384.0
SO60630,449,363,2013-06-21,2013-06-28,2013-07-03,2384.0,1,2384.0
SO60631,3192,151,2013-06-22,2013-06-29,2013-07-04,2295.0,1,2295.0
SO60631,3192,152,2013-06-22,2013-06-29,2013-07-04,2295.0,1,2295.0
SO60632,2578,149,2013-06-22,2013-06-29,2013-07-04,2295.0,1,2295.0
SO60632,2578,150,2013-06-22,2013-06-29,2013-07-04,2295.0,1,2295.0
SO60633,3792,147,2013-06-22,2013-06-29,2013-07-04,2295.0,1,2295.0
SO60633,3792,148,2013-06-22,2013-06-29,2013-07-04,2295.0,1,2295.0
SO60634,1232,147,2013-06-22,2013-06-29,2013-07-04,2295.0,1,2295.0
SO60634,1232,148,2013-06-22,2013-06-29,2013-07-04,2295.0,1,2295.0
SO60635,521,12,2013-06-22,2013-06-29,2013-07-04,9.0,1,9.0
SO60635,521,13,2013-06-22,2013-06-29,2013-07-04,9.0,1,9.0
SO60635,521,14,2013-06-22,2013-06-29,2013-07-04,9.0,1,9.0
SO60636,1934,12,2013-06-22,2013-06-29,2013-07-04,9.0,1,9.0
SO60636,1934,13,2013-06-22,2013-06-29,2013-07-04,9.0,1,9.0
SO60636,1934,14,2013-06-22,2013-06-29,2013-07-04,9.0,1,9.0
SO60637,3666,328,2013-06-22,2013-06-29,2013-07-04,25.0,1,25.0
SO60638,263,9,2013-06-22,2013-06-29,2013-07-04,35.0,1,35.0
SO60638,263,10,2013-06-22,2013-06-29,2013-07-04,35.0,1,35.0
SO60638,263,11,2013-06-22,2013-06-29,2013-07-04,35.0,1,35.0
SO60639,2137,324,2013-06-22,2013-06-29,2013-07-04,25.0,1,25.0
SO60640,2005,324,2013-06-22,2013-06-29,2013-07-04,25.0,1,25.0
SO60641,4603,318,2013-06-22,2013-06-29,2013-07-04,4.0,1,4.0
SO60642,8098,274,2013-06-22,2013-06-29,2013-07-04,22.0,1,22.0
SO60643,8956,327,2013-06-22,2013-06-29,2013-07-04,21.0,1,21.0
SO60644,16704,319,2013-06-22,2013-06-29,2013-07-04,5.0,1,5.0
SO60645,11149,265,2013-06-22,2013-06-29,2013-07-04,70.0,1,70.0
SO60646,4823,318,2013-06-22,2013-06-29,2013-07-04,4.0,1,4.0
SO60647,17938,319,2013-06-22,2013-06-29,2013-07-04,5.0,1,5.0
SO60648,4233,267,2013-06-22,2013-06-29,2013-07-04,10.0,1,10.0
SO60649,6790,372,2013-06-22,2013-06-29,2013-07-04,1701.0,1,1701.0
SO60650,6799,382,2013-06-22,2013-06-29,2013-07-04,565.0,1,565.0
SO60651,6816,384,2013-06-22,2013-06-29,2013-07-04,565.0,1,565.0
SO60652,226,269,2013-06-22,2013-06-29,2013-07-04,2.0,1,2.0
SO60653,5871,329,2013-06-22,2013-06-29,2013-07-04,33.0,1,33.0
SO60654,14423,318,2013-06-22,2013-06-29,2013-07-04,4.0,1,4.0
SO60655,13966,318,2013-06-22,2013-06-29,2013-07-04,4.0,1,4.0
SO60656,12818,325,2013-06-22,2013-06-29,2013-07-04,30.0,1,30.0
SO60657,12259,267,2013-06-22,2013-06-29,2013-07-04,10.0,1,10.0
SO60658,10246,266,2013-06-22,2013-06-29,2013-07-04,5.0,1,5.0
SO60659,3725,267,2013-06-22,2013-06-29,2013-07-04,10.0,1,10.0
SO60660,12246,317,2013-06-22,2013-06-29,2013-07-04,5.0,1,5.0
SO60661,4404,317,2013-06-22,2013-06-29,2013-07-04,5.0,1,5.0
SO60662,4278,274,2013-06-22,2013-06-29,2013-07-04,22.0,1,22.0
SO60663,3990,324,2013-06-22,2013-06-29,2013-07-04,25.0,1,25.0
SO60664,3806,274,2013-06-22,2013-06-29,2013-07-04,22.0,1,22.0
SO60665,2820,326,2013-06-22,2013-06-29,2013-07-04,35.0,1,35.0
SO60666,18373,326,2013-06-22,2013-06-29,2013-07-04,35.0,1,35.0
SO60667,6936,318,2013-06-22,2013-06-29,2013-07-04,4.0,1,4.0
SO60668,8496,318,2013-06-22,2013-06-29,2013-07-04,4.0,1,4.0
SO60669,12762,330,2013-06-22,2013-06-29,2013-07-04,29.0,1,29.0
SO60670,1800,319,2013-06-22,2013-06-29,2013-07-04,5.0,1,5.0
SO60671,280,326,2013-06-22,2013-06-29,2013-07-04,35.0,1,35.0
SO60672,2757,326,2013-06-22,2013-06-29,2013-07-04,35.0,1,35.0
SO60673,1098,326,2013-06-22,2013-06-29,2013-07-04,35.0,1,35.0
SO60674,3568,317,2013-06-22,2013-06-29,2013-07-04,5.0,1,5.0
SO60675,1205,326,2013-06-22,2013-06-29,2013-07-04,35.0,1,35.0
SO60676,5013,274,2013-06-22,2013-06-29,2013-07-04,22.0,1,22.0
SO60677,6484,274,2013-06-22,2013-06-29,2013-07-04,22.0,1,22.0
SO60678,1279,18,2013-06-22,2013-06-29,2013-07-04,50.0,1,50.0
SO60678,1279,19,2013-06-22,2013-06-29,2013-07-04,50.0,1,50.0
SO60678,1279,20,2013-06-22,2013-06-29,2013-07-04,50.0,1,50.0
SO60679,8658,383,2013-06-22,2013-06-29,2013-07-04,565.0,1,565.0
SO60680,2979,151,2013-06-22,2013-06-29,2013-07-04,2295.0,1,2295.0
SO60680,2979,152,2013-06-22,2013-06-29,2013-07-04,2295.0,1,2295.0
SO60681,3000,151,2013-06-22,2013-06-29,2013-07-04,2295.0,1,2295.0
SO60681,3000,152,2013-06-22,2013-06-29,2013-07-04,2295.0,1,2295.0
SO60682,778,141,2013-06-22,2013-06-29,2013-07-04,2320.0,1,2320.0
SO60682,778,142,2013-06-22,2013-06-29,2013-07-04,2320.0,1,2320.0
SO60683,8952,166,2013-06-22,2013-06-29,2013-07-04,2443.0,1,2443.0
SO60683,8952,167,2013-06-22,2013-06-29,2013-07-04,2443.0,1,2443.0
SO60684,12409,372,2013-06-22,2013-06-29,2013-07-04,1701.0,1,1701.0
SO60685,9228,164,2013-06-22,2013-06-29,2013-07-04,2443.0,1,2443.0
SO60685,9228,165,2013-06-22,2013-06-29,2013-07-04,2443.0,1,2443.0
SO60686,8980,164,2013-06-22,2013-06-29,2013-07-04,2443.0,1,2443.0
SO60686,8980,165,2013-06-22,2013-06-29,2013-07-04,2443.0,1,2443.0
SO60687,14038,176,2013-06-22,2013-06-29,2013-07-04,1120.0,1,1120.0
SO60687,14038,177,2013-06-22,2013-06-29,2013-07-04,1120.0,1,1120.0
SO60688,18012,358,2013-06-22,2013-06-29,2013-07-04,742.0,1,742.0
SO60689,15547,355,2013-06-22,2013-06-29,2013-07-04,742.0,1,742.0
SO60690,14413,367,2013-06-22,2013-06-29,2013-07-04,1215.0,1,1215.0
SO60691,14402,270,2013-06-22,2013-06-29,2013-07-04,9.0,1,9.0
SO60692,6670,394,2013-06-22,2013-06-29,2013-07-04,540.0,1,540.0
SO60693,11295,373,2013-06-22,2013-06-29,2013-07-04,540.0,1,540.0
SO60694,8114,172,2013-06-22,2013-06-29,2013-07-04,1120.0,1,1120.0
SO60694,8114,173,2013-06-22,2013-06-29,2013-07-04,1120.0,1,1120.0
SO60695,6465,369,2013-06-22,2013-06-29,2013-07-04,1701.0,1,1701.0
SO60696,9674,370,2013-06-22,2013-06-29,2013-07-04,1701.0,1,1701.0
SO60697,6066,376,2013-06-23,2013-06-30,2013-07-05,769.0,1,769.0
SO60698,2593,145,2013-06-23,2013-06-30,2013-07-05,2320.0,1,2320.0
SO60698,2593,146,2013-06-23,2013-06-30,2013-07-05,2320.0,1,2320.0
SO60699,143,268,2013-06-23,2013-06-30,2013-07-05,9.0,1,9.0
SO60700,815,15,2013-06-23,2013-06-30,2013-07-05,50.0,1,50.0
SO60700,815,16,2013-06-23,2013-06-30,2013-07-05,50.0,1,50.0
SO60700,815,17,2013-06-23,2013-06-30,2013-07-05,50.0,1,50.0
SO60701,1352,324,2013-06-23,2013-06-30,2013-07-05,25.0,1,25.0
SO60702,6095,379,2013-06-23,2013-06-30,2013-07-05,769.0,1,769.0
SO60703,4662,376,2013-06-23,2013-06-30,2013-07-05,769.0,1,769.0
SO60704,193,318,2013-06-23,2013-06-30,2013-07-05,4.0,1,4.0
SO60705,261,318,2013-06-23,2013-06-30,2013-07-05,4.0,1,4.0
SO60706,15347,324,2013-06-23,2013-06-30,2013-07-05,25.0,1,25.0
SO60707,16031,327,2013-06-23,2013-06-30,2013-07-05,21.0,1,21.0
SO60708,15703,319,2013-06-23,2013-06-30,2013-07-05,5.0,1,5.0
SO60709,12484,325,2013-06-23,2013-06-30,2013-07-05,30.0,1,30.0
SO60710,14844,324,2013-06-23,2013-06-30,2013-07-05,25.0,1,25.0
SO60711,11362,325,2013-06-23,2013-06-30,2013-07-05,30.0,1,30.0
SO60712,5965,267,2013-06-23,2013-06-30,2013-07-05,10.0,1,10.0
SO60713,8806,264,2013-06-23,2013-06-30,2013-07-05,70.0,1,70.0
SO60714,9465,267,2013-06-23,2013-06-30,2013-07-05,10.0,1,10.0
SO60715,1148,266,2013-06-23,2013-06-30,2013-07-05,5.0,1,5.0
SO60716,4506,317,2013-06-23,2013-06-30,2013-07-05,5.0,1,5.0
SO60717,5243,266,2013-06-23,2013-06-30,2013-07-05,5.0,1,5.0
SO60718,4682,329,2013-06-23,2013-06-30,2013-07-05,33.0,1,33.0
SO60719,17546,264,2013-06-23,2013-06-30,2013-07-05,70.0,1,70.0
SO60720,15368,278,2013-06-23,2013-06-30,2013-07-05,54.0,1,54.0
SO60721,10059,327,2013-06-23,2013-06-30,2013-07-05,21.0,1,21.0
SO60722,13557,318,2013-06-23,2013-06-30,2013-07-05,4.0,1,4.0
SO60723,13544,318,2013-06-23,2013-06-30,2013-07-05,4.0,1,4.0
SO60724,5592,319,2013-06-23,2013-06-30,2013-07-05,5.0,1,5.0
SO60725,2567,319,2013-06-23,2013-06-30,2013-07-05,5.0,1,5.0
SO60726,3575,326,2013-06-23,2013-06-30,2013-07-05,35.0,1,35.0
SO60727,1798,274,2013-06-23,2013-06-30,2013-07-05,22.0,1,22.0
SO60728,408,278,2013-06-23,2013-06-30,2013-07-05,54.0,1,54.0
SO60729,3496,379,2013-06-23,2013-06-30,2013-07-05,769.0,1,769.0
SO60730,3566,376,2013-06-23,2013-06-30,2013-07-05,769.0,1,769.0
SO60731,3387,377,2013-06-23,2013-06-30,2013-07-05,769.0,1,769.0
SO60732,4894,383,2013-06-23,2013-06-30,2013-07-05,565.0,1,565.0
SO60733,2978,149,2013-06-23,2013-06-30,2013-07-05,2295.0,1,2295.0
SO60733,2978,150,2013-06-23,2013-06-30,2013-07-05,2295.0,1,2295.0
SO60734,2659,143,2013-06-23,2013-06-30,2013-07-05,2320.0,1,2320.0
SO60734,2659,144,2013-06-23,2013-06-30,2013-07-05,2320.0,1,2320.0
SO60735,780,147,2013-06-23,2013-06-30,2013-07-05,2295.0,1,2295.0
SO60735,780,148,2013-06-23,2013-06-30,2013-07-05,2295.0,1,2295.0
SO60736,3291,141,2013-06-23,2013-06-30,2013-07-05,2320.0,1,2320.0
SO60736,3291,142,2013-06-23,2013-06-30,2013-07-05,2320.0,1,2320.0
SO60737,3930,358,2013-06-23,2013-06-30,2013-07-05,742.0,1,742.0
SO60738,3948,359,2013-06-23,2013-06-30,2013-07-05,742.0,1,742.0
SO60739,7627,368,2013-06-23,2013-06-30,2013-07-05,1215.0,1,1215.0
SO60740,8312,366,2013-06-23,2013-06-30,2013-07-05,1215.0,1,1215.0
SO60741,135,378,2013-06-23,2013-06-30,2013-07-05,769.0,1,769.0
SO60742,9239,164,2013-06-23,2013-06-30,2013-07-05,2443.0,1,2443.0
SO60742,9239,165,2013-06-23,2013-06-30,2013-07-05,2443.0,1,2443.0
SO60743,8960,162,2013-06-23,2013-06-30,2013-07-05,2443.0,1,2443.0
SO60743,8960,163,2013-06-23,2013-06-30,2013-07-05,2443.0,1,2443.0
SO60744,17325,393,2013-06-23,2013-06-30,2013-07-05,540.0,1,540.0
SO60745,11412,395,2013-06-23,2013-06-30,2013-07-05,540.0,1,540.0
SO60746,16355,395,2013-06-23,2013-06-30,2013-07-05,540.0,1,540.0
SO60747,109,350,2013-06-23,2013-06-30,2013-07-05,2384.0,1,2384.0
SO60748,15582,357,2013-06-23,2013-06-30,2013-07-05,742.0,1,742.0
SO60749,15601,12,2013-06-23,2013-06-30,2013-07-05,9.0,1,9.0
SO60749,15601,13,2013-06-23,2013-06-30,2013-07-05,9.0,1,9.0
SO60749,15601,14,2013-06-23,2013-06-30,2013-07-05,9.0,1,9.0
SO60750,15609,358,2013-06-23,2013-06-30,2013-07-05,742.0,1,742.0
SO60751,15514,358,2013-06-23,2013-06-30,2013-07-05,742.0,1,742.0
SO60752,14624,351,2013-06-23,2013-06-30,2013-07-05,2384.0,1,2384.0
SO60753,11296,394,2013-06-23,2013-06-30,2013-07-05,540.0,1,540.0
SO60754,9195,174,2013-06-23,2013-06-30,2013-07-05,1120.0,1,1120.0
SO60754,9195,175,2013-06-23,2013-06-30,2013-07-05,1120.0,1,1120.0
SO60755,9198,176,2013-06-23,2013-06-30,2013-07-05,1120.0,1,1120.0
SO60755,9198,177,2013-06-23,2013-06-30,2013-07-05,1120.0,1,1120.0
SO60756,9292,178,2013-06-23,2013-06-30,2013-07-05,1120.0,1,1120.0
SO60756,9292,179,2013-06-23,2013-06-30,2013-07-05,1120.0,1,1120.0
SO60757,11645,394,2013-06-23,2013-06-30,2013-07-05,540.0,1,540.0
SO60758,15867,395,2013-06-23,2013-06-30,2013-07-05,540.0,1,540.0
SO60759,15891,395,2013-06-23,2013-06-30,2013-07-05,540.0,1,540.0
SO60760,14735,362,2013-06-23,2013-06-30,2013-07-05,2384.0,1,2384.0
SO60761,3219,366,2013-06-23,2013-06-30,2013-07-05,1215.0,1,1215.0
SO60762,3013,355,2013-06-23,2013-06-30,2013-07-05,742.0,1,742.0
SO60763,3288,357,2013-06-23,2013-06-30,2013-07-05,742.0,1,742.0
SO60764,81,351,2013-06-23,2013-06-30,2013-07-05,2384.0,1,2384.0
SO60765,3714,151,2013-06-24,2013-07-01,2013-07-06,2295.0,1,2295.0
SO60765,3714,152,2013-06-24,2013-07-01,2013-07-06,2295.0,1,2295.0
SO60766,1474,145,2013-06-24,2013-07-01,2013-07-06,2320.0,1,2320.0
SO60766,1474,146,2013-06-24,2013-07-01,2013-07-06,2320.0,1,2320.0
SO60767,1333,147,2013-06-24,2013-07-01,2013-07-06,2295.0,1,2295.0
SO60767,1333,148,2013-06-24,2013-07-01,2013-07-06,2295.0,1,2295.0
SO60768,3861,328,2013-06-24,2013-07-01,2013-07-06,25.0,1,25.0
SO60769,4236,267,2013-06-24,2013-07-01,2013-07-06,10.0,1,10.0
SO60770,13268,267,2013-06-24,2013-07-01,2013-07-06,10.0,1,10.0
SO60771,367,24,2013-06-24,2013-07-01,2013-07-06,50.0,1,50.0
SO60771,367,25,2013-06-24,2013-07-01,2013-07-06,50.0,1,50.0
SO60771,367,26,2013-06-24,2013-07-01,2013-07-06,50.0,1,50.0
SO60772,122,273,2013-06-24,2013-07-01,2013-07-06,8.0,1,8.0
SO60773,13853,162,2013-06-24,2013-07-01,2013-07-06,2443.0,1,2443.0
SO60773,13853,163,2013-06-24,2013-07-01,2013-07-06,2443.0,1,2443.0
SO60774,14308,372,2013-06-24,2013-07-01,2013-07-06,1701.0,1,1701.0
SO60775,6796,386,2013-06-24,2013-07-01,2013-07-06,540.0,1,540.0
SO60776,2837,376,2013-06-24,2013-07-01,2013-07-06,769.0,1,769.0
SO60777,5563,378,2013-06-24,2013-07-01,2013-07-06,769.0,1,769.0
SO60778,15805,330,2013-06-24,2013-07-01,2013-07-06,29.0,1,29.0
SO60779,204,317,2013-06-24,2013-07-01,2013-07-06,5.0,1,5.0
SO60780,8802,255,2013-06-24,2013-07-01,2013-07-06,24.0,1,24.0
SO60780,8802,256,2013-06-24,2013-07-01,2013-07-06,24.0,1,24.0
SO60781,14070,318,2013-06-24,2013-07-01,2013-07-06,4.0,1,4.0
SO60782,13263,329,2013-06-24,2013-07-01,2013-07-06,33.0,1,33.0
SO60783,12066,325,2013-06-24,2013-07-01,2013-07-06,30.0,1,30.0
SO60784,7507,317,2013-06-24,2013-07-01,2013-07-06,5.0,1,5.0
SO60785,11193,317,2013-06-24,2013-07-01,2013-07-06,5.0,1,5.0
SO60786,10414,267,2013-06-24,2013-07-01,2013-07-06,10.0,1,10.0
SO60787,10318,266,2013-06-24,2013-07-01,2013-07-06,5.0,1,5.0
SO60788,10452,267,2013-06-24,2013-07-01,2013-07-06,10.0,1,10.0
SO60789,8670,265,2013-06-24,2013-07-01,2013-07-06,70.0,1,70.0
SO60790,6427,266,2013-06-24,2013-07-01,2013-07-06,5.0,1,5.0
SO60791,5876,266,2013-06-24,2013-07-01,2013-07-06,5.0,1,5.0
SO60792,6178,12,2013-06-24,2013-07-01,2013-07-06,9.0,1,9.0
SO60792,6178,13,2013-06-24,2013-07-01,2013-07-06,9.0,1,9.0
SO60792,6178,14,2013-06-24,2013-07-01,2013-07-06,9.0,1,9.0
SO60793,4896,317,2013-06-24,2013-07-01,2013-07-06,5.0,1,5.0
SO60794,3445,274,2013-06-24,2013-07-01,2013-07-06,22.0,1,22.0
SO60795,2750,274,2013-06-24,2013-07-01,2013-07-06,22.0,1,22.0
SO60796,2762,274,2013-06-24,2013-07-01,2013-07-06,22.0,1,22.0
SO60797,10075,325,2013-06-24,2013-07-01,2013-07-06,30.0,1,30.0
SO60798,11311,266,2013-06-24,2013-07-01,2013-07-06,5.0,1,5.0
SO60799,12602,318,2013-06-24,2013-07-01,2013-07-06,4.0,1,4.0
SO60800,12614,317,2013-06-24,2013-07-01,2013-07-06,5.0,1,5.0
SO60801,11508,266,2013-06-24,2013-07-01,2013-07-06,5.0,1,5.0
SO60802,13548,318,2013-06-24,2013-07-01,2013-07-06,4.0,1,4.0
SO60803,15420,330,2013-06-24,2013-07-01,2013-07-06,29.0,1,29.0
SO60804,18425,330,2013-06-24,2013-07-01,2013-07-06,29.0,1,29.0
SO60805,16942,319,2013-06-24,2013-07-01,2013-07-06,5.0,1,5.0
SO60806,515,326,2013-06-24,2013-07-01,2013-07-06,35.0,1,35.0
SO60807,4403,317,2013-06-24,2013-07-01,2013-07-06,5.0,1,5.0
SO60808,1538,12,2013-06-24,2013-07-01,2013-07-06,9.0,1,9.0
SO60808,1538,13,2013-06-24,2013-07-01,2013-07-06,9.0,1,9.0
SO60808,1538,14,2013-06-24,2013-07-01,2013-07-06,9.0,1,9.0
SO60809,1378,21,2013-06-24,2013-07-01,2013-07-06,50.0,1,50.0
SO60809,1378,22,2013-06-24,2013-07-01,2013-07-06,50.0,1,50.0
SO60809,1378,23,2013-06-24,2013-07-01,2013-07-06,50.0,1,50.0
SO60810,11997,166,2013-06-24,2013-07-01,2013-07-06,2443.0,1,2443.0
SO60810,11997,167,2013-06-24,2013-07-01,2013-07-06,2443.0,1,2443.0
SO60811,2490,149,2013-06-24,2013-07-01,2013-07-06,2295.0,1,2295.0
SO60811,2490,150,2013-06-24,2013-07-01,2013-07-06,2295.0,1,2295.0
SO60812,811,143,2013-06-24,2013-07-01,2013-07-06,2320.0,1,2320.0
SO60812,811,144,2013-06-24,2013-07-01,2013-07-06,2320.0,1,2320.0
SO60813,2473,141,2013-06-24,2013-07-01,2013-07-06,2320.0,1,2320.0
SO60813,2473,142,2013-06-24,2013-07-01,2013-07-06,2320.0,1,2320.0
SO60814,15962,368,2013-06-24,2013-07-01,2013-07-06,1215.0,1,1215.0
SO60815,8606,370,2013-06-24,2013-07-01,2013-07-06,1701.0,1,1701.0
SO60816,5930,176,2013-06-24,2013-07-01,2013-07-06,1120.0,1,1120.0
SO60816,5930,177,2013-06-24,2013-07-01,2013-07-06,1120.0,1,1120.0
SO60817,11411,395,2013-06-24,2013-07-01,2013-07-06,540.0,1,540.0
SO60818,110,12,2013-06-24,2013-07-01,2013-07-06,9.0,1,9.0
SO60818,110,13,2013-06-24,2013-07-01,2013-07-06,9.0,1,9.0
SO60818,110,14,2013-06-24,2013-07-01,2013-07-06,9.0,1,9.0
SO60819,14420,368,2013-06-24,2013-07-01,2013-07-06,1215.0,1,1215.0
SO60820,14290,364,2013-06-24,2013-07-01,2013-07-06,2384.0,1,2384.0
SO60821,14398,363,2013-06-24,2013-07-01,2013-07-06,2384.0,1,2384.0
SO60822,14873,352,2013-06-24,2013-07-01,2013-07-06,2384.0,1,2384.0
SO60823,12159,395,2013-06-24,2013-07-01,2013-07-06,540.0,1,540.0
SO60824,6558,394,2013-06-24,2013-07-01,2013-07-06,540.0,1,540.0
SO60825,6669,395,2013-06-24,2013-07-01,2013-07-06,540.0,1,540.0
SO60826,6271,371,2013-06-24,2013-07-01,2013-07-06,1701.0,1,1701.0
SO60827,16776,176,2013-06-24,2013-07-01,2013-07-06,1120.0,1,1120.0
SO60827,16776,177,2013-06-24,2013-07-01,2013-07-06,1120.0,1,1120.0
SO60828,16183,170,2013-06-24,2013-07-01,2013-07-06,1120.0,1,1120.0
SO60828,16183,171,2013-06-24,2013-07-01,2013-07-06,1120.0,1,1120.0
SO60829,15943,395,2013-06-24,2013-07-01,2013-07-06,540.0,1,540.0
SO60830,5827,364,2013-06-24,2013-07-01,2013-07-06,2384.0,1,2384.0
SO60831,14739,362,2013-06-24,2013-07-01,2013-07-06,2384.0,1,2384.0
SO60832,2406,352,2013-06-24,2013-07-01,2013-07-06,2384.0,1,2384.0
SO60833,3220,349,2013-06-24,2013-07-01,2013-07-06,1215.0,1,1215.0
SO60834,18070,358,2013-06-24,2013-07-01,2013-07-06,742.0,1,742.0
SO60835,76,363,2013-06-24,2013-07-01,2013-07-06,2384.0,1,2384.0
SO60836,450,12,2013-06-24,2013-07-01,2013-07-06,9.0,1,9.0
SO60836,450,13,2013-06-24,2013-07-01,2013-07-06,9.0,1,9.0
SO60836,450,14,2013-06-24,2013-07-01,2013-07-06,9.0,1,9.0
SO60837,4094,151,2013-06-25,2013-07-02,2013-07-07,2295.0,1,2295.0
SO60837,4094,152,2013-06-25,2013-07-02,2013-07-07,2295.0,1,2295.0
SO60838,2266,141,2013-06-25,2013-07-02,2013-07-07,2320.0,1,2320.0
SO60838,2266,142,2013-06-25,2013-07-02,2013-07-07,2320.0,1,2320.0
SO60839,17774,273,2013-06-25,2013-07-02,2013-07-07,8.0,1,8.0
SO60840,6075,328,2013-06-25,2013-07-02,2013-07-07,25.0,1,25.0
SO60841,15152,265,2013-06-25,2013-07-02,2013-07-07,70.0,1,70.0
SO60842,2523,1,2013-06-25,2013-07-02,2013-07-07,35.0,1,35.0
SO60842,2523,2,2013-06-25,2013-07-02,2013-07-07,35.0,1,35.0
SO60842,2523,3,2013-06-25,2013-07-02,2013-07-07,35.0,1,35.0
SO60843,4150,4,2013-06-25,2013-07-02,2013-07-07,35.0,1,35.0
SO60843,4150,5,2013-06-25,2013-07-02,2013-07-07,35.0,1,35.0
SO60843,4150,6,2013-06-25,2013-07-02,2013-07-07,35.0,1,35.0
SO60844,6347,251,2013-06-25,2013-07-02,2013-07-07,24.0,1,24.0
SO60844,6347,252,2013-06-25,2013-07-02,2013-07-07,24.0,1,24.0
SO60845,4040,12,2013-06-25,2013-07-02,2013-07-07,9.0,1,9.0
SO60845,4040,13,2013-06-25,2013-07-02,2013-07-07,9.0,1,9.0
SO60845,4040,14,2013-06-25,2013-07-02,2013-07-07,9.0,1,9.0
SO60846,6314,12,2013-06-25,2013-07-02,2013-07-07,9.0,1,9.0
SO60846,6314,13,2013-06-25,2013-07-02,2013-07-07,9.0,1,9.0
SO60846,6314,14,2013-06-25,2013-07-02,2013-07-07,9.0,1,9.0
SO60847,5701,278,2013-06-25,2013-07-02,2013-07-07,54.0,1,54.0
SO60848,5705,280,2013-06-25,2013-07-02,2013-07-07,54.0,1,54.0
SO60849,9976,372,2013-06-25,2013-07-02,2013-07-07,1701.0,1,1701.0
SO60850,1651,168,2013-06-25,2013-07-02,2013-07-07,2443.0,1,2443.0
SO60850,1651,169,2013-06-25,2013-07-02,2013-07-07,2443.0,1,2443.0
SO60851,712,328,2013-06-25,2013-07-02,2013-07-07,25.0,1,25.0
SO60852,17802,328,2013-06-25,2013-07-02,2013-07-07,25.0,1,25.0
SO60853,332,330,2013-06-25,2013-07-02,2013-07-07,29.0,1,29.0
SO60854,15778,330,2013-06-25,2013-07-02,2013-07-07,29.0,1,29.0
SO60855,15290,324,2013-06-25,2013-07-02,2013-07-07,25.0,1,25.0
SO60856,14897,329,2013-06-25,2013-07-02,2013-07-07,33.0,1,33.0
SO60857,12482,325,2013-06-25,2013-07-02,2013-07-07,30.0,1,30.0
SO60858,12093,325,2013-06-25,2013-07-02,2013-07-07,30.0,1,30.0
SO60859,12194,325,2013-06-25,2013-07-02,2013-07-07,30.0,1,30.0
SO60860,6602,325,2013-06-25,2013-07-02,2013-07-07,30.0,1,30.0
SO60861,10628,267,2013-06-25,2013-07-02,2013-07-07,10.0,1,10.0
SO60862,5972,266,2013-06-25,2013-07-02,2013-07-07,5.0,1,5.0
SO60863,5994,266,2013-06-25,2013-07-02,2013-07-07,5.0,1,5.0
SO60864,2176,266,2013-06-25,2013-07-02,2013-07-07,5.0,1,5.0
SO60865,11715,274,2013-06-25,2013-07-02,2013-07-07,22.0,1,22.0
SO60866,11385,266,2013-06-25,2013-07-02,2013-07-07,5.0,1,5.0
SO60867,8525,318,2013-06-25,2013-07-02,2013-07-07,4.0,1,4.0
SO60868,9054,330,2013-06-25,2013-07-02,2013-07-07,29.0,1,29.0
SO60869,15209,266,2013-06-25,2013-07-02,2013-07-07,5.0,1,5.0
SO60870,3989,319,2013-06-25,2013-07-02,2013-07-07,5.0,1,5.0
SO60871,13096,319,2013-06-25,2013-07-02,2013-07-07,5.0,1,5.0
SO60872,1728,266,2013-06-25,2013-07-02,2013-07-07,5.0,1,5.0
SO60873,9483,168,2013-06-25,2013-07-02,2013-07-07,2443.0,1,2443.0
SO60873,9483,169,2013-06-25,2013-07-02,2013-07-07,2443.0,1,2443.0
SO60874,873,151,2013-06-25,2013-07-02,2013-07-07,2295.0,1,2295.0
SO60874,873,152,2013-06-25,2013-07-02,2013-07-07,2295.0,1,2295.0
SO60875,4202,143,2013-06-25,2013-07-02,2013-07-07,2320.0,1,2320.0
SO60875,4202,144,2013-06-25,2013-07-02,2013-07-07,2320.0,1,2320.0
SO60876,2905,145,2013-06-25,2013-07-02,2013-07-07,2320.0,1,2320.0
SO60876,2905,146,2013-06-25,2013-07-02,2013-07-07,2320.0,1,2320.0
SO60877,3381,151,2013-06-25,2013-07-02,2013-07-07,2295.0,1,2295.0
SO60877,3381,152,2013-06-25,2013-07-02,2013-07-07,2295.0,1,2295.0
SO60878,17473,374,2013-06-25,2013-07-02,2013-07-07,742.0,1,742.0
SO60879,15951,359,2013-06-25,2013-07-02,2013-07-07,742.0,1,742.0
SO60880,8957,168,2013-06-25,2013-07-02,2013-07-07,2443.0,1,2443.0
SO60880,8957,169,2013-06-25,2013-07-02,2013-07-07,2443.0,1,2443.0
SO60881,9215,369,2013-06-25,2013-07-02,2013-07-07,1701.0,1,1701.0
SO60882,8968,166,2013-06-25,2013-07-02,2013-07-07,2443.0,1,2443.0
SO60882,8968,167,2013-06-25,2013-07-02,2013-07-07,2443.0,1,2443.0
SO60883,5528,176,2013-06-25,2013-07-02,2013-07-07,1120.0,1,1120.0
SO60883,5528,177,2013-06-25,2013-07-02,2013-07-07,1120.0,1,1120.0
SO60884,61,364,2013-06-25,2013-07-02,2013-07-07,2384.0,1,2384.0
SO60885,96,362,2013-06-25,2013-07-02,2013-07-07,2384.0,1,2384.0
SO60886,118,351,2013-06-25,2013-07-02,2013-07-07,2384.0,1,2384.0
SO60887,1061,362,2013-06-25,2013-07-02,2013-07-07,2384.0,1,2384.0
SO60888,6519,393,2013-06-25,2013-07-02,2013-07-07,540.0,1,540.0
SO60889,4763,395,2013-06-25,2013-07-02,2013-07-07,540.0,1,540.0
SO60890,8435,170,2013-06-25,2013-07-02,2013-07-07,1120.0,1,1120.0
SO60890,8435,171,2013-06-25,2013-07-02,2013-07-07,1120.0,1,1120.0
SO60891,9831,172,2013-06-25,2013-07-02,2013-07-07,1120.0,1,1120.0
SO60891,9831,173,2013-06-25,2013-07-02,2013-07-07,1120.0,1,1120.0
SO60892,11628,395,2013-06-25,2013-07-02,2013-07-07,540.0,1,540.0
SO60893,13195,352,2013-06-25,2013-07-02,2013-07-07,2384.0,1,2384.0
SO60894,3300,356,2013-06-25,2013-07-02,2013-07-07,742.0,1,742.0
SO60895,2608,145,2013-06-26,2013-07-03,2013-07-08,2320.0,1,2320.0
SO60895,2608,146,2013-06-26,2013-07-03,2013-07-08,2320.0,1,2320.0
SO60896,2406,151,2013-06-26,2013-07-03,2013-07-08,2295.0,1,2295.0
SO60896,2406,152,2013-06-26,2013-07-03,2013-07-08,2295.0,1,2295.0
SO60897,2524,317,2013-06-26,2013-07-03,2013-07-08,5.0,1,5.0
SO60898,7715,269,2013-06-26,2013-07-03,2013-07-08,2.0,1,2.0
SO60899,424,369,2013-06-26,2013-07-03,2013-07-08,1701.0,1,1701.0
SO60900,3140,378,2013-06-26,2013-07-03,2013-07-08,769.0,1,769.0
SO60901,5034,377,2013-06-26,2013-07-03,2013-07-08,769.0,1,769.0
SO60902,4173,328,2013-06-26,2013-07-03,2013-07-08,25.0,1,25.0
SO60903,17640,328,2013-06-26,2013-07-03,2013-07-08,25.0,1,25.0
SO60904,14342,317,2013-06-26,2013-07-03,2013-07-08,5.0,1,5.0
SO60905,12728,317,2013-06-26,2013-07-03,2013-07-08,5.0,1,5.0
SO60906,653,325,2013-06-26,2013-07-03,2013-07-08,30.0,1,30.0
SO60907,16113,266,2013-06-26,2013-07-03,2013-07-08,5.0,1,5.0
SO60908,1364,266,2013-06-26,2013-07-03,2013-07-08,5.0,1,5.0
SO60909,4419,263,2013-06-26,2013-07-03,2013-07-08,70.0,1,70.0
SO60910,6460,266,2013-06-26,2013-07-03,2013-07-08,5.0,1,5.0
SO60911,4980,317,2013-06-26,2013-07-03,2013-07-08,5.0,1,5.0
SO60912,5092,317,2013-06-26,2013-07-03,2013-07-08,5.0,1,5.0
SO60913,11364,274,2013-06-26,2013-07-03,2013-07-08,22.0,1,22.0
SO60914,1848,324,2013-06-26,2013-07-03,2013-07-08,25.0,1,25.0
SO60915,10132,266,2013-06-26,2013-07-03,2013-07-08,5.0,1,5.0
SO60916,9056,328,2013-06-26,2013-07-03,2013-07-08,25.0,1,25.0
SO60917,9162,318,2013-06-26,2013-07-03,2013-07-08,4.0,1,4.0
SO60918,1655,330,2013-06-26,2013-07-03,2013-07-08,29.0,1,29.0
SO60919,18444,327,2013-06-26,2013-07-03,2013-07-08,21.0,1,21.0
SO60920,5037,319,2013-06-26,2013-07-03,2013-07-08,5.0,1,5.0
SO60921,11585,330,2013-06-26,2013-07-03,2013-07-08,29.0,1,29.0
SO60922,518,326,2013-06-26,2013-07-03,2013-07-08,35.0,1,35.0
SO60923,1760,274,2013-06-26,2013-07-03,2013-07-08,22.0,1,22.0
SO60924,563,4,2013-06-26,2013-07-03,2013-07-08,35.0,1,35.0
SO60924,563,5,2013-06-26,2013-07-03,2013-07-08,35.0,1,35.0
SO60924,563,6,2013-06-26,2013-07-03,2013-07-08,35.0,1,35.0
SO60925,8698,386,2013-06-26,2013-07-03,2013-07-08,540.0,1,540.0
SO60926,8707,388,2013-06-26,2013-07-03,2013-07-08,540.0,1,540.0
SO60927,2912,149,2013-06-26,2013-07-03,2013-07-08,2295.0,1,2295.0
SO60927,2912,150,2013-06-26,2013-07-03,2013-07-08,2295.0,1,2295.0
SO60928,2948,143,2013-06-26,2013-07-03,2013-07-08,2320.0,1,2320.0
SO60928,2948,144,2013-06-26,2013-07-03,2013-07-08,2320.0,1,2320.0
SO60929,2493,147,2013-06-26,2013-07-03,2013-07-08,2295.0,1,2295.0
SO60929,2493,148,2013-06-26,2013-07-03,2013-07-08,2295.0,1,2295.0
SO60930,3293,151,2013-06-26,2013-07-03,2013-07-08,2295.0,1,2295.0
SO60930,3293,152,2013-06-26,2013-07-03,2013-07-08,2295.0,1,2295.0
SO60931,4396,149,2013-06-26,2013-07-03,2013-07-08,2295.0,1,2295.0
SO60931,4396,150,2013-06-26,2013-07-03,2013-07-08,2295.0,1,2295.0
SO60932,4392,141,2013-06-26,2013-07-03,2013-07-08,2320.0,1,2320.0
SO60932,4392,142,2013-06-26,2013-07-03,2013-07-08,2320.0,1,2320.0
SO60933,14575,368,2013-06-26,2013-07-03,2013-07-08,1215.0,1,1215.0
SO60934,4029,370,2013-06-26,2013-07-03,2013-07-08,1701.0,1,1701.0
SO60935,8966,166,2013-06-26,2013-07-03,2013-07-08,2443.0,1,2443.0
SO60935,8966,167,2013-06-26,2013-07-03,2013-07-08,2443.0,1,2443.0
SO60936,8971,164,2013-06-26,2013-07-03,2013-07-08,2443.0,1,2443.0
SO60936,8971,165,2013-06-26,2013-07-03,2013-07-08,2443.0,1,2443.0
SO60937,17319,394,2013-06-26,2013-07-03,2013-07-08,540.0,1,540.0
SO60938,17322,394,2013-06-26,2013-07-03,2013-07-08,540.0,1,540.0
SO60939,71,351,2013-06-26,2013-07-03,2013-07-08,2384.0,1,2384.0
SO60940,15607,374,2013-06-26,2013-07-03,2013-07-08,742.0,1,742.0
SO60941,14418,367,2013-06-26,2013-07-03,2013-07-08,1215.0,1,1215.0
SO60942,14414,367,2013-06-26,2013-07-03,2013-07-08,1215.0,1,1215.0
SO60943,13646,365,2013-06-26,2013-07-03,2013-07-08,2384.0,1,2384.0
SO60944,14291,351,2013-06-26,2013-07-03,2013-07-08,2384.0,1,2384.0
SO60945,12157,373,2013-06-26,2013-07-03,2013-07-08,540.0,1,540.0
SO60946,11293,393,2013-06-26,2013-07-03,2013-07-08,540.0,1,540.0
SO60947,11267,393,2013-06-26,2013-07-03,2013-07-08,540.0,1,540.0
SO60948,12146,395,2013-06-26,2013-07-03,2013-07-08,540.0,1,540.0
SO60949,11256,373,2013-06-26,2013-07-03,2013-07-08,540.0,1,540.0
SO60950,9829,178,2013-06-26,2013-07-03,2013-07-08,1120.0,1,1120.0
SO60950,9829,179,2013-06-26,2013-07-03,2013-07-08,1120.0,1,1120.0
SO60951,13031,170,2013-06-26,2013-07-03,2013-07-08,1120.0,1,1120.0
SO60951,13031,171,2013-06-26,2013-07-03,2013-07-08,1120.0,1,1120.0
SO60952,9809,174,2013-06-26,2013-07-03,2013-07-08,1120.0,1,1120.0
SO60952,9809,175,2013-06-26,2013-07-03,2013-07-08,1120.0,1,1120.0
SO60953,15870,393,2013-06-26,2013-07-03,2013-07-08,540.0,1,540.0
SO60954,11427,395,2013-06-26,2013-07-03,2013-07-08,540.0,1,540.0
SO60955,18479,364,2013-06-26,2013-07-03,2013-07-08,2384.0,1,2384.0
SO60956,1854,151,2013-06-27,2013-07-04,2013-07-09,2295.0,1,2295.0
SO60956,1854,152,2013-06-27,2013-07-04,2013-07-09,2295.0,1,2295.0
SO60957,2592,143,2013-06-27,2013-07-04,2013-07-09,2320.0,1,2320.0
SO60957,2592,144,2013-06-27,2013-07-04,2013-07-09,2320.0,1,2320.0
SO60958,2581,145,2013-06-27,2013-07-04,2013-07-09,2320.0,1,2320.0
SO60958,2581,146,2013-06-27,2013-07-04,2013-07-09,2320.0,1,2320.0
SO60959,2027,324,2013-06-27,2013-07-04,2013-07-09,25.0,1,25.0
SO60960,6245,325,2013-06-27,2013-07-04,2013-07-09,30.0,1,30.0
SO60961,7743,274,2013-06-27,2013-07-04,2013-07-09,22.0,1,22.0
SO60962,8086,274,2013-06-27,2013-07-04,2013-07-09,22.0,1,22.0
SO60963,10406,326,2013-06-27,2013-07-04,2013-07-09,35.0,1,35.0
SO60964,12129,266,2013-06-27,2013-07-04,2013-07-09,5.0,1,5.0
SO60965,11916,266,2013-06-27,2013-07-04,2013-07-09,5.0,1,5.0
SO60966,2616,265,2013-06-27,2013-07-04,2013-07-09,70.0,1,70.0
SO60967,14913,318,2013-06-27,2013-07-04,2013-07-09,4.0,1,4.0
SO60968,2624,318,2013-06-27,2013-07-04,2013-07-09,4.0,1,4.0
SO60969,16953,166,2013-06-27,2013-07-04,2013-07-09,2443.0,1,2443.0
SO60969,16953,167,2013-06-27,2013-07-04,2013-07-09,2443.0,1,2443.0
SO60970,4663,376,2013-06-27,2013-07-04,2013-07-09,769.0,1,769.0
SO60971,3940,151,2013-06-27,2013-07-04,2013-07-09,2295.0,1,2295.0
SO60971,3940,152,2013-06-27,2013-07-04,2013-07-09,2295.0,1,2295.0
SO60972,17096,269,2013-06-27,2013-07-04,2013-07-09,2.0,1,2.0
SO60973,17868,318,2013-06-27,2013-07-04,2013-07-09,4.0,1,4.0
SO60974,531,318,2013-06-27,2013-07-04,2013-07-09,4.0,1,4.0
SO60975,18021,319,2013-06-27,2013-07-04,2013-07-09,5.0,1,5.0
SO60976,13969,329,2013-06-27,2013-07-04,2013-07-09,33.0,1,33.0
SO60977,8641,329,2013-06-27,2013-07-04,2013-07-09,33.0,1,33.0
SO60978,8218,329,2013-06-27,2013-07-04,2013-07-09,33.0,1,33.0
SO60979,12595,325,2013-06-27,2013-07-04,2013-07-09,30.0,1,30.0
SO60980,2921,267,2013-06-27,2013-07-04,2013-07-09,10.0,1,10.0
SO60981,4749,264,2013-06-27,2013-07-04,2013-07-09,70.0,1,70.0
SO60982,7667,266,2013-06-27,2013-07-04,2013-07-09,5.0,1,5.0
SO60983,5991,266,2013-06-27,2013-07-04,2013-07-09,5.0,1,5.0
SO60984,5083,317,2013-06-27,2013-07-04,2013-07-09,5.0,1,5.0
SO60985,7316,317,2013-06-27,2013-07-04,2013-07-09,5.0,1,5.0
SO60986,4854,317,2013-06-27,2013-07-04,2013-07-09,5.0,1,5.0
SO60987,13806,266,2013-06-27,2013-07-04,2013-07-09,5.0,1,5.0
SO60988,3763,317,2013-06-27,2013-07-04,2013-07-09,5.0,1,5.0
SO60989,2673,263,2013-06-27,2013-07-04,2013-07-09,70.0,1,70.0
SO60990,6777,317,2013-06-27,2013-07-04,2013-07-09,5.0,1,5.0
SO60991,5282,328,2013-06-27,2013-07-04,2013-07-09,25.0,1,25.0
SO60992,6805,324,2013-06-27,2013-07-04,2013-07-09,25.0,1,25.0
SO60993,4697,317,2013-06-27,2013-07-04,2013-07-09,5.0,1,5.0
SO60994,10662,266,2013-06-27,2013-07-04,2013-07-09,5.0,1,5.0
SO60995,4446,324,2013-06-27,2013-07-04,2013-07-09,25.0,1,25.0
SO60996,8450,317,2013-06-27,2013-07-04,2013-07-09,5.0,1,5.0
SO60997,13876,318,2013-06-27,2013-07-04,2013-07-09,4.0,1,4.0
SO60998,25,317,2013-06-27,2013-07-04,2013-07-09,5.0,1,5.0
SO60999,4173,326,2013-06-27,2013-07-04,2013-07-09,35.0,1,35.0
SO61000,888,317,2013-06-27,2013-07-04,2013-07-09,5.0,1,5.0
SO61001,5841,274,2013-06-27,2013-07-04,2013-07-09,22.0,1,22.0
SO61002,420,268,2013-06-27,2013-07-04,2013-07-09,9.0,1,9.0
SO61003,1593,12,2013-06-27,2013-07-04,2013-07-09,9.0,1,9.0
SO61003,1593,13,2013-06-27,2013-07-04,2013-07-09,9.0,1,9.0
SO61003,1593,14,2013-06-27,2013-07-04,2013-07-09,9.0,1,9.0
SO61004,1270,4,2013-06-27,2013-07-04,2013-07-09,35.0,1,35.0
SO61004,1270,5,2013-06-27,2013-07-04,2013-07-09,35.0,1,35.0
SO61004,1270,6,2013-06-27,2013-07-04,2013-07-09,35.0,1,35.0
SO61005,9473,162,2013-06-27,2013-07-04,2013-07-09,2443.0,1,2443.0
SO61005,9473,163,2013-06-27,2013-07-04,2013-07-09,2443.0,1,2443.0
SO61006,6164,372,2013-06-27,2013-07-04,2013-07-09,1701.0,1,1701.0
SO61007,5022,389,2013-06-27,2013-07-04,2013-07-09,540.0,1,540.0
SO61008,3399,378,2013-06-27,2013-07-04,2013-07-09,769.0,1,769.0
SO61009,3416,376,2013-06-27,2013-07-04,2013-07-09,769.0,1,769.0
SO61010,3366,377,2013-06-27,2013-07-04,2013-07-09,769.0,1,769.0
SO61011,3367,378,2013-06-27,2013-07-04,2013-07-09,769.0,1,769.0
SO61012,4893,388,2013-06-27,2013-07-04,2013-07-09,540.0,1,540.0
SO61013,3606,149,2013-06-27,2013-07-04,2013-07-09,2295.0,1,2295.0
SO61013,3606,150,2013-06-27,2013-07-04,2013-07-09,2295.0,1,2295.0
SO61014,2478,149,2013-06-27,2013-07-04,2013-07-09,2295.0,1,2295.0
SO61014,2478,150,2013-06-27,2013-07-04,2013-07-09,2295.0,1,2295.0
SO61015,934,145,2013-06-27,2013-07-04,2013-07-09,2320.0,1,2320.0
SO61015,934,146,2013-06-27,2013-07-04,2013-07-09,2320.0,1,2320.0
SO61016,4364,143,2013-06-27,2013-07-04,2013-07-09,2320.0,1,2320.0
SO61016,4364,144,2013-06-27,2013-07-04,2013-07-09,2320.0,1,2320.0
SO61017,3121,149,2013-06-27,2013-07-04,2013-07-09,2295.0,1,2295.0
SO61017,3121,150,2013-06-27,2013-07-04,2013-07-09,2295.0,1,2295.0
SO61018,3241,145,2013-06-27,2013-07-04,2013-07-09,2320.0,1,2320.0
SO61018,3241,146,2013-06-27,2013-07-04,2013-07-09,2320.0,1,2320.0
SO61019,14587,367,2013-06-27,2013-07-04,2013-07-09,1215.0,1,1215.0
SO61020,11226,394,2013-06-27,2013-07-04,2013-07-09,540.0,1,540.0
SO61021,10621,393,2013-06-27,2013-07-04,2013-07-09,540.0,1,540.0
SO61022,11250,394,2013-06-27,2013-07-04,2013-07-09,540.0,1,540.0
SO61023,11251,373,2013-06-27,2013-07-04,2013-07-09,540.0,1,540.0
SO61024,9197,170,2013-06-27,2013-07-04,2013-07-09,1120.0,1,1120.0
SO61024,9197,171,2013-06-27,2013-07-04,2013-07-09,1120.0,1,1120.0
SO61025,16182,170,2013-06-27,2013-07-04,2013-07-09,1120.0,1,1120.0
SO61025,16182,171,2013-06-27,2013-07-04,2013-07-09,1120.0,1,1120.0
SO61026,15896,393,2013-06-27,2013-07-04,2013-07-09,540.0,1,540.0
SO61027,15911,394,2013-06-27,2013-07-04,2013-07-09,540.0,1,540.0
SO61028,5825,364,2013-06-27,2013-07-04,2013-07-09,2384.0,1,2384.0
SO61029,2576,353,2013-06-27,2013-07-04,2013-07-09,2384.0,1,2384.0
SO61030,18408,352,2013-06-27,2013-07-04,2013-07-09,2384.0,1,2384.0
SO61031,16877,368,2013-06-27,2013-07-04,2013-07-09,1215.0,1,1215.0
SO61032,17488,374,2013-06-27,2013-07-04,2013-07-09,742.0,1,742.0
SO61033,6070,377,2013-06-28,2013-07-05,2013-07-10,769.0,1,769.0
SO61034,3428,145,2013-06-28,2013-07-05,2013-07-10,2320.0,1,2320.0
SO61034,3428,146,2013-06-28,2013-07-05,2013-07-10,2320.0,1,2320.0
SO61035,3182,143,2013-06-28,2013-07-05,2013-07-10,2320.0,1,2320.0
SO61035,3182,144,2013-06-28,2013-07-05,2013-07-10,2320.0,1,2320.0
SO61036,607,141,2013-06-28,2013-07-05,2013-07-10,2320.0,1,2320.0
SO61036,607,142,2013-06-28,2013-07-05,2013-07-10,2320.0,1,2320.0
SO61037,3932,145,2013-06-28,2013-07-05,2013-07-10,2320.0,1,2320.0
SO61037,3932,146,2013-06-28,2013-07-05,2013-07-10,2320.0,1,2320.0
SO61038,1746,145,2013-06-28,2013-07-05,2013-07-10,2320.0,1,2320.0
SO61038,1746,146,2013-06-28,2013-07-05,2013-07-10,2320.0,1,2320.0
SO61039,8592,327,2013-06-28,2013-07-05,2013-07-10,21.0,1,21.0
SO61040,5481,274,2013-06-28,2013-07-05,2013-07-10,22.0,1,22.0
SO61041,6753,371,2013-06-28,2013-07-05,2013-07-10,1701.0,1,1701.0
SO61042,6774,372,2013-06-28,2013-07-05,2013-07-10,1701.0,1,1701.0
SO61043,7628,386,2013-06-28,2013-07-05,2013-07-10,540.0,1,540.0
SO61044,9718,166,2013-06-28,2013-07-05,2013-07-10,2443.0,1,2443.0
SO61044,9718,167,2013-06-28,2013-07-05,2013-07-10,2443.0,1,2443.0
SO61045,2812,378,2013-06-28,2013-07-05,2013-07-10,769.0,1,769.0
SO61046,17152,319,2013-06-28,2013-07-05,2013-07-10,5.0,1,5.0
SO61047,16564,318,2013-06-28,2013-07-05,2013-07-10,4.0,1,4.0
SO61048,15065,324,2013-06-28,2013-07-05,2013-07-10,25.0,1,25.0
SO61049,13939,329,2013-06-28,2013-07-05,2013-07-10,33.0,1,33.0
SO61050,1531,330,2013-06-28,2013-07-05,2013-07-10,29.0,1,29.0
SO61051,13752,324,2013-06-28,2013-07-05,2013-07-10,25.0,1,25.0
SO61052,11099,325,2013-06-28,2013-07-05,2013-07-10,30.0,1,30.0
SO61053,4311,267,2013-06-28,2013-07-05,2013-07-10,10.0,1,10.0
SO61054,4864,267,2013-06-28,2013-07-05,2013-07-10,10.0,1,10.0
SO61055,652,263,2013-06-28,2013-07-05,2013-07-10,70.0,1,70.0
SO61056,8232,264,2013-06-28,2013-07-05,2013-07-10,70.0,1,70.0
SO61057,17261,317,2013-06-28,2013-07-05,2013-07-10,5.0,1,5.0
SO61058,13817,266,2013-06-28,2013-07-05,2013-07-10,5.0,1,5.0
SO61059,2925,274,2013-06-28,2013-07-05,2013-07-10,22.0,1,22.0
SO61060,7574,274,2013-06-28,2013-07-05,2013-07-10,22.0,1,22.0
SO61061,4613,317,2013-06-28,2013-07-05,2013-07-10,5.0,1,5.0
SO61062,1740,326,2013-06-28,2013-07-05,2013-07-10,35.0,1,35.0
SO61063,10129,266,2013-06-28,2013-07-05,2013-07-10,5.0,1,5.0
SO61064,10865,318,2013-06-28,2013-07-05,2013-07-10,4.0,1,4.0
SO61065,8499,328,2013-06-28,2013-07-05,2013-07-10,25.0,1,25.0
SO61066,16843,327,2013-06-28,2013-07-05,2013-07-10,21.0,1,21.0
SO61067,9925,325,2013-06-28,2013-07-05,2013-07-10,30.0,1,30.0
SO61068,11553,327,2013-06-28,2013-07-05,2013-07-10,21.0,1,21.0
SO61069,14649,319,2013-06-28,2013-07-05,2013-07-10,5.0,1,5.0
SO61070,17455,330,2013-06-28,2013-07-05,2013-07-10,29.0,1,29.0
SO61071,848,326,2013-06-28,2013-07-05,2013-07-10,35.0,1,35.0
SO61072,1512,12,2013-06-28,2013-07-05,2013-07-10,9.0,1,9.0
SO61072,1512,13,2013-06-28,2013-07-05,2013-07-10,9.0,1,9.0
SO61072,1512,14,2013-06-28,2013-07-05,2013-07-10,9.0,1,9.0
SO61073,3579,377,2013-06-28,2013-07-05,2013-07-10,769.0,1,769.0
SO61074,814,141,2013-06-28,2013-07-05,2013-07-10,2320.0,1,2320.0
SO61074,814,142,2013-06-28,2013-07-05,2013-07-10,2320.0,1,2320.0
SO61075,3298,149,2013-06-28,2013-07-05,2013-07-10,2295.0,1,2295.0
SO61075,3298,150,2013-06-28,2013-07-05,2013-07-10,2295.0,1,2295.0
SO61076,956,143,2013-06-28,2013-07-05,2013-07-10,2320.0,1,2320.0
SO61076,956,144,2013-06-28,2013-07-05,2013-07-10,2320.0,1,2320.0
SO61077,3598,145,2013-06-28,2013-07-05,2013-07-10,2320.0,1,2320.0
SO61077,3598,146,2013-06-28,2013-07-05,2013-07-10,2320.0,1,2320.0
SO61078,251,375,2013-06-28,2013-07-05,2013-07-10,742.0,1,742.0
SO61079,8959,168,2013-06-28,2013-07-05,2013-07-10,2443.0,1,2443.0
SO61079,8959,169,2013-06-28,2013-07-05,2013-07-10,2443.0,1,2443.0
SO61080,13373,174,2013-06-28,2013-07-05,2013-07-10,1120.0,1,1120.0
SO61080,13373,175,2013-06-28,2013-07-05,2013-07-10,1120.0,1,1120.0
SO61081,446,365,2013-06-28,2013-07-05,2013-07-10,2384.0,1,2384.0
SO61082,1115,365,2013-06-28,2013-07-05,2013-07-10,2384.0,1,2384.0
SO61083,14397,365,2013-06-28,2013-07-05,2013-07-10,2384.0,1,2384.0
SO61084,14431,363,2013-06-28,2013-07-05,2013-07-10,2384.0,1,2384.0
SO61085,11183,353,2013-06-28,2013-07-05,2013-07-10,2384.0,1,2384.0
SO61086,13521,352,2013-06-28,2013-07-05,2013-07-10,2384.0,1,2384.0
SO61087,13633,352,2013-06-28,2013-07-05,2013-07-10,2384.0,1,2384.0
SO61088,8528,176,2013-06-28,2013-07-05,2013-07-10,1120.0,1,1120.0
SO61088,8528,177,2013-06-28,2013-07-05,2013-07-10,1120.0,1,1120.0
SO61089,9192,170,2013-06-28,2013-07-05,2013-07-10,1120.0,1,1120.0
SO61089,9192,171,2013-06-28,2013-07-05,2013-07-10,1120.0,1,1120.0
SO61090,5956,370,2013-06-28,2013-07-05,2013-07-10,1701.0,1,1701.0
SO61091,6466,370,2013-06-28,2013-07-05,2013-07-10,1701.0,1,1701.0
SO61092,11624,393,2013-06-28,2013-07-05,2013-07-10,540.0,1,540.0
SO61093,612,149,2013-06-29,2013-07-06,2013-07-11,2295.0,1,2295.0
SO61093,612,150,2013-06-29,2013-07-06,2013-07-11,2295.0,1,2295.0
SO61094,2596,151,2013-06-29,2013-07-06,2013-07-11,2295.0,1,2295.0
SO61094,2596,152,2013-06-29,2013-07-06,2013-07-11,2295.0,1,2295.0
SO61095,3186,149,2013-06-29,2013-07-06,2013-07-11,2295.0,1,2295.0
SO61095,3186,150,2013-06-29,2013-07-06,2013-07-11,2295.0,1,2295.0
SO61096,1487,149,2013-06-29,2013-07-06,2013-07-11,2295.0,1,2295.0
SO61096,1487,150,2013-06-29,2013-07-06,2013-07-11,2295.0,1,2295.0
SO61097,3774,149,2013-06-29,2013-07-06,2013-07-11,2295.0,1,2295.0
SO61097,3774,150,2013-06-29,2013-07-06,2013-07-11,2295.0,1,2295.0
SO61098,5682,325,2013-06-29,2013-07-06,2013-07-11,30.0,1,30.0
SO61099,5616,325,2013-06-29,2013-07-06,2013-07-11,30.0,1,30.0
SO61100,13887,327,2013-06-29,2013-07-06,2013-07-11,21.0,1,21.0
SO61101,9632,326,2013-06-29,2013-07-06,2013-07-11,35.0,1,35.0
SO61102,8977,327,2013-06-29,2013-07-06,2013-07-11,21.0,1,21.0
SO61103,9156,266,2013-06-29,2013-07-06,2013-07-11,5.0,1,5.0
SO61104,6299,317,2013-06-29,2013-07-06,2013-07-11,5.0,1,5.0
SO61105,16717,319,2013-06-29,2013-07-06,2013-07-11,5.0,1,5.0
SO61106,2614,264,2013-06-29,2013-07-06,2013-07-11,70.0,1,70.0
SO61107,6069,277,2013-06-29,2013-07-06,2013-07-11,54.0,1,54.0
SO61108,1666,269,2013-06-29,2013-07-06,2013-07-11,2.0,1,2.0
SO61109,5628,329,2013-06-29,2013-07-06,2013-07-11,33.0,1,33.0
SO61110,6848,369,2013-06-29,2013-07-06,2013-07-11,1701.0,1,1701.0
SO61111,6842,380,2013-06-29,2013-07-06,2013-07-11,565.0,1,565.0
SO61112,12927,162,2013-06-29,2013-07-06,2013-07-11,2443.0,1,2443.0
SO61112,12927,163,2013-06-29,2013-07-06,2013-07-11,2443.0,1,2443.0
SO61113,3138,378,2013-06-29,2013-07-06,2013-07-11,769.0,1,769.0
SO61114,1858,149,2013-06-29,2013-07-06,2013-07-11,2295.0,1,2295.0
SO61114,1858,150,2013-06-29,2013-07-06,2013-07-11,2295.0,1,2295.0
SO61115,520,9,2013-06-29,2013-07-06,2013-07-11,35.0,1,35.0
SO61115,520,10,2013-06-29,2013-07-06,2013-07-11,35.0,1,35.0
SO61115,520,11,2013-06-29,2013-07-06,2013-07-11,35.0,1,35.0
SO61116,500,269,2013-06-29,2013-07-06,2013-07-11,2.0,1,2.0
SO61117,2073,272,2013-06-29,2013-07-06,2013-07-11,120.0,1,120.0
SO61118,263,319,2013-06-29,2013-07-06,2013-07-11,5.0,1,5.0
SO61119,720,318,2013-06-29,2013-07-06,2013-07-11,4.0,1,4.0
SO61120,254,328,2013-06-29,2013-07-06,2013-07-11,25.0,1,25.0
SO61121,254,327,2013-06-29,2013-07-06,2013-07-11,21.0,1,21.0
SO61122,661,317,2013-06-29,2013-07-06,2013-07-11,5.0,1,5.0
SO61123,14007,324,2013-06-29,2013-07-06,2013-07-11,25.0,1,25.0
SO61124,14375,318,2013-06-29,2013-07-06,2013-07-11,4.0,1,4.0
SO61125,12181,325,2013-06-29,2013-07-06,2013-07-11,30.0,1,30.0
SO61126,521,325,2013-06-29,2013-07-06,2013-07-11,30.0,1,30.0
SO61127,10369,266,2013-06-29,2013-07-06,2013-07-11,5.0,1,5.0
SO61128,10453,267,2013-06-29,2013-07-06,2013-07-11,10.0,1,10.0
SO61129,8655,270,2013-06-29,2013-07-06,2013-07-11,9.0,1,9.0
SO61130,16429,263,2013-06-29,2013-07-06,2013-07-11,70.0,1,70.0
SO61131,7653,12,2013-06-29,2013-07-06,2013-07-11,9.0,1,9.0
SO61131,7653,13,2013-06-29,2013-07-06,2013-07-11,9.0,1,9.0
SO61131,7653,14,2013-06-29,2013-07-06,2013-07-11,9.0,1,9.0
SO61132,3628,317,2013-06-29,2013-07-06,2013-07-11,5.0,1,5.0
SO61133,5933,317,2013-06-29,2013-07-06,2013-07-11,5.0,1,5.0
SO61134,4460,317,2013-06-29,2013-07-06,2013-07-11,5.0,1,5.0
SO61135,6858,328,2013-06-29,2013-07-06,2013-07-11,25.0,1,25.0
SO61136,5187,317,2013-06-29,2013-07-06,2013-07-11,5.0,1,5.0
SO61137,1499,317,2013-06-29,2013-07-06,2013-07-11,5.0,1,5.0
SO61138,8823,274,2013-06-29,2013-07-06,2013-07-11,22.0,1,22.0
SO61139,5283,274,2013-06-29,2013-07-06,2013-07-11,22.0,1,22.0
SO61140,5043,324,2013-06-29,2013-07-06,2013-07-11,25.0,1,25.0
SO61141,17547,264,2013-06-29,2013-07-06,2013-07-11,70.0,1,70.0
SO61142,13858,266,2013-06-29,2013-07-06,2013-07-11,5.0,1,5.0
SO61143,2689,324,2013-06-29,2013-07-06,2013-07-11,25.0,1,25.0
SO61144,8273,12,2013-06-29,2013-07-06,2013-07-11,9.0,1,9.0
SO61144,8273,13,2013-06-29,2013-07-06,2013-07-11,9.0,1,9.0
SO61144,8273,14,2013-06-29,2013-07-06,2013-07-11,9.0,1,9.0
SO61145,7041,325,2013-06-29,2013-07-06,2013-07-11,30.0,1,30.0
SO61146,1957,317,2013-06-29,2013-07-06,2013-07-11,5.0,1,5.0
SO61147,1147,317,2013-06-29,2013-07-06,2013-07-11,5.0,1,5.0
SO61148,1934,326,2013-06-29,2013-07-06,2013-07-11,35.0,1,35.0
SO61149,1417,326,2013-06-29,2013-07-06,2013-07-11,35.0,1,35.0
SO61150,5674,166,2013-06-29,2013-07-06,2013-07-11,2443.0,1,2443.0
SO61150,5674,167,2013-06-29,2013-07-06,2013-07-11,2443.0,1,2443.0
SO61151,11996,166,2013-06-29,2013-07-06,2013-07-11,2443.0,1,2443.0
SO61151,11996,167,2013-06-29,2013-07-06,2013-07-11,2443.0,1,2443.0
SO61152,3415,377,2013-06-29,2013-07-06,2013-07-11,769.0,1,769.0
SO61153,2950,147,2013-06-29,2013-07-06,2013-07-11,2295.0,1,2295.0
SO61153,2950,148,2013-06-29,2013-07-06,2013-07-11,2295.0,1,2295.0
SO61154,2906,151,2013-06-29,2013-07-06,2013-07-11,2295.0,1,2295.0
SO61154,2906,152,2013-06-29,2013-07-06,2013-07-11,2295.0,1,2295.0
SO61155,798,151,2013-06-29,2013-07-06,2013-07-11,2295.0,1,2295.0
SO61155,798,152,2013-06-29,2013-07-06,2013-07-11,2295.0,1,2295.0
SO61156,779,149,2013-06-29,2013-07-06,2013-07-11,2295.0,1,2295.0
SO61156,779,150,2013-06-29,2013-07-06,2013-07-11,2295.0,1,2295.0
SO61157,15966,357,2013-06-29,2013-07-06,2013-07-11,742.0,1,742.0
SO61158,12349,372,2013-06-29,2013-07-06,2013-07-11,1701.0,1,1701.0
SO61159,6309,160,2013-06-29,2013-07-06,2013-07-11,2443.0,1,2443.0
SO61159,6309,161,2013-06-29,2013-07-06,2013-07-11,2443.0,1,2443.0
SO61160,8976,164,2013-06-29,2013-07-06,2013-07-11,2443.0,1,2443.0
SO61160,8976,165,2013-06-29,2013-07-06,2013-07-11,2443.0,1,2443.0
SO61161,14053,172,2013-06-29,2013-07-06,2013-07-11,1120.0,1,1120.0
SO61161,14053,173,2013-06-29,2013-07-06,2013-07-11,1120.0,1,1120.0
SO61162,11578,395,2013-06-29,2013-07-06,2013-07-11,540.0,1,540.0
SO61163,11573,393,2013-06-29,2013-07-06,2013-07-11,540.0,1,540.0
SO61164,16360,373,2013-06-29,2013-07-06,2013-07-11,540.0,1,540.0
SO61165,102,353,2013-06-29,2013-07-06,2013-07-11,2384.0,1,2384.0
SO61166,14868,352,2013-06-29,2013-07-06,2013-07-11,2384.0,1,2384.0
SO61167,12177,373,2013-06-29,2013-07-06,2013-07-11,540.0,1,540.0
SO61168,8124,170,2013-06-29,2013-07-06,2013-07-11,1120.0,1,1120.0
SO61168,8124,171,2013-06-29,2013-07-06,2013-07-11,1120.0,1,1120.0
SO61169,15938,395,2013-06-29,2013-07-06,2013-07-11,540.0,1,540.0
SO61170,15914,373,2013-06-29,2013-07-06,2013-07-11,540.0,1,540.0
SO61171,242,394,2013-06-29,2013-07-06,2013-07-11,540.0,1,540.0
SO61172,17447,350,2013-06-29,2013-07-06,2013-07-11,2384.0,1,2384.0
SO61269,793,4,2013-06-30,2013-07-07,2013-07-12,35.0,1,35.0
SO61269,793,5,2013-06-30,2013-07-07,2013-07-12,35.0,1,35.0
SO61269,793,6,2013-06-30,2013-07-07,2013-07-12,35.0,1,35.0
SO61270,7260,274,2013-06-30,2013-07-07,2013-07-12,22.0,1,22.0
SO61271,9455,327,2013-06-30,2013-07-07,2013-07-12,21.0,1,21.0
SO61272,10240,317,2013-06-30,2013-07-07,2013-07-12,5.0,1,5.0
SO61273,12431,266,2013-06-30,2013-07-07,2013-07-12,5.0,1,5.0
SO61274,16149,12,2013-06-30,2013-07-07,2013-07-12,9.0,1,9.0
SO61274,16149,13,2013-06-30,2013-07-07,2013-07-12,9.0,1,9.0
SO61274,16149,14,2013-06-30,2013-07-07,2013-07-12,9.0,1,9.0
SO61275,2997,9,2013-06-30,2013-07-07,2013-07-12,35.0,1,35.0
SO61275,2997,10,2013-06-30,2013-07-07,2013-07-12,35.0,1,35.0
SO61275,2997,11,2013-06-30,2013-07-07,2013-07-12,35.0,1,35.0
SO61276,6253,277,2013-06-30,2013-07-07,2013-07-12,54.0,1,54.0
SO61277,4051,383,2013-06-30,2013-07-07,2013-07-12,565.0,1,565.0
SO61278,11309,369,2013-06-30,2013-07-07,2013-07-12,1701.0,1,1701.0
SO61279,1860,151,2013-06-30,2013-07-07,2013-07-12,2295.0,1,2295.0
SO61279,1860,152,2013-06-30,2013-07-07,2013-07-12,2295.0,1,2295.0
SO61280,892,1,2013-06-30,2013-07-07,2013-07-12,35.0,1,35.0
SO61280,892,2,2013-06-30,2013-07-07,2013-07-12,35.0,1,35.0
SO61280,892,3,2013-06-30,2013-07-07,2013-07-12,35.0,1,35.0
SO61281,17809,328,2013-06-30,2013-07-07,2013-07-12,25.0,1,25.0
SO61282,307,269,2013-06-30,2013-07-07,2013-07-12,2.0,1,2.0
SO61283,15274,327,2013-06-30,2013-07-07,2013-07-12,21.0,1,21.0
SO61284,16478,327,2013-06-30,2013-07-07,2013-07-12,21.0,1,21.0
SO61285,12792,329,2013-06-30,2013-07-07,2013-07-12,33.0,1,33.0
SO61286,531,325,2013-06-30,2013-07-07,2013-07-12,30.0,1,30.0
SO61287,4761,267,2013-06-30,2013-07-07,2013-07-12,10.0,1,10.0
SO61288,8710,317,2013-06-30,2013-07-07,2013-07-12,5.0,1,5.0
SO61289,12695,317,2013-06-30,2013-07-07,2013-07-12,5.0,1,5.0
SO61290,12012,267,2013-06-30,2013-07-07,2013-07-12,10.0,1,10.0
SO61291,8780,263,2013-06-30,2013-07-07,2013-07-12,70.0,1,70.0
SO61292,11013,267,2013-06-30,2013-07-07,2013-07-12,10.0,1,10.0
SO61293,7084,266,2013-06-30,2013-07-07,2013-07-12,5.0,1,5.0
SO61294,6397,266,2013-06-30,2013-07-07,2013-07-12,5.0,1,5.0
SO61295,3752,317,2013-06-30,2013-07-07,2013-07-12,5.0,1,5.0
SO61296,3997,274,2013-06-30,2013-07-07,2013-07-12,22.0,1,22.0
SO61297,1628,330,2013-06-30,2013-07-07,2013-07-12,29.0,1,29.0
SO61298,7156,319,2013-06-30,2013-07-07,2013-07-12,5.0,1,5.0
SO61299,1412,326,2013-06-30,2013-07-07,2013-07-12,35.0,1,35.0
SO61300,2165,274,2013-06-30,2013-07-07,2013-07-12,22.0,1,22.0
SO61301,5748,166,2013-06-30,2013-07-07,2013-07-12,2443.0,1,2443.0
SO61301,5748,167,2013-06-30,2013-07-07,2013-07-12,2443.0,1,2443.0
SO61302,3487,151,2013-06-30,2013-07-07,2013-07-12,2295.0,1,2295.0
SO61302,3487,152,2013-06-30,2013-07-07,2013-07-12,2295.0,1,2295.0
SO61303,2603,352,2013-06-30,2013-07-07,2013-07-12,2384.0,1,2384.0
SO61304,1474,349,2013-06-30,2013-07-07,2013-07-12,1215.0,1,1215.0
SO61305,9237,372,2013-06-30,2013-07-07,2013-07-12,1701.0,1,1701.0
SO61306,12432,369,2013-06-30,2013-07-07,2013-07-12,1701.0,1,1701.0
SO61307,9261,371,2013-06-30,2013-07-07,2013-07-12,1701.0,1,1701.0
SO61308,9247,160,2013-06-30,2013-07-07,2013-07-12,2443.0,1,2443.0
SO61308,9247,161,2013-06-30,2013-07-07,2013-07-12,2443.0,1,2443.0
SO61309,2626,143,2013-06-30,2013-07-07,2013-07-12,2320.0,1,2320.0
SO61309,2626,144,2013-06-30,2013-07-07,2013-07-12,2320.0,1,2320.0
SO61310,2542,373,2013-06-30,2013-07-07,2013-07-12,540.0,1,540.0
SO61311,11467,395,2013-06-30,2013-07-07,2013-07-12,540.0,1,540.0
SO61312,18083,355,2013-06-30,2013-07-07,2013-07-12,742.0,1,742.0
SO61313,428,372,2013-07-01,2013-07-08,2013-07-13,1701.0,1,1701.0
SO61314,212,272,2013-07-01,2013-07-08,2013-07-13,120.0,1,120.0
SO61315,4147,328,2013-07-01,2013-07-08,2013-07-13,25.0,1,25.0
SO61316,10188,325,2013-07-01,2013-07-08,2013-07-13,30.0,1,30.0
SO61317,6356,274,2013-07-01,2013-07-08,2013-07-13,22.0,1,22.0
SO61318,7493,274,2013-07-01,2013-07-08,2013-07-13,22.0,1,22.0
SO61319,9263,318,2013-07-01,2013-07-08,2013-07-13,4.0,1,4.0
SO61320,17944,267,2013-07-01,2013-07-08,2013-07-13,10.0,1,10.0
SO61321,3320,24,2013-07-01,2013-07-08,2013-07-13,50.0,1,50.0
SO61321,3320,25,2013-07-01,2013-07-08,2013-07-13,50.0,1,50.0
SO61321,3320,26,2013-07-01,2013-07-08,2013-07-13,50.0,1,50.0
SO61322,1372,269,2013-07-01,2013-07-08,2013-07-13,2.0,1,2.0
SO61323,6849,369,2013-07-01,2013-07-08,2013-07-13,1701.0,1,1701.0
SO61324,14446,369,2013-07-01,2013-07-08,2013-07-13,1701.0,1,1701.0
SO61325,10684,372,2013-07-01,2013-07-08,2013-07-13,1701.0,1,1701.0
SO61326,5423,166,2013-07-01,2013-07-08,2013-07-13,2443.0,1,2443.0
SO61326,5423,167,2013-07-01,2013-07-08,2013-07-13,2443.0,1,2443.0
SO61327,4685,147,2013-07-01,2013-07-08,2013-07-13,2295.0,1,2295.0
SO61327,4685,148,2013-07-01,2013-07-08,2013-07-13,2295.0,1,2295.0
SO61328,685,279,2013-07-01,2013-07-08,2013-07-13,54.0,1,54.0
SO61329,16066,330,2013-07-01,2013-07-08,2013-07-13,29.0,1,29.0
SO61330,13395,329,2013-07-01,2013-07-08,2013-07-13,33.0,1,33.0
SO61331,263,329,2013-07-01,2013-07-08,2013-07-13,33.0,1,33.0
SO61332,14968,324,2013-07-01,2013-07-08,2013-07-13,25.0,1,25.0
SO61333,92,317,2013-07-01,2013-07-08,2013-07-13,5.0,1,5.0
SO61334,11240,325,2013-07-01,2013-07-08,2013-07-13,30.0,1,30.0
SO61335,8865,265,2013-07-01,2013-07-08,2013-07-13,70.0,1,70.0
SO61336,8877,263,2013-07-01,2013-07-08,2013-07-13,70.0,1,70.0
SO61337,15803,266,2013-07-01,2013-07-08,2013-07-13,5.0,1,5.0
SO61338,5721,317,2013-07-01,2013-07-08,2013-07-13,5.0,1,5.0
SO61339,3410,274,2013-07-01,2013-07-08,2013-07-13,22.0,1,22.0
SO61340,2738,274,2013-07-01,2013-07-08,2013-07-13,22.0,1,22.0
SO61341,5301,274,2013-07-01,2013-07-08,2013-07-13,22.0,1,22.0
SO61342,1498,317,2013-07-01,2013-07-08,2013-07-13,5.0,1,5.0
SO61343,11673,253,2013-07-01,2013-07-08,2013-07-13,24.0,1,24.0
SO61343,11673,254,2013-07-01,2013-07-08,2013-07-13,24.0,1,24.0
SO61344,6817,317,2013-07-01,2013-07-08,2013-07-13,5.0,1,5.0
SO61345,9136,325,2013-07-01,2013-07-08,2013-07-13,30.0,1,30.0
SO61346,5294,266,2013-07-01,2013-07-08,2013-07-13,5.0,1,5.0
SO61347,10817,266,2013-07-01,2013-07-08,2013-07-13,5.0,1,5.0
SO61348,12920,330,2013-07-01,2013-07-08,2013-07-13,29.0,1,29.0
SO61349,1564,330,2013-07-01,2013-07-08,2013-07-13,29.0,1,29.0
SO61350,281,326,2013-07-01,2013-07-08,2013-07-13,35.0,1,35.0
SO61351,202,326,2013-07-01,2013-07-08,2013-07-13,35.0,1,35.0
SO61352,1136,326,2013-07-01,2013-07-08,2013-07-13,35.0,1,35.0
SO61353,5718,274,2013-07-01,2013-07-08,2013-07-13,22.0,1,22.0
SO61354,1612,12,2013-07-01,2013-07-08,2013-07-13,9.0,1,9.0
SO61354,1612,13,2013-07-01,2013-07-08,2013-07-13,9.0,1,9.0
SO61354,1612,14,2013-07-01,2013-07-08,2013-07-13,9.0,1,9.0
SO61355,1564,15,2013-07-01,2013-07-08,2013-07-13,50.0,1,50.0
SO61355,1564,16,2013-07-01,2013-07-08,2013-07-13,50.0,1,50.0
SO61355,1564,17,2013-07-01,2013-07-08,2013-07-13,50.0,1,50.0
SO61356,3581,379,2013-07-01,2013-07-08,2013-07-13,769.0,1,769.0
SO61357,3582,376,2013-07-01,2013-07-08,2013-07-13,769.0,1,769.0
SO61358,3457,143,2013-07-01,2013-07-08,2013-07-13,2320.0,1,2320.0
SO61358,3457,144,2013-07-01,2013-07-08,2013-07-13,2320.0,1,2320.0
SO61359,3421,143,2013-07-01,2013-07-08,2013-07-13,2320.0,1,2320.0
SO61359,3421,144,2013-07-01,2013-07-08,2013-07-13,2320.0,1,2320.0
SO61360,1042,147,2013-07-01,2013-07-08,2013-07-13,2295.0,1,2295.0
SO61360,1042,148,2013-07-01,2013-07-08,2013-07-13,2295.0,1,2295.0
SO61361,14128,172,2013-07-01,2013-07-08,2013-07-13,1120.0,1,1120.0
SO61361,14128,173,2013-07-01,2013-07-08,2013-07-13,1120.0,1,1120.0
SO61362,2649,147,2013-07-01,2013-07-08,2013-07-13,2295.0,1,2295.0
SO61362,2649,148,2013-07-01,2013-07-08,2013-07-13,2295.0,1,2295.0
SO61363,18202,359,2013-07-01,2013-07-08,2013-07-13,742.0,1,742.0
SO61364,13685,351,2013-07-01,2013-07-08,2013-07-13,2384.0,1,2384.0
SO61365,9684,371,2013-07-01,2013-07-08,2013-07-13,1701.0,1,1701.0
SO61366,3186,353,2013-07-01,2013-07-08,2013-07-13,2384.0,1,2384.0
SO61367,100,364,2013-07-01,2013-07-08,2013-07-13,2384.0,1,2384.0
SO61368,905,365,2013-07-01,2013-07-08,2013-07-13,2384.0,1,2384.0
SO61369,18085,354,2013-07-01,2013-07-08,2013-07-13,742.0,1,742.0
SO61370,465,350,2013-07-01,2013-07-08,2013-07-13,2384.0,1,2384.0
SO61371,16516,395,2013-07-01,2013-07-08,2013-07-13,540.0,1,540.0
SO61372,1140,273,2013-07-02,2013-07-09,2013-07-14,8.0,1,8.0
SO61373,123,267,2013-07-02,2013-07-09,2013-07-14,10.0,1,10.0
SO61374,2047,4,2013-07-02,2013-07-09,2013-07-14,35.0,1,35.0
SO61374,2047,5,2013-07-02,2013-07-09,2013-07-14,35.0,1,35.0
SO61374,2047,6,2013-07-02,2013-07-09,2013-07-14,35.0,1,35.0
SO61375,2151,4,2013-07-02,2013-07-09,2013-07-14,35.0,1,35.0
SO61375,2151,5,2013-07-02,2013-07-09,2013-07-14,35.0,1,35.0
SO61375,2151,6,2013-07-02,2013-07-09,2013-07-14,35.0,1,35.0
SO61376,2614,273,2013-07-02,2013-07-09,2013-07-14,8.0,1,8.0
SO61377,7200,12,2013-07-02,2013-07-09,2013-07-14,9.0,1,9.0
SO61377,7200,13,2013-07-02,2013-07-09,2013-07-14,9.0,1,9.0
SO61377,7200,14,2013-07-02,2013-07-09,2013-07-14,9.0,1,9.0
SO61378,7271,12,2013-07-02,2013-07-09,2013-07-14,9.0,1,9.0
SO61378,7271,13,2013-07-02,2013-07-09,2013-07-14,9.0,1,9.0
SO61378,7271,14,2013-07-02,2013-07-09,2013-07-14,9.0,1,9.0
SO61379,5437,166,2013-07-02,2013-07-09,2013-07-14,2443.0,1,2443.0
SO61379,5437,167,2013-07-02,2013-07-09,2013-07-14,2443.0,1,2443.0
SO61380,4928,151,2013-07-02,2013-07-09,2013-07-14,2295.0,1,2295.0
SO61380,4928,152,2013-07-02,2013-07-09,2013-07-14,2295.0,1,2295.0
SO61381,1624,151,2013-07-02,2013-07-09,2013-07-14,2295.0,1,2295.0
SO61381,1624,152,2013-07-02,2013-07-09,2013-07-14,2295.0,1,2295.0
SO61382,4698,151,2013-07-02,2013-07-09,2013-07-14,2295.0,1,2295.0
SO61382,4698,152,2013-07-02,2013-07-09,2013-07-14,2295.0,1,2295.0
SO61383,3430,145,2013-07-02,2013-07-09,2013-07-14,2320.0,1,2320.0
SO61383,3430,146,2013-07-02,2013-07-09,2013-07-14,2320.0,1,2320.0
SO61384,87,318,2013-07-02,2013-07-09,2013-07-14,4.0,1,4.0
SO61385,263,269,2013-07-02,2013-07-09,2013-07-14,2.0,1,2.0
SO61386,16610,330,2013-07-02,2013-07-09,2013-07-14,29.0,1,29.0
SO61387,17254,319,2013-07-02,2013-07-09,2013-07-14,5.0,1,5.0
SO61388,3266,324,2013-07-02,2013-07-09,2013-07-14,25.0,1,25.0
SO61389,14195,329,2013-07-02,2013-07-09,2013-07-14,33.0,1,33.0
SO61390,16459,330,2013-07-02,2013-07-09,2013-07-14,29.0,1,29.0
SO61391,5498,330,2013-07-02,2013-07-09,2013-07-14,29.0,1,29.0
SO61392,15688,324,2013-07-02,2013-07-09,2013-07-14,25.0,1,25.0
SO61393,5086,329,2013-07-02,2013-07-09,2013-07-14,33.0,1,33.0
SO61394,5949,267,2013-07-02,2013-07-09,2013-07-14,10.0,1,10.0
SO61395,6700,266,2013-07-02,2013-07-09,2013-07-14,5.0,1,5.0
SO61396,14329,266,2013-07-02,2013-07-09,2013-07-14,5.0,1,5.0
SO61397,14003,266,2013-07-02,2013-07-09,2013-07-14,5.0,1,5.0
SO61398,12369,317,2013-07-02,2013-07-09,2013-07-14,5.0,1,5.0
SO61399,4940,317,2013-07-02,2013-07-09,2013-07-14,5.0,1,5.0
SO61400,3376,317,2013-07-02,2013-07-09,2013-07-14,5.0,1,5.0
SO61401,9741,274,2013-07-02,2013-07-09,2013-07-14,22.0,1,22.0
SO61402,3255,274,2013-07-02,2013-07-09,2013-07-14,22.0,1,22.0
SO61403,3943,317,2013-07-02,2013-07-09,2013-07-14,5.0,1,5.0
SO61404,5315,274,2013-07-02,2013-07-09,2013-07-14,22.0,1,22.0
SO61405,5944,324,2013-07-02,2013-07-09,2013-07-14,25.0,1,25.0
SO61406,10523,317,2013-07-02,2013-07-09,2013-07-14,5.0,1,5.0
SO61407,9975,318,2013-07-02,2013-07-09,2013-07-14,4.0,1,4.0
SO61408,15916,318,2013-07-02,2013-07-09,2013-07-14,4.0,1,4.0
SO61409,4156,149,2013-07-02,2013-07-09,2013-07-14,2295.0,1,2295.0
SO61409,4156,150,2013-07-02,2013-07-09,2013-07-14,2295.0,1,2295.0
SO61410,3649,151,2013-07-02,2013-07-09,2013-07-14,2295.0,1,2295.0
SO61410,3649,152,2013-07-02,2013-07-09,2013-07-14,2295.0,1,2295.0
SO61411,3485,151,2013-07-02,2013-07-09,2013-07-14,2295.0,1,2295.0
SO61411,3485,152,2013-07-02,2013-07-09,2013-07-14,2295.0,1,2295.0
SO61412,1080,151,2013-07-02,2013-07-09,2013-07-14,2295.0,1,2295.0
SO61412,1080,152,2013-07-02,2013-07-09,2013-07-14,2295.0,1,2295.0
SO61413,938,151,2013-07-02,2013-07-09,2013-07-14,2295.0,1,2295.0
SO61413,938,152,2013-07-02,2013-07-09,2013-07-14,2295.0,1,2295.0
SO61414,3450,143,2013-07-02,2013-07-09,2013-07-14,2320.0,1,2320.0
SO61414,3450,144,2013-07-02,2013-07-09,2013-07-14,2320.0,1,2320.0
SO61415,1783,145,2013-07-02,2013-07-09,2013-07-14,2320.0,1,2320.0
SO61415,1783,146,2013-07-02,2013-07-09,2013-07-14,2320.0,1,2320.0
SO61416,6185,362,2013-07-02,2013-07-09,2013-07-14,2384.0,1,2384.0
SO61417,6735,176,2013-07-02,2013-07-09,2013-07-14,1120.0,1,1120.0
SO61417,6735,177,2013-07-02,2013-07-09,2013-07-14,1120.0,1,1120.0
SO61418,13586,174,2013-07-02,2013-07-09,2013-07-14,1120.0,1,1120.0
SO61418,13586,175,2013-07-02,2013-07-09,2013-07-14,1120.0,1,1120.0
SO61419,13485,176,2013-07-02,2013-07-09,2013-07-14,1120.0,1,1120.0
SO61419,13485,177,2013-07-02,2013-07-09,2013-07-14,1120.0,1,1120.0
SO61420,2123,151,2013-07-02,2013-07-09,2013-07-14,2295.0,1,2295.0
SO61420,2123,152,2013-07-02,2013-07-09,2013-07-14,2295.0,1,2295.0
SO61421,2285,12,2013-07-02,2013-07-09,2013-07-14,9.0,1,9.0
SO61421,2285,13,2013-07-02,2013-07-09,2013-07-14,9.0,1,9.0
SO61421,2285,14,2013-07-02,2013-07-09,2013-07-14,9.0,1,9.0
SO61422,1987,352,2013-07-02,2013-07-09,2013-07-14,2384.0,1,2384.0
SO61423,2560,395,2013-07-02,2013-07-09,2013-07-14,540.0,1,540.0
SO61424,11675,395,2013-07-02,2013-07-09,2013-07-14,540.0,1,540.0
SO61425,2051,368,2013-07-02,2013-07-09,2013-07-14,1215.0,1,1215.0
SO61426,16501,395,2013-07-02,2013-07-09,2013-07-14,540.0,1,540.0
SO61427,16513,395,2013-07-02,2013-07-09,2013-07-14,540.0,1,540.0
SO61428,9616,168,2013-07-03,2013-07-10,2013-07-15,2443.0,1,2443.0
SO61428,9616,169,2013-07-03,2013-07-10,2013-07-15,2443.0,1,2443.0
SO61429,9617,160,2013-07-03,2013-07-10,2013-07-15,2443.0,1,2443.0
SO61429,9617,161,2013-07-03,2013-07-10,2013-07-15,2443.0,1,2443.0
SO61430,254,4,2013-07-03,2013-07-10,2013-07-15,35.0,1,35.0
SO61430,254,5,2013-07-03,2013-07-10,2013-07-15,35.0,1,35.0
SO61430,254,6,2013-07-03,2013-07-10,2013-07-15,35.0,1,35.0
SO61431,3234,318,2013-07-03,2013-07-10,2013-07-15,4.0,1,4.0
SO61432,5711,325,2013-07-03,2013-07-10,2013-07-15,30.0,1,30.0
SO61433,5626,325,2013-07-03,2013-07-10,2013-07-15,30.0,1,30.0
SO61434,12647,266,2013-07-03,2013-07-10,2013-07-15,5.0,1,5.0
SO61435,6251,277,2013-07-03,2013-07-10,2013-07-15,54.0,1,54.0
SO61436,5017,319,2013-07-03,2013-07-10,2013-07-15,5.0,1,5.0
SO61437,6897,386,2013-07-03,2013-07-10,2013-07-15,540.0,1,540.0
SO61438,14445,370,2013-07-03,2013-07-10,2013-07-15,1701.0,1,1701.0
SO61439,10072,369,2013-07-03,2013-07-10,2013-07-15,1701.0,1,1701.0
SO61440,3141,378,2013-07-03,2013-07-10,2013-07-15,769.0,1,769.0
SO61441,4924,143,2013-07-03,2013-07-10,2013-07-15,2320.0,1,2320.0
SO61441,4924,144,2013-07-03,2013-07-10,2013-07-15,2320.0,1,2320.0
SO61442,4701,151,2013-07-03,2013-07-10,2013-07-15,2295.0,1,2295.0
SO61442,4701,152,2013-07-03,2013-07-10,2013-07-15,2295.0,1,2295.0
SO61443,79,279,2013-07-03,2013-07-10,2013-07-15,54.0,1,54.0
SO61444,126,324,2013-07-03,2013-07-10,2013-07-15,25.0,1,25.0
SO61445,7315,327,2013-07-03,2013-07-10,2013-07-15,21.0,1,21.0
SO61446,5507,329,2013-07-03,2013-07-10,2013-07-15,33.0,1,33.0
SO61447,1204,325,2013-07-03,2013-07-10,2013-07-15,30.0,1,30.0
SO61448,12562,325,2013-07-03,2013-07-10,2013-07-15,30.0,1,30.0
SO61449,332,318,2013-07-03,2013-07-10,2013-07-15,4.0,1,4.0
SO61450,11776,325,2013-07-03,2013-07-10,2013-07-15,30.0,1,30.0
SO61451,643,317,2013-07-03,2013-07-10,2013-07-15,5.0,1,5.0
SO61452,2145,325,2013-07-03,2013-07-10,2013-07-15,30.0,1,30.0
SO61453,4573,266,2013-07-03,2013-07-10,2013-07-15,5.0,1,5.0
SO61454,3266,266,2013-07-03,2013-07-10,2013-07-15,5.0,1,5.0
SO61455,216,263,2013-07-03,2013-07-10,2013-07-15,70.0,1,70.0
SO61456,5987,261,2013-07-03,2013-07-10,2013-07-15,64.0,1,64.0
SO61457,4517,317,2013-07-03,2013-07-10,2013-07-15,5.0,1,5.0
SO61458,14158,317,2013-07-03,2013-07-10,2013-07-15,5.0,1,5.0
SO61459,3537,317,2013-07-03,2013-07-10,2013-07-15,5.0,1,5.0
SO61460,4443,317,2013-07-03,2013-07-10,2013-07-15,5.0,1,5.0
SO61461,1445,317,2013-07-03,2013-07-10,2013-07-15,5.0,1,5.0
SO61462,3761,326,2013-07-03,2013-07-10,2013-07-15,35.0,1,35.0
SO61463,861,326,2013-07-03,2013-07-10,2013-07-15,35.0,1,35.0
SO61464,2230,274,2013-07-03,2013-07-10,2013-07-15,22.0,1,22.0
SO61465,8720,387,2013-07-03,2013-07-10,2013-07-15,540.0,1,540.0
SO61466,3465,143,2013-07-03,2013-07-10,2013-07-15,2320.0,1,2320.0
SO61466,3465,144,2013-07-03,2013-07-10,2013-07-15,2320.0,1,2320.0
SO61467,16007,374,2013-07-03,2013-07-10,2013-07-15,742.0,1,742.0
SO61468,16119,355,2013-07-03,2013-07-10,2013-07-15,742.0,1,742.0
SO61469,5425,349,2013-07-03,2013-07-10,2013-07-15,1215.0,1,1215.0
SO61470,2601,351,2013-07-03,2013-07-10,2013-07-15,2384.0,1,2384.0
SO61471,6731,178,2013-07-03,2013-07-10,2013-07-15,1120.0,1,1120.0
SO61471,6731,179,2013-07-03,2013-07-10,2013-07-15,1120.0,1,1120.0
SO61472,2124,147,2013-07-03,2013-07-10,2013-07-15,2295.0,1,2295.0
SO61472,2124,148,2013-07-03,2013-07-10,2013-07-15,2295.0,1,2295.0
SO61473,2136,147,2013-07-03,2013-07-10,2013-07-15,2295.0,1,2295.0
SO61473,2136,148,2013-07-03,2013-07-10,2013-07-15,2295.0,1,2295.0
SO61474,18222,358,2013-07-03,2013-07-10,2013-07-15,742.0,1,742.0
SO61475,2367,351,2013-07-03,2013-07-10,2013-07-15,2384.0,1,2384.0
SO61476,12218,393,2013-07-03,2013-07-10,2013-07-15,540.0,1,540.0
SO61477,8988,176,2013-07-03,2013-07-10,2013-07-15,1120.0,1,1120.0
SO61477,8988,177,2013-07-03,2013-07-10,2013-07-15,1120.0,1,1120.0
SO61478,9395,174,2013-07-03,2013-07-10,2013-07-15,1120.0,1,1120.0
SO61478,9395,175,2013-07-03,2013-07-10,2013-07-15,1120.0,1,1120.0
SO61479,6568,12,2013-07-03,2013-07-10,2013-07-15,9.0,1,9.0
SO61479,6568,13,2013-07-03,2013-07-10,2013-07-15,9.0,1,9.0
SO61479,6568,14,2013-07-03,2013-07-10,2013-07-15,9.0,1,9.0
SO61480,16796,170,2013-07-03,2013-07-10,2013-07-15,1120.0,1,1120.0
SO61480,16796,171,2013-07-03,2013-07-10,2013-07-15,1120.0,1,1120.0
SO61481,6234,376,2013-07-03,2013-07-10,2013-07-15,769.0,1,769.0
SO61482,3060,317,2013-07-04,2013-07-11,2013-07-16,5.0,1,5.0
SO61483,8579,317,2013-07-04,2013-07-11,2013-07-16,5.0,1,5.0
SO61484,11942,266,2013-07-04,2013-07-11,2013-07-16,5.0,1,5.0
SO61485,15144,264,2013-07-04,2013-07-11,2013-07-16,70.0,1,70.0
SO61486,18189,267,2013-07-04,2013-07-11,2013-07-16,10.0,1,10.0
SO61487,3218,21,2013-07-04,2013-07-11,2013-07-16,50.0,1,50.0
SO61487,3218,22,2013-07-04,2013-07-11,2013-07-16,50.0,1,50.0
SO61487,3218,23,2013-07-04,2013-07-11,2013-07-16,50.0,1,50.0
SO61488,10546,378,2013-07-04,2013-07-11,2013-07-16,769.0,1,769.0
SO61489,2562,143,2013-07-04,2013-07-11,2013-07-16,2320.0,1,2320.0
SO61489,2562,144,2013-07-04,2013-07-11,2013-07-16,2320.0,1,2320.0
SO61490,4638,151,2013-07-04,2013-07-11,2013-07-16,2295.0,1,2295.0
SO61490,4638,152,2013-07-04,2013-07-11,2013-07-16,2295.0,1,2295.0
SO61491,4087,147,2013-07-04,2013-07-11,2013-07-16,2295.0,1,2295.0
SO61491,4087,148,2013-07-04,2013-07-11,2013-07-16,2295.0,1,2295.0
SO61492,4119,147,2013-07-04,2013-07-11,2013-07-16,2295.0,1,2295.0
SO61492,4119,148,2013-07-04,2013-07-11,2013-07-16,2295.0,1,2295.0
SO61493,668,278,2013-07-04,2013-07-11,2013-07-16,54.0,1,54.0
SO61494,644,269,2013-07-04,2013-07-11,2013-07-16,2.0,1,2.0
SO61495,507,21,2013-07-04,2013-07-11,2013-07-16,50.0,1,50.0
SO61495,507,22,2013-07-04,2013-07-11,2013-07-16,50.0,1,50.0
SO61495,507,23,2013-07-04,2013-07-11,2013-07-16,50.0,1,50.0
SO61496,499,318,2013-07-04,2013-07-11,2013-07-16,4.0,1,4.0
SO61497,16638,330,2013-07-04,2013-07-11,2013-07-16,29.0,1,29.0
SO61498,17233,327,2013-07-04,2013-07-11,2013-07-16,21.0,1,21.0
SO61499,278,324,2013-07-04,2013-07-11,2013-07-16,25.0,1,25.0
SO61500,12690,317,2013-07-04,2013-07-11,2013-07-16,5.0,1,5.0
SO61501,13962,318,2013-07-04,2013-07-11,2013-07-16,4.0,1,4.0
SO61502,7450,325,2013-07-04,2013-07-11,2013-07-16,30.0,1,30.0
SO61503,12688,325,2013-07-04,2013-07-11,2013-07-16,30.0,1,30.0
SO61504,3575,267,2013-07-04,2013-07-11,2013-07-16,10.0,1,10.0
SO61505,9350,264,2013-07-04,2013-07-11,2013-07-16,70.0,1,70.0
SO61506,8019,265,2013-07-04,2013-07-11,2013-07-16,70.0,1,70.0
SO61507,12555,266,2013-07-04,2013-07-11,2013-07-16,5.0,1,5.0
SO61508,8083,317,2013-07-04,2013-07-11,2013-07-16,5.0,1,5.0
SO61509,10534,317,2013-07-04,2013-07-11,2013-07-16,5.0,1,5.0
SO61510,9134,328,2013-07-04,2013-07-11,2013-07-16,25.0,1,25.0
SO61511,10078,327,2013-07-04,2013-07-11,2013-07-16,21.0,1,21.0
SO61512,17571,318,2013-07-04,2013-07-11,2013-07-16,4.0,1,4.0
SO61513,11702,318,2013-07-04,2013-07-11,2013-07-16,4.0,1,4.0
SO61514,14542,327,2013-07-04,2013-07-11,2013-07-16,21.0,1,21.0
SO61515,3785,330,2013-07-04,2013-07-11,2013-07-16,29.0,1,29.0
SO61516,6187,319,2013-07-04,2013-07-11,2013-07-16,5.0,1,5.0
SO61517,2072,326,2013-07-04,2013-07-11,2013-07-16,35.0,1,35.0
SO61518,236,326,2013-07-04,2013-07-11,2013-07-16,35.0,1,35.0
SO61519,1181,151,2013-07-04,2013-07-11,2013-07-16,2295.0,1,2295.0
SO61519,1181,152,2013-07-04,2013-07-11,2013-07-16,2295.0,1,2295.0
SO61520,1079,145,2013-07-04,2013-07-11,2013-07-16,2320.0,1,2320.0
SO61520,1079,146,2013-07-04,2013-07-11,2013-07-16,2320.0,1,2320.0
SO61521,4491,151,2013-07-04,2013-07-11,2013-07-16,2295.0,1,2295.0
SO61521,4491,152,2013-07-04,2013-07-11,2013-07-16,2295.0,1,2295.0
SO61522,12424,372,2013-07-04,2013-07-11,2013-07-16,1701.0,1,1701.0
SO61523,9610,162,2013-07-04,2013-07-11,2013-07-16,2443.0,1,2443.0
SO61523,9610,163,2013-07-04,2013-07-11,2013-07-16,2443.0,1,2443.0
SO61524,14214,176,2013-07-04,2013-07-11,2013-07-16,1120.0,1,1120.0
SO61524,14214,177,2013-07-04,2013-07-11,2013-07-16,1120.0,1,1120.0
SO61525,2651,145,2013-07-04,2013-07-11,2013-07-16,2320.0,1,2320.0
SO61525,2651,146,2013-07-04,2013-07-11,2013-07-16,2320.0,1,2320.0
SO61526,12731,349,2013-07-04,2013-07-11,2013-07-16,1215.0,1,1215.0
SO61527,12732,367,2013-07-04,2013-07-11,2013-07-16,1215.0,1,1215.0
SO61528,13958,359,2013-07-04,2013-07-11,2013-07-16,742.0,1,742.0
SO61529,12830,367,2013-07-04,2013-07-11,2013-07-16,1215.0,1,1215.0
SO61530,15201,394,2013-07-04,2013-07-11,2013-07-16,540.0,1,540.0
SO61531,7477,395,2013-07-04,2013-07-11,2013-07-16,540.0,1,540.0
SO61532,12266,395,2013-07-04,2013-07-11,2013-07-16,540.0,1,540.0
SO61533,12184,393,2013-07-04,2013-07-11,2013-07-16,540.0,1,540.0
SO61534,7476,393,2013-07-04,2013-07-11,2013-07-16,540.0,1,540.0
SO61535,11734,393,2013-07-04,2013-07-11,2013-07-16,540.0,1,540.0
SO61536,6522,369,2013-07-04,2013-07-11,2013-07-16,1701.0,1,1701.0
SO61537,13101,174,2013-07-04,2013-07-11,2013-07-16,1120.0,1,1120.0
SO61537,13101,175,2013-07-04,2013-07-11,2013-07-16,1120.0,1,1120.0
SO61538,3671,379,2013-07-04,2013-07-11,2013-07-16,769.0,1,769.0
SO61539,9283,325,2013-07-05,2013-07-12,2013-07-17,30.0,1,30.0
SO61540,11177,274,2013-07-05,2013-07-12,2013-07-17,22.0,1,22.0
SO61541,15165,265,2013-07-05,2013-07-12,2013-07-17,70.0,1,70.0
SO61542,1998,317,2013-07-05,2013-07-12,2013-07-17,5.0,1,5.0
SO61543,1691,318,2013-07-05,2013-07-12,2013-07-17,4.0,1,4.0
SO61544,14267,318,2013-07-05,2013-07-12,2013-07-17,4.0,1,4.0
SO61545,370,12,2013-07-05,2013-07-12,2013-07-17,9.0,1,9.0
SO61545,370,13,2013-07-05,2013-07-12,2013-07-17,9.0,1,9.0
SO61545,370,14,2013-07-05,2013-07-12,2013-07-17,9.0,1,9.0
SO61546,7207,12,2013-07-05,2013-07-12,2013-07-17,9.0,1,9.0
SO61546,7207,13,2013-07-05,2013-07-12,2013-07-17,9.0,1,9.0
SO61546,7207,14,2013-07-05,2013-07-12,2013-07-17,9.0,1,9.0
SO61547,6903,372,2013-07-05,2013-07-12,2013-07-17,1701.0,1,1701.0
SO61548,1387,149,2013-07-05,2013-07-12,2013-07-17,2295.0,1,2295.0
SO61548,1387,150,2013-07-05,2013-07-12,2013-07-17,2295.0,1,2295.0
SO61549,2563,145,2013-07-05,2013-07-12,2013-07-17,2320.0,1,2320.0
SO61549,2563,146,2013-07-05,2013-07-12,2013-07-17,2320.0,1,2320.0
SO61550,4098,149,2013-07-05,2013-07-12,2013-07-17,2295.0,1,2295.0
SO61550,4098,150,2013-07-05,2013-07-12,2013-07-17,2295.0,1,2295.0
SO61551,891,1,2013-07-05,2013-07-12,2013-07-17,35.0,1,35.0
SO61551,891,2,2013-07-05,2013-07-12,2013-07-17,35.0,1,35.0
SO61551,891,3,2013-07-05,2013-07-12,2013-07-17,35.0,1,35.0
SO61552,506,318,2013-07-05,2013-07-12,2013-07-17,4.0,1,4.0
SO61553,1069,18,2013-07-05,2013-07-12,2013-07-17,50.0,1,50.0
SO61553,1069,19,2013-07-05,2013-07-12,2013-07-17,50.0,1,50.0
SO61553,1069,20,2013-07-05,2013-07-12,2013-07-17,50.0,1,50.0
SO61554,17226,327,2013-07-05,2013-07-12,2013-07-17,21.0,1,21.0
SO61555,331,317,2013-07-05,2013-07-12,2013-07-17,5.0,1,5.0
SO61556,12797,329,2013-07-05,2013-07-12,2013-07-17,33.0,1,33.0
SO61557,13286,329,2013-07-05,2013-07-12,2013-07-17,33.0,1,33.0
SO61558,1166,325,2013-07-05,2013-07-12,2013-07-17,30.0,1,30.0
SO61559,8225,318,2013-07-05,2013-07-12,2013-07-17,4.0,1,4.0
SO61560,5214,267,2013-07-05,2013-07-12,2013-07-17,10.0,1,10.0
SO61561,7381,266,2013-07-05,2013-07-12,2013-07-17,5.0,1,5.0
SO61562,7945,274,2013-07-05,2013-07-12,2013-07-17,0.0,1,22.0
SO61563,5050,317,2013-07-05,2013-07-12,2013-07-17,5.0,1,5.0
SO61564,4681,317,2013-07-05,2013-07-12,2013-07-17,5.0,1,5.0
SO61565,3544,326,2013-07-05,2013-07-12,2013-07-17,35.0,1,35.0
SO61566,4712,318,2013-07-05,2013-07-12,2013-07-17,4.0,1,4.0
SO61567,5267,328,2013-07-05,2013-07-12,2013-07-17,25.0,1,25.0
SO61568,6952,324,2013-07-05,2013-07-12,2013-07-17,25.0,1,25.0
SO61569,6712,325,2013-07-05,2013-07-12,2013-07-17,30.0,1,30.0
SO61570,6810,325,2013-07-05,2013-07-12,2013-07-17,30.0,1,30.0
SO61571,8374,325,2013-07-05,2013-07-12,2013-07-17,30.0,1,30.0
SO61572,1135,327,2013-07-05,2013-07-12,2013-07-17,21.0,1,21.0
SO61573,5295,266,2013-07-05,2013-07-12,2013-07-17,5.0,1,5.0
SO61574,18440,327,2013-07-05,2013-07-12,2013-07-17,21.0,1,21.0
SO61575,6372,274,2013-07-05,2013-07-12,2013-07-17,22.0,1,22.0
SO61576,1979,317,2013-07-05,2013-07-12,2013-07-17,5.0,1,5.0
SO61577,1789,274,2013-07-05,2013-07-12,2013-07-17,22.0,1,22.0
SO61578,564,279,2013-07-05,2013-07-12,2013-07-17,54.0,1,54.0
SO61579,1967,274,2013-07-05,2013-07-12,2013-07-17,22.0,1,22.0
SO61580,4851,145,2013-07-05,2013-07-12,2013-07-17,2320.0,1,2320.0
SO61580,4851,146,2013-07-05,2013-07-12,2013-07-17,2320.0,1,2320.0
SO61581,3435,143,2013-07-05,2013-07-12,2013-07-17,2320.0,1,2320.0
SO61581,3435,144,2013-07-05,2013-07-12,2013-07-17,2320.0,1,2320.0
SO61582,4049,357,2013-07-05,2013-07-12,2013-07-17,742.0,1,742.0
SO61583,3193,352,2013-07-05,2013-07-12,2013-07-17,2384.0,1,2384.0
SO61584,14216,176,2013-07-05,2013-07-12,2013-07-17,1120.0,1,1120.0
SO61584,14216,177,2013-07-05,2013-07-12,2013-07-17,1120.0,1,1120.0
SO61585,13478,172,2013-07-05,2013-07-12,2013-07-17,1120.0,1,1120.0
SO61585,13478,173,2013-07-05,2013-07-12,2013-07-17,1120.0,1,1120.0
SO61586,6729,174,2013-07-05,2013-07-12,2013-07-17,1120.0,1,1120.0
SO61586,6729,175,2013-07-05,2013-07-12,2013-07-17,1120.0,1,1120.0
SO61587,2118,141,2013-07-05,2013-07-12,2013-07-17,2320.0,1,2320.0
SO61587,2118,142,2013-07-05,2013-07-12,2013-07-17,2320.0,1,2320.0
SO61588,2131,141,2013-07-05,2013-07-12,2013-07-17,2320.0,1,2320.0
SO61588,2131,142,2013-07-05,2013-07-12,2013-07-17,2320.0,1,2320.0
SO61589,18204,356,2013-07-05,2013-07-12,2013-07-17,742.0,1,742.0
SO61590,15013,351,2013-07-05,2013-07-12,2013-07-17,2384.0,1,2384.0
SO61591,11788,394,2013-07-05,2013-07-12,2013-07-17,540.0,1,540.0
SO61592,13048,172,2013-07-05,2013-07-12,2013-07-17,1120.0,1,1120.0
SO61592,13048,173,2013-07-05,2013-07-12,2013-07-17,1120.0,1,1120.0
SO61593,16824,172,2013-07-05,2013-07-12,2013-07-17,1120.0,1,1120.0
SO61593,16824,173,2013-07-05,2013-07-12,2013-07-17,1120.0,1,1120.0
SO61594,11481,395,2013-07-05,2013-07-12,2013-07-17,540.0,1,540.0
SO61595,15957,395,2013-07-05,2013-07-12,2013-07-17,540.0,1,540.0
SO61596,6233,379,2013-07-05,2013-07-12,2013-07-17,769.0,1,769.0
SO61597,16514,395,2013-07-05,2013-07-12,2013-07-17,540.0,1,540.0
SO61598,16344,263,2013-07-06,2013-07-13,2013-07-18,70.0,1,70.0
SO61599,10372,317,2013-07-06,2013-07-13,2013-07-18,5.0,1,5.0
SO61600,4234,1,2013-07-06,2013-07-13,2013-07-18,35.0,1,35.0
SO61600,4234,2,2013-07-06,2013-07-13,2013-07-18,35.0,1,35.0
SO61600,4234,3,2013-07-06,2013-07-13,2013-07-18,35.0,1,35.0
SO61601,6832,371,2013-07-06,2013-07-13,2013-07-18,1701.0,1,1701.0
SO61602,11596,168,2013-07-06,2013-07-13,2013-07-18,2443.0,1,2443.0
SO61602,11596,169,2013-07-06,2013-07-13,2013-07-18,2443.0,1,2443.0
SO61603,2264,162,2013-07-06,2013-07-13,2013-07-18,2443.0,1,2443.0
SO61603,2264,163,2013-07-06,2013-07-13,2013-07-18,2443.0,1,2443.0
SO61604,1616,141,2013-07-06,2013-07-13,2013-07-18,2320.0,1,2320.0
SO61604,1616,142,2013-07-06,2013-07-13,2013-07-18,2320.0,1,2320.0
SO61605,663,12,2013-07-06,2013-07-13,2013-07-18,9.0,1,9.0
SO61605,663,13,2013-07-06,2013-07-13,2013-07-18,9.0,1,9.0
SO61605,663,14,2013-07-06,2013-07-13,2013-07-18,9.0,1,9.0
SO61606,15249,330,2013-07-06,2013-07-13,2013-07-18,29.0,1,29.0
SO61607,710,324,2013-07-06,2013-07-13,2013-07-18,25.0,1,25.0
SO61608,16604,330,2013-07-06,2013-07-13,2013-07-18,29.0,1,29.0
SO61609,507,317,2013-07-06,2013-07-13,2013-07-18,5.0,1,5.0
SO61610,14258,324,2013-07-06,2013-07-13,2013-07-18,25.0,1,25.0
SO61611,301,327,2013-07-06,2013-07-13,2013-07-18,21.0,1,21.0
SO61612,3726,318,2013-07-06,2013-07-13,2013-07-18,4.0,1,4.0
SO61613,186,329,2013-07-06,2013-07-13,2013-07-18,33.0,1,33.0
SO61614,224,325,2013-07-06,2013-07-13,2013-07-18,30.0,1,30.0
SO61615,4198,267,2013-07-06,2013-07-13,2013-07-18,10.0,1,10.0
SO61616,10271,267,2013-07-06,2013-07-13,2013-07-18,10.0,1,10.0
SO61617,17343,264,2013-07-06,2013-07-13,2013-07-18,70.0,1,70.0
SO61618,8246,264,2013-07-06,2013-07-13,2013-07-18,70.0,1,70.0
SO61619,11355,317,2013-07-06,2013-07-13,2013-07-18,5.0,1,5.0
SO61620,3744,317,2013-07-06,2013-07-13,2013-07-18,5.0,1,5.0
SO61621,3370,274,2013-07-06,2013-07-13,2013-07-18,22.0,1,22.0
SO61622,2865,274,2013-07-06,2013-07-13,2013-07-18,22.0,1,22.0
SO61623,3700,328,2013-07-06,2013-07-13,2013-07-18,25.0,1,25.0
SO61624,14327,328,2013-07-06,2013-07-13,2013-07-18,25.0,1,25.0
SO61625,11554,266,2013-07-06,2013-07-13,2013-07-18,5.0,1,5.0
SO61626,1753,318,2013-07-06,2013-07-13,2013-07-18,4.0,1,4.0
SO61627,13855,327,2013-07-06,2013-07-13,2013-07-18,21.0,1,21.0
SO61628,1236,327,2013-07-06,2013-07-13,2013-07-18,21.0,1,21.0
SO61629,17891,319,2013-07-06,2013-07-13,2013-07-18,5.0,1,5.0
SO61630,1328,319,2013-07-06,2013-07-13,2013-07-18,5.0,1,5.0
SO61631,2194,274,2013-07-06,2013-07-13,2013-07-18,22.0,1,22.0
SO61632,386,268,2013-07-06,2013-07-13,2013-07-18,9.0,1,9.0
SO61633,9545,166,2013-07-06,2013-07-13,2013-07-18,2443.0,1,2443.0
SO61633,9545,167,2013-07-06,2013-07-13,2013-07-18,2443.0,1,2443.0
SO61634,1441,149,2013-07-06,2013-07-13,2013-07-18,2295.0,1,2295.0
SO61634,1441,150,2013-07-06,2013-07-13,2013-07-18,2295.0,1,2295.0
SO61635,3603,141,2013-07-06,2013-07-13,2013-07-18,2320.0,1,2320.0
SO61635,3603,142,2013-07-06,2013-07-13,2013-07-18,2320.0,1,2320.0
SO61636,1915,145,2013-07-06,2013-07-13,2013-07-18,2320.0,1,2320.0
SO61636,1915,146,2013-07-06,2013-07-13,2013-07-18,2320.0,1,2320.0
SO61637,3413,141,2013-07-06,2013-07-13,2013-07-18,2320.0,1,2320.0
SO61637,3413,142,2013-07-06,2013-07-13,2013-07-18,2320.0,1,2320.0
SO61638,1487,367,2013-07-06,2013-07-13,2013-07-18,1215.0,1,1215.0
SO61639,9613,160,2013-07-06,2013-07-13,2013-07-18,2443.0,1,2443.0
SO61639,9613,161,2013-07-06,2013-07-13,2013-07-18,2443.0,1,2443.0
SO61640,18176,354,2013-07-06,2013-07-13,2013-07-18,742.0,1,742.0
SO61641,15019,365,2013-07-06,2013-07-13,2013-07-18,2384.0,1,2384.0
SO61642,13677,363,2013-07-06,2013-07-13,2013-07-18,2384.0,1,2384.0
SO61643,13684,12,2013-07-06,2013-07-13,2013-07-18,9.0,1,9.0
SO61643,13684,13,2013-07-06,2013-07-13,2013-07-18,9.0,1,9.0
SO61643,13684,14,2013-07-06,2013-07-13,2013-07-18,9.0,1,9.0
SO61644,10622,373,2013-07-06,2013-07-13,2013-07-18,540.0,1,540.0
SO61645,7648,373,2013-07-06,2013-07-13,2013-07-18,540.0,1,540.0
SO61646,15322,373,2013-07-06,2013-07-13,2013-07-18,540.0,1,540.0
SO61647,9530,172,2013-07-06,2013-07-13,2013-07-18,1120.0,1,1120.0
SO61647,9530,173,2013-07-06,2013-07-13,2013-07-18,1120.0,1,1120.0
SO61648,9388,174,2013-07-06,2013-07-13,2013-07-18,1120.0,1,1120.0
SO61648,9388,175,2013-07-06,2013-07-13,2013-07-18,1120.0,1,1120.0
SO61649,9401,170,2013-07-06,2013-07-13,2013-07-18,1120.0,1,1120.0
SO61649,9401,171,2013-07-06,2013-07-13,2013-07-18,1120.0,1,1120.0
SO61650,9435,174,2013-07-06,2013-07-13,2013-07-18,1120.0,1,1120.0
SO61650,9435,175,2013-07-06,2013-07-13,2013-07-18,1120.0,1,1120.0
SO61651,6144,371,2013-07-06,2013-07-13,2013-07-18,1701.0,1,1701.0
SO61652,11464,393,2013-07-06,2013-07-13,2013-07-18,540.0,1,540.0
SO61653,16867,362,2013-07-06,2013-07-13,2013-07-18,2384.0,1,2384.0
SO61654,895,350,2013-07-06,2013-07-13,2013-07-18,2384.0,1,2384.0
SO61655,906,350,2013-07-06,2013-07-13,2013-07-18,2384.0,1,2384.0
SO61656,763,353,2013-07-06,2013-07-13,2013-07-18,2384.0,1,2384.0
SO61657,8619,327,2013-07-07,2013-07-14,2013-07-19,21.0,1,21.0
SO61658,11004,274,2013-07-07,2013-07-14,2013-07-19,22.0,1,22.0
SO61659,12079,319,2013-07-07,2013-07-14,2013-07-19,5.0,1,5.0
SO61660,12080,319,2013-07-07,2013-07-14,2013-07-19,5.0,1,5.0
SO61661,15146,12,2013-07-07,2013-07-14,2013-07-19,9.0,1,9.0
SO61661,15146,13,2013-07-07,2013-07-14,2013-07-19,9.0,1,9.0
SO61661,15146,14,2013-07-07,2013-07-14,2013-07-19,9.0,1,9.0
SO61662,14002,266,2013-07-07,2013-07-14,2013-07-19,5.0,1,5.0
SO61663,368,18,2013-07-07,2013-07-14,2013-07-19,50.0,1,50.0
SO61663,368,19,2013-07-07,2013-07-14,2013-07-19,50.0,1,50.0
SO61663,368,20,2013-07-07,2013-07-14,2013-07-19,50.0,1,50.0
SO61664,912,253,2013-07-07,2013-07-14,2013-07-19,24.0,1,24.0
SO61664,912,254,2013-07-07,2013-07-14,2013-07-19,24.0,1,24.0
SO61665,8609,330,2013-07-07,2013-07-14,2013-07-19,29.0,1,29.0
SO61666,13041,160,2013-07-07,2013-07-14,2013-07-19,2443.0,1,2443.0
SO61666,13041,161,2013-07-07,2013-07-14,2013-07-19,2443.0,1,2443.0
SO61667,4627,143,2013-07-07,2013-07-14,2013-07-19,2320.0,1,2320.0
SO61667,4627,144,2013-07-07,2013-07-14,2013-07-19,2320.0,1,2320.0
SO61668,4101,145,2013-07-07,2013-07-14,2013-07-19,2320.0,1,2320.0
SO61668,4101,146,2013-07-07,2013-07-14,2013-07-19,2320.0,1,2320.0
SO61669,1213,143,2013-07-07,2013-07-14,2013-07-19,2320.0,1,2320.0
SO61669,1213,144,2013-07-07,2013-07-14,2013-07-19,2320.0,1,2320.0
SO61670,4355,147,2013-07-07,2013-07-14,2013-07-19,2295.0,1,2295.0
SO61670,4355,148,2013-07-07,2013-07-14,2013-07-19,2295.0,1,2295.0
SO61671,1218,147,2013-07-07,2013-07-14,2013-07-19,2295.0,1,2295.0
SO61671,1218,148,2013-07-07,2013-07-14,2013-07-19,2295.0,1,2295.0
SO61672,1862,149,2013-07-07,2013-07-14,2013-07-19,2295.0,1,2295.0
SO61672,1862,150,2013-07-07,2013-07-14,2013-07-19,2295.0,1,2295.0
SO61673,520,278,2013-07-07,2013-07-14,2013-07-19,54.0,1,54.0
SO61674,288,318,2013-07-07,2013-07-14,2013-07-19,4.0,1,4.0
SO61675,633,318,2013-07-07,2013-07-14,2013-07-19,4.0,1,4.0
SO61676,17147,318,2013-07-07,2013-07-14,2013-07-19,4.0,1,4.0
SO61677,15813,330,2013-07-07,2013-07-14,2013-07-19,29.0,1,29.0
SO61678,15129,330,2013-07-07,2013-07-14,2013-07-19,29.0,1,29.0
SO61679,13932,318,2013-07-07,2013-07-14,2013-07-19,4.0,1,4.0
SO61680,14899,329,2013-07-07,2013-07-14,2013-07-19,33.0,1,33.0
SO61681,12791,318,2013-07-07,2013-07-14,2013-07-19,4.0,1,4.0
SO61682,14967,324,2013-07-07,2013-07-14,2013-07-19,25.0,1,25.0
SO61683,13519,318,2013-07-07,2013-07-14,2013-07-19,4.0,1,4.0
SO61684,13644,329,2013-07-07,2013-07-14,2013-07-19,33.0,1,33.0
SO61685,10426,267,2013-07-07,2013-07-14,2013-07-19,10.0,1,10.0
SO61686,9478,267,2013-07-07,2013-07-14,2013-07-19,10.0,1,10.0
SO61687,17360,265,2013-07-07,2013-07-14,2013-07-19,70.0,1,70.0
SO61688,7928,274,2013-07-07,2013-07-14,2013-07-19,22.0,1,22.0
SO61689,4298,317,2013-07-07,2013-07-14,2013-07-19,5.0,1,5.0
SO61690,2881,274,2013-07-07,2013-07-14,2013-07-19,22.0,1,22.0
SO61691,2246,251,2013-07-07,2013-07-14,2013-07-19,24.0,1,24.0
SO61691,2246,252,2013-07-07,2013-07-14,2013-07-19,24.0,1,24.0
SO61692,9807,328,2013-07-07,2013-07-14,2013-07-19,25.0,1,25.0
SO61693,6082,328,2013-07-07,2013-07-14,2013-07-19,25.0,1,25.0
SO61694,3538,317,2013-07-07,2013-07-14,2013-07-19,5.0,1,5.0
SO61695,9966,325,2013-07-07,2013-07-14,2013-07-19,30.0,1,30.0
SO61696,9567,324,2013-07-07,2013-07-14,2013-07-19,25.0,1,25.0
SO61697,12968,266,2013-07-07,2013-07-14,2013-07-19,5.0,1,5.0
SO61698,13124,319,2013-07-07,2013-07-14,2013-07-19,5.0,1,5.0
SO61699,15419,330,2013-07-07,2013-07-14,2013-07-19,29.0,1,29.0
SO61700,14550,319,2013-07-07,2013-07-14,2013-07-19,5.0,1,5.0
SO61701,14504,319,2013-07-07,2013-07-14,2013-07-19,5.0,1,5.0
SO61702,735,326,2013-07-07,2013-07-14,2013-07-19,35.0,1,35.0
SO61703,705,326,2013-07-07,2013-07-14,2013-07-19,35.0,1,35.0
SO61704,693,317,2013-07-07,2013-07-14,2013-07-19,5.0,1,5.0
SO61705,3097,317,2013-07-07,2013-07-14,2013-07-19,5.0,1,5.0
SO61706,1058,326,2013-07-07,2013-07-14,2013-07-19,35.0,1,35.0
SO61707,714,326,2013-07-07,2013-07-14,2013-07-19,35.0,1,35.0
SO61708,1629,267,2013-07-07,2013-07-14,2013-07-19,10.0,1,10.0
SO61709,398,268,2013-07-07,2013-07-14,2013-07-19,9.0,1,9.0
SO61710,3617,379,2013-07-07,2013-07-14,2013-07-19,769.0,1,769.0
SO61711,3614,377,2013-07-07,2013-07-14,2013-07-19,769.0,1,769.0
SO61712,4007,147,2013-07-07,2013-07-14,2013-07-19,2295.0,1,2295.0
SO61712,4007,148,2013-07-07,2013-07-14,2013-07-19,2295.0,1,2295.0
SO61713,3434,145,2013-07-07,2013-07-14,2013-07-19,2320.0,1,2320.0
SO61713,3434,146,2013-07-07,2013-07-14,2013-07-19,2320.0,1,2320.0
SO61714,4567,147,2013-07-07,2013-07-14,2013-07-19,2295.0,1,2295.0
SO61714,4567,148,2013-07-07,2013-07-14,2013-07-19,2295.0,1,2295.0
SO61715,17491,354,2013-07-07,2013-07-14,2013-07-19,742.0,1,742.0
SO61716,15976,375,2013-07-07,2013-07-14,2013-07-19,742.0,1,742.0
SO61717,17498,356,2013-07-07,2013-07-14,2013-07-19,742.0,1,742.0
SO61718,15992,349,2013-07-07,2013-07-14,2013-07-19,1215.0,1,1215.0
SO61719,2652,143,2013-07-07,2013-07-14,2013-07-19,2320.0,1,2320.0
SO61719,2652,144,2013-07-07,2013-07-14,2013-07-19,2320.0,1,2320.0
SO61720,18205,360,2013-07-07,2013-07-14,2013-07-19,742.0,1,742.0
SO61721,13956,358,2013-07-07,2013-07-14,2013-07-19,742.0,1,742.0
SO61722,13957,360,2013-07-07,2013-07-14,2013-07-19,742.0,1,742.0
SO61723,2329,365,2013-07-07,2013-07-14,2013-07-19,2384.0,1,2384.0
SO61724,14963,353,2013-07-07,2013-07-14,2013-07-19,2384.0,1,2384.0
SO61725,1194,363,2013-07-07,2013-07-14,2013-07-19,2384.0,1,2384.0
SO61726,9542,178,2013-07-07,2013-07-14,2013-07-19,1120.0,1,1120.0
SO61726,9542,179,2013-07-07,2013-07-14,2013-07-19,1120.0,1,1120.0
SO61727,6565,372,2013-07-07,2013-07-14,2013-07-19,1701.0,1,1701.0
SO61728,11473,393,2013-07-07,2013-07-14,2013-07-19,540.0,1,540.0
SO61729,11695,373,2013-07-07,2013-07-14,2013-07-19,540.0,1,540.0
SO61730,765,353,2013-07-07,2013-07-14,2013-07-19,2384.0,1,2384.0
SO61731,12325,394,2013-07-07,2013-07-14,2013-07-19,540.0,1,540.0
SO61732,3088,324,2013-07-08,2013-07-15,2013-07-20,25.0,1,25.0
SO61733,753,273,2013-07-08,2013-07-15,2013-07-20,8.0,1,8.0
SO61734,426,386,2013-07-08,2013-07-15,2013-07-20,540.0,1,540.0
SO61735,4055,385,2013-07-08,2013-07-15,2013-07-20,540.0,1,540.0
SO61736,14482,164,2013-07-08,2013-07-15,2013-07-20,2443.0,1,2443.0
SO61736,14482,165,2013-07-08,2013-07-15,2013-07-20,2443.0,1,2443.0
SO61737,186,318,2013-07-08,2013-07-15,2013-07-20,4.0,1,4.0
SO61738,15102,324,2013-07-08,2013-07-15,2013-07-20,25.0,1,25.0
SO61739,10252,324,2013-07-08,2013-07-15,2013-07-20,25.0,1,25.0
SO61740,1183,325,2013-07-08,2013-07-15,2013-07-20,30.0,1,30.0
SO61741,11026,267,2013-07-08,2013-07-15,2013-07-20,10.0,1,10.0
SO61742,10329,266,2013-07-08,2013-07-15,2013-07-20,5.0,1,5.0
SO61743,2709,267,2013-07-08,2013-07-15,2013-07-20,10.0,1,10.0
SO61744,9486,267,2013-07-08,2013-07-15,2013-07-20,10.0,1,10.0
SO61745,4943,263,2013-07-08,2013-07-15,2013-07-20,70.0,1,70.0
SO61746,7821,12,2013-07-08,2013-07-15,2013-07-20,9.0,1,9.0
SO61746,7821,13,2013-07-08,2013-07-15,2013-07-20,9.0,1,9.0
SO61746,7821,14,2013-07-08,2013-07-15,2013-07-20,9.0,1,9.0
SO61747,7543,264,2013-07-08,2013-07-15,2013-07-20,70.0,1,70.0
SO61748,8150,265,2013-07-08,2013-07-15,2013-07-20,70.0,1,70.0
SO61749,6437,266,2013-07-08,2013-07-15,2013-07-20,5.0,1,5.0
SO61750,749,266,2013-07-08,2013-07-15,2013-07-20,5.0,1,5.0
SO61751,5774,266,2013-07-08,2013-07-15,2013-07-20,5.0,1,5.0
SO61752,6683,266,2013-07-08,2013-07-15,2013-07-20,5.0,1,5.0
SO61753,11016,317,2013-07-08,2013-07-15,2013-07-20,5.0,1,5.0
SO61754,3918,317,2013-07-08,2013-07-15,2013-07-20,5.0,1,5.0
SO61755,4166,317,2013-07-08,2013-07-15,2013-07-20,5.0,1,5.0
SO61756,2914,274,2013-07-08,2013-07-15,2013-07-20,22.0,1,22.0
SO61757,2655,274,2013-07-08,2013-07-15,2013-07-20,22.0,1,22.0
SO61758,3956,265,2013-07-08,2013-07-15,2013-07-20,70.0,1,70.0
SO61759,8926,328,2013-07-08,2013-07-15,2013-07-20,25.0,1,25.0
SO61760,14788,327,2013-07-08,2013-07-15,2013-07-20,21.0,1,21.0
SO61761,10912,327,2013-07-08,2013-07-15,2013-07-20,21.0,1,21.0
SO61762,1611,330,2013-07-08,2013-07-15,2013-07-20,29.0,1,29.0
SO61763,5564,319,2013-07-08,2013-07-15,2013-07-20,5.0,1,5.0
SO61764,16136,330,2013-07-08,2013-07-15,2013-07-20,29.0,1,29.0
SO61765,4377,317,2013-07-08,2013-07-15,2013-07-20,5.0,1,5.0
SO61766,3600,145,2013-07-08,2013-07-15,2013-07-20,2320.0,1,2320.0
SO61766,3600,146,2013-07-08,2013-07-15,2013-07-20,2320.0,1,2320.0
SO61767,1180,143,2013-07-08,2013-07-15,2013-07-20,2320.0,1,2320.0
SO61767,1180,144,2013-07-08,2013-07-15,2013-07-20,2320.0,1,2320.0
SO61768,3658,141,2013-07-08,2013-07-15,2013-07-20,2320.0,1,2320.0
SO61768,3658,142,2013-07-08,2013-07-15,2013-07-20,2320.0,1,2320.0
SO61769,1109,145,2013-07-08,2013-07-15,2013-07-20,2320.0,1,2320.0
SO61769,1109,146,2013-07-08,2013-07-15,2013-07-20,2320.0,1,2320.0
SO61770,1904,147,2013-07-08,2013-07-15,2013-07-20,2295.0,1,2295.0
SO61770,1904,148,2013-07-08,2013-07-15,2013-07-20,2295.0,1,2295.0
SO61771,3453,141,2013-07-08,2013-07-15,2013-07-20,2320.0,1,2320.0
SO61771,3453,142,2013-07-08,2013-07-15,2013-07-20,2320.0,1,2320.0
SO61772,12437,370,2013-07-08,2013-07-15,2013-07-20,1701.0,1,1701.0
SO61773,9449,168,2013-07-08,2013-07-15,2013-07-20,2443.0,1,2443.0
SO61773,9449,169,2013-07-08,2013-07-15,2013-07-20,2443.0,1,2443.0
SO61774,2133,147,2013-07-08,2013-07-15,2013-07-20,2295.0,1,2295.0
SO61774,2133,148,2013-07-08,2013-07-15,2013-07-20,2295.0,1,2295.0
SO61775,14866,367,2013-07-08,2013-07-15,2013-07-20,1215.0,1,1215.0
SO61776,15056,363,2013-07-08,2013-07-15,2013-07-20,2384.0,1,2384.0
SO61777,12239,394,2013-07-08,2013-07-15,2013-07-20,540.0,1,540.0
SO61778,15041,373,2013-07-08,2013-07-15,2013-07-20,540.0,1,540.0
SO61779,11785,393,2013-07-08,2013-07-15,2013-07-20,540.0,1,540.0
SO61780,9423,178,2013-07-08,2013-07-15,2013-07-20,1120.0,1,1120.0
SO61780,9423,179,2013-07-08,2013-07-15,2013-07-20,1120.0,1,1120.0
SO61781,900,350,2013-07-08,2013-07-15,2013-07-20,2384.0,1,2384.0
SO61782,17353,394,2013-07-08,2013-07-15,2013-07-20,540.0,1,540.0
SO61783,2955,324,2013-07-09,2013-07-16,2013-07-21,25.0,1,25.0
SO61784,7716,325,2013-07-09,2013-07-16,2013-07-21,30.0,1,30.0
SO61785,5166,325,2013-07-09,2013-07-16,2013-07-21,30.0,1,30.0
SO61786,16364,265,2013-07-09,2013-07-16,2013-07-21,70.0,1,70.0
SO61787,6078,15,2013-07-09,2013-07-16,2013-07-21,50.0,1,50.0
SO61787,6078,16,2013-07-09,2013-07-16,2013-07-21,50.0,1,50.0
SO61787,6078,17,2013-07-09,2013-07-16,2013-07-21,50.0,1,50.0
SO61788,15559,318,2013-07-09,2013-07-16,2013-07-21,4.0,1,4.0
SO61789,6502,272,2013-07-09,2013-07-16,2013-07-21,120.0,1,120.0
SO61790,5682,329,2013-07-09,2013-07-16,2013-07-21,33.0,1,33.0
SO61791,7306,329,2013-07-09,2013-07-16,2013-07-21,33.0,1,33.0
SO61792,14463,369,2013-07-09,2013-07-16,2013-07-21,1701.0,1,1701.0
SO61793,10541,376,2013-07-09,2013-07-16,2013-07-21,769.0,1,769.0
SO61794,4081,145,2013-07-09,2013-07-16,2013-07-21,2320.0,1,2320.0
SO61794,4081,146,2013-07-09,2013-07-16,2013-07-21,2320.0,1,2320.0
SO61795,4927,145,2013-07-09,2013-07-16,2013-07-21,2320.0,1,2320.0
SO61795,4927,146,2013-07-09,2013-07-16,2013-07-21,2320.0,1,2320.0
SO61796,4117,147,2013-07-09,2013-07-16,2013-07-21,2295.0,1,2295.0
SO61796,4117,148,2013-07-09,2013-07-16,2013-07-21,2295.0,1,2295.0
SO61797,18328,280,2013-07-09,2013-07-16,2013-07-21,54.0,1,54.0
SO61798,18161,318,2013-07-09,2013-07-16,2013-07-21,4.0,1,4.0
SO61799,18235,318,2013-07-09,2013-07-16,2013-07-21,4.0,1,4.0
SO61800,331,317,2013-07-09,2013-07-16,2013-07-21,5.0,1,5.0
SO61801,1960,317,2013-07-09,2013-07-16,2013-07-21,5.0,1,5.0
SO61802,11732,325,2013-07-09,2013-07-16,2013-07-21,30.0,1,30.0
SO61803,7645,325,2013-07-09,2013-07-16,2013-07-21,30.0,1,30.0
SO61804,12476,325,2013-07-09,2013-07-16,2013-07-21,30.0,1,30.0
SO61805,17022,263,2013-07-09,2013-07-16,2013-07-21,70.0,1,70.0
SO61806,8689,264,2013-07-09,2013-07-16,2013-07-21,70.0,1,70.0
SO61807,6697,266,2013-07-09,2013-07-16,2013-07-21,5.0,1,5.0
SO61808,6533,266,2013-07-09,2013-07-16,2013-07-21,5.0,1,5.0
SO61809,8209,266,2013-07-09,2013-07-16,2013-07-21,5.0,1,5.0
SO61810,7754,263,2013-07-09,2013-07-16,2013-07-21,70.0,1,70.0
SO61811,7505,264,2013-07-09,2013-07-16,2013-07-21,70.0,1,70.0
SO61812,12254,317,2013-07-09,2013-07-16,2013-07-21,5.0,1,5.0
SO61813,4376,317,2013-07-09,2013-07-16,2013-07-21,5.0,1,5.0
SO61814,4012,317,2013-07-09,2013-07-16,2013-07-21,5.0,1,5.0
SO61815,9747,317,2013-07-09,2013-07-16,2013-07-21,5.0,1,5.0
SO61816,5543,317,2013-07-09,2013-07-16,2013-07-21,5.0,1,5.0
SO61817,17399,318,2013-07-09,2013-07-16,2013-07-21,4.0,1,4.0
SO61818,9566,317,2013-07-09,2013-07-16,2013-07-21,5.0,1,5.0
SO61819,12936,266,2013-07-09,2013-07-16,2013-07-21,5.0,1,5.0
SO61820,9799,325,2013-07-09,2013-07-16,2013-07-21,30.0,1,30.0
SO61821,15417,318,2013-07-09,2013-07-16,2013-07-21,4.0,1,4.0
SO61822,11589,266,2013-07-09,2013-07-16,2013-07-21,5.0,1,5.0
SO61823,9796,318,2013-07-09,2013-07-16,2013-07-21,4.0,1,4.0
SO61824,17688,330,2013-07-09,2013-07-16,2013-07-21,29.0,1,29.0
SO61825,582,266,2013-07-09,2013-07-16,2013-07-21,5.0,1,5.0
SO61826,16844,327,2013-07-09,2013-07-16,2013-07-21,21.0,1,21.0
SO61827,16835,319,2013-07-09,2013-07-16,2013-07-21,5.0,1,5.0
SO61828,15227,319,2013-07-09,2013-07-16,2013-07-21,5.0,1,5.0
SO61829,5936,319,2013-07-09,2013-07-16,2013-07-21,5.0,1,5.0
SO61830,310,326,2013-07-09,2013-07-16,2013-07-21,35.0,1,35.0
SO61831,1184,326,2013-07-09,2013-07-16,2013-07-21,35.0,1,35.0
SO61832,2290,326,2013-07-09,2013-07-16,2013-07-21,35.0,1,35.0
SO61833,1239,1,2013-07-09,2013-07-16,2013-07-21,35.0,1,35.0
SO61833,1239,2,2013-07-09,2013-07-16,2013-07-21,35.0,1,35.0
SO61833,1239,3,2013-07-09,2013-07-16,2013-07-21,35.0,1,35.0
SO61834,3592,378,2013-07-09,2013-07-16,2013-07-21,769.0,1,769.0
SO61835,3578,379,2013-07-09,2013-07-16,2013-07-21,769.0,1,769.0
SO61836,8731,383,2013-07-09,2013-07-16,2013-07-21,565.0,1,565.0
SO61837,1199,149,2013-07-09,2013-07-16,2013-07-21,2295.0,1,2295.0
SO61837,1199,150,2013-07-09,2013-07-16,2013-07-21,2295.0,1,2295.0
SO61838,3499,145,2013-07-09,2013-07-16,2013-07-21,2320.0,1,2320.0
SO61838,3499,146,2013-07-09,2013-07-16,2013-07-21,2320.0,1,2320.0
SO61839,6768,374,2013-07-09,2013-07-16,2013-07-21,742.0,1,742.0
SO61840,17500,361,2013-07-09,2013-07-16,2013-07-21,742.0,1,742.0
SO61841,12430,369,2013-07-09,2013-07-16,2013-07-21,1701.0,1,1701.0
SO61842,2627,149,2013-07-09,2013-07-16,2013-07-21,2295.0,1,2295.0
SO61842,2627,150,2013-07-09,2013-07-16,2013-07-21,2295.0,1,2295.0
SO61843,17663,366,2013-07-09,2013-07-16,2013-07-21,1215.0,1,1215.0
SO61844,15076,353,2013-07-09,2013-07-16,2013-07-21,2384.0,1,2384.0
SO61845,2346,364,2013-07-09,2013-07-16,2013-07-21,2384.0,1,2384.0
SO61846,15062,364,2013-07-09,2013-07-16,2013-07-21,2384.0,1,2384.0
SO61847,14974,363,2013-07-09,2013-07-16,2013-07-21,2384.0,1,2384.0
SO61848,14981,353,2013-07-09,2013-07-16,2013-07-21,2384.0,1,2384.0
SO61849,15203,373,2013-07-09,2013-07-16,2013-07-21,540.0,1,540.0
SO61850,11718,394,2013-07-09,2013-07-16,2013-07-21,540.0,1,540.0
SO61851,8875,172,2013-07-09,2013-07-16,2013-07-21,1120.0,1,1120.0
SO61851,8875,173,2013-07-09,2013-07-16,2013-07-21,1120.0,1,1120.0
SO61852,6560,369,2013-07-09,2013-07-16,2013-07-21,1701.0,1,1701.0
SO61853,9176,170,2013-07-09,2013-07-16,2013-07-21,1120.0,1,1120.0
SO61853,9176,171,2013-07-09,2013-07-16,2013-07-21,1120.0,1,1120.0
SO61854,17550,364,2013-07-09,2013-07-16,2013-07-21,2384.0,1,2384.0
SO61855,760,353,2013-07-09,2013-07-16,2013-07-21,2384.0,1,2384.0
SO61856,119,266,2013-07-10,2013-07-17,2013-07-22,5.0,1,5.0
SO61857,4784,4,2013-07-10,2013-07-17,2013-07-22,35.0,1,35.0
SO61857,4784,5,2013-07-10,2013-07-17,2013-07-22,35.0,1,35.0
SO61857,4784,6,2013-07-10,2013-07-17,2013-07-22,35.0,1,35.0
SO61858,3518,277,2013-07-10,2013-07-17,2013-07-22,54.0,1,54.0
SO61859,4921,370,2013-07-10,2013-07-17,2013-07-22,1701.0,1,1701.0
SO61860,11303,370,2013-07-10,2013-07-17,2013-07-22,1701.0,1,1701.0
SO61861,9826,162,2013-07-10,2013-07-17,2013-07-22,2443.0,1,2443.0
SO61861,9826,163,2013-07-10,2013-07-17,2013-07-22,2443.0,1,2443.0
SO61862,1271,143,2013-07-10,2013-07-17,2013-07-22,2320.0,1,2320.0
SO61862,1271,144,2013-07-10,2013-07-17,2013-07-22,2320.0,1,2320.0
SO61863,847,21,2013-07-10,2013-07-17,2013-07-22,50.0,1,50.0
SO61863,847,22,2013-07-10,2013-07-17,2013-07-22,50.0,1,50.0
SO61863,847,23,2013-07-10,2013-07-17,2013-07-22,50.0,1,50.0
SO61864,17979,328,2013-07-10,2013-07-17,2013-07-22,25.0,1,25.0
SO61865,17283,319,2013-07-10,2013-07-17,2013-07-22,5.0,1,5.0
SO61866,506,318,2013-07-10,2013-07-17,2013-07-22,4.0,1,4.0
SO61867,16462,327,2013-07-10,2013-07-17,2013-07-22,21.0,1,21.0
SO61868,13827,329,2013-07-10,2013-07-17,2013-07-22,33.0,1,33.0
SO61869,13775,329,2013-07-10,2013-07-17,2013-07-22,33.0,1,33.0
SO61870,15276,324,2013-07-10,2013-07-17,2013-07-22,25.0,1,25.0
SO61871,12693,317,2013-07-10,2013-07-17,2013-07-22,5.0,1,5.0
SO61872,11088,317,2013-07-10,2013-07-17,2013-07-22,5.0,1,5.0
SO61873,6375,267,2013-07-10,2013-07-17,2013-07-22,10.0,1,10.0
SO61874,12787,325,2013-07-10,2013-07-17,2013-07-22,30.0,1,30.0
SO61875,12262,266,2013-07-10,2013-07-17,2013-07-22,5.0,1,5.0
SO61876,10815,267,2013-07-10,2013-07-17,2013-07-22,10.0,1,10.0
SO61877,9450,267,2013-07-10,2013-07-17,2013-07-22,10.0,1,10.0
SO61878,7815,264,2013-07-10,2013-07-17,2013-07-22,70.0,1,70.0
SO61879,3456,265,2013-07-10,2013-07-17,2013-07-22,70.0,1,70.0
SO61880,8247,263,2013-07-10,2013-07-17,2013-07-22,70.0,1,70.0
SO61881,7674,265,2013-07-10,2013-07-17,2013-07-22,70.0,1,70.0
SO61882,3353,274,2013-07-10,2013-07-17,2013-07-22,22.0,1,22.0
SO61883,10448,274,2013-07-10,2013-07-17,2013-07-22,22.0,1,22.0
SO61884,4116,264,2013-07-10,2013-07-17,2013-07-22,70.0,1,70.0
SO61885,5199,274,2013-07-10,2013-07-17,2013-07-22,22.0,1,22.0
SO61886,2774,317,2013-07-10,2013-07-17,2013-07-22,5.0,1,5.0
SO61887,9596,325,2013-07-10,2013-07-17,2013-07-22,30.0,1,30.0
SO61888,14690,318,2013-07-10,2013-07-17,2013-07-22,4.0,1,4.0
SO61889,13852,253,2013-07-10,2013-07-17,2013-07-22,24.0,1,24.0
SO61889,13852,254,2013-07-10,2013-07-17,2013-07-22,24.0,1,24.0
SO61890,15913,327,2013-07-10,2013-07-17,2013-07-22,21.0,1,21.0
SO61891,13569,266,2013-07-10,2013-07-17,2013-07-22,5.0,1,5.0
SO61892,18418,319,2013-07-10,2013-07-17,2013-07-22,5.0,1,5.0
SO61893,5580,319,2013-07-10,2013-07-17,2013-07-22,5.0,1,5.0
SO61894,1112,326,2013-07-10,2013-07-17,2013-07-22,35.0,1,35.0
SO61895,870,326,2013-07-10,2013-07-17,2013-07-22,35.0,1,35.0
SO61896,853,326,2013-07-10,2013-07-17,2013-07-22,35.0,1,35.0
SO61897,3342,326,2013-07-10,2013-07-17,2013-07-22,35.0,1,35.0
SO61898,4865,274,2013-07-10,2013-07-17,2013-07-22,22.0,1,22.0
SO61899,1720,267,2013-07-10,2013-07-17,2013-07-22,10.0,1,10.0
SO61900,603,9,2013-07-10,2013-07-17,2013-07-22,35.0,1,35.0
SO61900,603,10,2013-07-10,2013-07-17,2013-07-22,35.0,1,35.0
SO61900,603,11,2013-07-10,2013-07-17,2013-07-22,35.0,1,35.0
SO61901,3637,377,2013-07-10,2013-07-17,2013-07-22,769.0,1,769.0
SO61902,4877,145,2013-07-10,2013-07-17,2013-07-22,2320.0,1,2320.0
SO61902,4877,146,2013-07-10,2013-07-17,2013-07-22,2320.0,1,2320.0
SO61903,3471,145,2013-07-10,2013-07-17,2013-07-22,2320.0,1,2320.0
SO61903,3471,146,2013-07-10,2013-07-17,2013-07-22,2320.0,1,2320.0
SO61904,3448,143,2013-07-10,2013-07-17,2013-07-22,2320.0,1,2320.0
SO61904,3448,144,2013-07-10,2013-07-17,2013-07-22,2320.0,1,2320.0
SO61905,2592,363,2013-07-10,2013-07-17,2013-07-22,2384.0,1,2384.0
SO61906,12426,371,2013-07-10,2013-07-17,2013-07-22,1701.0,1,1701.0
SO61907,9451,168,2013-07-10,2013-07-17,2013-07-22,2443.0,1,2443.0
SO61907,9451,169,2013-07-10,2013-07-17,2013-07-22,2443.0,1,2443.0
SO61908,6354,160,2013-07-10,2013-07-17,2013-07-22,2443.0,1,2443.0
SO61908,6354,161,2013-07-10,2013-07-17,2013-07-22,2443.0,1,2443.0
SO61909,1249,388,2013-07-10,2013-07-17,2013-07-22,540.0,1,540.0
SO61910,1251,384,2013-07-10,2013-07-17,2013-07-22,565.0,1,565.0
SO61911,2619,149,2013-07-10,2013-07-17,2013-07-22,2295.0,1,2295.0
SO61911,2619,150,2013-07-10,2013-07-17,2013-07-22,2295.0,1,2295.0
SO61912,2630,145,2013-07-10,2013-07-17,2013-07-22,2320.0,1,2320.0
SO61912,2630,146,2013-07-10,2013-07-17,2013-07-22,2320.0,1,2320.0
SO61913,992,145,2013-07-10,2013-07-17,2013-07-22,2320.0,1,2320.0
SO61913,992,146,2013-07-10,2013-07-17,2013-07-22,2320.0,1,2320.0
SO61914,15057,351,2013-07-10,2013-07-17,2013-07-22,2384.0,1,2384.0
SO61915,13655,351,2013-07-10,2013-07-17,2013-07-22,2384.0,1,2384.0
SO61916,9526,170,2013-07-10,2013-07-17,2013-07-22,1120.0,1,1120.0
SO61916,9526,171,2013-07-10,2013-07-17,2013-07-22,1120.0,1,1120.0
SO61917,10334,176,2013-07-10,2013-07-17,2013-07-22,1120.0,1,1120.0
SO61917,10334,177,2013-07-10,2013-07-17,2013-07-22,1120.0,1,1120.0
SO61918,6117,371,2013-07-10,2013-07-17,2013-07-22,1701.0,1,1701.0
SO61919,18087,374,2013-07-10,2013-07-17,2013-07-22,742.0,1,742.0
SO61920,767,365,2013-07-10,2013-07-17,2013-07-22,2384.0,1,2384.0
SO61921,12321,394,2013-07-10,2013-07-17,2013-07-22,540.0,1,540.0
SO61922,8099,274,2013-07-11,2013-07-18,2013-07-23,22.0,1,22.0
SO61923,7271,274,2013-07-11,2013-07-18,2013-07-23,22.0,1,22.0
SO61924,14234,317,2013-07-11,2013-07-18,2013-07-23,5.0,1,5.0
SO61925,8325,377,2013-07-11,2013-07-18,2013-07-23,769.0,1,769.0
SO61926,254,278,2013-07-11,2013-07-18,2013-07-23,54.0,1,54.0
SO61927,254,269,2013-07-11,2013-07-18,2013-07-23,2.0,1,2.0
SO61928,503,278,2013-07-11,2013-07-18,2013-07-23,54.0,1,54.0
SO61929,182,318,2013-07-11,2013-07-18,2013-07-23,4.0,1,4.0
SO61930,17010,319,2013-07-11,2013-07-18,2013-07-23,5.0,1,5.0
SO61931,16620,319,2013-07-11,2013-07-18,2013-07-23,5.0,1,5.0
SO61932,2269,317,2013-07-11,2013-07-18,2013-07-23,5.0,1,5.0
SO61933,10772,267,2013-07-11,2013-07-18,2013-07-23,10.0,1,10.0
SO61934,6411,263,2013-07-11,2013-07-18,2013-07-23,70.0,1,70.0
SO61935,9129,265,2013-07-11,2013-07-18,2013-07-23,70.0,1,70.0
SO61936,6433,266,2013-07-11,2013-07-18,2013-07-23,5.0,1,5.0
SO61937,5155,266,2013-07-11,2013-07-18,2013-07-23,5.0,1,5.0
SO61938,2877,274,2013-07-11,2013-07-18,2013-07-23,22.0,1,22.0
SO61939,4713,329,2013-07-11,2013-07-18,2013-07-23,33.0,1,33.0
SO61940,9969,317,2013-07-11,2013-07-18,2013-07-23,5.0,1,5.0
SO61941,13577,266,2013-07-11,2013-07-18,2013-07-23,5.0,1,5.0
SO61942,12957,318,2013-07-11,2013-07-18,2013-07-23,4.0,1,4.0
SO61943,13189,266,2013-07-11,2013-07-18,2013-07-23,5.0,1,5.0
SO61944,15411,330,2013-07-11,2013-07-18,2013-07-23,29.0,1,29.0
SO61945,1167,326,2013-07-11,2013-07-18,2013-07-23,35.0,1,35.0
SO61946,6375,274,2013-07-11,2013-07-18,2013-07-23,22.0,1,22.0
SO61947,1972,274,2013-07-11,2013-07-18,2013-07-23,22.0,1,22.0
SO61948,3577,378,2013-07-11,2013-07-18,2013-07-23,769.0,1,769.0
SO61949,4907,143,2013-07-11,2013-07-18,2013-07-23,2320.0,1,2320.0
SO61949,4907,144,2013-07-11,2013-07-18,2013-07-23,2320.0,1,2320.0
SO61950,3602,145,2013-07-11,2013-07-18,2013-07-23,2320.0,1,2320.0
SO61950,3602,146,2013-07-11,2013-07-18,2013-07-23,2320.0,1,2320.0
SO61951,3472,141,2013-07-11,2013-07-18,2013-07-23,2320.0,1,2320.0
SO61951,3472,142,2013-07-11,2013-07-18,2013-07-23,2320.0,1,2320.0
SO61952,3452,143,2013-07-11,2013-07-18,2013-07-23,2320.0,1,2320.0
SO61952,3452,144,2013-07-11,2013-07-18,2013-07-23,2320.0,1,2320.0
SO61953,4847,151,2013-07-11,2013-07-18,2013-07-23,2295.0,1,2295.0
SO61953,4847,152,2013-07-11,2013-07-18,2013-07-23,2295.0,1,2295.0
SO61954,17558,350,2013-07-11,2013-07-18,2013-07-23,2384.0,1,2384.0
SO61955,14759,362,2013-07-11,2013-07-18,2013-07-23,2384.0,1,2384.0
SO61956,9453,168,2013-07-11,2013-07-18,2013-07-23,2443.0,1,2443.0
SO61956,9453,169,2013-07-11,2013-07-18,2013-07-23,2443.0,1,2443.0
SO61957,9615,166,2013-07-11,2013-07-18,2013-07-23,2443.0,1,2443.0
SO61957,9615,167,2013-07-11,2013-07-18,2013-07-23,2443.0,1,2443.0
SO61958,14219,174,2013-07-11,2013-07-18,2013-07-23,1120.0,1,1120.0
SO61958,14219,175,2013-07-11,2013-07-18,2013-07-23,1120.0,1,1120.0
SO61959,13505,172,2013-07-11,2013-07-18,2013-07-23,1120.0,1,1120.0
SO61959,13505,173,2013-07-11,2013-07-18,2013-07-23,1120.0,1,1120.0
SO61960,14232,172,2013-07-11,2013-07-18,2013-07-23,1120.0,1,1120.0
SO61960,14232,173,2013-07-11,2013-07-18,2013-07-23,1120.0,1,1120.0
SO61961,12277,12,2013-07-11,2013-07-18,2013-07-23,9.0,1,9.0
SO61961,12277,13,2013-07-11,2013-07-18,2013-07-23,9.0,1,9.0
SO61961,12277,14,2013-07-11,2013-07-18,2013-07-23,9.0,1,9.0
SO61962,14991,363,2013-07-11,2013-07-18,2013-07-23,2384.0,1,2384.0
SO61963,15061,351,2013-07-11,2013-07-18,2013-07-23,2384.0,1,2384.0
SO61964,11750,393,2013-07-11,2013-07-18,2013-07-23,540.0,1,540.0
SO61965,9683,369,2013-07-11,2013-07-18,2013-07-23,1701.0,1,1701.0
SO61966,13052,170,2013-07-11,2013-07-18,2013-07-23,1120.0,1,1120.0
SO61966,13052,171,2013-07-11,2013-07-18,2013-07-23,1120.0,1,1120.0
SO61967,13102,176,2013-07-11,2013-07-18,2013-07-23,1120.0,1,1120.0
SO61967,13102,177,2013-07-11,2013-07-18,2013-07-23,1120.0,1,1120.0
SO61968,897,365,2013-07-11,2013-07-18,2013-07-23,2384.0,1,2384.0
SO61969,901,362,2013-07-11,2013-07-18,2013-07-23,2384.0,1,2384.0
SO61970,16878,368,2013-07-11,2013-07-18,2013-07-23,1215.0,1,1215.0
SO61971,16502,373,2013-07-11,2013-07-18,2013-07-23,540.0,1,540.0
SO61972,883,273,2013-07-12,2013-07-19,2013-07-24,8.0,1,8.0
SO61973,5705,317,2013-07-12,2013-07-19,2013-07-24,5.0,1,5.0
SO61974,5712,325,2013-07-12,2013-07-19,2013-07-24,30.0,1,30.0
SO61975,10972,325,2013-07-12,2013-07-19,2013-07-24,30.0,1,30.0
SO61976,1039,317,2013-07-12,2013-07-19,2013-07-24,5.0,1,5.0
SO61977,117,266,2013-07-12,2013-07-19,2013-07-24,5.0,1,5.0
SO61978,16492,318,2013-07-12,2013-07-19,2013-07-24,4.0,1,4.0
SO61979,13871,166,2013-07-12,2013-07-19,2013-07-24,2443.0,1,2443.0
SO61979,13871,167,2013-07-12,2013-07-19,2013-07-24,2443.0,1,2443.0
SO61980,6633,378,2013-07-12,2013-07-19,2013-07-24,769.0,1,769.0
SO61981,5055,377,2013-07-12,2013-07-19,2013-07-24,769.0,1,769.0
SO61982,502,319,2013-07-12,2013-07-19,2013-07-24,5.0,1,5.0
SO61983,16649,327,2013-07-12,2013-07-19,2013-07-24,21.0,1,21.0
SO61984,5248,329,2013-07-12,2013-07-19,2013-07-24,33.0,1,33.0
SO61985,13264,329,2013-07-12,2013-07-19,2013-07-24,33.0,1,33.0
SO61986,12334,317,2013-07-12,2013-07-19,2013-07-24,5.0,1,5.0
SO61987,13262,329,2013-07-12,2013-07-19,2013-07-24,33.0,1,33.0
SO61988,10725,267,2013-07-12,2013-07-19,2013-07-24,10.0,1,10.0
SO61989,10693,267,2013-07-12,2013-07-19,2013-07-24,10.0,1,10.0
SO61990,2290,266,2013-07-12,2013-07-19,2013-07-24,5.0,1,5.0
SO61991,16634,317,2013-07-12,2013-07-19,2013-07-24,5.0,1,5.0
SO61992,10726,317,2013-07-12,2013-07-19,2013-07-24,5.0,1,5.0
SO61993,2903,274,2013-07-12,2013-07-19,2013-07-24,22.0,1,22.0
SO61994,7082,274,2013-07-12,2013-07-19,2013-07-24,22.0,1,22.0
SO61995,8508,318,2013-07-12,2013-07-19,2013-07-24,4.0,1,4.0
SO61996,16939,318,2013-07-12,2013-07-19,2013-07-24,4.0,1,4.0
SO61997,796,317,2013-07-12,2013-07-19,2013-07-24,5.0,1,5.0
SO61998,859,326,2013-07-12,2013-07-19,2013-07-24,35.0,1,35.0
SO61999,343,266,2013-07-12,2013-07-19,2013-07-24,5.0,1,5.0
SO62000,2332,274,2013-07-12,2013-07-19,2013-07-24,22.0,1,22.0
SO62001,3868,378,2013-07-12,2013-07-19,2013-07-24,769.0,1,769.0
SO62002,4909,385,2013-07-12,2013-07-19,2013-07-24,540.0,1,540.0
SO62003,3486,151,2013-07-12,2013-07-19,2013-07-24,2295.0,1,2295.0
SO62003,3486,152,2013-07-12,2013-07-19,2013-07-24,2295.0,1,2295.0
SO62004,4906,141,2013-07-12,2013-07-19,2013-07-24,2320.0,1,2320.0
SO62004,4906,142,2013-07-12,2013-07-19,2013-07-24,2320.0,1,2320.0
SO62005,1043,145,2013-07-12,2013-07-19,2013-07-24,2320.0,1,2320.0
SO62005,1043,146,2013-07-12,2013-07-19,2013-07-24,2320.0,1,2320.0
SO62006,13202,364,2013-07-12,2013-07-19,2013-07-24,2384.0,1,2384.0
SO62007,12434,369,2013-07-12,2013-07-19,2013-07-24,1701.0,1,1701.0
SO62008,13506,172,2013-07-12,2013-07-19,2013-07-24,1120.0,1,1120.0
SO62008,13506,173,2013-07-12,2013-07-19,2013-07-24,1120.0,1,1120.0
SO62009,2648,143,2013-07-12,2013-07-19,2013-07-24,2320.0,1,2320.0
SO62009,2648,144,2013-07-12,2013-07-19,2013-07-24,2320.0,1,2320.0
SO62010,2650,151,2013-07-12,2013-07-19,2013-07-24,2295.0,1,2295.0
SO62010,2650,152,2013-07-12,2013-07-19,2013-07-24,2295.0,1,2295.0
SO62011,12820,368,2013-07-12,2013-07-19,2013-07-24,1215.0,1,1215.0
SO62012,14944,362,2013-07-12,2013-07-19,2013-07-24,2384.0,1,2384.0
SO62013,11235,350,2013-07-12,2013-07-19,2013-07-24,2384.0,1,2384.0
SO62014,14980,351,2013-07-12,2013-07-19,2013-07-24,2384.0,1,2384.0
SO62015,9438,174,2013-07-12,2013-07-19,2013-07-24,1120.0,1,1120.0
SO62015,9438,175,2013-07-12,2013-07-19,2013-07-24,1120.0,1,1120.0
SO62016,9146,170,2013-07-12,2013-07-19,2013-07-24,1120.0,1,1120.0
SO62016,9146,171,2013-07-12,2013-07-19,2013-07-24,1120.0,1,1120.0
SO62017,1808,373,2013-07-12,2013-07-19,2013-07-24,540.0,1,540.0
SO62018,907,364,2013-07-12,2013-07-19,2013-07-24,2384.0,1,2384.0
SO62019,3225,349,2013-07-12,2013-07-19,2013-07-24,1215.0,1,1215.0
SO62020,768,365,2013-07-12,2013-07-19,2013-07-24,2384.0,1,2384.0
SO62021,12101,393,2013-07-12,2013-07-19,2013-07-24,540.0,1,540.0
SO62022,508,273,2013-07-13,2013-07-20,2013-07-25,8.0,1,8.0
SO62023,371,324,2013-07-13,2013-07-20,2013-07-25,25.0,1,25.0
SO62024,11178,274,2013-07-13,2013-07-20,2013-07-25,22.0,1,22.0
SO62025,7728,277,2013-07-13,2013-07-20,2013-07-25,54.0,1,54.0
SO62026,6062,280,2013-07-13,2013-07-20,2013-07-25,54.0,1,54.0
SO62027,4147,1,2013-07-13,2013-07-20,2013-07-25,35.0,1,35.0
SO62027,4147,2,2013-07-13,2013-07-20,2013-07-25,35.0,1,35.0
SO62027,4147,3,2013-07-13,2013-07-20,2013-07-25,35.0,1,35.0
SO62028,3666,18,2013-07-13,2013-07-20,2013-07-25,50.0,1,50.0
SO62028,3666,19,2013-07-13,2013-07-20,2013-07-25,50.0,1,50.0
SO62028,3666,20,2013-07-13,2013-07-20,2013-07-25,50.0,1,50.0
SO62029,6328,12,2013-07-13,2013-07-20,2013-07-25,9.0,1,9.0
SO62029,6328,13,2013-07-13,2013-07-20,2013-07-25,9.0,1,9.0
SO62029,6328,14,2013-07-13,2013-07-20,2013-07-25,9.0,1,9.0
SO62030,3517,277,2013-07-13,2013-07-20,2013-07-25,54.0,1,54.0
SO62031,8627,268,2013-07-13,2013-07-20,2013-07-25,9.0,1,9.0
SO62032,10680,372,2013-07-13,2013-07-20,2013-07-25,1701.0,1,1701.0
SO62033,4625,141,2013-07-13,2013-07-20,2013-07-25,2320.0,1,2320.0
SO62033,4625,142,2013-07-13,2013-07-20,2013-07-25,2320.0,1,2320.0
SO62034,4086,151,2013-07-13,2013-07-20,2013-07-25,2295.0,1,2295.0
SO62034,4086,152,2013-07-13,2013-07-20,2013-07-25,2295.0,1,2295.0
SO62035,3429,149,2013-07-13,2013-07-20,2013-07-25,2295.0,1,2295.0
SO62035,3429,150,2013-07-13,2013-07-20,2013-07-25,2295.0,1,2295.0
SO62036,143,328,2013-07-13,2013-07-20,2013-07-25,25.0,1,25.0
SO62037,17188,319,2013-07-13,2013-07-20,2013-07-25,5.0,1,5.0
SO62038,15517,324,2013-07-13,2013-07-20,2013-07-25,25.0,1,25.0
SO62039,13513,329,2013-07-13,2013-07-20,2013-07-25,33.0,1,33.0
SO62040,1197,317,2013-07-13,2013-07-20,2013-07-25,5.0,1,5.0
SO62041,6372,324,2013-07-13,2013-07-20,2013-07-25,25.0,1,25.0
SO62042,13625,329,2013-07-13,2013-07-20,2013-07-25,33.0,1,33.0
SO62043,12694,325,2013-07-13,2013-07-20,2013-07-25,30.0,1,30.0
SO62044,3371,267,2013-07-13,2013-07-20,2013-07-25,10.0,1,10.0
SO62045,3092,267,2013-07-13,2013-07-20,2013-07-25,10.0,1,10.0
SO62046,8716,264,2013-07-13,2013-07-20,2013-07-25,70.0,1,70.0
SO62047,5911,264,2013-07-13,2013-07-20,2013-07-25,70.0,1,70.0
SO62048,8012,263,2013-07-13,2013-07-20,2013-07-25,70.0,1,70.0
SO62049,6548,266,2013-07-13,2013-07-20,2013-07-25,5.0,1,5.0
SO62050,3730,317,2013-07-13,2013-07-20,2013-07-25,5.0,1,5.0
SO62051,11145,317,2013-07-13,2013-07-20,2013-07-25,5.0,1,5.0
SO62052,6214,326,2013-07-13,2013-07-20,2013-07-25,35.0,1,35.0
SO62053,5585,263,2013-07-13,2013-07-20,2013-07-25,70.0,1,70.0
SO62054,6713,317,2013-07-13,2013-07-20,2013-07-25,5.0,1,5.0
SO62055,8307,266,2013-07-13,2013-07-20,2013-07-25,5.0,1,5.0
SO62056,546,279,2013-07-13,2013-07-20,2013-07-25,54.0,1,54.0
SO62057,11391,266,2013-07-13,2013-07-20,2013-07-25,5.0,1,5.0
SO62058,12222,318,2013-07-13,2013-07-20,2013-07-25,4.0,1,4.0
SO62059,7620,318,2013-07-13,2013-07-20,2013-07-25,4.0,1,4.0
SO62060,17880,318,2013-07-13,2013-07-20,2013-07-25,4.0,1,4.0
SO62061,11557,318,2013-07-13,2013-07-20,2013-07-25,4.0,1,4.0
SO62062,175,326,2013-07-13,2013-07-20,2013-07-25,35.0,1,35.0
SO62063,5732,274,2013-07-13,2013-07-20,2013-07-25,22.0,1,22.0
SO62064,2445,274,2013-07-13,2013-07-20,2013-07-25,22.0,1,22.0
SO62065,1237,1,2013-07-13,2013-07-20,2013-07-25,35.0,1,35.0
SO62065,1237,2,2013-07-13,2013-07-20,2013-07-25,35.0,1,35.0
SO62065,1237,3,2013-07-13,2013-07-20,2013-07-25,35.0,1,35.0
SO62066,3618,377,2013-07-13,2013-07-20,2013-07-25,769.0,1,769.0
SO62067,2030,376,2013-07-13,2013-07-20,2013-07-25,769.0,1,769.0
SO62068,8736,385,2013-07-13,2013-07-20,2013-07-25,540.0,1,540.0
SO62069,3657,145,2013-07-13,2013-07-20,2013-07-25,2320.0,1,2320.0
SO62069,3657,146,2013-07-13,2013-07-20,2013-07-25,2320.0,1,2320.0
SO62070,1110,147,2013-07-13,2013-07-20,2013-07-25,2295.0,1,2295.0
SO62070,1110,148,2013-07-13,2013-07-20,2013-07-25,2295.0,1,2295.0
SO62071,3502,151,2013-07-13,2013-07-20,2013-07-25,2295.0,1,2295.0
SO62071,3502,152,2013-07-13,2013-07-20,2013-07-25,2295.0,1,2295.0
SO62072,3462,147,2013-07-13,2013-07-20,2013-07-25,2295.0,1,2295.0
SO62072,3462,148,2013-07-13,2013-07-20,2013-07-25,2295.0,1,2295.0
SO62073,1034,149,2013-07-13,2013-07-20,2013-07-25,2295.0,1,2295.0
SO62073,1034,150,2013-07-13,2013-07-20,2013-07-25,2295.0,1,2295.0
SO62074,17501,354,2013-07-13,2013-07-20,2013-07-25,742.0,1,742.0
SO62075,8326,12,2013-07-13,2013-07-20,2013-07-25,9.0,1,9.0
SO62075,8326,13,2013-07-13,2013-07-20,2013-07-25,9.0,1,9.0
SO62075,8326,14,2013-07-13,2013-07-20,2013-07-25,9.0,1,9.0
SO62076,9259,160,2013-07-13,2013-07-20,2013-07-25,2443.0,1,2443.0
SO62076,9259,161,2013-07-13,2013-07-20,2013-07-25,2443.0,1,2443.0
SO62077,2130,145,2013-07-13,2013-07-20,2013-07-25,2320.0,1,2320.0
SO62077,2130,146,2013-07-13,2013-07-20,2013-07-25,2320.0,1,2320.0
SO62078,993,143,2013-07-13,2013-07-20,2013-07-25,2320.0,1,2320.0
SO62078,993,144,2013-07-13,2013-07-20,2013-07-25,2320.0,1,2320.0
SO62079,2646,147,2013-07-13,2013-07-20,2013-07-25,2295.0,1,2295.0
SO62079,2646,148,2013-07-13,2013-07-20,2013-07-25,2295.0,1,2295.0
SO62080,12258,393,2013-07-13,2013-07-20,2013-07-25,540.0,1,540.0
SO62081,12267,373,2013-07-13,2013-07-20,2013-07-25,540.0,1,540.0
SO62082,11789,395,2013-07-13,2013-07-20,2013-07-25,540.0,1,540.0
SO62083,16799,172,2013-07-13,2013-07-20,2013-07-25,1120.0,1,1120.0
SO62083,16799,173,2013-07-13,2013-07-20,2013-07-25,1120.0,1,1120.0
SO62084,904,364,2013-07-13,2013-07-20,2013-07-25,2384.0,1,2384.0
SO62085,466,351,2013-07-13,2013-07-20,2013-07-25,2384.0,1,2384.0
SO62086,11583,393,2013-07-13,2013-07-20,2013-07-25,540.0,1,540.0
SO62087,11584,395,2013-07-13,2013-07-20,2013-07-25,540.0,1,540.0
SO62088,278,12,2013-07-14,2013-07-21,2013-07-26,9.0,1,9.0
SO62088,278,13,2013-07-14,2013-07-21,2013-07-26,9.0,1,9.0
SO62088,278,14,2013-07-14,2013-07-21,2013-07-26,9.0,1,9.0
SO62089,506,273,2013-07-14,2013-07-21,2013-07-26,8.0,1,8.0
SO62090,3057,324,2013-07-14,2013-07-21,2013-07-26,25.0,1,25.0
SO62091,6061,325,2013-07-14,2013-07-21,2013-07-26,30.0,1,30.0
SO62092,5178,317,2013-07-14,2013-07-21,2013-07-26,5.0,1,5.0
SO62093,10999,326,2013-07-14,2013-07-21,2013-07-26,35.0,1,35.0
SO62094,6237,278,2013-07-14,2013-07-21,2013-07-26,54.0,1,54.0
SO62095,2004,275,2013-07-14,2013-07-21,2013-07-26,159.0,1,159.0
SO62096,10068,370,2013-07-14,2013-07-21,2013-07-26,1701.0,1,1701.0
SO62097,4696,151,2013-07-14,2013-07-21,2013-07-26,2295.0,1,2295.0
SO62097,4696,152,2013-07-14,2013-07-21,2013-07-26,2295.0,1,2295.0
SO62098,18010,318,2013-07-14,2013-07-21,2013-07-26,4.0,1,4.0
SO62099,15795,330,2013-07-14,2013-07-21,2013-07-26,29.0,1,29.0
SO62100,15255,330,2013-07-14,2013-07-21,2013-07-26,29.0,1,29.0
SO62101,15080,324,2013-07-14,2013-07-21,2013-07-26,25.0,1,25.0
SO62102,12735,325,2013-07-14,2013-07-21,2013-07-26,30.0,1,30.0
SO62103,12055,325,2013-07-14,2013-07-21,2013-07-26,30.0,1,30.0
SO62104,13979,318,2013-07-14,2013-07-21,2013-07-26,4.0,1,4.0
SO62105,4864,329,2013-07-14,2013-07-21,2013-07-26,33.0,1,33.0
SO62106,7601,325,2013-07-14,2013-07-21,2013-07-26,30.0,1,30.0
SO62107,10347,267,2013-07-14,2013-07-21,2013-07-26,10.0,1,10.0
SO62108,10354,267,2013-07-14,2013-07-21,2013-07-26,10.0,1,10.0
SO62109,8883,263,2013-07-14,2013-07-21,2013-07-26,70.0,1,70.0
SO62110,633,265,2013-07-14,2013-07-21,2013-07-26,70.0,1,70.0
SO62111,6690,266,2013-07-14,2013-07-21,2013-07-26,5.0,1,5.0
SO62112,13628,266,2013-07-14,2013-07-21,2013-07-26,5.0,1,5.0
SO62113,7062,266,2013-07-14,2013-07-21,2013-07-26,5.0,1,5.0
SO62114,11286,317,2013-07-14,2013-07-21,2013-07-26,5.0,1,5.0
SO62115,10727,317,2013-07-14,2013-07-21,2013-07-26,5.0,1,5.0
SO62116,10632,317,2013-07-14,2013-07-21,2013-07-26,5.0,1,5.0
SO62117,2657,274,2013-07-14,2013-07-21,2013-07-26,22.0,1,22.0
SO62118,6223,274,2013-07-14,2013-07-21,2013-07-26,22.0,1,22.0
SO62119,5508,328,2013-07-14,2013-07-21,2013-07-26,25.0,1,25.0
SO62120,13536,318,2013-07-14,2013-07-21,2013-07-26,4.0,1,4.0
SO62121,18378,330,2013-07-14,2013-07-21,2013-07-26,29.0,1,29.0
SO62122,12970,330,2013-07-14,2013-07-21,2013-07-26,29.0,1,29.0
SO62123,18417,318,2013-07-14,2013-07-21,2013-07-26,4.0,1,4.0
SO62124,13872,327,2013-07-14,2013-07-21,2013-07-26,21.0,1,21.0
SO62125,212,317,2013-07-14,2013-07-21,2013-07-26,5.0,1,5.0
SO62126,1637,12,2013-07-14,2013-07-21,2013-07-26,9.0,1,9.0
SO62126,1637,13,2013-07-14,2013-07-21,2013-07-26,9.0,1,9.0
SO62126,1637,14,2013-07-14,2013-07-21,2013-07-26,9.0,1,9.0
SO62127,249,268,2013-07-14,2013-07-21,2013-07-26,9.0,1,9.0
SO62128,3591,377,2013-07-14,2013-07-21,2013-07-26,769.0,1,769.0
SO62129,4987,389,2013-07-14,2013-07-21,2013-07-26,540.0,1,540.0
SO62130,11118,382,2013-07-14,2013-07-21,2013-07-26,565.0,1,565.0
SO62131,8715,387,2013-07-14,2013-07-21,2013-07-26,540.0,1,540.0
SO62132,8719,384,2013-07-14,2013-07-21,2013-07-26,565.0,1,565.0
SO62133,3401,149,2013-07-14,2013-07-21,2013-07-26,2295.0,1,2295.0
SO62133,3401,150,2013-07-14,2013-07-21,2013-07-26,2295.0,1,2295.0
SO62134,17696,350,2013-07-14,2013-07-21,2013-07-26,2384.0,1,2384.0
SO62135,334,364,2013-07-14,2013-07-21,2013-07-26,2384.0,1,2384.0
SO62136,6182,362,2013-07-14,2013-07-21,2013-07-26,2384.0,1,2384.0
SO62137,12535,370,2013-07-14,2013-07-21,2013-07-26,1701.0,1,1701.0
SO62138,2528,166,2013-07-14,2013-07-21,2013-07-26,2443.0,1,2443.0
SO62138,2528,167,2013-07-14,2013-07-21,2013-07-26,2443.0,1,2443.0
SO62139,6355,166,2013-07-14,2013-07-21,2013-07-26,2443.0,1,2443.0
SO62139,6355,167,2013-07-14,2013-07-21,2013-07-26,2443.0,1,2443.0
SO62140,6352,162,2013-07-14,2013-07-21,2013-07-26,2443.0,1,2443.0
SO62140,6352,163,2013-07-14,2013-07-21,2013-07-26,2443.0,1,2443.0
SO62141,13486,174,2013-07-14,2013-07-21,2013-07-26,1120.0,1,1120.0
SO62141,13486,175,2013-07-14,2013-07-21,2013-07-26,1120.0,1,1120.0
SO62142,2129,147,2013-07-14,2013-07-21,2013-07-26,2295.0,1,2295.0
SO62142,2129,148,2013-07-14,2013-07-21,2013-07-26,2295.0,1,2295.0
SO62143,2633,141,2013-07-14,2013-07-21,2013-07-26,2320.0,1,2320.0
SO62143,2633,142,2013-07-14,2013-07-21,2013-07-26,2320.0,1,2320.0
SO62144,2954,145,2013-07-14,2013-07-21,2013-07-26,2320.0,1,2320.0
SO62144,2954,146,2013-07-14,2013-07-21,2013-07-26,2320.0,1,2320.0
SO62145,2638,149,2013-07-14,2013-07-21,2013-07-26,2295.0,1,2295.0
SO62145,2638,150,2013-07-14,2013-07-21,2013-07-26,2295.0,1,2295.0
SO62146,14841,366,2013-07-14,2013-07-21,2013-07-26,1215.0,1,1215.0
SO62147,15617,375,2013-07-14,2013-07-21,2013-07-26,742.0,1,742.0
SO62148,11248,362,2013-07-14,2013-07-21,2013-07-26,2384.0,1,2384.0
SO62149,12240,394,2013-07-14,2013-07-21,2013-07-26,540.0,1,540.0
SO62150,12196,373,2013-07-14,2013-07-21,2013-07-26,540.0,1,540.0
SO62151,9396,176,2013-07-14,2013-07-21,2013-07-26,1120.0,1,1120.0
SO62151,9396,177,2013-07-14,2013-07-21,2013-07-26,1120.0,1,1120.0
SO62152,16122,393,2013-07-14,2013-07-21,2013-07-26,540.0,1,540.0
SO62153,12899,394,2013-07-14,2013-07-21,2013-07-26,540.0,1,540.0
SO62154,6230,379,2013-07-14,2013-07-21,2013-07-26,769.0,1,769.0
SO62155,3309,374,2013-07-14,2013-07-21,2013-07-26,742.0,1,742.0
SO62156,769,353,2013-07-14,2013-07-21,2013-07-26,2384.0,1,2384.0
SO62157,12100,373,2013-07-14,2013-07-21,2013-07-26,540.0,1,540.0
SO62158,1895,266,2013-07-15,2013-07-22,2013-07-27,5.0,1,5.0
SO62159,224,24,2013-07-15,2013-07-22,2013-07-27,50.0,1,50.0
SO62159,224,25,2013-07-15,2013-07-22,2013-07-27,50.0,1,50.0
SO62159,224,26,2013-07-15,2013-07-22,2013-07-27,50.0,1,50.0
SO62160,3308,324,2013-07-15,2013-07-22,2013-07-27,25.0,1,25.0
SO62161,6062,325,2013-07-15,2013-07-22,2013-07-27,30.0,1,30.0
SO62162,11205,317,2013-07-15,2013-07-22,2013-07-27,5.0,1,5.0
SO62163,13898,317,2013-07-15,2013-07-22,2013-07-27,5.0,1,5.0
SO62164,11860,266,2013-07-15,2013-07-22,2013-07-27,5.0,1,5.0
SO62165,17952,267,2013-07-15,2013-07-22,2013-07-27,10.0,1,10.0
SO62166,4241,267,2013-07-15,2013-07-22,2013-07-27,10.0,1,10.0
SO62167,6284,12,2013-07-15,2013-07-22,2013-07-27,9.0,1,9.0
SO62167,6284,13,2013-07-15,2013-07-22,2013-07-27,9.0,1,9.0
SO62167,6284,14,2013-07-15,2013-07-22,2013-07-27,9.0,1,9.0
SO62168,2955,253,2013-07-15,2013-07-22,2013-07-27,24.0,1,24.0
SO62168,2955,254,2013-07-15,2013-07-22,2013-07-27,24.0,1,24.0
SO62169,7248,12,2013-07-15,2013-07-22,2013-07-27,9.0,1,9.0
SO62169,7248,13,2013-07-15,2013-07-22,2013-07-27,9.0,1,9.0
SO62169,7248,14,2013-07-15,2013-07-22,2013-07-27,9.0,1,9.0
SO62170,151,12,2013-07-15,2013-07-22,2013-07-27,9.0,1,9.0
SO62170,151,13,2013-07-15,2013-07-22,2013-07-27,9.0,1,9.0
SO62170,151,14,2013-07-15,2013-07-22,2013-07-27,9.0,1,9.0
SO62171,3124,329,2013-07-15,2013-07-22,2013-07-27,33.0,1,33.0
SO62172,6788,370,2013-07-15,2013-07-22,2013-07-27,1701.0,1,1701.0
SO62173,421,388,2013-07-15,2013-07-22,2013-07-27,540.0,1,540.0
SO62174,11312,369,2013-07-15,2013-07-22,2013-07-27,1701.0,1,1701.0
SO62175,6783,377,2013-07-15,2013-07-22,2013-07-27,769.0,1,769.0
SO62176,6874,369,2013-07-15,2013-07-22,2013-07-27,1701.0,1,1701.0
SO62177,4358,141,2013-07-15,2013-07-22,2013-07-27,2320.0,1,2320.0
SO62177,4358,142,2013-07-15,2013-07-22,2013-07-27,2320.0,1,2320.0
SO62178,1212,147,2013-07-15,2013-07-22,2013-07-27,2295.0,1,2295.0
SO62178,1212,148,2013-07-15,2013-07-22,2013-07-27,2295.0,1,2295.0
SO62179,647,277,2013-07-15,2013-07-22,2013-07-27,54.0,1,54.0
SO62180,17777,269,2013-07-15,2013-07-22,2013-07-27,2.0,1,2.0
SO62181,17856,328,2013-07-15,2013-07-22,2013-07-27,25.0,1,25.0
SO62182,16392,319,2013-07-15,2013-07-22,2013-07-27,5.0,1,5.0
SO62183,16507,318,2013-07-15,2013-07-22,2013-07-27,4.0,1,4.0
SO62184,15452,324,2013-07-15,2013-07-22,2013-07-27,25.0,1,25.0
SO62185,15584,319,2013-07-15,2013-07-22,2013-07-27,5.0,1,5.0
SO62186,16475,318,2013-07-15,2013-07-22,2013-07-27,4.0,1,4.0
SO62187,15680,324,2013-07-15,2013-07-22,2013-07-27,25.0,1,25.0
SO62188,3371,329,2013-07-15,2013-07-22,2013-07-27,33.0,1,33.0
SO62189,12192,317,2013-07-15,2013-07-22,2013-07-27,5.0,1,5.0
SO62190,5248,267,2013-07-15,2013-07-22,2013-07-27,10.0,1,10.0
SO62191,9636,266,2013-07-15,2013-07-22,2013-07-27,5.0,1,5.0
SO62192,10613,267,2013-07-15,2013-07-22,2013-07-27,10.0,1,10.0
SO62193,6423,264,2013-07-15,2013-07-22,2013-07-27,70.0,1,70.0
SO62194,2351,266,2013-07-15,2013-07-22,2013-07-27,5.0,1,5.0
SO62195,6578,266,2013-07-15,2013-07-22,2013-07-27,5.0,1,5.0
SO62196,5357,317,2013-07-15,2013-07-22,2013-07-27,5.0,1,5.0
SO62197,4838,317,2013-07-15,2013-07-22,2013-07-27,5.0,1,5.0
SO62198,8802,274,2013-07-15,2013-07-22,2013-07-27,22.0,1,22.0
SO62199,1753,265,2013-07-15,2013-07-22,2013-07-27,70.0,1,70.0
SO62200,15217,318,2013-07-15,2013-07-22,2013-07-27,4.0,1,4.0
SO62201,12773,318,2013-07-15,2013-07-22,2013-07-27,4.0,1,4.0
SO62202,435,327,2013-07-15,2013-07-22,2013-07-27,21.0,1,21.0
SO62203,1634,330,2013-07-15,2013-07-22,2013-07-27,29.0,1,29.0
SO62204,17749,327,2013-07-15,2013-07-22,2013-07-27,21.0,1,21.0
SO62205,5512,319,2013-07-15,2013-07-22,2013-07-27,5.0,1,5.0
SO62206,259,326,2013-07-15,2013-07-22,2013-07-27,35.0,1,35.0
SO62207,3905,326,2013-07-15,2013-07-22,2013-07-27,35.0,1,35.0
SO62208,2207,326,2013-07-15,2013-07-22,2013-07-27,35.0,1,35.0
SO62209,4975,274,2013-07-15,2013-07-22,2013-07-27,22.0,1,22.0
SO62210,7943,376,2013-07-15,2013-07-22,2013-07-27,769.0,1,769.0
SO62211,3640,376,2013-07-15,2013-07-22,2013-07-27,769.0,1,769.0
SO62212,3590,377,2013-07-15,2013-07-22,2013-07-27,769.0,1,769.0
SO62213,8737,385,2013-07-15,2013-07-22,2013-07-27,540.0,1,540.0
SO62214,8722,386,2013-07-15,2013-07-22,2013-07-27,540.0,1,540.0
SO62215,3192,353,2013-07-15,2013-07-22,2013-07-27,2384.0,1,2384.0
SO62216,15964,367,2013-07-15,2013-07-22,2013-07-27,1215.0,1,1215.0
SO62217,12433,372,2013-07-15,2013-07-22,2013-07-27,1701.0,1,1701.0
SO62218,9614,166,2013-07-15,2013-07-22,2013-07-27,2443.0,1,2443.0
SO62218,9614,167,2013-07-15,2013-07-22,2013-07-27,2443.0,1,2443.0
SO62219,14235,178,2013-07-15,2013-07-22,2013-07-27,1120.0,1,1120.0
SO62219,14235,179,2013-07-15,2013-07-22,2013-07-27,1120.0,1,1120.0
SO62220,2116,147,2013-07-15,2013-07-22,2013-07-27,2295.0,1,2295.0
SO62220,2116,148,2013-07-15,2013-07-22,2013-07-27,2295.0,1,2295.0
SO62221,2132,151,2013-07-15,2013-07-22,2013-07-27,2295.0,1,2295.0
SO62221,2132,152,2013-07-15,2013-07-22,2013-07-27,2295.0,1,2295.0
SO62222,32,145,2013-07-15,2013-07-22,2013-07-27,2320.0,1,2320.0
SO62222,32,146,2013-07-15,2013-07-22,2013-07-27,2320.0,1,2320.0
SO62223,14422,366,2013-07-15,2013-07-22,2013-07-27,1215.0,1,1215.0
SO62224,15618,375,2013-07-15,2013-07-22,2013-07-27,742.0,1,742.0
SO62225,15059,352,2013-07-15,2013-07-22,2013-07-27,2384.0,1,2384.0
SO62226,8682,176,2013-07-15,2013-07-22,2013-07-27,1120.0,1,1120.0
SO62226,8682,177,2013-07-15,2013-07-22,2013-07-27,1120.0,1,1120.0
SO62227,6026,12,2013-07-15,2013-07-22,2013-07-27,9.0,1,9.0
SO62227,6026,13,2013-07-15,2013-07-22,2013-07-27,9.0,1,9.0
SO62227,6026,14,2013-07-15,2013-07-22,2013-07-27,9.0,1,9.0
SO62228,9060,178,2013-07-15,2013-07-22,2013-07-27,1120.0,1,1120.0
SO62228,9060,179,2013-07-15,2013-07-22,2013-07-27,1120.0,1,1120.0
SO62229,12227,394,2013-07-15,2013-07-22,2013-07-27,540.0,1,540.0
SO62230,3347,376,2013-07-15,2013-07-22,2013-07-27,769.0,1,769.0
SO62231,12103,12,2013-07-15,2013-07-22,2013-07-27,9.0,1,9.0
SO62231,12103,13,2013-07-15,2013-07-22,2013-07-27,9.0,1,9.0
SO62231,12103,14,2013-07-15,2013-07-22,2013-07-27,9.0,1,9.0
SO62232,12322,393,2013-07-15,2013-07-22,2013-07-27,540.0,1,540.0
SO62233,950,9,2013-07-16,2013-07-23,2013-07-28,35.0,1,35.0
SO62233,950,10,2013-07-16,2013-07-23,2013-07-28,35.0,1,35.0
SO62233,950,11,2013-07-16,2013-07-23,2013-07-28,35.0,1,35.0
SO62234,4594,328,2013-07-16,2013-07-23,2013-07-28,25.0,1,25.0
SO62235,1013,317,2013-07-16,2013-07-23,2013-07-28,5.0,1,5.0
SO62236,15760,263,2013-07-16,2013-07-23,2013-07-28,70.0,1,70.0
SO62237,10371,317,2013-07-16,2013-07-23,2013-07-28,5.0,1,5.0
SO62238,7279,9,2013-07-16,2013-07-23,2013-07-28,35.0,1,35.0
SO62238,7279,10,2013-07-16,2013-07-23,2013-07-28,35.0,1,35.0
SO62238,7279,11,2013-07-16,2013-07-23,2013-07-28,35.0,1,35.0
SO62239,103,273,2013-07-16,2013-07-23,2013-07-28,8.0,1,8.0
SO62240,11679,383,2013-07-16,2013-07-23,2013-07-28,565.0,1,565.0
SO62241,13566,383,2013-07-16,2013-07-23,2013-07-28,565.0,1,565.0
SO62242,6894,370,2013-07-16,2013-07-23,2013-07-28,1701.0,1,1701.0
SO62243,1277,147,2013-07-16,2013-07-23,2013-07-28,2295.0,1,2295.0
SO62243,1277,148,2013-07-16,2013-07-23,2013-07-28,2295.0,1,2295.0
SO62244,3941,145,2013-07-16,2013-07-23,2013-07-28,2320.0,1,2320.0
SO62244,3941,146,2013-07-16,2013-07-23,2013-07-28,2320.0,1,2320.0
SO62245,79,269,2013-07-16,2013-07-23,2013-07-28,2.0,1,2.0
SO62246,231,318,2013-07-16,2013-07-23,2013-07-28,4.0,1,4.0
SO62247,143,319,2013-07-16,2013-07-23,2013-07-28,5.0,1,5.0
SO62248,254,319,2013-07-16,2013-07-23,2013-07-28,5.0,1,5.0
SO62249,15587,330,2013-07-16,2013-07-23,2013-07-28,29.0,1,29.0
SO62250,12793,329,2013-07-16,2013-07-23,2013-07-28,33.0,1,33.0
SO62251,1893,325,2013-07-16,2013-07-23,2013-07-28,30.0,1,30.0
SO62252,12200,325,2013-07-16,2013-07-23,2013-07-28,30.0,1,30.0
SO62253,278,318,2013-07-16,2013-07-23,2013-07-28,4.0,1,4.0
SO62254,10762,267,2013-07-16,2013-07-23,2013-07-28,10.0,1,10.0
SO62255,4860,267,2013-07-16,2013-07-23,2013-07-28,10.0,1,10.0
SO62256,204,264,2013-07-16,2013-07-23,2013-07-28,70.0,1,70.0
SO62257,9436,267,2013-07-16,2013-07-23,2013-07-28,10.0,1,10.0
SO62258,2202,266,2013-07-16,2013-07-23,2013-07-28,5.0,1,5.0
SO62259,6180,266,2013-07-16,2013-07-23,2013-07-28,5.0,1,5.0
SO62260,4546,317,2013-07-16,2013-07-23,2013-07-28,5.0,1,5.0
SO62261,8040,317,2013-07-16,2013-07-23,2013-07-28,5.0,1,5.0
SO62262,3191,329,2013-07-16,2013-07-23,2013-07-28,33.0,1,33.0
SO62263,10050,325,2013-07-16,2013-07-23,2013-07-28,30.0,1,30.0
SO62264,10512,317,2013-07-16,2013-07-23,2013-07-28,5.0,1,5.0
SO62265,10119,317,2013-07-16,2013-07-23,2013-07-28,5.0,1,5.0
SO62266,14495,319,2013-07-16,2013-07-23,2013-07-28,5.0,1,5.0
SO62267,332,326,2013-07-16,2013-07-23,2013-07-28,35.0,1,35.0
SO62268,394,266,2013-07-16,2013-07-23,2013-07-28,5.0,1,5.0
SO62269,2163,260,2013-07-16,2013-07-23,2013-07-28,64.0,1,64.0
SO62270,3632,377,2013-07-16,2013-07-23,2013-07-28,769.0,1,769.0
SO62271,3420,147,2013-07-16,2013-07-23,2013-07-28,2295.0,1,2295.0
SO62271,3420,148,2013-07-16,2013-07-23,2013-07-28,2295.0,1,2295.0
SO62272,4031,369,2013-07-16,2013-07-23,2013-07-28,1701.0,1,1701.0
SO62273,9452,166,2013-07-16,2013-07-23,2013-07-28,2443.0,1,2443.0
SO62273,9452,167,2013-07-16,2013-07-23,2013-07-28,2443.0,1,2443.0
SO62274,6733,178,2013-07-16,2013-07-23,2013-07-28,1120.0,1,1120.0
SO62274,6733,179,2013-07-16,2013-07-23,2013-07-28,1120.0,1,1120.0
SO62275,14230,172,2013-07-16,2013-07-23,2013-07-28,1120.0,1,1120.0
SO62275,14230,173,2013-07-16,2013-07-23,2013-07-28,1120.0,1,1120.0
SO62276,1254,382,2013-07-16,2013-07-23,2013-07-28,565.0,1,565.0
SO62277,2637,145,2013-07-16,2013-07-23,2013-07-28,2320.0,1,2320.0
SO62277,2637,146,2013-07-16,2013-07-23,2013-07-28,2320.0,1,2320.0
SO62278,14433,368,2013-07-16,2013-07-23,2013-07-28,1215.0,1,1215.0
SO62279,14976,351,2013-07-16,2013-07-23,2013-07-28,2384.0,1,2384.0
SO62280,6567,369,2013-07-16,2013-07-23,2013-07-28,1701.0,1,1701.0
SO62281,11656,393,2013-07-16,2013-07-23,2013-07-28,540.0,1,540.0
SO62282,3348,379,2013-07-16,2013-07-23,2013-07-28,769.0,1,769.0
SO62283,3221,368,2013-07-16,2013-07-23,2013-07-28,1215.0,1,1215.0
SO62284,11987,395,2013-07-16,2013-07-23,2013-07-28,540.0,1,540.0
SO62285,2046,324,2013-07-17,2013-07-24,2013-07-29,25.0,1,25.0
SO62286,13281,327,2013-07-17,2013-07-24,2013-07-29,21.0,1,21.0
SO62287,4812,325,2013-07-17,2013-07-24,2013-07-29,30.0,1,30.0
SO62288,10379,263,2013-07-17,2013-07-24,2013-07-29,70.0,1,70.0
SO62289,1993,317,2013-07-17,2013-07-24,2013-07-29,5.0,1,5.0
SO62290,17957,267,2013-07-17,2013-07-24,2013-07-29,10.0,1,10.0
SO62291,15380,369,2013-07-17,2013-07-24,2013-07-29,1701.0,1,1701.0
SO62292,5488,266,2013-07-17,2013-07-24,2013-07-29,5.0,1,5.0
SO62293,6934,380,2013-07-17,2013-07-24,2013-07-29,565.0,1,565.0
SO62294,13869,168,2013-07-17,2013-07-24,2013-07-29,2443.0,1,2443.0
SO62294,13869,169,2013-07-17,2013-07-24,2013-07-29,2443.0,1,2443.0
SO62295,4922,145,2013-07-17,2013-07-24,2013-07-29,2320.0,1,2320.0
SO62295,4922,146,2013-07-17,2013-07-24,2013-07-29,2320.0,1,2320.0
SO62296,705,277,2013-07-17,2013-07-24,2013-07-29,54.0,1,54.0
SO62297,17145,319,2013-07-17,2013-07-24,2013-07-29,5.0,1,5.0
SO62298,15720,330,2013-07-17,2013-07-24,2013-07-29,29.0,1,29.0
SO62299,18047,318,2013-07-17,2013-07-24,2013-07-29,4.0,1,4.0
SO62300,15479,324,2013-07-17,2013-07-24,2013-07-29,25.0,1,25.0
SO62301,14359,324,2013-07-17,2013-07-24,2013-07-29,25.0,1,25.0
SO62302,16199,319,2013-07-17,2013-07-24,2013-07-29,5.0,1,5.0
SO62303,8863,325,2013-07-17,2013-07-24,2013-07-29,30.0,1,30.0
SO62304,11747,325,2013-07-17,2013-07-24,2013-07-29,30.0,1,30.0
SO62305,12287,325,2013-07-17,2013-07-24,2013-07-29,30.0,1,30.0
SO62306,10398,266,2013-07-17,2013-07-24,2013-07-29,5.0,1,5.0
SO62307,7891,263,2013-07-17,2013-07-24,2013-07-29,70.0,1,70.0
SO62308,16757,265,2013-07-17,2013-07-24,2013-07-29,70.0,1,70.0
SO62309,8891,264,2013-07-17,2013-07-24,2013-07-29,70.0,1,70.0
SO62310,3459,264,2013-07-17,2013-07-24,2013-07-29,70.0,1,70.0
SO62311,7101,266,2013-07-17,2013-07-24,2013-07-29,5.0,1,5.0
SO62312,9272,263,2013-07-17,2013-07-24,2013-07-29,70.0,1,70.0
SO62313,9090,266,2013-07-17,2013-07-24,2013-07-29,5.0,1,5.0
SO62314,8730,317,2013-07-17,2013-07-24,2013-07-29,5.0,1,5.0
SO62315,3397,317,2013-07-17,2013-07-24,2013-07-29,5.0,1,5.0
SO62316,2380,274,2013-07-17,2013-07-24,2013-07-29,22.0,1,22.0
SO62317,5544,317,2013-07-17,2013-07-24,2013-07-29,5.0,1,5.0
SO62318,8176,324,2013-07-17,2013-07-24,2013-07-29,25.0,1,25.0
SO62319,7042,317,2013-07-17,2013-07-24,2013-07-29,5.0,1,5.0
SO62320,6801,325,2013-07-17,2013-07-24,2013-07-29,30.0,1,30.0
SO62321,11569,318,2013-07-17,2013-07-24,2013-07-29,4.0,1,4.0
SO62322,14634,318,2013-07-17,2013-07-24,2013-07-29,4.0,1,4.0
SO62323,16315,330,2013-07-17,2013-07-24,2013-07-29,29.0,1,29.0
SO62324,3994,330,2013-07-17,2013-07-24,2013-07-29,29.0,1,29.0
SO62325,16327,330,2013-07-17,2013-07-24,2013-07-29,29.0,1,29.0
SO62326,2828,319,2013-07-17,2013-07-24,2013-07-29,5.0,1,5.0
SO62327,738,317,2013-07-17,2013-07-24,2013-07-29,5.0,1,5.0
SO62328,976,326,2013-07-17,2013-07-24,2013-07-29,35.0,1,35.0
SO62329,5098,274,2013-07-17,2013-07-24,2013-07-29,22.0,1,22.0
SO62330,8724,381,2013-07-17,2013-07-24,2013-07-29,565.0,1,565.0
SO62331,3443,149,2013-07-17,2013-07-24,2013-07-29,2295.0,1,2295.0
SO62331,3443,150,2013-07-17,2013-07-24,2013-07-29,2295.0,1,2295.0
SO62332,12539,371,2013-07-17,2013-07-24,2013-07-29,1701.0,1,1701.0
SO62333,9257,164,2013-07-17,2013-07-24,2013-07-29,2443.0,1,2443.0
SO62333,9257,165,2013-07-17,2013-07-24,2013-07-29,2443.0,1,2443.0
SO62334,13503,170,2013-07-17,2013-07-24,2013-07-29,1120.0,1,1120.0
SO62334,13503,171,2013-07-17,2013-07-24,2013-07-29,1120.0,1,1120.0
SO62335,11790,395,2013-07-17,2013-07-24,2013-07-29,540.0,1,540.0
SO62336,15116,373,2013-07-17,2013-07-24,2013-07-29,540.0,1,540.0
SO62337,11717,394,2013-07-17,2013-07-24,2013-07-29,540.0,1,540.0
SO62338,9481,170,2013-07-17,2013-07-24,2013-07-29,1120.0,1,1120.0
SO62338,9481,171,2013-07-17,2013-07-24,2013-07-29,1120.0,1,1120.0
SO62339,15961,395,2013-07-17,2013-07-24,2013-07-29,540.0,1,540.0
SO62340,11712,373,2013-07-17,2013-07-24,2013-07-29,540.0,1,540.0
SO62341,18481,351,2013-07-17,2013-07-24,2013-07-29,2384.0,1,2384.0
SO62342,18086,361,2013-07-17,2013-07-24,2013-07-29,742.0,1,742.0
SO62343,752,362,2013-07-17,2013-07-24,2013-07-29,2384.0,1,2384.0
SO62344,12315,395,2013-07-17,2013-07-24,2013-07-29,540.0,1,540.0
SO62345,17535,373,2013-07-17,2013-07-24,2013-07-29,540.0,1,540.0
SO62346,18067,393,2013-07-17,2013-07-24,2013-07-29,540.0,1,540.0
SO62347,3522,318,2013-07-18,2013-07-25,2013-07-30,4.0,1,4.0
SO62348,17304,317,2013-07-18,2013-07-25,2013-07-30,5.0,1,5.0
SO62349,3321,18,2013-07-18,2013-07-25,2013-07-30,50.0,1,50.0
SO62349,3321,19,2013-07-18,2013-07-25,2013-07-30,50.0,1,50.0
SO62349,3321,20,2013-07-18,2013-07-25,2013-07-30,50.0,1,50.0
SO62350,2122,318,2013-07-18,2013-07-25,2013-07-30,4.0,1,4.0
SO62351,8102,330,2013-07-18,2013-07-25,2013-07-30,29.0,1,29.0
SO62352,6640,378,2013-07-18,2013-07-25,2013-07-30,769.0,1,769.0
SO62353,4700,151,2013-07-18,2013-07-25,2013-07-30,2295.0,1,2295.0
SO62353,4700,152,2013-07-18,2013-07-25,2013-07-30,2295.0,1,2295.0
SO62354,18227,318,2013-07-18,2013-07-25,2013-07-30,4.0,1,4.0
SO62355,15675,330,2013-07-18,2013-07-25,2013-07-30,29.0,1,29.0
SO62356,13515,329,2013-07-18,2013-07-25,2013-07-30,33.0,1,33.0
SO62357,8015,325,2013-07-18,2013-07-25,2013-07-30,30.0,1,30.0
SO62358,11365,317,2013-07-18,2013-07-25,2013-07-30,5.0,1,5.0
SO62359,10906,267,2013-07-18,2013-07-25,2013-07-30,10.0,1,10.0
SO62360,16231,266,2013-07-18,2013-07-25,2013-07-30,5.0,1,5.0
SO62361,16415,317,2013-07-18,2013-07-25,2013-07-30,5.0,1,5.0
SO62362,7348,266,2013-07-18,2013-07-25,2013-07-30,5.0,1,5.0
SO62363,4165,317,2013-07-18,2013-07-25,2013-07-30,5.0,1,5.0
SO62364,16008,318,2013-07-18,2013-07-25,2013-07-30,4.0,1,4.0
SO62365,3209,266,2013-07-18,2013-07-25,2013-07-30,5.0,1,5.0
SO62366,6113,318,2013-07-18,2013-07-25,2013-07-30,4.0,1,4.0
SO62367,11839,325,2013-07-18,2013-07-25,2013-07-30,30.0,1,30.0
SO62368,15970,327,2013-07-18,2013-07-25,2013-07-30,21.0,1,21.0
SO62369,16312,330,2013-07-18,2013-07-25,2013-07-30,29.0,1,29.0
SO62370,11701,318,2013-07-18,2013-07-25,2013-07-30,4.0,1,4.0
SO62371,15860,319,2013-07-18,2013-07-25,2013-07-30,5.0,1,5.0
SO62372,16308,330,2013-07-18,2013-07-25,2013-07-30,29.0,1,29.0
SO62373,13197,319,2013-07-18,2013-07-25,2013-07-30,5.0,1,5.0
SO62374,14492,319,2013-07-18,2013-07-25,2013-07-30,5.0,1,5.0
SO62375,2396,274,2013-07-18,2013-07-25,2013-07-30,22.0,1,22.0
SO62376,1618,267,2013-07-18,2013-07-25,2013-07-30,10.0,1,10.0
SO62377,3615,377,2013-07-18,2013-07-25,2013-07-30,769.0,1,769.0
SO62378,1769,378,2013-07-18,2013-07-25,2013-07-30,769.0,1,769.0
SO62379,4167,141,2013-07-18,2013-07-25,2013-07-30,2320.0,1,2320.0
SO62379,4167,142,2013-07-18,2013-07-25,2013-07-30,2320.0,1,2320.0
SO62380,1438,143,2013-07-18,2013-07-25,2013-07-30,2320.0,1,2320.0
SO62380,1438,144,2013-07-18,2013-07-25,2013-07-30,2320.0,1,2320.0
SO62381,3585,151,2013-07-18,2013-07-25,2013-07-30,2295.0,1,2295.0
SO62381,3585,152,2013-07-18,2013-07-25,2013-07-30,2295.0,1,2295.0
SO62382,9447,160,2013-07-18,2013-07-25,2013-07-30,2443.0,1,2443.0
SO62382,9447,161,2013-07-18,2013-07-25,2013-07-30,2443.0,1,2443.0
SO62383,9601,166,2013-07-18,2013-07-25,2013-07-30,2443.0,1,2443.0
SO62383,9601,167,2013-07-18,2013-07-25,2013-07-30,2443.0,1,2443.0
SO62384,2647,151,2013-07-18,2013-07-25,2013-07-30,2295.0,1,2295.0
SO62384,2647,152,2013-07-18,2013-07-25,2013-07-30,2295.0,1,2295.0
SO62385,15067,362,2013-07-18,2013-07-25,2013-07-30,2384.0,1,2384.0
SO62386,2102,350,2013-07-18,2013-07-25,2013-07-30,2384.0,1,2384.0
SO62387,15042,350,2013-07-18,2013-07-25,2013-07-30,2384.0,1,2384.0
SO62388,1178,350,2013-07-18,2013-07-25,2013-07-30,2384.0,1,2384.0
SO62389,11873,373,2013-07-18,2013-07-25,2013-07-30,540.0,1,540.0
SO62390,7472,373,2013-07-18,2013-07-25,2013-07-30,540.0,1,540.0
SO62391,11720,394,2013-07-18,2013-07-25,2013-07-30,540.0,1,540.0
SO62392,16810,170,2013-07-18,2013-07-25,2013-07-30,1120.0,1,1120.0
SO62392,16810,171,2013-07-18,2013-07-25,2013-07-30,1120.0,1,1120.0
SO62393,3303,360,2013-07-18,2013-07-25,2013-07-30,742.0,1,742.0
SO62394,12102,394,2013-07-18,2013-07-25,2013-07-30,540.0,1,540.0
SO62395,17716,373,2013-07-18,2013-07-25,2013-07-30,540.0,1,540.0
SO62396,216,4,2013-07-19,2013-07-26,2013-07-31,35.0,1,35.0
SO62396,216,5,2013-07-19,2013-07-26,2013-07-31,35.0,1,35.0
SO62396,216,6,2013-07-19,2013-07-26,2013-07-31,35.0,1,35.0
SO62397,4240,328,2013-07-19,2013-07-26,2013-07-31,25.0,1,25.0
SO62398,3279,318,2013-07-19,2013-07-26,2013-07-31,4.0,1,4.0
SO62399,6236,325,2013-07-19,2013-07-26,2013-07-31,30.0,1,30.0
SO62400,8620,327,2013-07-19,2013-07-26,2013-07-31,21.0,1,21.0
SO62401,7299,274,2013-07-19,2013-07-26,2013-07-31,22.0,1,22.0
SO62402,15036,318,2013-07-19,2013-07-26,2013-07-31,4.0,1,4.0
SO62403,8963,327,2013-07-19,2013-07-26,2013-07-31,21.0,1,21.0
SO62404,12570,319,2013-07-19,2013-07-26,2013-07-31,5.0,1,5.0
SO62405,1373,269,2013-07-19,2013-07-26,2013-07-31,2.0,1,2.0
SO62406,4056,381,2013-07-19,2013-07-26,2013-07-31,565.0,1,565.0
SO62407,6899,371,2013-07-19,2013-07-26,2013-07-31,1701.0,1,1701.0
SO62408,4693,145,2013-07-19,2013-07-26,2013-07-31,2320.0,1,2320.0
SO62408,4693,146,2013-07-19,2013-07-26,2013-07-31,2320.0,1,2320.0
SO62409,4102,149,2013-07-19,2013-07-26,2013-07-31,2295.0,1,2295.0
SO62409,4102,150,2013-07-19,2013-07-26,2013-07-31,2295.0,1,2295.0
SO62410,4107,143,2013-07-19,2013-07-26,2013-07-31,2320.0,1,2320.0
SO62410,4107,144,2013-07-19,2013-07-26,2013-07-31,2320.0,1,2320.0
SO62411,4711,143,2013-07-19,2013-07-26,2013-07-31,2320.0,1,2320.0
SO62411,4711,144,2013-07-19,2013-07-26,2013-07-31,2320.0,1,2320.0
SO62412,277,318,2013-07-19,2013-07-26,2013-07-31,4.0,1,4.0
SO62413,79,319,2013-07-19,2013-07-26,2013-07-31,5.0,1,5.0
SO62414,15676,330,2013-07-19,2013-07-26,2013-07-31,29.0,1,29.0
SO62415,15708,330,2013-07-19,2013-07-26,2013-07-31,29.0,1,29.0
SO62416,14417,324,2013-07-19,2013-07-26,2013-07-31,25.0,1,25.0
SO62417,10687,267,2013-07-19,2013-07-26,2013-07-31,10.0,1,10.0
SO62418,10771,267,2013-07-19,2013-07-26,2013-07-31,10.0,1,10.0
SO62419,9781,267,2013-07-19,2013-07-26,2013-07-31,10.0,1,10.0
SO62420,7324,266,2013-07-19,2013-07-26,2013-07-31,5.0,1,5.0
SO62421,17993,12,2013-07-19,2013-07-26,2013-07-31,9.0,1,9.0
SO62421,17993,13,2013-07-19,2013-07-26,2013-07-31,9.0,1,9.0
SO62421,17993,14,2013-07-19,2013-07-26,2013-07-31,9.0,1,9.0
SO62422,7075,266,2013-07-19,2013-07-26,2013-07-31,5.0,1,5.0
SO62423,5064,317,2013-07-19,2013-07-26,2013-07-31,5.0,1,5.0
SO62424,4773,317,2013-07-19,2013-07-26,2013-07-31,5.0,1,5.0
SO62425,3029,274,2013-07-19,2013-07-26,2013-07-31,22.0,1,22.0
SO62426,3955,317,2013-07-19,2013-07-26,2013-07-31,5.0,1,5.0
SO62427,6209,274,2013-07-19,2013-07-26,2013-07-31,22.0,1,22.0
SO62428,4002,274,2013-07-19,2013-07-26,2013-07-31,22.0,1,22.0
SO62429,6719,324,2013-07-19,2013-07-26,2013-07-31,25.0,1,25.0
SO62430,10842,328,2013-07-19,2013-07-26,2013-07-31,25.0,1,25.0
SO62431,13532,261,2013-07-19,2013-07-26,2013-07-31,64.0,1,64.0
SO62432,14318,318,2013-07-19,2013-07-26,2013-07-31,4.0,1,4.0
SO62433,3543,330,2013-07-19,2013-07-26,2013-07-31,29.0,1,29.0
SO62434,13865,327,2013-07-19,2013-07-26,2013-07-31,21.0,1,21.0
SO62435,1431,326,2013-07-19,2013-07-26,2013-07-31,35.0,1,35.0
SO62436,1932,317,2013-07-19,2013-07-26,2013-07-31,5.0,1,5.0
SO62437,923,326,2013-07-19,2013-07-26,2013-07-31,35.0,1,35.0
SO62438,875,317,2013-07-19,2013-07-26,2013-07-31,5.0,1,5.0
SO62439,1715,267,2013-07-19,2013-07-26,2013-07-31,10.0,1,10.0
SO62440,1986,326,2013-07-19,2013-07-26,2013-07-31,35.0,1,35.0
SO62441,5733,160,2013-07-19,2013-07-26,2013-07-31,2443.0,1,2443.0
SO62441,5733,161,2013-07-19,2013-07-26,2013-07-31,2443.0,1,2443.0
SO62442,4910,383,2013-07-19,2013-07-26,2013-07-31,565.0,1,565.0
SO62443,3665,141,2013-07-19,2013-07-26,2013-07-31,2320.0,1,2320.0
SO62443,3665,142,2013-07-19,2013-07-26,2013-07-31,2320.0,1,2320.0
SO62444,4890,149,2013-07-19,2013-07-26,2013-07-31,2295.0,1,2295.0
SO62444,4890,150,2013-07-19,2013-07-26,2013-07-31,2295.0,1,2295.0
SO62445,1085,141,2013-07-19,2013-07-26,2013-07-31,2320.0,1,2320.0
SO62445,1085,142,2013-07-19,2013-07-26,2013-07-31,2320.0,1,2320.0
SO62446,3440,149,2013-07-19,2013-07-26,2013-07-31,2295.0,1,2295.0
SO62446,3440,150,2013-07-19,2013-07-26,2013-07-31,2295.0,1,2295.0
SO62447,3441,151,2013-07-19,2013-07-26,2013-07-31,2295.0,1,2295.0
SO62447,3441,152,2013-07-19,2013-07-26,2013-07-31,2295.0,1,2295.0
SO62448,17495,354,2013-07-19,2013-07-26,2013-07-31,742.0,1,742.0
SO62449,338,362,2013-07-19,2013-07-26,2013-07-31,2384.0,1,2384.0
SO62450,342,362,2013-07-19,2013-07-26,2013-07-31,2384.0,1,2384.0
SO62451,401,366,2013-07-19,2013-07-26,2013-07-31,1215.0,1,1215.0
SO62452,14594,366,2013-07-19,2013-07-26,2013-07-31,1215.0,1,1215.0
SO62453,12435,372,2013-07-19,2013-07-26,2013-07-31,1701.0,1,1701.0
SO62454,9607,162,2013-07-19,2013-07-26,2013-07-31,2443.0,1,2443.0
SO62454,9607,163,2013-07-19,2013-07-26,2013-07-31,2443.0,1,2443.0
SO62455,9260,166,2013-07-19,2013-07-26,2013-07-31,2443.0,1,2443.0
SO62455,9260,167,2013-07-19,2013-07-26,2013-07-31,2443.0,1,2443.0
SO62456,13507,170,2013-07-19,2013-07-26,2013-07-31,1120.0,1,1120.0
SO62456,13507,171,2013-07-19,2013-07-26,2013-07-31,1120.0,1,1120.0
SO62457,14139,172,2013-07-19,2013-07-26,2013-07-31,1120.0,1,1120.0
SO62457,14139,173,2013-07-19,2013-07-26,2013-07-31,1120.0,1,1120.0
SO62458,1252,387,2013-07-19,2013-07-26,2013-07-31,540.0,1,540.0
SO62459,2645,145,2013-07-19,2013-07-26,2013-07-31,2320.0,1,2320.0
SO62459,2645,146,2013-07-19,2013-07-26,2013-07-31,2320.0,1,2320.0
SO62460,18175,354,2013-07-19,2013-07-26,2013-07-31,742.0,1,742.0
SO62461,14983,362,2013-07-19,2013-07-26,2013-07-31,2384.0,1,2384.0
SO62462,12243,394,2013-07-19,2013-07-26,2013-07-31,540.0,1,540.0
SO62463,12182,395,2013-07-19,2013-07-26,2013-07-31,540.0,1,540.0
SO62464,9464,172,2013-07-19,2013-07-26,2013-07-31,1120.0,1,1120.0
SO62464,9464,173,2013-07-19,2013-07-26,2013-07-31,1120.0,1,1120.0
SO62465,484,393,2013-07-19,2013-07-26,2013-07-31,540.0,1,540.0
SO62466,15963,394,2013-07-19,2013-07-26,2013-07-31,540.0,1,540.0
SO62467,245,394,2013-07-19,2013-07-26,2013-07-31,540.0,1,540.0
SO62468,2586,362,2013-07-19,2013-07-26,2013-07-31,2384.0,1,2384.0
SO62469,3302,374,2013-07-19,2013-07-26,2013-07-31,742.0,1,742.0
SO62470,17352,373,2013-07-19,2013-07-26,2013-07-31,540.0,1,540.0
SO62471,2982,324,2013-07-20,2013-07-27,2013-08-01,25.0,1,25.0
SO62472,11206,326,2013-07-20,2013-07-27,2013-08-01,35.0,1,35.0
SO62473,4810,325,2013-07-20,2013-07-27,2013-08-01,30.0,1,30.0
SO62474,13589,266,2013-07-20,2013-07-27,2013-08-01,5.0,1,5.0
SO62475,8763,266,2013-07-20,2013-07-27,2013-08-01,5.0,1,5.0
SO62476,69,266,2013-07-20,2013-07-27,2013-08-01,5.0,1,5.0
SO62477,5163,318,2013-07-20,2013-07-27,2013-08-01,4.0,1,4.0
SO62478,6523,12,2013-07-20,2013-07-27,2013-08-01,9.0,1,9.0
SO62478,6523,13,2013-07-20,2013-07-27,2013-08-01,9.0,1,9.0
SO62478,6523,14,2013-07-20,2013-07-27,2013-08-01,9.0,1,9.0
SO62479,5634,318,2013-07-20,2013-07-27,2013-08-01,4.0,1,4.0
SO62480,1256,149,2013-07-20,2013-07-27,2013-08-01,2295.0,1,2295.0
SO62480,1256,150,2013-07-20,2013-07-27,2013-08-01,2295.0,1,2295.0
SO62481,1222,145,2013-07-20,2013-07-27,2013-08-01,2320.0,1,2320.0
SO62481,1222,146,2013-07-20,2013-07-27,2013-08-01,2320.0,1,2320.0
SO62482,4921,151,2013-07-20,2013-07-27,2013-08-01,2295.0,1,2295.0
SO62482,4921,152,2013-07-20,2013-07-27,2013-08-01,2295.0,1,2295.0
SO62483,871,4,2013-07-20,2013-07-27,2013-08-01,35.0,1,35.0
SO62483,871,5,2013-07-20,2013-07-27,2013-08-01,35.0,1,35.0
SO62483,871,6,2013-07-20,2013-07-27,2013-08-01,35.0,1,35.0
SO62484,508,279,2013-07-20,2013-07-27,2013-08-01,54.0,1,54.0
SO62485,198,318,2013-07-20,2013-07-27,2013-08-01,4.0,1,4.0
SO62486,5150,318,2013-07-20,2013-07-27,2013-08-01,4.0,1,4.0
SO62487,9097,324,2013-07-20,2013-07-27,2013-08-01,25.0,1,25.0
SO62488,10641,267,2013-07-20,2013-07-27,2013-08-01,10.0,1,10.0
SO62489,1204,267,2013-07-20,2013-07-27,2013-08-01,10.0,1,10.0
SO62490,9791,267,2013-07-20,2013-07-27,2013-08-01,10.0,1,10.0
SO62491,501,265,2013-07-20,2013-07-27,2013-08-01,70.0,1,70.0
SO62492,7765,265,2013-07-20,2013-07-27,2013-08-01,70.0,1,70.0
SO62493,11354,317,2013-07-20,2013-07-27,2013-08-01,5.0,1,5.0
SO62494,7686,274,2013-07-20,2013-07-27,2013-08-01,22.0,1,22.0
SO62495,9083,274,2013-07-20,2013-07-27,2013-08-01,22.0,1,22.0
SO62496,6088,317,2013-07-20,2013-07-27,2013-08-01,5.0,1,5.0
SO62497,4105,265,2013-07-20,2013-07-27,2013-08-01,70.0,1,70.0
SO62498,6089,328,2013-07-20,2013-07-27,2013-08-01,25.0,1,25.0
SO62499,3189,329,2013-07-20,2013-07-27,2013-08-01,33.0,1,33.0
SO62500,9724,325,2013-07-20,2013-07-27,2013-08-01,30.0,1,30.0
SO62501,10519,325,2013-07-20,2013-07-27,2013-08-01,30.0,1,30.0
SO62502,10092,12,2013-07-20,2013-07-27,2013-08-01,9.0,1,9.0
SO62502,10092,13,2013-07-20,2013-07-27,2013-08-01,9.0,1,9.0
SO62502,10092,14,2013-07-20,2013-07-27,2013-08-01,9.0,1,9.0
SO62503,12441,330,2013-07-20,2013-07-27,2013-08-01,29.0,1,29.0
SO62504,567,318,2013-07-20,2013-07-27,2013-08-01,4.0,1,4.0
SO62505,16859,318,2013-07-20,2013-07-27,2013-08-01,4.0,1,4.0
SO62506,15882,330,2013-07-20,2013-07-27,2013-08-01,29.0,1,29.0
SO62507,1946,326,2013-07-20,2013-07-27,2013-08-01,35.0,1,35.0
SO62508,2294,274,2013-07-20,2013-07-27,2013-08-01,22.0,1,22.0
SO62509,2328,274,2013-07-20,2013-07-27,2013-08-01,22.0,1,22.0
SO62510,5752,162,2013-07-20,2013-07-27,2013-08-01,2443.0,1,2443.0
SO62510,5752,163,2013-07-20,2013-07-27,2013-08-01,2443.0,1,2443.0
SO62511,1097,141,2013-07-20,2013-07-27,2013-08-01,2320.0,1,2320.0
SO62511,1097,142,2013-07-20,2013-07-27,2013-08-01,2320.0,1,2320.0
SO62512,3992,361,2013-07-20,2013-07-27,2013-08-01,742.0,1,742.0
SO62513,2262,355,2013-07-20,2013-07-27,2013-08-01,742.0,1,742.0
SO62514,15977,360,2013-07-20,2013-07-27,2013-08-01,742.0,1,742.0
SO62515,4048,354,2013-07-20,2013-07-27,2013-08-01,742.0,1,742.0
SO62516,9242,372,2013-07-20,2013-07-27,2013-08-01,1701.0,1,1701.0
SO62517,12534,372,2013-07-20,2013-07-27,2013-08-01,1701.0,1,1701.0
SO62518,14227,174,2013-07-20,2013-07-27,2013-08-01,1120.0,1,1120.0
SO62518,14227,175,2013-07-20,2013-07-27,2013-08-01,1120.0,1,1120.0
SO62519,6734,174,2013-07-20,2013-07-27,2013-08-01,1120.0,1,1120.0
SO62519,6734,175,2013-07-20,2013-07-27,2013-08-01,1120.0,1,1120.0
SO62520,2120,143,2013-07-20,2013-07-27,2013-08-01,2320.0,1,2320.0
SO62520,2120,144,2013-07-20,2013-07-27,2013-08-01,2320.0,1,2320.0
SO62521,14421,367,2013-07-20,2013-07-27,2013-08-01,1215.0,1,1215.0
SO62522,18203,355,2013-07-20,2013-07-27,2013-08-01,742.0,1,742.0
SO62523,14975,353,2013-07-20,2013-07-27,2013-08-01,2384.0,1,2384.0
SO62524,11723,393,2013-07-20,2013-07-27,2013-08-01,540.0,1,540.0
SO62525,15114,393,2013-07-20,2013-07-27,2013-08-01,540.0,1,540.0
SO62526,11771,393,2013-07-20,2013-07-27,2013-08-01,540.0,1,540.0
SO62527,9703,372,2013-07-20,2013-07-27,2013-08-01,1701.0,1,1701.0
SO62528,13049,172,2013-07-20,2013-07-27,2013-08-01,1120.0,1,1120.0
SO62528,13049,173,2013-07-20,2013-07-27,2013-08-01,1120.0,1,1120.0
SO62529,16812,172,2013-07-20,2013-07-27,2013-08-01,1120.0,1,1120.0
SO62529,16812,173,2013-07-20,2013-07-27,2013-08-01,1120.0,1,1120.0
SO62530,908,362,2013-07-20,2013-07-27,2013-08-01,2384.0,1,2384.0
SO62531,1894,268,2013-07-21,2013-07-28,2013-08-02,9.0,1,9.0
SO62532,5620,325,2013-07-21,2013-07-28,2013-08-02,30.0,1,30.0
SO62533,10176,326,2013-07-21,2013-07-28,2013-08-02,35.0,1,35.0
SO62534,14132,317,2013-07-21,2013-07-28,2013-08-02,5.0,1,5.0
SO62535,5710,266,2013-07-21,2013-07-28,2013-08-02,5.0,1,5.0
SO62536,8174,386,2013-07-21,2013-07-28,2013-08-02,540.0,1,540.0
SO62537,3996,383,2013-07-21,2013-07-28,2013-08-02,565.0,1,565.0
SO62538,9863,168,2013-07-21,2013-07-28,2013-08-02,2443.0,1,2443.0
SO62538,9863,169,2013-07-21,2013-07-28,2013-08-02,2443.0,1,2443.0
SO62539,17902,168,2013-07-21,2013-07-28,2013-08-02,2443.0,1,2443.0
SO62539,17902,169,2013-07-21,2013-07-28,2013-08-02,2443.0,1,2443.0
SO62540,5430,166,2013-07-21,2013-07-28,2013-08-02,2443.0,1,2443.0
SO62540,5430,167,2013-07-21,2013-07-28,2013-08-02,2443.0,1,2443.0
SO62541,5202,379,2013-07-21,2013-07-28,2013-08-02,769.0,1,769.0
SO62542,331,1,2013-07-21,2013-07-28,2013-08-02,35.0,1,35.0
SO62542,331,2,2013-07-21,2013-07-28,2013-08-02,35.0,1,35.0
SO62542,331,3,2013-07-21,2013-07-28,2013-08-02,35.0,1,35.0
SO62543,186,318,2013-07-21,2013-07-28,2013-08-02,4.0,1,4.0
SO62544,288,328,2013-07-21,2013-07-28,2013-08-02,25.0,1,25.0
SO62545,8221,327,2013-07-21,2013-07-28,2013-08-02,21.0,1,21.0
SO62546,277,330,2013-07-21,2013-07-28,2013-08-02,29.0,1,29.0
SO62547,809,324,2013-07-21,2013-07-28,2013-08-02,25.0,1,25.0
SO62548,13266,318,2013-07-21,2013-07-28,2013-08-02,4.0,1,4.0
SO62549,6349,317,2013-07-21,2013-07-28,2013-08-02,5.0,1,5.0
SO62550,1055,329,2013-07-21,2013-07-28,2013-08-02,33.0,1,33.0
SO62551,2186,329,2013-07-21,2013-07-28,2013-08-02,33.0,1,33.0
SO62552,725,325,2013-07-21,2013-07-28,2013-08-02,30.0,1,30.0
SO62553,10274,267,2013-07-21,2013-07-28,2013-08-02,10.0,1,10.0
SO62554,11984,317,2013-07-21,2013-07-28,2013-08-02,5.0,1,5.0
SO62555,2484,274,2013-07-21,2013-07-28,2013-08-02,22.0,1,22.0
SO62556,1570,317,2013-07-21,2013-07-28,2013-08-02,5.0,1,5.0
SO62557,567,330,2013-07-21,2013-07-28,2013-08-02,29.0,1,29.0
SO62558,13017,330,2013-07-21,2013-07-28,2013-08-02,29.0,1,29.0
SO62559,2536,330,2013-07-21,2013-07-28,2013-08-02,29.0,1,29.0
SO62560,331,317,2013-07-21,2013-07-28,2013-08-02,5.0,1,5.0
SO62561,3985,356,2013-07-21,2013-07-28,2013-08-02,742.0,1,742.0
SO62562,6184,365,2013-07-21,2013-07-28,2013-08-02,2384.0,1,2384.0
SO62563,14757,365,2013-07-21,2013-07-28,2013-08-02,2384.0,1,2384.0
SO62564,15975,366,2013-07-21,2013-07-28,2013-08-02,1215.0,1,1215.0
SO62565,12423,370,2013-07-21,2013-07-28,2013-08-02,1701.0,1,1701.0
SO62566,9246,162,2013-07-21,2013-07-28,2013-08-02,2443.0,1,2443.0
SO62566,9246,163,2013-07-21,2013-07-28,2013-08-02,2443.0,1,2443.0
SO62567,2620,151,2013-07-21,2013-07-28,2013-08-02,2295.0,1,2295.0
SO62567,2620,152,2013-07-21,2013-07-28,2013-08-02,2295.0,1,2295.0
SO62568,2250,352,2013-07-21,2013-07-28,2013-08-02,2384.0,1,2384.0
SO62569,14973,365,2013-07-21,2013-07-28,2013-08-02,2384.0,1,2384.0
SO62570,14979,365,2013-07-21,2013-07-28,2013-08-02,2384.0,1,2384.0
SO62571,12265,395,2013-07-21,2013-07-28,2013-08-02,540.0,1,540.0
SO62572,12269,395,2013-07-21,2013-07-28,2013-08-02,540.0,1,540.0
SO62573,11874,393,2013-07-21,2013-07-28,2013-08-02,540.0,1,540.0
SO62574,9485,176,2013-07-21,2013-07-28,2013-08-02,1120.0,1,1120.0
SO62574,9485,177,2013-07-21,2013-07-28,2013-08-02,1120.0,1,1120.0
SO62575,9400,178,2013-07-21,2013-07-28,2013-08-02,1120.0,1,1120.0
SO62575,9400,179,2013-07-21,2013-07-28,2013-08-02,1120.0,1,1120.0
SO62576,6549,372,2013-07-21,2013-07-28,2013-08-02,1701.0,1,1701.0
SO62577,13056,174,2013-07-21,2013-07-28,2013-08-02,1120.0,1,1120.0
SO62577,13056,175,2013-07-21,2013-07-28,2013-08-02,1120.0,1,1120.0
SO62578,13045,176,2013-07-21,2013-07-28,2013-08-02,1120.0,1,1120.0
SO62578,13045,177,2013-07-21,2013-07-28,2013-08-02,1120.0,1,1120.0
SO62579,13051,178,2013-07-21,2013-07-28,2013-08-02,1120.0,1,1120.0
SO62579,13051,179,2013-07-21,2013-07-28,2013-08-02,1120.0,1,1120.0
SO62580,462,362,2013-07-21,2013-07-28,2013-08-02,2384.0,1,2384.0
SO62581,903,324,2013-07-22,2013-07-29,2013-08-03,25.0,1,25.0
SO62582,8627,318,2013-07-22,2013-07-29,2013-08-03,4.0,1,4.0
SO62583,756,317,2013-07-22,2013-07-29,2013-08-03,5.0,1,5.0
SO62584,8101,269,2013-07-22,2013-07-29,2013-08-03,2.0,1,2.0
SO62585,7212,12,2013-07-22,2013-07-29,2013-08-03,9.0,1,9.0
SO62585,7212,13,2013-07-22,2013-07-29,2013-08-03,9.0,1,9.0
SO62585,7212,14,2013-07-22,2013-07-29,2013-08-03,9.0,1,9.0
SO62586,3967,384,2013-07-22,2013-07-29,2013-08-03,565.0,1,565.0
SO62587,4711,372,2013-07-22,2013-07-29,2013-08-03,1701.0,1,1701.0
SO62588,4686,151,2013-07-22,2013-07-29,2013-08-03,2295.0,1,2295.0
SO62588,4686,152,2013-07-22,2013-07-29,2013-08-03,2295.0,1,2295.0
SO62589,4115,149,2013-07-22,2013-07-29,2013-08-03,2295.0,1,2295.0
SO62589,4115,150,2013-07-22,2013-07-29,2013-08-03,2295.0,1,2295.0
SO62590,16678,327,2013-07-22,2013-07-29,2013-08-03,21.0,1,21.0
SO62591,15484,318,2013-07-22,2013-07-29,2013-08-03,4.0,1,4.0
SO62592,15272,327,2013-07-22,2013-07-29,2013-08-03,21.0,1,21.0
SO62593,201,327,2013-07-22,2013-07-29,2013-08-03,21.0,1,21.0
SO62594,14284,329,2013-07-22,2013-07-29,2013-08-03,33.0,1,33.0
SO62595,13822,329,2013-07-22,2013-07-29,2013-08-03,33.0,1,33.0
SO62596,13963,329,2013-07-22,2013-07-29,2013-08-03,33.0,1,33.0
SO62597,92,318,2013-07-22,2013-07-29,2013-08-03,4.0,1,4.0
SO62598,10422,267,2013-07-22,2013-07-29,2013-08-03,10.0,1,10.0
SO62599,10461,266,2013-07-22,2013-07-29,2013-08-03,5.0,1,5.0
SO62600,7406,266,2013-07-22,2013-07-29,2013-08-03,5.0,1,5.0
SO62601,4958,317,2013-07-22,2013-07-29,2013-08-03,5.0,1,5.0
SO62602,9071,317,2013-07-22,2013-07-29,2013-08-03,5.0,1,5.0
SO62603,4859,317,2013-07-22,2013-07-29,2013-08-03,5.0,1,5.0
SO62604,7412,274,2013-07-22,2013-07-29,2013-08-03,22.0,1,22.0
SO62605,10083,266,2013-07-22,2013-07-29,2013-08-03,5.0,1,5.0
SO62606,11305,325,2013-07-22,2013-07-29,2013-08-03,30.0,1,30.0
SO62607,16304,330,2013-07-22,2013-07-29,2013-08-03,29.0,1,29.0
SO62608,14491,319,2013-07-22,2013-07-29,2013-08-03,5.0,1,5.0
SO62609,5248,274,2013-07-22,2013-07-29,2013-08-03,22.0,1,22.0
SO62610,3505,317,2013-07-22,2013-07-29,2013-08-03,5.0,1,5.0
SO62611,2517,266,2013-07-22,2013-07-29,2013-08-03,5.0,1,5.0
SO62612,4943,274,2013-07-22,2013-07-29,2013-08-03,22.0,1,22.0
SO62613,2313,274,2013-07-22,2013-07-29,2013-08-03,22.0,1,22.0
SO62614,9528,168,2013-07-22,2013-07-29,2013-08-03,2443.0,1,2443.0
SO62614,9528,169,2013-07-22,2013-07-29,2013-08-03,2443.0,1,2443.0
SO62615,9497,168,2013-07-22,2013-07-29,2013-08-03,2443.0,1,2443.0
SO62615,9497,169,2013-07-22,2013-07-29,2013-08-03,2443.0,1,2443.0
SO62616,1442,147,2013-07-22,2013-07-29,2013-08-03,2295.0,1,2295.0
SO62616,1442,148,2013-07-22,2013-07-29,2013-08-03,2295.0,1,2295.0
SO62617,3597,145,2013-07-22,2013-07-29,2013-08-03,2320.0,1,2320.0
SO62617,3597,146,2013-07-22,2013-07-29,2013-08-03,2320.0,1,2320.0
SO62618,3573,149,2013-07-22,2013-07-29,2013-08-03,2295.0,1,2295.0
SO62618,3573,150,2013-07-22,2013-07-29,2013-08-03,2295.0,1,2295.0
SO62619,4568,147,2013-07-22,2013-07-29,2013-08-03,2295.0,1,2295.0
SO62619,4568,148,2013-07-22,2013-07-29,2013-08-03,2295.0,1,2295.0
SO62620,3395,145,2013-07-22,2013-07-29,2013-08-03,2320.0,1,2320.0
SO62620,3395,146,2013-07-22,2013-07-29,2013-08-03,2320.0,1,2320.0
SO62621,2623,147,2013-07-22,2013-07-29,2013-08-03,2295.0,1,2295.0
SO62621,2623,148,2013-07-22,2013-07-29,2013-08-03,2295.0,1,2295.0
SO62622,2632,151,2013-07-22,2013-07-29,2013-08-03,2295.0,1,2295.0
SO62622,2632,152,2013-07-22,2013-07-29,2013-08-03,2295.0,1,2295.0
SO62623,11783,373,2013-07-22,2013-07-29,2013-08-03,540.0,1,540.0
SO62624,2591,364,2013-07-22,2013-07-29,2013-08-03,2384.0,1,2384.0
SO62625,2606,362,2013-07-22,2013-07-29,2013-08-03,2384.0,1,2384.0
SO62626,893,363,2013-07-22,2013-07-29,2013-08-03,2384.0,1,2384.0
SO62627,16515,373,2013-07-22,2013-07-29,2013-08-03,540.0,1,540.0
SO62628,1928,12,2013-07-23,2013-07-30,2013-08-04,9.0,1,9.0
SO62628,1928,13,2013-07-23,2013-07-30,2013-08-04,9.0,1,9.0
SO62628,1928,14,2013-07-23,2013-07-30,2013-08-04,9.0,1,9.0
SO62629,13457,327,2013-07-23,2013-07-30,2013-08-04,21.0,1,21.0
SO62630,7307,274,2013-07-23,2013-07-30,2013-08-04,22.0,1,22.0
SO62631,14055,317,2013-07-23,2013-07-30,2013-08-04,5.0,1,5.0
SO62632,2622,264,2013-07-23,2013-07-30,2013-08-04,70.0,1,70.0
SO62633,2141,263,2013-07-23,2013-07-30,2013-08-04,70.0,1,70.0
SO62634,3017,329,2013-07-23,2013-07-30,2013-08-04,33.0,1,33.0
SO62635,3035,21,2013-07-23,2013-07-30,2013-08-04,50.0,1,50.0
SO62635,3035,22,2013-07-23,2013-07-30,2013-08-04,50.0,1,50.0
SO62635,3035,23,2013-07-23,2013-07-30,2013-08-04,50.0,1,50.0
SO62636,3073,21,2013-07-23,2013-07-30,2013-08-04,50.0,1,50.0
SO62636,3073,22,2013-07-23,2013-07-30,2013-08-04,50.0,1,50.0
SO62636,3073,23,2013-07-23,2013-07-30,2013-08-04,50.0,1,50.0
SO62637,4021,12,2013-07-23,2013-07-30,2013-08-04,9.0,1,9.0
SO62637,4021,13,2013-07-23,2013-07-30,2013-08-04,9.0,1,9.0
SO62637,4021,14,2013-07-23,2013-07-30,2013-08-04,9.0,1,9.0
SO62638,10670,370,2013-07-23,2013-07-30,2013-08-04,1701.0,1,1701.0
SO62639,3966,389,2013-07-23,2013-07-30,2013-08-04,540.0,1,540.0
SO62640,14493,371,2013-07-23,2013-07-30,2013-08-04,1701.0,1,1701.0
SO62641,4929,145,2013-07-23,2013-07-30,2013-08-04,2320.0,1,2320.0
SO62641,4929,146,2013-07-23,2013-07-30,2013-08-04,2320.0,1,2320.0
SO62642,4692,141,2013-07-23,2013-07-30,2013-08-04,2320.0,1,2320.0
SO62642,4692,142,2013-07-23,2013-07-30,2013-08-04,2320.0,1,2320.0
SO62643,1986,12,2013-07-23,2013-07-30,2013-08-04,9.0,1,9.0
SO62643,1986,13,2013-07-23,2013-07-30,2013-08-04,9.0,1,9.0
SO62643,1986,14,2013-07-23,2013-07-30,2013-08-04,9.0,1,9.0
SO62644,17985,328,2013-07-23,2013-07-30,2013-08-04,25.0,1,25.0
SO62645,17060,319,2013-07-23,2013-07-30,2013-08-04,5.0,1,5.0
SO62646,17578,319,2013-07-23,2013-07-30,2013-08-04,5.0,1,5.0
SO62647,13291,329,2013-07-23,2013-07-30,2013-08-04,33.0,1,33.0
SO62648,11270,325,2013-07-23,2013-07-30,2013-08-04,30.0,1,30.0
SO62649,17641,263,2013-07-23,2013-07-30,2013-08-04,70.0,1,70.0
SO62650,6531,266,2013-07-23,2013-07-30,2013-08-04,5.0,1,5.0
SO62651,4509,317,2013-07-23,2013-07-30,2013-08-04,5.0,1,5.0
SO62652,12285,317,2013-07-23,2013-07-30,2013-08-04,5.0,1,5.0
SO62653,6195,274,2013-07-23,2013-07-30,2013-08-04,22.0,1,22.0
SO62654,4091,317,2013-07-23,2013-07-30,2013-08-04,5.0,1,5.0
SO62655,9805,328,2013-07-23,2013-07-30,2013-08-04,25.0,1,25.0
SO62656,10080,317,2013-07-23,2013-07-30,2013-08-04,5.0,1,5.0
SO62657,6708,324,2013-07-23,2013-07-30,2013-08-04,25.0,1,25.0
SO62658,8515,325,2013-07-23,2013-07-30,2013-08-04,30.0,1,30.0
SO62659,20,326,2013-07-23,2013-07-30,2013-08-04,35.0,1,35.0
SO62660,1137,326,2013-07-23,2013-07-30,2013-08-04,35.0,1,35.0
SO62661,2921,317,2013-07-23,2013-07-30,2013-08-04,5.0,1,5.0
SO62662,5951,274,2013-07-23,2013-07-30,2013-08-04,22.0,1,22.0
SO62663,3511,149,2013-07-23,2013-07-30,2013-08-04,2295.0,1,2295.0
SO62663,3511,150,2013-07-23,2013-07-30,2013-08-04,2295.0,1,2295.0
SO62664,3586,147,2013-07-23,2013-07-30,2013-08-04,2295.0,1,2295.0
SO62664,3586,148,2013-07-23,2013-07-30,2013-08-04,2295.0,1,2295.0
SO62665,1903,141,2013-07-23,2013-07-30,2013-08-04,2320.0,1,2320.0
SO62665,1903,142,2013-07-23,2013-07-30,2013-08-04,2320.0,1,2320.0
SO62666,3449,151,2013-07-23,2013-07-30,2013-08-04,2295.0,1,2295.0
SO62666,3449,152,2013-07-23,2013-07-30,2013-08-04,2295.0,1,2295.0
SO62667,3422,141,2013-07-23,2013-07-30,2013-08-04,2320.0,1,2320.0
SO62667,3422,142,2013-07-23,2013-07-30,2013-08-04,2320.0,1,2320.0
SO62668,345,350,2013-07-23,2013-07-30,2013-08-04,2384.0,1,2384.0
SO62669,6192,353,2013-07-23,2013-07-30,2013-08-04,2384.0,1,2384.0
SO62670,9265,369,2013-07-23,2013-07-30,2013-08-04,1701.0,1,1701.0
SO62671,9445,168,2013-07-23,2013-07-30,2013-08-04,2443.0,1,2443.0
SO62671,9445,169,2013-07-23,2013-07-30,2013-08-04,2443.0,1,2443.0
SO62672,9446,160,2013-07-23,2013-07-30,2013-08-04,2443.0,1,2443.0
SO62672,9446,161,2013-07-23,2013-07-30,2013-08-04,2443.0,1,2443.0
SO62673,6353,168,2013-07-23,2013-07-30,2013-08-04,2443.0,1,2443.0
SO62673,6353,169,2013-07-23,2013-07-30,2013-08-04,2443.0,1,2443.0
SO62674,9611,166,2013-07-23,2013-07-30,2013-08-04,2443.0,1,2443.0
SO62674,9611,167,2013-07-23,2013-07-30,2013-08-04,2443.0,1,2443.0
SO62675,14215,170,2013-07-23,2013-07-30,2013-08-04,1120.0,1,1120.0
SO62675,14215,171,2013-07-23,2013-07-30,2013-08-04,1120.0,1,1120.0
SO62676,2115,151,2013-07-23,2013-07-30,2013-08-04,2295.0,1,2295.0
SO62676,2115,152,2013-07-23,2013-07-30,2013-08-04,2295.0,1,2295.0
SO62677,2634,147,2013-07-23,2013-07-30,2013-08-04,2295.0,1,2295.0
SO62677,2634,148,2013-07-23,2013-07-30,2013-08-04,2295.0,1,2295.0
SO62678,2140,149,2013-07-23,2013-07-30,2013-08-04,2295.0,1,2295.0
SO62678,2140,150,2013-07-23,2013-07-30,2013-08-04,2295.0,1,2295.0
SO62679,14437,349,2013-07-23,2013-07-30,2013-08-04,1215.0,1,1215.0
SO62680,18169,374,2013-07-23,2013-07-30,2013-08-04,742.0,1,742.0
SO62681,13686,364,2013-07-23,2013-07-30,2013-08-04,2384.0,1,2384.0
SO62682,15058,352,2013-07-23,2013-07-30,2013-08-04,2384.0,1,2384.0
SO62683,1155,350,2013-07-23,2013-07-30,2013-08-04,2384.0,1,2384.0
SO62684,11865,393,2013-07-23,2013-07-30,2013-08-04,540.0,1,540.0
SO62685,5874,373,2013-07-23,2013-07-30,2013-08-04,540.0,1,540.0
SO62686,9402,178,2013-07-23,2013-07-30,2013-08-04,1120.0,1,1120.0
SO62686,9402,179,2013-07-23,2013-07-30,2013-08-04,1120.0,1,1120.0
SO62687,6562,370,2013-07-23,2013-07-30,2013-08-04,1701.0,1,1701.0
SO62688,13055,176,2013-07-23,2013-07-30,2013-08-04,1120.0,1,1120.0
SO62688,13055,177,2013-07-23,2013-07-30,2013-08-04,1120.0,1,1120.0
SO62689,15993,393,2013-07-23,2013-07-30,2013-08-04,540.0,1,540.0
SO62690,11472,393,2013-07-23,2013-07-30,2013-08-04,540.0,1,540.0
SO62691,899,363,2013-07-23,2013-07-30,2013-08-04,2384.0,1,2384.0
SO62692,3349,379,2013-07-23,2013-07-30,2013-08-04,769.0,1,769.0
SO62693,894,364,2013-07-23,2013-07-30,2013-08-04,2384.0,1,2384.0
SO62694,12326,373,2013-07-23,2013-07-30,2013-08-04,540.0,1,540.0
SO62695,772,9,2013-07-24,2013-07-31,2013-08-05,35.0,1,35.0
SO62695,772,10,2013-07-24,2013-07-31,2013-08-05,35.0,1,35.0
SO62695,772,11,2013-07-24,2013-07-31,2013-08-05,35.0,1,35.0
SO62696,2045,324,2013-07-24,2013-07-31,2013-08-05,25.0,1,25.0
SO62697,8105,274,2013-07-24,2013-07-31,2013-08-05,22.0,1,22.0
SO62698,18339,266,2013-07-24,2013-07-31,2013-08-05,5.0,1,5.0
SO62699,12346,266,2013-07-24,2013-07-31,2013-08-05,5.0,1,5.0
SO62700,115,267,2013-07-24,2013-07-31,2013-08-05,10.0,1,10.0
SO62701,6890,381,2013-07-24,2013-07-31,2013-08-05,565.0,1,565.0
SO62702,2406,168,2013-07-24,2013-07-31,2013-08-05,2443.0,1,2443.0
SO62702,2406,169,2013-07-24,2013-07-31,2013-08-05,2443.0,1,2443.0
SO62703,4694,151,2013-07-24,2013-07-31,2013-08-05,2295.0,1,2295.0
SO62703,4694,152,2013-07-24,2013-07-31,2013-08-05,2295.0,1,2295.0
SO62704,721,277,2013-07-24,2013-07-31,2013-08-05,54.0,1,54.0
SO62705,158,318,2013-07-24,2013-07-31,2013-08-05,4.0,1,4.0
SO62706,18201,318,2013-07-24,2013-07-31,2013-08-05,4.0,1,4.0
SO62707,17009,319,2013-07-24,2013-07-31,2013-08-05,5.0,1,5.0
SO62708,14932,324,2013-07-24,2013-07-31,2013-08-05,25.0,1,25.0
SO62709,16431,318,2013-07-24,2013-07-31,2013-08-05,4.0,1,4.0
SO62710,501,325,2013-07-24,2013-07-31,2013-08-05,30.0,1,30.0
SO62711,10805,266,2013-07-24,2013-07-31,2013-08-05,5.0,1,5.0
SO62712,11862,325,2013-07-24,2013-07-31,2013-08-05,30.0,1,30.0
SO62713,8889,265,2013-07-24,2013-07-31,2013-08-05,70.0,1,70.0
SO62714,9108,265,2013-07-24,2013-07-31,2013-08-05,70.0,1,70.0
SO62715,2424,266,2013-07-24,2013-07-31,2013-08-05,5.0,1,5.0
SO62716,7664,12,2013-07-24,2013-07-31,2013-08-05,9.0,1,9.0
SO62716,7664,13,2013-07-24,2013-07-31,2013-08-05,9.0,1,9.0
SO62716,7664,14,2013-07-24,2013-07-31,2013-08-05,9.0,1,9.0
SO62717,18268,266,2013-07-24,2013-07-31,2013-08-05,5.0,1,5.0
SO62718,5653,317,2013-07-24,2013-07-31,2013-08-05,5.0,1,5.0
SO62719,3564,317,2013-07-24,2013-07-31,2013-08-05,5.0,1,5.0
SO62720,2875,274,2013-07-24,2013-07-31,2013-08-05,22.0,1,22.0
SO62721,2382,274,2013-07-24,2013-07-31,2013-08-05,22.0,1,22.0
SO62722,9725,328,2013-07-24,2013-07-31,2013-08-05,25.0,1,25.0
SO62723,6992,324,2013-07-24,2013-07-31,2013-08-05,25.0,1,25.0
SO62724,17723,263,2013-07-24,2013-07-31,2013-08-05,70.0,1,70.0
SO62725,12627,318,2013-07-24,2013-07-31,2013-08-05,4.0,1,4.0
SO62726,16823,327,2013-07-24,2013-07-31,2013-08-05,21.0,1,21.0
SO62727,10848,318,2013-07-24,2013-07-31,2013-08-05,4.0,1,4.0
SO62728,16786,318,2013-07-24,2013-07-31,2013-08-05,4.0,1,4.0
SO62729,13129,318,2013-07-24,2013-07-31,2013-08-05,4.0,1,4.0
SO62730,15894,319,2013-07-24,2013-07-31,2013-08-05,5.0,1,5.0
SO62731,659,326,2013-07-24,2013-07-31,2013-08-05,35.0,1,35.0
SO62732,643,326,2013-07-24,2013-07-31,2013-08-05,35.0,1,35.0
SO62733,1516,12,2013-07-24,2013-07-31,2013-08-05,9.0,1,9.0
SO62733,1516,13,2013-07-24,2013-07-31,2013-08-05,9.0,1,9.0
SO62733,1516,14,2013-07-24,2013-07-31,2013-08-05,9.0,1,9.0
SO62734,1747,266,2013-07-24,2013-07-31,2013-08-05,5.0,1,5.0
SO62735,3454,141,2013-07-24,2013-07-31,2013-08-05,2320.0,1,2320.0
SO62735,3454,142,2013-07-24,2013-07-31,2013-08-05,2320.0,1,2320.0
SO62736,3474,147,2013-07-24,2013-07-31,2013-08-05,2295.0,1,2295.0
SO62736,3474,148,2013-07-24,2013-07-31,2013-08-05,2295.0,1,2295.0
SO62737,344,364,2013-07-24,2013-07-31,2013-08-05,2384.0,1,2384.0
SO62738,9250,371,2013-07-24,2013-07-31,2013-08-05,1701.0,1,1701.0
SO62739,31,143,2013-07-24,2013-07-31,2013-08-05,2320.0,1,2320.0
SO62739,31,144,2013-07-24,2013-07-31,2013-08-05,2320.0,1,2320.0
SO62740,2344,353,2013-07-24,2013-07-31,2013-08-05,2384.0,1,2384.0
SO62741,14925,352,2013-07-24,2013-07-31,2013-08-05,2384.0,1,2384.0
SO62742,14977,350,2013-07-24,2013-07-31,2013-08-05,2384.0,1,2384.0
SO62743,11872,395,2013-07-24,2013-07-31,2013-08-05,540.0,1,540.0
SO62744,11299,395,2013-07-24,2013-07-31,2013-08-05,540.0,1,540.0
SO62745,5221,393,2013-07-24,2013-07-31,2013-08-05,540.0,1,540.0
SO62746,8885,170,2013-07-24,2013-07-31,2013-08-05,1120.0,1,1120.0
SO62746,8885,171,2013-07-24,2013-07-31,2013-08-05,1120.0,1,1120.0
SO62747,9062,174,2013-07-24,2013-07-31,2013-08-05,1120.0,1,1120.0
SO62747,9062,175,2013-07-24,2013-07-31,2013-08-05,1120.0,1,1120.0
SO62748,15893,394,2013-07-24,2013-07-31,2013-08-05,540.0,1,540.0
SO62749,18082,357,2013-07-24,2013-07-31,2013-08-05,742.0,1,742.0
SO62750,98,351,2013-07-24,2013-07-31,2013-08-05,2384.0,1,2384.0
SO62751,933,1,2013-07-25,2013-08-01,2013-08-06,35.0,1,35.0
SO62751,933,2,2013-07-25,2013-08-01,2013-08-06,35.0,1,35.0
SO62751,933,3,2013-07-25,2013-08-01,2013-08-06,35.0,1,35.0
SO62752,4242,328,2013-07-25,2013-08-01,2013-08-06,25.0,1,25.0
SO62753,3009,318,2013-07-25,2013-08-01,2013-08-06,4.0,1,4.0
SO62754,5633,325,2013-07-25,2013-08-01,2013-08-06,30.0,1,30.0
SO62755,7706,274,2013-07-25,2013-08-01,2013-08-06,22.0,1,22.0
SO62756,5710,274,2013-07-25,2013-08-01,2013-08-06,22.0,1,22.0
SO62757,11857,266,2013-07-25,2013-08-01,2013-08-06,5.0,1,5.0
SO62758,3232,12,2013-07-25,2013-08-01,2013-08-06,9.0,1,9.0
SO62758,3232,13,2013-07-25,2013-08-01,2013-08-06,9.0,1,9.0
SO62758,3232,14,2013-07-25,2013-08-01,2013-08-06,9.0,1,9.0
SO62759,459,273,2013-07-25,2013-08-01,2013-08-06,8.0,1,8.0
SO62760,7300,269,2013-07-25,2013-08-01,2013-08-06,2.0,1,2.0
SO62761,10061,372,2013-07-25,2013-08-01,2013-08-06,1701.0,1,1701.0
SO62762,6828,372,2013-07-25,2013-08-01,2013-08-06,1701.0,1,1701.0
SO62763,6831,372,2013-07-25,2013-08-01,2013-08-06,1701.0,1,1701.0
SO62764,6929,371,2013-07-25,2013-08-01,2013-08-06,1701.0,1,1701.0
SO62765,13866,160,2013-07-25,2013-08-01,2013-08-06,2443.0,1,2443.0
SO62765,13866,161,2013-07-25,2013-08-01,2013-08-06,2443.0,1,2443.0
SO62766,3142,376,2013-07-25,2013-08-01,2013-08-06,769.0,1,769.0
SO62767,1874,143,2013-07-25,2013-08-01,2013-08-06,2320.0,1,2320.0
SO62767,1874,144,2013-07-25,2013-08-01,2013-08-06,2320.0,1,2320.0
SO62768,1379,147,2013-07-25,2013-08-01,2013-08-06,2295.0,1,2295.0
SO62768,1379,148,2013-07-25,2013-08-01,2013-08-06,2295.0,1,2295.0
SO62769,1861,149,2013-07-25,2013-08-01,2013-08-06,2295.0,1,2295.0
SO62769,1861,150,2013-07-25,2013-08-01,2013-08-06,2295.0,1,2295.0
SO62770,175,318,2013-07-25,2013-08-01,2013-08-06,4.0,1,4.0
SO62771,18350,318,2013-07-25,2013-08-01,2013-08-06,4.0,1,4.0
SO62772,18000,319,2013-07-25,2013-08-01,2013-08-06,5.0,1,5.0
SO62773,16036,319,2013-07-25,2013-08-01,2013-08-06,5.0,1,5.0
SO62774,15801,330,2013-07-25,2013-08-01,2013-08-06,29.0,1,29.0
SO62775,332,324,2013-07-25,2013-08-01,2013-08-06,25.0,1,25.0
SO62776,15049,324,2013-07-25,2013-08-01,2013-08-06,25.0,1,25.0
SO62777,13767,329,2013-07-25,2013-08-01,2013-08-06,33.0,1,33.0
SO62778,224,324,2013-07-25,2013-08-01,2013-08-06,25.0,1,25.0
SO62779,13746,324,2013-07-25,2013-08-01,2013-08-06,25.0,1,25.0
SO62780,10637,267,2013-07-25,2013-08-01,2013-08-06,10.0,1,10.0
SO62781,4537,267,2013-07-25,2013-08-01,2013-08-06,10.0,1,10.0
SO62782,14017,266,2013-07-25,2013-08-01,2013-08-06,5.0,1,5.0
SO62783,15271,266,2013-07-25,2013-08-01,2013-08-06,5.0,1,5.0
SO62784,14210,266,2013-07-25,2013-08-01,2013-08-06,5.0,1,5.0
SO62785,15475,266,2013-07-25,2013-08-01,2013-08-06,5.0,1,5.0
SO62786,3098,274,2013-07-25,2013-08-01,2013-08-06,22.0,1,22.0
SO62787,5587,326,2013-07-25,2013-08-01,2013-08-06,35.0,1,35.0
SO62788,4046,253,2013-07-25,2013-08-01,2013-08-06,24.0,1,24.0
SO62788,4046,254,2013-07-25,2013-08-01,2013-08-06,24.0,1,24.0
SO62789,4099,318,2013-07-25,2013-08-01,2013-08-06,4.0,1,4.0
SO62790,3153,274,2013-07-25,2013-08-01,2013-08-06,22.0,1,22.0
SO62791,14314,318,2013-07-25,2013-08-01,2013-08-06,4.0,1,4.0
SO62792,14475,318,2013-07-25,2013-08-01,2013-08-06,4.0,1,4.0
SO62793,11689,318,2013-07-25,2013-08-01,2013-08-06,4.0,1,4.0
SO62794,11562,327,2013-07-25,2013-08-01,2013-08-06,21.0,1,21.0
SO62795,673,253,2013-07-25,2013-08-01,2013-08-06,24.0,1,24.0
SO62795,673,254,2013-07-25,2013-08-01,2013-08-06,24.0,1,24.0
SO62796,647,326,2013-07-25,2013-08-01,2013-08-06,35.0,1,35.0
SO62797,2269,326,2013-07-25,2013-08-01,2013-08-06,35.0,1,35.0
SO62798,825,326,2013-07-25,2013-08-01,2013-08-06,35.0,1,35.0
SO62799,3371,326,2013-07-25,2013-08-01,2013-08-06,35.0,1,35.0
SO62800,5381,274,2013-07-25,2013-08-01,2013-08-06,22.0,1,22.0
SO62801,8663,274,2013-07-25,2013-08-01,2013-08-06,22.0,1,22.0
SO62802,8738,384,2013-07-25,2013-08-01,2013-08-06,565.0,1,565.0
SO62803,11129,388,2013-07-25,2013-08-01,2013-08-06,540.0,1,540.0
SO62804,1095,141,2013-07-25,2013-08-01,2013-08-06,2320.0,1,2320.0
SO62804,1095,142,2013-07-25,2013-08-01,2013-08-06,2320.0,1,2320.0
SO62805,1076,145,2013-07-25,2013-08-01,2013-08-06,2320.0,1,2320.0
SO62805,1076,146,2013-07-25,2013-08-01,2013-08-06,2320.0,1,2320.0
SO62806,9248,168,2013-07-25,2013-08-01,2013-08-06,2443.0,1,2443.0
SO62806,9248,169,2013-07-25,2013-08-01,2013-08-06,2443.0,1,2443.0
SO62807,1253,387,2013-07-25,2013-08-01,2013-08-06,540.0,1,540.0
SO62808,2959,143,2013-07-25,2013-08-01,2013-08-06,2320.0,1,2320.0
SO62808,2959,144,2013-07-25,2013-08-01,2013-08-06,2320.0,1,2320.0
SO62809,2644,145,2013-07-25,2013-08-01,2013-08-06,2320.0,1,2320.0
SO62809,2644,146,2013-07-25,2013-08-01,2013-08-06,2320.0,1,2320.0
SO62810,11791,373,2013-07-25,2013-08-01,2013-08-06,540.0,1,540.0
SO62811,9685,369,2013-07-25,2013-08-01,2013-08-06,1701.0,1,1701.0
SO62812,13070,174,2013-07-25,2013-08-01,2013-08-06,1120.0,1,1120.0
SO62812,13070,175,2013-07-25,2013-08-01,2013-08-06,1120.0,1,1120.0
SO62813,481,395,2013-07-25,2013-08-01,2013-08-06,540.0,1,540.0
SO62814,11686,394,2013-07-25,2013-08-01,2013-08-06,540.0,1,540.0
SO62815,896,364,2013-07-25,2013-08-01,2013-08-06,2384.0,1,2384.0
SO62816,3301,374,2013-07-25,2013-08-01,2013-08-06,742.0,1,742.0
SO62817,18081,374,2013-07-25,2013-08-01,2013-08-06,742.0,1,742.0
SO62818,463,363,2013-07-25,2013-08-01,2013-08-06,2384.0,1,2384.0
SO62819,16512,373,2013-07-25,2013-08-01,2013-08-06,540.0,1,540.0
SO62820,13383,327,2013-07-26,2013-08-02,2013-08-07,21.0,1,21.0
SO62821,14111,317,2013-07-26,2013-08-02,2013-08-07,5.0,1,5.0
SO62822,754,267,2013-07-26,2013-08-02,2013-08-07,10.0,1,10.0
SO62823,2984,4,2013-07-26,2013-08-02,2013-08-07,35.0,1,35.0
SO62823,2984,5,2013-07-26,2013-08-02,2013-08-07,35.0,1,35.0
SO62823,2984,6,2013-07-26,2013-08-02,2013-08-07,35.0,1,35.0
SO62824,3234,24,2013-07-26,2013-08-02,2013-08-07,50.0,1,50.0
SO62824,3234,25,2013-07-26,2013-08-02,2013-08-07,50.0,1,50.0
SO62824,3234,26,2013-07-26,2013-08-02,2013-08-07,50.0,1,50.0
SO62825,5443,160,2013-07-26,2013-08-02,2013-08-07,2443.0,1,2443.0
SO62825,5443,161,2013-07-26,2013-08-02,2013-08-07,2443.0,1,2443.0
SO62826,4626,145,2013-07-26,2013-08-02,2013-08-07,2320.0,1,2320.0
SO62826,4626,146,2013-07-26,2013-08-02,2013-08-07,2320.0,1,2320.0
SO62827,2558,147,2013-07-26,2013-08-02,2013-08-07,2295.0,1,2295.0
SO62827,2558,148,2013-07-26,2013-08-02,2013-08-07,2295.0,1,2295.0
SO62828,4624,143,2013-07-26,2013-08-02,2013-08-07,2320.0,1,2320.0
SO62828,4624,144,2013-07-26,2013-08-02,2013-08-07,2320.0,1,2320.0
SO62829,521,278,2013-07-26,2013-08-02,2013-08-07,54.0,1,54.0
SO62830,25,318,2013-07-26,2013-08-02,2013-08-07,4.0,1,4.0
SO62831,620,328,2013-07-26,2013-08-02,2013-08-07,25.0,1,25.0
SO62832,17237,327,2013-07-26,2013-08-02,2013-08-07,21.0,1,21.0
SO62833,15637,330,2013-07-26,2013-08-02,2013-08-07,29.0,1,29.0
SO62834,277,327,2013-07-26,2013-08-02,2013-08-07,21.0,1,21.0
SO62835,16291,330,2013-07-26,2013-08-02,2013-08-07,29.0,1,29.0
SO62836,14895,324,2013-07-26,2013-08-02,2013-08-07,25.0,1,25.0
SO62837,13313,329,2013-07-26,2013-08-02,2013-08-07,33.0,1,33.0
SO62838,12492,325,2013-07-26,2013-08-02,2013-08-07,30.0,1,30.0
SO62839,7659,266,2013-07-26,2013-08-02,2013-08-07,5.0,1,5.0
SO62840,6838,324,2013-07-26,2013-08-02,2013-08-07,25.0,1,25.0
SO62841,6759,324,2013-07-26,2013-08-02,2013-08-07,25.0,1,25.0
SO62842,8063,317,2013-07-26,2013-08-02,2013-08-07,5.0,1,5.0
SO62843,10837,266,2013-07-26,2013-08-02,2013-08-07,5.0,1,5.0
SO62844,14782,266,2013-07-26,2013-08-02,2013-08-07,5.0,1,5.0
SO62845,13564,318,2013-07-26,2013-08-02,2013-08-07,4.0,1,4.0
SO62846,6711,319,2013-07-26,2013-08-02,2013-08-07,5.0,1,5.0
SO62847,5667,274,2013-07-26,2013-08-02,2013-08-07,22.0,1,22.0
SO62848,2229,274,2013-07-26,2013-08-02,2013-08-07,22.0,1,22.0
SO62849,2298,274,2013-07-26,2013-08-02,2013-08-07,22.0,1,22.0
SO62850,1068,326,2013-07-26,2013-08-02,2013-08-07,35.0,1,35.0
SO62851,3635,378,2013-07-26,2013-08-02,2013-08-07,769.0,1,769.0
SO62852,3611,377,2013-07-26,2013-08-02,2013-08-07,769.0,1,769.0
SO62853,11119,381,2013-07-26,2013-08-02,2013-08-07,565.0,1,565.0
SO62854,4024,147,2013-07-26,2013-08-02,2013-08-07,2295.0,1,2295.0
SO62854,4024,148,2013-07-26,2013-08-02,2013-08-07,2295.0,1,2295.0
SO62855,3458,145,2013-07-26,2013-08-02,2013-08-07,2320.0,1,2320.0
SO62855,3458,146,2013-07-26,2013-08-02,2013-08-07,2320.0,1,2320.0
SO62856,3439,147,2013-07-26,2013-08-02,2013-08-07,2295.0,1,2295.0
SO62856,3439,148,2013-07-26,2013-08-02,2013-08-07,2295.0,1,2295.0
SO62857,1028,141,2013-07-26,2013-08-02,2013-08-07,2320.0,1,2320.0
SO62857,1028,142,2013-07-26,2013-08-02,2013-08-07,2320.0,1,2320.0
SO62858,1031,143,2013-07-26,2013-08-02,2013-08-07,2320.0,1,2320.0
SO62858,1031,144,2013-07-26,2013-08-02,2013-08-07,2320.0,1,2320.0
SO62859,9431,164,2013-07-26,2013-08-02,2013-08-07,2443.0,1,2443.0
SO62859,9431,165,2013-07-26,2013-08-02,2013-08-07,2443.0,1,2443.0
SO62860,9448,168,2013-07-26,2013-08-02,2013-08-07,2443.0,1,2443.0
SO62860,9448,169,2013-07-26,2013-08-02,2013-08-07,2443.0,1,2443.0
SO62861,9254,164,2013-07-26,2013-08-02,2013-08-07,2443.0,1,2443.0
SO62861,9254,165,2013-07-26,2013-08-02,2013-08-07,2443.0,1,2443.0
SO62862,13479,176,2013-07-26,2013-08-02,2013-08-07,1120.0,1,1120.0
SO62862,13479,177,2013-07-26,2013-08-02,2013-08-07,1120.0,1,1120.0
SO62863,5162,385,2013-07-26,2013-08-02,2013-08-07,540.0,1,540.0
SO62864,2161,141,2013-07-26,2013-08-02,2013-08-07,2320.0,1,2320.0
SO62864,2161,142,2013-07-26,2013-08-02,2013-08-07,2320.0,1,2320.0
SO62865,2639,147,2013-07-26,2013-08-02,2013-08-07,2295.0,1,2295.0
SO62865,2639,148,2013-07-26,2013-08-02,2013-08-07,2295.0,1,2295.0
SO62866,14864,367,2013-07-26,2013-08-02,2013-08-07,1215.0,1,1215.0
SO62867,1711,351,2013-07-26,2013-08-02,2013-08-07,2384.0,1,2384.0
SO62868,8705,170,2013-07-26,2013-08-02,2013-08-07,1120.0,1,1120.0
SO62868,8705,171,2013-07-26,2013-08-02,2013-08-07,1120.0,1,1120.0
SO62869,17377,170,2013-07-26,2013-08-02,2013-08-07,1120.0,1,1120.0
SO62869,17377,171,2013-07-26,2013-08-02,2013-08-07,1120.0,1,1120.0
SO62870,15950,395,2013-07-26,2013-08-02,2013-08-07,540.0,1,540.0
SO62871,3187,351,2013-07-26,2013-08-02,2013-08-07,2384.0,1,2384.0
SO62872,2585,350,2013-07-26,2013-08-02,2013-08-07,2384.0,1,2384.0
SO62873,766,353,2013-07-26,2013-08-02,2013-08-07,2384.0,1,2384.0
SO62874,12099,393,2013-07-26,2013-08-02,2013-08-07,540.0,1,540.0
SO62875,224,268,2013-07-27,2013-08-03,2013-08-08,9.0,1,9.0
SO62876,301,9,2013-07-27,2013-08-03,2013-08-08,35.0,1,35.0
SO62876,301,10,2013-07-27,2013-08-03,2013-08-08,35.0,1,35.0
SO62876,301,11,2013-07-27,2013-08-03,2013-08-08,35.0,1,35.0
SO62877,17592,1,2013-07-27,2013-08-03,2013-08-08,35.0,1,35.0
SO62877,17592,2,2013-07-27,2013-08-03,2013-08-08,35.0,1,35.0
SO62877,17592,3,2013-07-27,2013-08-03,2013-08-08,35.0,1,35.0
SO62878,4133,318,2013-07-27,2013-08-03,2013-08-08,4.0,1,4.0
SO62879,4124,328,2013-07-27,2013-08-03,2013-08-08,25.0,1,25.0
SO62880,6237,325,2013-07-27,2013-08-03,2013-08-08,30.0,1,30.0
SO62881,10891,317,2013-07-27,2013-08-03,2013-08-08,5.0,1,5.0
SO62882,11923,266,2013-07-27,2013-08-03,2013-08-08,5.0,1,5.0
SO62883,2160,265,2013-07-27,2013-08-03,2013-08-08,70.0,1,70.0
SO62884,14826,317,2013-07-27,2013-08-03,2013-08-08,5.0,1,5.0
SO62885,13054,164,2013-07-27,2013-08-03,2013-08-08,2443.0,1,2443.0
SO62885,13054,165,2013-07-27,2013-08-03,2013-08-08,2443.0,1,2443.0
SO62886,1220,141,2013-07-27,2013-08-03,2013-08-08,2320.0,1,2320.0
SO62886,1220,142,2013-07-27,2013-08-03,2013-08-08,2320.0,1,2320.0
SO62887,4085,141,2013-07-27,2013-08-03,2013-08-08,2320.0,1,2320.0
SO62887,4085,142,2013-07-27,2013-08-03,2013-08-08,2320.0,1,2320.0
SO62888,621,269,2013-07-27,2013-08-03,2013-08-08,2.0,1,2.0
SO62889,508,24,2013-07-27,2013-08-03,2013-08-08,50.0,1,50.0
SO62889,508,25,2013-07-27,2013-08-03,2013-08-08,50.0,1,50.0
SO62889,508,26,2013-07-27,2013-08-03,2013-08-08,50.0,1,50.0
SO62890,849,24,2013-07-27,2013-08-03,2013-08-08,50.0,1,50.0
SO62890,849,25,2013-07-27,2013-08-03,2013-08-08,50.0,1,50.0
SO62890,849,26,2013-07-27,2013-08-03,2013-08-08,50.0,1,50.0
SO62891,17995,328,2013-07-27,2013-08-03,2013-08-08,25.0,1,25.0
SO62892,16205,319,2013-07-27,2013-08-03,2013-08-08,5.0,1,5.0
SO62893,15455,324,2013-07-27,2013-08-03,2013-08-08,25.0,1,25.0
SO62894,15804,330,2013-07-27,2013-08-03,2013-08-08,29.0,1,29.0
SO62895,14957,324,2013-07-27,2013-08-03,2013-08-08,25.0,1,25.0
SO62896,301,317,2013-07-27,2013-08-03,2013-08-08,5.0,1,5.0
SO62897,13228,317,2013-07-27,2013-08-03,2013-08-08,5.0,1,5.0
SO62898,11361,325,2013-07-27,2013-08-03,2013-08-08,30.0,1,30.0
SO62899,11238,325,2013-07-27,2013-08-03,2013-08-08,30.0,1,30.0
SO62900,8695,265,2013-07-27,2013-08-03,2013-08-08,70.0,1,70.0
SO62901,1183,266,2013-07-27,2013-08-03,2013-08-08,5.0,1,5.0
SO62902,5645,266,2013-07-27,2013-08-03,2013-08-08,5.0,1,5.0
SO62903,4774,317,2013-07-27,2013-08-03,2013-08-08,5.0,1,5.0
SO62904,3001,274,2013-07-27,2013-08-03,2013-08-08,22.0,1,22.0
SO62905,3036,274,2013-07-27,2013-08-03,2013-08-08,22.0,1,22.0
SO62906,6854,317,2013-07-27,2013-08-03,2013-08-08,5.0,1,5.0
SO62907,9583,328,2013-07-27,2013-08-03,2013-08-08,25.0,1,25.0
SO62908,2665,267,2013-07-27,2013-08-03,2013-08-08,10.0,1,10.0
SO62909,10822,266,2013-07-27,2013-08-03,2013-08-08,5.0,1,5.0
SO62910,7008,318,2013-07-27,2013-08-03,2013-08-08,4.0,1,4.0
SO62911,5322,319,2013-07-27,2013-08-03,2013-08-08,5.0,1,5.0
SO62912,1555,330,2013-07-27,2013-08-03,2013-08-08,29.0,1,29.0
SO62913,3529,319,2013-07-27,2013-08-03,2013-08-08,5.0,1,5.0
SO62914,6088,319,2013-07-27,2013-08-03,2013-08-08,5.0,1,5.0
SO62915,286,317,2013-07-27,2013-08-03,2013-08-08,5.0,1,5.0
SO62916,230,326,2013-07-27,2013-08-03,2013-08-08,35.0,1,35.0
SO62917,206,326,2013-07-27,2013-08-03,2013-08-08,35.0,1,35.0
SO62918,730,326,2013-07-27,2013-08-03,2013-08-08,35.0,1,35.0
SO62919,1196,326,2013-07-27,2013-08-03,2013-08-08,35.0,1,35.0
SO62920,1546,18,2013-07-27,2013-08-03,2013-08-08,50.0,1,50.0
SO62920,1546,19,2013-07-27,2013-08-03,2013-08-08,50.0,1,50.0
SO62920,1546,20,2013-07-27,2013-08-03,2013-08-08,50.0,1,50.0
SO62921,574,1,2013-07-27,2013-08-03,2013-08-08,35.0,1,35.0
SO62921,574,2,2013-07-27,2013-08-03,2013-08-08,35.0,1,35.0
SO62921,574,3,2013-07-27,2013-08-03,2013-08-08,35.0,1,35.0
SO62922,3641,379,2013-07-27,2013-08-03,2013-08-08,769.0,1,769.0
SO62923,1111,151,2013-07-27,2013-08-03,2013-08-08,2295.0,1,2295.0
SO62923,1111,152,2013-07-27,2013-08-03,2013-08-08,2295.0,1,2295.0
SO62924,3473,145,2013-07-27,2013-08-03,2013-08-08,2320.0,1,2320.0
SO62924,3473,146,2013-07-27,2013-08-03,2013-08-08,2320.0,1,2320.0
SO62925,3478,141,2013-07-27,2013-08-03,2013-08-08,2320.0,1,2320.0
SO62925,3478,142,2013-07-27,2013-08-03,2013-08-08,2320.0,1,2320.0
SO62926,335,351,2013-07-27,2013-08-03,2013-08-08,2384.0,1,2384.0
SO62927,3184,364,2013-07-27,2013-08-03,2013-08-08,2384.0,1,2384.0
SO62928,5200,365,2013-07-27,2013-08-03,2013-08-08,2384.0,1,2384.0
SO62929,12422,372,2013-07-27,2013-08-03,2013-08-08,1701.0,1,1701.0
SO62930,9457,160,2013-07-27,2013-08-03,2013-08-08,2443.0,1,2443.0
SO62930,9457,161,2013-07-27,2013-08-03,2013-08-08,2443.0,1,2443.0
SO62931,9609,166,2013-07-27,2013-08-03,2013-08-08,2443.0,1,2443.0
SO62931,9609,167,2013-07-27,2013-08-03,2013-08-08,2443.0,1,2443.0
SO62932,2134,151,2013-07-27,2013-08-03,2013-08-08,2295.0,1,2295.0
SO62932,2134,152,2013-07-27,2013-08-03,2013-08-08,2295.0,1,2295.0
SO62933,2621,147,2013-07-27,2013-08-03,2013-08-08,2295.0,1,2295.0
SO62933,2621,148,2013-07-27,2013-08-03,2013-08-08,2295.0,1,2295.0
SO62934,2631,147,2013-07-27,2013-08-03,2013-08-08,2295.0,1,2295.0
SO62934,2631,148,2013-07-27,2013-08-03,2013-08-08,2295.0,1,2295.0
SO62935,2956,147,2013-07-27,2013-08-03,2013-08-08,2295.0,1,2295.0
SO62935,2956,148,2013-07-27,2013-08-03,2013-08-08,2295.0,1,2295.0
SO62936,15071,353,2013-07-27,2013-08-03,2013-08-08,2384.0,1,2384.0
SO62937,12270,393,2013-07-27,2013-08-03,2013-08-08,540.0,1,540.0
SO62938,12205,393,2013-07-27,2013-08-03,2013-08-08,540.0,1,540.0
SO62939,9482,172,2013-07-27,2013-08-03,2013-08-08,1120.0,1,1120.0
SO62939,9482,173,2013-07-27,2013-08-03,2013-08-08,1120.0,1,1120.0
SO62940,9527,172,2013-07-27,2013-08-03,2013-08-08,1120.0,1,1120.0
SO62940,9527,173,2013-07-27,2013-08-03,2013-08-08,1120.0,1,1120.0
SO62941,8830,174,2013-07-27,2013-08-03,2013-08-08,1120.0,1,1120.0
SO62941,8830,175,2013-07-27,2013-08-03,2013-08-08,1120.0,1,1120.0
SO62942,6534,369,2013-07-27,2013-08-03,2013-08-08,1701.0,1,1701.0
SO62943,15967,373,2013-07-27,2013-08-03,2013-08-08,540.0,1,540.0
SO62944,2541,373,2013-07-27,2013-08-03,2013-08-08,540.0,1,540.0
SO62945,14745,363,2013-07-27,2013-08-03,2013-08-08,2384.0,1,2384.0
SO62946,961,1,2013-07-28,2013-08-04,2013-08-09,35.0,1,35.0
SO62946,961,2,2013-07-28,2013-08-04,2013-08-09,35.0,1,35.0
SO62946,961,3,2013-07-28,2013-08-04,2013-08-09,35.0,1,35.0
SO62947,4262,267,2013-07-28,2013-08-04,2013-08-09,10.0,1,10.0
SO62948,4804,4,2013-07-28,2013-08-04,2013-08-09,35.0,1,35.0
SO62948,4804,5,2013-07-28,2013-08-04,2013-08-09,35.0,1,35.0
SO62948,4804,6,2013-07-28,2013-08-04,2013-08-09,35.0,1,35.0
SO62949,6229,24,2013-07-28,2013-08-04,2013-08-09,50.0,1,50.0
SO62949,6229,25,2013-07-28,2013-08-04,2013-08-09,50.0,1,50.0
SO62949,6229,26,2013-07-28,2013-08-04,2013-08-09,50.0,1,50.0
SO62950,8623,330,2013-07-28,2013-08-04,2013-08-09,29.0,1,29.0
SO62951,6893,387,2013-07-28,2013-08-04,2013-08-09,540.0,1,540.0
SO62952,6891,389,2013-07-28,2013-08-04,2013-08-09,540.0,1,540.0
SO62953,9049,162,2013-07-28,2013-08-04,2013-08-09,2443.0,1,2443.0
SO62953,9049,163,2013-07-28,2013-08-04,2013-08-09,2443.0,1,2443.0
SO62954,17903,160,2013-07-28,2013-08-04,2013-08-09,2443.0,1,2443.0
SO62954,17903,161,2013-07-28,2013-08-04,2013-08-09,2443.0,1,2443.0
SO62955,8324,376,2013-07-28,2013-08-04,2013-08-09,769.0,1,769.0
SO62956,2841,378,2013-07-28,2013-08-04,2013-08-09,769.0,1,769.0
SO62957,288,278,2013-07-28,2013-08-04,2013-08-09,54.0,1,54.0
SO62958,177,318,2013-07-28,2013-08-04,2013-08-09,4.0,1,4.0
SO62959,16640,327,2013-07-28,2013-08-04,2013-08-09,21.0,1,21.0
SO62960,16434,327,2013-07-28,2013-08-04,2013-08-09,21.0,1,21.0
SO62961,201,329,2013-07-28,2013-08-04,2013-08-09,33.0,1,33.0
SO62962,11725,325,2013-07-28,2013-08-04,2013-08-09,30.0,1,30.0
SO62963,10304,266,2013-07-28,2013-08-04,2013-08-09,5.0,1,5.0
SO62964,8778,264,2013-07-28,2013-08-04,2013-08-09,70.0,1,70.0
SO62965,9502,267,2013-07-28,2013-08-04,2013-08-09,10.0,1,10.0
SO62966,18048,317,2013-07-28,2013-08-04,2013-08-09,5.0,1,5.0
SO62967,11372,317,2013-07-28,2013-08-04,2013-08-09,5.0,1,5.0
SO62968,14350,266,2013-07-28,2013-08-04,2013-08-09,5.0,1,5.0
SO62969,5766,266,2013-07-28,2013-08-04,2013-08-09,5.0,1,5.0
SO62970,15528,317,2013-07-28,2013-08-04,2013-08-09,5.0,1,5.0
SO62971,9342,274,2013-07-28,2013-08-04,2013-08-09,22.0,1,22.0
SO62972,3788,265,2013-07-28,2013-08-04,2013-08-09,70.0,1,70.0
SO62973,9144,325,2013-07-28,2013-08-04,2013-08-09,30.0,1,30.0
SO62974,10544,317,2013-07-28,2013-08-04,2013-08-09,5.0,1,5.0
SO62975,10845,266,2013-07-28,2013-08-04,2013-08-09,5.0,1,5.0
SO62976,13081,318,2013-07-28,2013-08-04,2013-08-09,4.0,1,4.0
SO62977,9828,318,2013-07-28,2013-08-04,2013-08-09,4.0,1,4.0
SO62978,3805,319,2013-07-28,2013-08-04,2013-08-09,5.0,1,5.0
SO62979,2989,326,2013-07-28,2013-08-04,2013-08-09,35.0,1,35.0
SO62980,2595,267,2013-07-28,2013-08-04,2013-08-09,10.0,1,10.0
SO62981,3746,376,2013-07-28,2013-08-04,2013-08-09,769.0,1,769.0
SO62982,3604,145,2013-07-28,2013-08-04,2013-08-09,2320.0,1,2320.0
SO62982,3604,146,2013-07-28,2013-08-04,2013-08-09,2320.0,1,2320.0
SO62983,3482,143,2013-07-28,2013-08-04,2013-08-09,2320.0,1,2320.0
SO62983,3482,144,2013-07-28,2013-08-04,2013-08-09,2320.0,1,2320.0
SO62984,1119,147,2013-07-28,2013-08-04,2013-08-09,2295.0,1,2295.0
SO62984,1119,148,2013-07-28,2013-08-04,2013-08-09,2295.0,1,2295.0
SO62985,1786,147,2013-07-28,2013-08-04,2013-08-09,2295.0,1,2295.0
SO62985,1786,148,2013-07-28,2013-08-04,2013-08-09,2295.0,1,2295.0
SO62986,3412,145,2013-07-28,2013-08-04,2013-08-09,2320.0,1,2320.0
SO62986,3412,146,2013-07-28,2013-08-04,2013-08-09,2320.0,1,2320.0
SO62987,14746,351,2013-07-28,2013-08-04,2013-08-09,2384.0,1,2384.0
SO62988,434,368,2013-07-28,2013-08-04,2013-08-09,1215.0,1,1215.0
SO62989,4033,370,2013-07-28,2013-08-04,2013-08-09,1701.0,1,1701.0
SO62990,12436,372,2013-07-28,2013-08-04,2013-08-09,1701.0,1,1701.0
SO62991,9612,168,2013-07-28,2013-08-04,2013-08-09,2443.0,1,2443.0
SO62991,9612,169,2013-07-28,2013-08-04,2013-08-09,2443.0,1,2443.0
SO62992,14226,176,2013-07-28,2013-08-04,2013-08-09,1120.0,1,1120.0
SO62992,14226,177,2013-07-28,2013-08-04,2013-08-09,1120.0,1,1120.0
SO62993,11863,395,2013-07-28,2013-08-04,2013-08-09,540.0,1,540.0
SO62994,12217,395,2013-07-28,2013-08-04,2013-08-09,540.0,1,540.0
SO62995,11719,373,2013-07-28,2013-08-04,2013-08-09,540.0,1,540.0
SO62996,6498,370,2013-07-28,2013-08-04,2013-08-09,1701.0,1,1701.0
SO62997,6035,370,2013-07-28,2013-08-04,2013-08-09,1701.0,1,1701.0
SO62998,548,394,2013-07-28,2013-08-04,2013-08-09,540.0,1,540.0
SO62999,360,376,2013-07-28,2013-08-04,2013-08-09,769.0,1,769.0
SO63000,17354,373,2013-07-28,2013-08-04,2013-08-09,540.0,1,540.0
SO63001,12323,395,2013-07-28,2013-08-04,2013-08-09,540.0,1,540.0
SO63002,12324,394,2013-07-28,2013-08-04,2013-08-09,540.0,1,540.0
SO63003,288,12,2013-07-29,2013-08-05,2013-08-10,9.0,1,9.0
SO63003,288,13,2013-07-29,2013-08-05,2013-08-10,9.0,1,9.0
SO63003,288,14,2013-07-29,2013-08-05,2013-08-10,9.0,1,9.0
SO63004,2139,324,2013-07-29,2013-08-05,2013-08-10,25.0,1,25.0
SO63005,3855,328,2013-07-29,2013-08-05,2013-08-10,25.0,1,25.0
SO63006,4235,328,2013-07-29,2013-08-05,2013-08-10,25.0,1,25.0
SO63007,4716,328,2013-07-29,2013-08-05,2013-08-10,25.0,1,25.0
SO63008,3020,328,2013-07-29,2013-08-05,2013-08-10,25.0,1,25.0
SO63009,10222,325,2013-07-29,2013-08-05,2013-08-10,30.0,1,30.0
SO63010,12655,266,2013-07-29,2013-08-05,2013-08-10,5.0,1,5.0
SO63011,758,318,2013-07-29,2013-08-05,2013-08-10,4.0,1,4.0
SO63012,6334,12,2013-07-29,2013-08-05,2013-08-10,9.0,1,9.0
SO63012,6334,13,2013-07-29,2013-08-05,2013-08-10,9.0,1,9.0
SO63012,6334,14,2013-07-29,2013-08-05,2013-08-10,9.0,1,9.0
SO63013,1007,253,2013-07-29,2013-08-05,2013-08-10,24.0,1,24.0
SO63013,1007,254,2013-07-29,2013-08-05,2013-08-10,24.0,1,24.0
SO63014,9931,378,2013-07-29,2013-08-05,2013-08-10,769.0,1,769.0
SO63015,1255,147,2013-07-29,2013-08-05,2013-08-10,2295.0,1,2295.0
SO63015,1255,148,2013-07-29,2013-08-05,2013-08-10,2295.0,1,2295.0
SO63016,1221,151,2013-07-29,2013-08-05,2013-08-10,2295.0,1,2295.0
SO63016,1221,152,2013-07-29,2013-08-05,2013-08-10,2295.0,1,2295.0
SO63017,4118,151,2013-07-29,2013-08-05,2013-08-10,2295.0,1,2295.0
SO63017,4118,152,2013-07-29,2013-08-05,2013-08-10,2295.0,1,2295.0
SO63018,16680,327,2013-07-29,2013-08-05,2013-08-10,21.0,1,21.0
SO63019,4508,318,2013-07-29,2013-08-05,2013-08-10,4.0,1,4.0
SO63020,1108,325,2013-07-29,2013-08-05,2013-08-10,30.0,1,30.0
SO63021,12865,325,2013-07-29,2013-08-05,2013-08-10,30.0,1,30.0
SO63022,11070,267,2013-07-29,2013-08-05,2013-08-10,10.0,1,10.0
SO63023,9475,267,2013-07-29,2013-08-05,2013-08-10,10.0,1,10.0
SO63024,7922,265,2013-07-29,2013-08-05,2013-08-10,70.0,1,70.0
SO63025,5011,317,2013-07-29,2013-08-05,2013-08-10,5.0,1,5.0
SO63026,4203,317,2013-07-29,2013-08-05,2013-08-10,5.0,1,5.0
SO63027,3359,274,2013-07-29,2013-08-05,2013-08-10,22.0,1,22.0
SO63028,2932,274,2013-07-29,2013-08-05,2013-08-10,22.0,1,22.0
SO63029,12477,317,2013-07-29,2013-08-05,2013-08-10,5.0,1,5.0
SO63030,8928,317,2013-07-29,2013-08-05,2013-08-10,5.0,1,5.0
SO63031,8274,266,2013-07-29,2013-08-05,2013-08-10,5.0,1,5.0
SO63032,15381,319,2013-07-29,2013-08-05,2013-08-10,5.0,1,5.0
SO63033,11512,327,2013-07-29,2013-08-05,2013-08-10,21.0,1,21.0
SO63034,14534,318,2013-07-29,2013-08-05,2013-08-10,4.0,1,4.0
SO63035,13130,318,2013-07-29,2013-08-05,2013-08-10,4.0,1,4.0
SO63036,510,326,2013-07-29,2013-08-05,2013-08-10,35.0,1,35.0
SO63037,11326,12,2013-07-29,2013-08-05,2013-08-10,9.0,1,9.0
SO63037,11326,13,2013-07-29,2013-08-05,2013-08-10,9.0,1,9.0
SO63037,11326,14,2013-07-29,2013-08-05,2013-08-10,9.0,1,9.0
SO63038,804,326,2013-07-29,2013-08-05,2013-08-10,35.0,1,35.0
SO63039,3185,266,2013-07-29,2013-08-05,2013-08-10,5.0,1,5.0
SO63040,2506,267,2013-07-29,2013-08-05,2013-08-10,10.0,1,10.0
SO63041,1261,12,2013-07-29,2013-08-05,2013-08-10,9.0,1,9.0
SO63041,1261,13,2013-07-29,2013-08-05,2013-08-10,9.0,1,9.0
SO63041,1261,14,2013-07-29,2013-08-05,2013-08-10,9.0,1,9.0
SO63042,1121,149,2013-07-29,2013-08-05,2013-08-10,2295.0,1,2295.0
SO63042,1121,150,2013-07-29,2013-08-05,2013-08-10,2295.0,1,2295.0
SO63043,1122,143,2013-07-29,2013-08-05,2013-08-10,2320.0,1,2320.0
SO63043,1122,144,2013-07-29,2013-08-05,2013-08-10,2320.0,1,2320.0
SO63044,1436,143,2013-07-29,2013-08-05,2013-08-10,2320.0,1,2320.0
SO63044,1436,144,2013-07-29,2013-08-05,2013-08-10,2320.0,1,2320.0
SO63045,1784,149,2013-07-29,2013-08-05,2013-08-10,2295.0,1,2295.0
SO63045,1784,150,2013-07-29,2013-08-05,2013-08-10,2295.0,1,2295.0
SO63046,3393,147,2013-07-29,2013-08-05,2013-08-10,2295.0,1,2295.0
SO63046,3393,148,2013-07-29,2013-08-05,2013-08-10,2295.0,1,2295.0
SO63047,6199,350,2013-07-29,2013-08-05,2013-08-10,2384.0,1,2384.0
SO63048,15978,368,2013-07-29,2013-08-05,2013-08-10,1215.0,1,1215.0
SO63049,18168,354,2013-07-29,2013-08-05,2013-08-10,742.0,1,742.0
SO63050,15619,359,2013-07-29,2013-08-05,2013-08-10,742.0,1,742.0
SO63051,15012,350,2013-07-29,2013-08-05,2013-08-10,2384.0,1,2384.0
SO63052,15043,352,2013-07-29,2013-08-05,2013-08-10,2384.0,1,2384.0
SO63053,13654,352,2013-07-29,2013-08-05,2013-08-10,2384.0,1,2384.0
SO63054,11754,395,2013-07-29,2013-08-05,2013-08-10,540.0,1,540.0
SO63055,9460,178,2013-07-29,2013-08-05,2013-08-10,1120.0,1,1120.0
SO63055,9460,179,2013-07-29,2013-08-05,2013-08-10,1120.0,1,1120.0
SO63056,6566,370,2013-07-29,2013-08-05,2013-08-10,1701.0,1,1701.0
SO63057,14743,363,2013-07-29,2013-08-05,2013-08-10,2384.0,1,2384.0
SO63058,762,12,2013-07-29,2013-08-05,2013-08-10,9.0,1,9.0
SO63058,762,13,2013-07-29,2013-08-05,2013-08-10,9.0,1,9.0
SO63058,762,14,2013-07-29,2013-08-05,2013-08-10,9.0,1,9.0
SO63059,12314,393,2013-07-29,2013-08-05,2013-08-10,540.0,1,540.0
SO63060,12317,394,2013-07-29,2013-08-05,2013-08-10,540.0,1,540.0
SO63061,13374,327,2013-07-30,2013-08-06,2013-08-11,21.0,1,21.0
SO63062,8973,318,2013-07-30,2013-08-06,2013-08-11,4.0,1,4.0
SO63063,12123,266,2013-07-30,2013-08-06,2013-08-11,5.0,1,5.0
SO63064,17307,266,2013-07-30,2013-08-06,2013-08-11,5.0,1,5.0
SO63065,9154,266,2013-07-30,2013-08-06,2013-08-11,5.0,1,5.0
SO63066,14817,317,2013-07-30,2013-08-06,2013-08-11,5.0,1,5.0
SO63067,18123,267,2013-07-30,2013-08-06,2013-08-11,10.0,1,10.0
SO63068,8619,330,2013-07-30,2013-08-06,2013-08-11,29.0,1,29.0
SO63069,1276,149,2013-07-30,2013-08-06,2013-08-11,2295.0,1,2295.0
SO63069,1276,150,2013-07-30,2013-08-06,2013-08-11,2295.0,1,2295.0
SO63070,3998,388,2013-07-30,2013-08-06,2013-08-11,540.0,1,540.0
SO63071,723,278,2013-07-30,2013-08-06,2013-08-11,54.0,1,54.0
SO63072,186,277,2013-07-30,2013-08-06,2013-08-11,54.0,1,54.0
SO63073,507,318,2013-07-30,2013-08-06,2013-08-11,4.0,1,4.0
SO63074,16210,319,2013-07-30,2013-08-06,2013-08-11,5.0,1,5.0
SO63075,13952,329,2013-07-30,2013-08-06,2013-08-11,33.0,1,33.0
SO63076,13402,318,2013-07-30,2013-08-06,2013-08-11,4.0,1,4.0
SO63077,1057,317,2013-07-30,2013-08-06,2013-08-11,5.0,1,5.0
SO63078,12293,325,2013-07-30,2013-08-06,2013-08-11,30.0,1,30.0
SO63079,12198,325,2013-07-30,2013-08-06,2013-08-11,30.0,1,30.0
SO63080,10800,267,2013-07-30,2013-08-06,2013-08-11,10.0,1,10.0
SO63081,7082,325,2013-07-30,2013-08-06,2013-08-11,30.0,1,30.0
SO63082,10313,267,2013-07-30,2013-08-06,2013-08-11,10.0,1,10.0
SO63083,507,265,2013-07-30,2013-08-06,2013-08-11,70.0,1,70.0
SO63084,16062,266,2013-07-30,2013-08-06,2013-08-11,5.0,1,5.0
SO63085,9499,317,2013-07-30,2013-08-06,2013-08-11,5.0,1,5.0
SO63086,3377,274,2013-07-30,2013-08-06,2013-08-11,22.0,1,22.0
SO63087,2862,274,2013-07-30,2013-08-06,2013-08-11,22.0,1,22.0
SO63088,4246,270,2013-07-30,2013-08-06,2013-08-11,9.0,1,9.0
SO63089,6847,325,2013-07-30,2013-08-06,2013-08-11,30.0,1,30.0
SO63090,1749,266,2013-07-30,2013-08-06,2013-08-11,5.0,1,5.0
SO63091,3969,266,2013-07-30,2013-08-06,2013-08-11,5.0,1,5.0
SO63092,17460,327,2013-07-30,2013-08-06,2013-08-11,21.0,1,21.0
SO63093,16963,319,2013-07-30,2013-08-06,2013-08-11,5.0,1,5.0
SO63094,1078,317,2013-07-30,2013-08-06,2013-08-11,5.0,1,5.0
SO63095,822,326,2013-07-30,2013-08-06,2013-08-11,35.0,1,35.0
SO63096,9544,164,2013-07-30,2013-08-06,2013-08-11,2443.0,1,2443.0
SO63096,9544,165,2013-07-30,2013-08-06,2013-08-11,2443.0,1,2443.0
SO63097,4954,384,2013-07-30,2013-08-06,2013-08-11,565.0,1,565.0
SO63098,8723,387,2013-07-30,2013-08-06,2013-08-11,540.0,1,540.0
SO63099,17490,375,2013-07-30,2013-08-06,2013-08-11,742.0,1,742.0
SO63100,17494,361,2013-07-30,2013-08-06,2013-08-11,742.0,1,742.0
SO63101,16006,355,2013-07-30,2013-08-06,2013-08-11,742.0,1,742.0
SO63102,14595,366,2013-07-30,2013-08-06,2013-08-11,1215.0,1,1215.0
SO63103,9262,369,2013-07-30,2013-08-06,2013-08-11,1701.0,1,1701.0
SO63104,13504,170,2013-07-30,2013-08-06,2013-08-11,1120.0,1,1120.0
SO63104,13504,171,2013-07-30,2013-08-06,2013-08-11,1120.0,1,1120.0
SO63105,14229,178,2013-07-30,2013-08-06,2013-08-11,1120.0,1,1120.0
SO63105,14229,179,2013-07-30,2013-08-06,2013-08-11,1120.0,1,1120.0
SO63106,14030,170,2013-07-30,2013-08-06,2013-08-11,1120.0,1,1120.0
SO63106,14030,171,2013-07-30,2013-08-06,2013-08-11,1120.0,1,1120.0
SO63107,14134,170,2013-07-30,2013-08-06,2013-08-11,1120.0,1,1120.0
SO63107,14134,171,2013-07-30,2013-08-06,2013-08-11,1120.0,1,1120.0
SO63108,2114,145,2013-07-30,2013-08-06,2013-08-11,2320.0,1,2320.0
SO63108,2114,146,2013-07-30,2013-08-06,2013-08-11,2320.0,1,2320.0
SO63109,2127,141,2013-07-30,2013-08-06,2013-08-11,2320.0,1,2320.0
SO63109,2127,142,2013-07-30,2013-08-06,2013-08-11,2320.0,1,2320.0
SO63110,2617,141,2013-07-30,2013-08-06,2013-08-11,2320.0,1,2320.0
SO63110,2617,142,2013-07-30,2013-08-06,2013-08-11,2320.0,1,2320.0
SO63111,13669,353,2013-07-30,2013-08-06,2013-08-11,2384.0,1,2384.0
SO63112,9437,170,2013-07-30,2013-08-06,2013-08-11,1120.0,1,1120.0
SO63112,9437,171,2013-07-30,2013-08-06,2013-08-11,1120.0,1,1120.0
SO63113,16903,178,2013-07-30,2013-08-06,2013-08-11,1120.0,1,1120.0
SO63113,16903,179,2013-07-30,2013-08-06,2013-08-11,1120.0,1,1120.0
SO63114,11485,393,2013-07-30,2013-08-06,2013-08-11,540.0,1,540.0
SO63115,97,12,2013-07-30,2013-08-06,2013-08-11,9.0,1,9.0
SO63115,97,13,2013-07-30,2013-08-06,2013-08-11,9.0,1,9.0
SO63115,97,14,2013-07-30,2013-08-06,2013-08-11,9.0,1,9.0
SO63116,755,363,2013-07-30,2013-08-06,2013-08-11,2384.0,1,2384.0
SO63117,12098,395,2013-07-30,2013-08-06,2013-08-11,540.0,1,540.0
SO63118,16518,395,2013-07-30,2013-08-06,2013-08-11,540.0,1,540.0
SO63294,1583,324,2013-07-31,2013-08-07,2013-08-12,25.0,1,25.0
SO63295,8609,327,2013-07-31,2013-08-07,2013-08-12,21.0,1,21.0
SO63296,13912,317,2013-07-31,2013-08-07,2013-08-12,5.0,1,5.0
SO63297,1716,317,2013-07-31,2013-08-07,2013-08-12,5.0,1,5.0
SO63298,3186,162,2013-07-31,2013-08-07,2013-08-12,2443.0,1,2443.0
SO63298,3186,163,2013-07-31,2013-08-07,2013-08-12,2443.0,1,2443.0
SO63299,4062,382,2013-07-31,2013-08-07,2013-08-12,565.0,1,565.0
SO63300,6188,151,2013-07-31,2013-08-07,2013-08-12,2295.0,1,2295.0
SO63300,6188,152,2013-07-31,2013-08-07,2013-08-12,2295.0,1,2295.0
SO63301,4925,143,2013-07-31,2013-08-07,2013-08-12,2320.0,1,2320.0
SO63301,4925,144,2013-07-31,2013-08-07,2013-08-12,2320.0,1,2320.0
SO63302,5825,145,2013-07-31,2013-08-07,2013-08-12,2320.0,1,2320.0
SO63302,5825,146,2013-07-31,2013-08-07,2013-08-12,2320.0,1,2320.0
SO63303,468,324,2013-07-31,2013-08-07,2013-08-12,25.0,1,25.0
SO63304,520,328,2013-07-31,2013-08-07,2013-08-12,25.0,1,25.0
SO63305,520,319,2013-07-31,2013-08-07,2013-08-12,5.0,1,5.0
SO63306,15713,330,2013-07-31,2013-08-07,2013-08-12,29.0,1,29.0
SO63307,301,324,2013-07-31,2013-08-07,2013-08-12,25.0,1,25.0
SO63308,14255,317,2013-07-31,2013-08-07,2013-08-12,5.0,1,5.0
SO63309,7757,325,2013-07-31,2013-08-07,2013-08-12,30.0,1,30.0
SO63310,4379,263,2013-07-31,2013-08-07,2013-08-12,70.0,1,70.0
SO63311,14148,266,2013-07-31,2013-08-07,2013-08-12,5.0,1,5.0
SO63312,13666,266,2013-07-31,2013-08-07,2013-08-12,5.0,1,5.0
SO63313,5678,266,2013-07-31,2013-08-07,2013-08-12,5.0,1,5.0
SO63314,4946,317,2013-07-31,2013-08-07,2013-08-12,5.0,1,5.0
SO63315,16452,317,2013-07-31,2013-08-07,2013-08-12,5.0,1,5.0
SO63316,3749,317,2013-07-31,2013-08-07,2013-08-12,5.0,1,5.0
SO63317,5018,317,2013-07-31,2013-08-07,2013-08-12,5.0,1,5.0
SO63318,3112,274,2013-07-31,2013-08-07,2013-08-12,22.0,1,22.0
SO63319,3242,274,2013-07-31,2013-08-07,2013-08-12,22.0,1,22.0
SO63320,5398,317,2013-07-31,2013-08-07,2013-08-12,5.0,1,5.0
SO63321,8249,328,2013-07-31,2013-08-07,2013-08-12,25.0,1,25.0
SO63322,18409,279,2013-07-31,2013-08-07,2013-08-12,54.0,1,54.0
SO63323,11558,266,2013-07-31,2013-08-07,2013-08-12,5.0,1,5.0
SO63324,15835,318,2013-07-31,2013-08-07,2013-08-12,4.0,1,4.0
SO63325,11868,318,2013-07-31,2013-08-07,2013-08-12,4.0,1,4.0
SO63326,17755,330,2013-07-31,2013-08-07,2013-08-12,29.0,1,29.0
SO63327,12767,319,2013-07-31,2013-08-07,2013-08-12,5.0,1,5.0
SO63328,14686,327,2013-07-31,2013-08-07,2013-08-12,21.0,1,21.0
SO63329,138,326,2013-07-31,2013-08-07,2013-08-12,35.0,1,35.0
SO63330,720,326,2013-07-31,2013-08-07,2013-08-12,35.0,1,35.0
SO63331,6410,274,2013-07-31,2013-08-07,2013-08-12,22.0,1,22.0
SO63332,14734,268,2013-07-31,2013-08-07,2013-08-12,9.0,1,9.0
SO63333,2335,274,2013-07-31,2013-08-07,2013-08-12,22.0,1,22.0
SO63334,580,1,2013-07-31,2013-08-07,2013-08-12,35.0,1,35.0
SO63334,580,2,2013-07-31,2013-08-07,2013-08-12,35.0,1,35.0
SO63334,580,3,2013-07-31,2013-08-07,2013-08-12,35.0,1,35.0
SO63335,7948,379,2013-07-31,2013-08-07,2013-08-12,769.0,1,769.0
SO63336,8739,387,2013-07-31,2013-08-07,2013-08-12,540.0,1,540.0
SO63337,4995,389,2013-07-31,2013-08-07,2013-08-12,540.0,1,540.0
SO63338,4420,145,2013-07-31,2013-08-07,2013-08-12,2320.0,1,2320.0
SO63338,4420,146,2013-07-31,2013-08-07,2013-08-12,2320.0,1,2320.0
SO63339,4492,141,2013-07-31,2013-08-07,2013-08-12,2320.0,1,2320.0
SO63339,4492,142,2013-07-31,2013-08-07,2013-08-12,2320.0,1,2320.0
SO63340,1449,147,2013-07-31,2013-08-07,2013-08-12,2295.0,1,2295.0
SO63340,1449,148,2013-07-31,2013-08-07,2013-08-12,2295.0,1,2295.0
SO63341,1453,141,2013-07-31,2013-08-07,2013-08-12,2320.0,1,2320.0
SO63341,1453,142,2013-07-31,2013-08-07,2013-08-12,2320.0,1,2320.0
SO63342,4389,151,2013-07-31,2013-08-07,2013-08-12,2295.0,1,2295.0
SO63342,4389,152,2013-07-31,2013-08-07,2013-08-12,2295.0,1,2295.0
SO63343,17519,358,2013-07-31,2013-08-07,2013-08-12,742.0,1,742.0
SO63344,414,360,2013-07-31,2013-08-07,2013-08-12,742.0,1,742.0
SO63345,17503,354,2013-07-31,2013-08-07,2013-08-12,742.0,1,742.0
SO63346,4034,370,2013-07-31,2013-08-07,2013-08-12,1701.0,1,1701.0
SO63347,7256,160,2013-07-31,2013-08-07,2013-08-12,2443.0,1,2443.0
SO63347,7256,161,2013-07-31,2013-08-07,2013-08-12,2443.0,1,2443.0
SO63348,9630,160,2013-07-31,2013-08-07,2013-08-12,2443.0,1,2443.0
SO63348,9630,161,2013-07-31,2013-08-07,2013-08-12,2443.0,1,2443.0
SO63349,3072,141,2013-07-31,2013-08-07,2013-08-12,2320.0,1,2320.0
SO63349,3072,142,2013-07-31,2013-08-07,2013-08-12,2320.0,1,2320.0
SO63350,3216,149,2013-07-31,2013-08-07,2013-08-12,2295.0,1,2295.0
SO63350,3216,150,2013-07-31,2013-08-07,2013-08-12,2295.0,1,2295.0
SO63351,14889,349,2013-07-31,2013-08-07,2013-08-12,1215.0,1,1215.0
SO63352,15092,364,2013-07-31,2013-08-07,2013-08-12,2384.0,1,2384.0
SO63353,11253,365,2013-07-31,2013-08-07,2013-08-12,2384.0,1,2384.0
SO63354,12335,394,2013-07-31,2013-08-07,2013-08-12,540.0,1,540.0
SO63355,12059,395,2013-07-31,2013-08-07,2013-08-12,540.0,1,540.0
SO63356,9661,170,2013-07-31,2013-08-07,2013-08-12,1120.0,1,1120.0
SO63356,9661,171,2013-07-31,2013-08-07,2013-08-12,1120.0,1,1120.0
SO63357,6678,372,2013-07-31,2013-08-07,2013-08-12,1701.0,1,1701.0
SO63358,9827,170,2013-07-31,2013-08-07,2013-08-12,1120.0,1,1120.0
SO63358,9827,171,2013-07-31,2013-08-07,2013-08-12,1120.0,1,1120.0
SO63359,13115,170,2013-07-31,2013-08-07,2013-08-12,1120.0,1,1120.0
SO63359,13115,171,2013-07-31,2013-08-07,2013-08-12,1120.0,1,1120.0
SO63360,418,394,2013-07-31,2013-08-07,2013-08-12,540.0,1,540.0
SO63361,7126,351,2013-07-31,2013-08-07,2013-08-12,2384.0,1,2384.0
SO63362,4693,362,2013-07-31,2013-08-07,2013-08-12,2384.0,1,2384.0
SO63363,3686,328,2013-08-01,2013-08-08,2013-08-13,25.0,1,25.0
SO63364,7300,274,2013-08-01,2013-08-08,2013-08-13,22.0,1,22.0
SO63365,10280,317,2013-08-01,2013-08-08,2013-08-13,5.0,1,5.0
SO63366,3519,277,2013-08-01,2013-08-08,2013-08-13,54.0,1,54.0
SO63367,2606,168,2013-08-01,2013-08-08,2013-08-13,2443.0,1,2443.0
SO63367,2606,169,2013-08-01,2013-08-08,2013-08-13,2443.0,1,2443.0
SO63368,3171,379,2013-08-01,2013-08-08,2013-08-13,769.0,1,769.0
SO63369,6183,147,2013-08-01,2013-08-08,2013-08-13,2295.0,1,2295.0
SO63369,6183,148,2013-08-01,2013-08-08,2013-08-13,2295.0,1,2295.0
SO63370,6189,147,2013-08-01,2013-08-08,2013-08-13,2295.0,1,2295.0
SO63370,6189,148,2013-08-01,2013-08-08,2013-08-13,2295.0,1,2295.0
SO63371,5596,151,2013-08-01,2013-08-08,2013-08-13,2295.0,1,2295.0
SO63371,5596,152,2013-08-01,2013-08-08,2013-08-13,2295.0,1,2295.0
SO63372,2680,143,2013-08-01,2013-08-08,2013-08-13,2320.0,1,2320.0
SO63372,2680,144,2013-08-01,2013-08-08,2013-08-13,2320.0,1,2320.0
SO63373,622,269,2013-08-01,2013-08-08,2013-08-13,2.0,1,2.0
SO63374,16387,330,2013-08-01,2013-08-08,2013-08-13,29.0,1,29.0
SO63375,16053,330,2013-08-01,2013-08-08,2013-08-13,29.0,1,29.0
SO63376,11340,267,2013-08-01,2013-08-08,2013-08-13,10.0,1,10.0
SO63377,8805,265,2013-08-01,2013-08-08,2013-08-13,70.0,1,70.0
SO63378,3078,267,2013-08-01,2013-08-08,2013-08-13,10.0,1,10.0
SO63379,5010,251,2013-08-01,2013-08-08,2013-08-13,24.0,1,24.0
SO63379,5010,252,2013-08-01,2013-08-08,2013-08-13,24.0,1,24.0
SO63380,17987,263,2013-08-01,2013-08-08,2013-08-13,70.0,1,70.0
SO63381,6508,266,2013-08-01,2013-08-08,2013-08-13,5.0,1,5.0
SO63382,6153,266,2013-08-01,2013-08-08,2013-08-13,5.0,1,5.0
SO63383,7666,266,2013-08-01,2013-08-08,2013-08-13,5.0,1,5.0
SO63384,7070,266,2013-08-01,2013-08-08,2013-08-13,5.0,1,5.0
SO63385,12209,317,2013-08-01,2013-08-08,2013-08-13,5.0,1,5.0
SO63386,10252,317,2013-08-01,2013-08-08,2013-08-13,5.0,1,5.0
SO63387,9765,317,2013-08-01,2013-08-08,2013-08-13,5.0,1,5.0
SO63388,3621,317,2013-08-01,2013-08-08,2013-08-13,5.0,1,5.0
SO63389,5545,328,2013-08-01,2013-08-08,2013-08-13,25.0,1,25.0
SO63390,9977,327,2013-08-01,2013-08-08,2013-08-13,21.0,1,21.0
SO63391,10074,251,2013-08-01,2013-08-08,2013-08-13,24.0,1,24.0
SO63391,10074,252,2013-08-01,2013-08-08,2013-08-13,24.0,1,24.0
SO63392,9866,325,2013-08-01,2013-08-08,2013-08-13,30.0,1,30.0
SO63393,15846,327,2013-08-01,2013-08-08,2013-08-13,21.0,1,21.0
SO63394,9979,266,2013-08-01,2013-08-08,2013-08-13,5.0,1,5.0
SO63395,11384,266,2013-08-01,2013-08-08,2013-08-13,5.0,1,5.0
SO63396,18407,330,2013-08-01,2013-08-08,2013-08-13,29.0,1,29.0
SO63397,18377,327,2013-08-01,2013-08-08,2013-08-13,21.0,1,21.0
SO63398,11315,327,2013-08-01,2013-08-08,2013-08-13,21.0,1,21.0
SO63399,16960,319,2013-08-01,2013-08-08,2013-08-13,5.0,1,5.0
SO63400,1519,12,2013-08-01,2013-08-08,2013-08-13,9.0,1,9.0
SO63400,1519,13,2013-08-01,2013-08-08,2013-08-13,9.0,1,9.0
SO63400,1519,14,2013-08-01,2013-08-08,2013-08-13,9.0,1,9.0
SO63401,6423,274,2013-08-01,2013-08-08,2013-08-13,22.0,1,22.0
SO63402,1274,24,2013-08-01,2013-08-08,2013-08-13,50.0,1,50.0
SO63402,1274,25,2013-08-01,2013-08-08,2013-08-13,50.0,1,50.0
SO63402,1274,26,2013-08-01,2013-08-08,2013-08-13,50.0,1,50.0
SO63403,4430,141,2013-08-01,2013-08-08,2013-08-13,2320.0,1,2320.0
SO63403,4430,142,2013-08-01,2013-08-08,2013-08-13,2320.0,1,2320.0
SO63404,4372,145,2013-08-01,2013-08-08,2013-08-13,2320.0,1,2320.0
SO63404,4372,146,2013-08-01,2013-08-08,2013-08-13,2320.0,1,2320.0
SO63405,6210,362,2013-08-01,2013-08-08,2013-08-13,2384.0,1,2384.0
SO63406,12641,371,2013-08-01,2013-08-08,2013-08-13,1701.0,1,1701.0
SO63407,14222,178,2013-08-01,2013-08-08,2013-08-13,1120.0,1,1120.0
SO63407,14222,179,2013-08-01,2013-08-08,2013-08-13,1120.0,1,1120.0
SO63408,10170,166,2013-08-01,2013-08-08,2013-08-13,2443.0,1,2443.0
SO63408,10170,167,2013-08-01,2013-08-08,2013-08-13,2443.0,1,2443.0
SO63409,34,145,2013-08-01,2013-08-08,2013-08-13,2320.0,1,2320.0
SO63409,34,146,2013-08-01,2013-08-08,2013-08-13,2320.0,1,2320.0
SO63410,3039,143,2013-08-01,2013-08-08,2013-08-13,2320.0,1,2320.0
SO63410,3039,144,2013-08-01,2013-08-08,2013-08-13,2320.0,1,2320.0
SO63411,2971,143,2013-08-01,2013-08-08,2013-08-13,2320.0,1,2320.0
SO63411,2971,144,2013-08-01,2013-08-08,2013-08-13,2320.0,1,2320.0
SO63412,12288,394,2013-08-01,2013-08-08,2013-08-13,540.0,1,540.0
SO63413,12000,393,2013-08-01,2013-08-08,2013-08-13,540.0,1,540.0
SO63414,12126,373,2013-08-01,2013-08-08,2013-08-13,540.0,1,540.0
SO63415,8990,178,2013-08-01,2013-08-08,2013-08-13,1120.0,1,1120.0
SO63415,8990,179,2013-08-01,2013-08-08,2013-08-13,1120.0,1,1120.0
SO63416,6610,371,2013-08-01,2013-08-08,2013-08-13,1701.0,1,1701.0
SO63417,17394,174,2013-08-01,2013-08-08,2013-08-13,1120.0,1,1120.0
SO63417,17394,175,2013-08-01,2013-08-08,2013-08-13,1120.0,1,1120.0
SO63418,11488,395,2013-08-01,2013-08-08,2013-08-13,540.0,1,540.0
SO63419,15956,394,2013-08-01,2013-08-08,2013-08-13,540.0,1,540.0
SO63420,16779,395,2013-08-01,2013-08-08,2013-08-13,540.0,1,540.0
SO63421,13220,353,2013-08-01,2013-08-08,2013-08-13,2384.0,1,2384.0
SO63422,7131,353,2013-08-01,2013-08-08,2013-08-13,2384.0,1,2384.0
SO63423,910,364,2013-08-01,2013-08-08,2013-08-13,2384.0,1,2384.0
SO63424,3103,357,2013-08-01,2013-08-08,2013-08-13,742.0,1,742.0
SO63425,6248,377,2013-08-02,2013-08-09,2013-08-14,769.0,1,769.0
SO63426,6196,145,2013-08-02,2013-08-09,2013-08-14,2320.0,1,2320.0
SO63426,6196,146,2013-08-02,2013-08-09,2013-08-14,2320.0,1,2320.0
SO63427,7126,145,2013-08-02,2013-08-09,2013-08-14,2320.0,1,2320.0
SO63427,7126,146,2013-08-02,2013-08-09,2013-08-14,2320.0,1,2320.0
SO63428,6186,151,2013-08-02,2013-08-09,2013-08-14,2295.0,1,2295.0
SO63428,6186,152,2013-08-02,2013-08-09,2013-08-14,2295.0,1,2295.0
SO63429,212,268,2013-08-02,2013-08-09,2013-08-14,9.0,1,9.0
SO63430,941,4,2013-08-02,2013-08-09,2013-08-14,35.0,1,35.0
SO63430,941,5,2013-08-02,2013-08-09,2013-08-14,35.0,1,35.0
SO63430,941,6,2013-08-02,2013-08-09,2013-08-14,35.0,1,35.0
SO63431,201,4,2013-08-02,2013-08-09,2013-08-14,35.0,1,35.0
SO63431,201,5,2013-08-02,2013-08-09,2013-08-14,35.0,1,35.0
SO63431,201,6,2013-08-02,2013-08-09,2013-08-14,35.0,1,35.0
SO63432,783,4,2013-08-02,2013-08-09,2013-08-14,35.0,1,35.0
SO63432,783,5,2013-08-02,2013-08-09,2013-08-14,35.0,1,35.0
SO63432,783,6,2013-08-02,2013-08-09,2013-08-14,35.0,1,35.0
SO63433,10552,325,2013-08-02,2013-08-09,2013-08-14,30.0,1,30.0
SO63434,5173,317,2013-08-02,2013-08-09,2013-08-14,5.0,1,5.0
SO63435,7293,274,2013-08-02,2013-08-09,2013-08-14,22.0,1,22.0
SO63436,7284,274,2013-08-02,2013-08-09,2013-08-14,22.0,1,22.0
SO63437,12429,266,2013-08-02,2013-08-09,2013-08-14,5.0,1,5.0
SO63438,16980,319,2013-08-02,2013-08-09,2013-08-14,5.0,1,5.0
SO63439,6285,271,2013-08-02,2013-08-09,2013-08-14,9.0,1,9.0
SO63440,8630,266,2013-08-02,2013-08-09,2013-08-14,5.0,1,5.0
SO63441,14638,164,2013-08-02,2013-08-09,2013-08-14,2443.0,1,2443.0
SO63441,14638,165,2013-08-02,2013-08-09,2013-08-14,2443.0,1,2443.0
SO63442,13985,318,2013-08-02,2013-08-09,2013-08-14,4.0,1,4.0
SO63443,12289,325,2013-08-02,2013-08-09,2013-08-14,30.0,1,30.0
SO63444,3642,329,2013-08-02,2013-08-09,2013-08-14,33.0,1,33.0
SO63445,6483,325,2013-08-02,2013-08-09,2013-08-14,30.0,1,30.0
SO63446,9275,265,2013-08-02,2013-08-09,2013-08-14,70.0,1,70.0
SO63447,7384,266,2013-08-02,2013-08-09,2013-08-14,5.0,1,5.0
SO63448,18022,265,2013-08-02,2013-08-09,2013-08-14,70.0,1,70.0
SO63449,1960,266,2013-08-02,2013-08-09,2013-08-14,5.0,1,5.0
SO63450,7916,264,2013-08-02,2013-08-09,2013-08-14,70.0,1,70.0
SO63451,16523,265,2013-08-02,2013-08-09,2013-08-14,70.0,1,70.0
SO63452,6156,266,2013-08-02,2013-08-09,2013-08-14,5.0,1,5.0
SO63453,5015,317,2013-08-02,2013-08-09,2013-08-14,5.0,1,5.0
SO63454,15679,317,2013-08-02,2013-08-09,2013-08-14,5.0,1,5.0
SO63455,8828,274,2013-08-02,2013-08-09,2013-08-14,22.0,1,22.0
SO63456,5578,326,2013-08-02,2013-08-09,2013-08-14,35.0,1,35.0
SO63457,1492,329,2013-08-02,2013-08-09,2013-08-14,33.0,1,33.0
SO63458,6798,317,2013-08-02,2013-08-09,2013-08-14,5.0,1,5.0
SO63459,2666,267,2013-08-02,2013-08-09,2013-08-14,10.0,1,10.0
SO63460,6824,325,2013-08-02,2013-08-09,2013-08-14,30.0,1,30.0
SO63461,8391,266,2013-08-02,2013-08-09,2013-08-14,5.0,1,5.0
SO63462,10099,327,2013-08-02,2013-08-09,2013-08-14,21.0,1,21.0
SO63463,17711,319,2013-08-02,2013-08-09,2013-08-14,5.0,1,5.0
SO63464,3810,330,2013-08-02,2013-08-09,2013-08-14,29.0,1,29.0
SO63465,12978,330,2013-08-02,2013-08-09,2013-08-14,29.0,1,29.0
SO63466,204,326,2013-08-02,2013-08-09,2013-08-14,35.0,1,35.0
SO63467,1030,317,2013-08-02,2013-08-09,2013-08-14,5.0,1,5.0
SO63468,385,268,2013-08-02,2013-08-09,2013-08-14,9.0,1,9.0
SO63469,3647,376,2013-08-02,2013-08-09,2013-08-14,769.0,1,769.0
SO63470,3650,377,2013-08-02,2013-08-09,2013-08-14,769.0,1,769.0
SO63471,1443,145,2013-08-02,2013-08-09,2013-08-14,2320.0,1,2320.0
SO63471,1443,146,2013-08-02,2013-08-09,2013-08-14,2320.0,1,2320.0
SO63472,2144,143,2013-08-02,2013-08-09,2013-08-14,2320.0,1,2320.0
SO63472,2144,144,2013-08-02,2013-08-09,2013-08-14,2320.0,1,2320.0
SO63473,4346,149,2013-08-02,2013-08-09,2013-08-14,2295.0,1,2295.0
SO63473,4346,150,2013-08-02,2013-08-09,2013-08-14,2295.0,1,2295.0
SO63474,5755,145,2013-08-02,2013-08-09,2013-08-14,2320.0,1,2320.0
SO63474,5755,146,2013-08-02,2013-08-09,2013-08-14,2320.0,1,2320.0
SO63475,14921,178,2013-08-02,2013-08-09,2013-08-14,1120.0,1,1120.0
SO63475,14921,179,2013-08-02,2013-08-09,2013-08-14,1120.0,1,1120.0
SO63476,13000,12,2013-08-02,2013-08-09,2013-08-14,9.0,1,9.0
SO63476,13000,13,2013-08-02,2013-08-09,2013-08-14,9.0,1,9.0
SO63476,13000,14,2013-08-02,2013-08-09,2013-08-14,9.0,1,9.0
SO63477,13004,394,2013-08-02,2013-08-09,2013-08-14,540.0,1,540.0
SO63478,18099,394,2013-08-02,2013-08-09,2013-08-14,540.0,1,540.0
SO63479,14033,170,2013-08-02,2013-08-09,2013-08-14,1120.0,1,1120.0
SO63479,14033,171,2013-08-02,2013-08-09,2013-08-14,1120.0,1,1120.0
SO63480,14244,176,2013-08-02,2013-08-09,2013-08-14,1120.0,1,1120.0
SO63480,14244,177,2013-08-02,2013-08-09,2013-08-14,1120.0,1,1120.0
SO63481,3225,143,2013-08-02,2013-08-09,2013-08-14,2320.0,1,2320.0
SO63481,3225,144,2013-08-02,2013-08-09,2013-08-14,2320.0,1,2320.0
SO63482,7194,387,2013-08-02,2013-08-09,2013-08-14,540.0,1,540.0
SO63483,1000,143,2013-08-02,2013-08-09,2013-08-14,2320.0,1,2320.0
SO63483,1000,144,2013-08-02,2013-08-09,2013-08-14,2320.0,1,2320.0
SO63484,997,145,2013-08-02,2013-08-09,2013-08-14,2320.0,1,2320.0
SO63484,997,146,2013-08-02,2013-08-09,2013-08-14,2320.0,1,2320.0
SO63485,3064,141,2013-08-02,2013-08-09,2013-08-14,2320.0,1,2320.0
SO63485,3064,142,2013-08-02,2013-08-09,2013-08-14,2320.0,1,2320.0
SO63486,15623,375,2013-08-02,2013-08-09,2013-08-14,742.0,1,742.0
SO63487,13771,352,2013-08-02,2013-08-09,2013-08-14,2384.0,1,2384.0
SO63488,12700,368,2013-08-02,2013-08-09,2013-08-14,1215.0,1,1215.0
SO63489,12271,395,2013-08-02,2013-08-09,2013-08-14,540.0,1,540.0
SO63490,9675,176,2013-08-02,2013-08-09,2013-08-14,1120.0,1,1120.0
SO63490,9675,177,2013-08-02,2013-08-09,2013-08-14,1120.0,1,1120.0
SO63491,9676,176,2013-08-02,2013-08-09,2013-08-14,1120.0,1,1120.0
SO63491,9676,177,2013-08-02,2013-08-09,2013-08-14,1120.0,1,1120.0
SO63492,9654,178,2013-08-02,2013-08-09,2013-08-14,1120.0,1,1120.0
SO63492,9654,179,2013-08-02,2013-08-09,2013-08-14,1120.0,1,1120.0
SO63493,395,362,2013-08-02,2013-08-09,2013-08-14,2384.0,1,2384.0
SO63494,399,351,2013-08-02,2013-08-09,2013-08-14,2384.0,1,2384.0
SO63495,6222,351,2013-08-02,2013-08-09,2013-08-14,2384.0,1,2384.0
SO63496,4692,352,2013-08-02,2013-08-09,2013-08-14,2384.0,1,2384.0
SO63497,186,266,2013-08-03,2013-08-10,2013-08-15,5.0,1,5.0
SO63498,288,9,2013-08-03,2013-08-10,2013-08-15,35.0,1,35.0
SO63498,288,10,2013-08-03,2013-08-10,2013-08-15,35.0,1,35.0
SO63498,288,11,2013-08-03,2013-08-10,2013-08-15,35.0,1,35.0
SO63499,6074,18,2013-08-03,2013-08-10,2013-08-15,50.0,1,50.0
SO63499,6074,19,2013-08-03,2013-08-10,2013-08-15,50.0,1,50.0
SO63499,6074,20,2013-08-03,2013-08-10,2013-08-15,50.0,1,50.0
SO63500,1716,269,2013-08-03,2013-08-10,2013-08-15,2.0,1,2.0
SO63501,7493,269,2013-08-03,2013-08-10,2013-08-15,2.0,1,2.0
SO63502,5684,329,2013-08-03,2013-08-10,2013-08-15,33.0,1,33.0
SO63503,11314,370,2013-08-03,2013-08-10,2013-08-15,1701.0,1,1701.0
SO63504,2576,164,2013-08-03,2013-08-10,2013-08-15,2443.0,1,2443.0
SO63504,2576,165,2013-08-03,2013-08-10,2013-08-15,2443.0,1,2443.0
SO63505,3193,162,2013-08-03,2013-08-10,2013-08-15,2443.0,1,2443.0
SO63505,3193,163,2013-08-03,2013-08-10,2013-08-15,2443.0,1,2443.0
SO63506,5586,149,2013-08-03,2013-08-10,2013-08-15,2295.0,1,2295.0
SO63506,5586,150,2013-08-03,2013-08-10,2013-08-15,2295.0,1,2295.0
SO63507,1096,12,2013-08-03,2013-08-10,2013-08-15,9.0,1,9.0
SO63507,1096,13,2013-08-03,2013-08-10,2013-08-15,9.0,1,9.0
SO63507,1096,14,2013-08-03,2013-08-10,2013-08-15,9.0,1,9.0
SO63508,1118,272,2013-08-03,2013-08-10,2013-08-15,120.0,1,120.0
SO63509,18007,328,2013-08-03,2013-08-10,2013-08-15,25.0,1,25.0
SO63510,633,319,2013-08-03,2013-08-10,2013-08-15,5.0,1,5.0
SO63511,16504,327,2013-08-03,2013-08-10,2013-08-15,21.0,1,21.0
SO63512,14356,324,2013-08-03,2013-08-10,2013-08-15,25.0,1,25.0
SO63513,16619,319,2013-08-03,2013-08-10,2013-08-15,5.0,1,5.0
SO63514,4565,329,2013-08-03,2013-08-10,2013-08-15,33.0,1,33.0
SO63515,15551,324,2013-08-03,2013-08-10,2013-08-15,25.0,1,25.0
SO63516,92,317,2013-08-03,2013-08-10,2013-08-15,5.0,1,5.0
SO63517,11726,325,2013-08-03,2013-08-10,2013-08-15,30.0,1,30.0
SO63518,12741,329,2013-08-03,2013-08-10,2013-08-15,33.0,1,33.0
SO63519,10768,267,2013-08-03,2013-08-10,2013-08-15,10.0,1,10.0
SO63520,7875,264,2013-08-03,2013-08-10,2013-08-15,70.0,1,70.0
SO63521,7418,266,2013-08-03,2013-08-10,2013-08-15,5.0,1,5.0
SO63522,5906,266,2013-08-03,2013-08-10,2013-08-15,5.0,1,5.0
SO63523,4920,263,2013-08-03,2013-08-10,2013-08-15,70.0,1,70.0
SO63524,10861,266,2013-08-03,2013-08-10,2013-08-15,5.0,1,5.0
SO63525,8251,328,2013-08-03,2013-08-10,2013-08-15,25.0,1,25.0
SO63526,6885,317,2013-08-03,2013-08-10,2013-08-15,5.0,1,5.0
SO63527,8493,318,2013-08-03,2013-08-10,2013-08-15,4.0,1,4.0
SO63528,1727,319,2013-08-03,2013-08-10,2013-08-15,5.0,1,5.0
SO63529,17454,330,2013-08-03,2013-08-10,2013-08-15,29.0,1,29.0
SO63530,4341,317,2013-08-03,2013-08-10,2013-08-15,5.0,1,5.0
SO63531,8815,380,2013-08-03,2013-08-10,2013-08-15,565.0,1,565.0
SO63532,4483,151,2013-08-03,2013-08-10,2013-08-15,2295.0,1,2295.0
SO63532,4483,152,2013-08-03,2013-08-10,2013-08-15,2295.0,1,2295.0
SO63533,1756,141,2013-08-03,2013-08-10,2013-08-15,2320.0,1,2320.0
SO63533,1756,142,2013-08-03,2013-08-10,2013-08-15,2320.0,1,2320.0
SO63534,4098,351,2013-08-03,2013-08-10,2013-08-15,2384.0,1,2384.0
SO63535,6200,362,2013-08-03,2013-08-10,2013-08-15,2384.0,1,2384.0
SO63536,12540,369,2013-08-03,2013-08-10,2013-08-15,1701.0,1,1701.0
SO63537,12594,369,2013-08-03,2013-08-10,2013-08-15,1701.0,1,1701.0
SO63538,3217,141,2013-08-03,2013-08-10,2013-08-15,2320.0,1,2320.0
SO63538,3217,142,2013-08-03,2013-08-10,2013-08-15,2320.0,1,2320.0
SO63539,3059,151,2013-08-03,2013-08-10,2013-08-15,2295.0,1,2295.0
SO63539,3059,152,2013-08-03,2013-08-10,2013-08-15,2295.0,1,2295.0
SO63540,15107,351,2013-08-03,2013-08-10,2013-08-15,2384.0,1,2384.0
SO63541,15340,364,2013-08-03,2013-08-10,2013-08-15,2384.0,1,2384.0
SO63542,12319,393,2013-08-03,2013-08-10,2013-08-15,540.0,1,540.0
SO63543,12082,395,2013-08-03,2013-08-10,2013-08-15,540.0,1,540.0
SO63544,6621,372,2013-08-03,2013-08-10,2013-08-15,1701.0,1,1701.0
SO63545,16797,178,2013-08-03,2013-08-10,2013-08-15,1120.0,1,1120.0
SO63545,16797,179,2013-08-03,2013-08-10,2013-08-15,1120.0,1,1120.0
SO63546,421,363,2013-08-03,2013-08-10,2013-08-15,2384.0,1,2384.0
SO63547,911,362,2013-08-03,2013-08-10,2013-08-15,2384.0,1,2384.0
SO63548,16879,349,2013-08-03,2013-08-10,2013-08-15,1215.0,1,1215.0
SO63549,1003,364,2013-08-03,2013-08-10,2013-08-15,2384.0,1,2384.0
SO63550,1340,364,2013-08-03,2013-08-10,2013-08-15,2384.0,1,2384.0
SO63551,177,318,2013-08-04,2013-08-11,2013-08-16,4.0,1,4.0
SO63552,5734,318,2013-08-04,2013-08-11,2013-08-16,4.0,1,4.0
SO63553,3313,324,2013-08-04,2013-08-11,2013-08-16,25.0,1,25.0
SO63554,7267,325,2013-08-04,2013-08-11,2013-08-16,30.0,1,30.0
SO63555,4254,12,2013-08-04,2013-08-11,2013-08-16,9.0,1,9.0
SO63555,4254,13,2013-08-04,2013-08-11,2013-08-16,9.0,1,9.0
SO63555,4254,14,2013-08-04,2013-08-11,2013-08-16,9.0,1,9.0
SO63556,15391,370,2013-08-04,2013-08-11,2013-08-16,1701.0,1,1701.0
SO63557,13210,370,2013-08-04,2013-08-11,2013-08-16,1701.0,1,1701.0
SO63558,4005,381,2013-08-04,2013-08-11,2013-08-16,565.0,1,565.0
SO63559,6951,372,2013-08-04,2013-08-11,2013-08-16,1701.0,1,1701.0
SO63560,1291,149,2013-08-04,2013-08-11,2013-08-16,2295.0,1,2295.0
SO63560,1291,150,2013-08-04,2013-08-11,2013-08-16,2295.0,1,2295.0
SO63561,5581,145,2013-08-04,2013-08-11,2013-08-16,2320.0,1,2320.0
SO63561,5581,146,2013-08-04,2013-08-11,2013-08-16,2320.0,1,2320.0
SO63562,4677,141,2013-08-04,2013-08-11,2013-08-16,2320.0,1,2320.0
SO63562,4677,142,2013-08-04,2013-08-11,2013-08-16,2320.0,1,2320.0
SO63563,732,9,2013-08-04,2013-08-11,2013-08-16,35.0,1,35.0
SO63563,732,10,2013-08-04,2013-08-11,2013-08-16,35.0,1,35.0
SO63563,732,11,2013-08-04,2013-08-11,2013-08-16,35.0,1,35.0
SO63564,213,280,2013-08-04,2013-08-11,2013-08-16,54.0,1,54.0
SO63565,3097,255,2013-08-04,2013-08-11,2013-08-16,24.0,1,24.0
SO63565,3097,256,2013-08-04,2013-08-11,2013-08-16,24.0,1,24.0
SO63566,16427,327,2013-08-04,2013-08-11,2013-08-16,21.0,1,21.0
SO63567,14104,318,2013-08-04,2013-08-11,2013-08-16,4.0,1,4.0
SO63568,15640,324,2013-08-04,2013-08-11,2013-08-16,25.0,1,25.0
SO63569,520,324,2013-08-04,2013-08-11,2013-08-16,25.0,1,25.0
SO63570,12053,325,2013-08-04,2013-08-11,2013-08-16,30.0,1,30.0
SO63571,12207,317,2013-08-04,2013-08-11,2013-08-16,5.0,1,5.0
SO63572,13226,325,2013-08-04,2013-08-11,2013-08-16,30.0,1,30.0
SO63573,10709,267,2013-08-04,2013-08-11,2013-08-16,10.0,1,10.0
SO63574,9534,267,2013-08-04,2013-08-11,2013-08-16,10.0,1,10.0
SO63575,3662,266,2013-08-04,2013-08-11,2013-08-16,5.0,1,5.0
SO63576,6472,266,2013-08-04,2013-08-11,2013-08-16,5.0,1,5.0
SO63577,12084,317,2013-08-04,2013-08-11,2013-08-16,5.0,1,5.0
SO63578,4383,317,2013-08-04,2013-08-11,2013-08-16,5.0,1,5.0
SO63579,3919,317,2013-08-04,2013-08-11,2013-08-16,5.0,1,5.0
SO63580,5715,317,2013-08-04,2013-08-11,2013-08-16,5.0,1,5.0
SO63581,8002,274,2013-08-04,2013-08-11,2013-08-16,22.0,1,22.0
SO63582,7687,274,2013-08-04,2013-08-11,2013-08-16,22.0,1,22.0
SO63583,15384,330,2013-08-04,2013-08-11,2013-08-16,29.0,1,29.0
SO63584,1599,330,2013-08-04,2013-08-11,2013-08-16,29.0,1,29.0
SO63585,2787,319,2013-08-04,2013-08-11,2013-08-16,5.0,1,5.0
SO63586,15983,330,2013-08-04,2013-08-11,2013-08-16,29.0,1,29.0
SO63587,17912,319,2013-08-04,2013-08-11,2013-08-16,5.0,1,5.0
SO63588,306,326,2013-08-04,2013-08-11,2013-08-16,35.0,1,35.0
SO63589,5838,274,2013-08-04,2013-08-11,2013-08-16,22.0,1,22.0
SO63590,7524,274,2013-08-04,2013-08-11,2013-08-16,22.0,1,22.0
SO63591,1938,274,2013-08-04,2013-08-11,2013-08-16,22.0,1,22.0
SO63592,5006,274,2013-08-04,2013-08-11,2013-08-16,22.0,1,22.0
SO63593,1598,12,2013-08-04,2013-08-11,2013-08-16,9.0,1,9.0
SO63593,1598,13,2013-08-04,2013-08-11,2013-08-16,9.0,1,9.0
SO63593,1598,14,2013-08-04,2013-08-11,2013-08-16,9.0,1,9.0
SO63594,412,266,2013-08-04,2013-08-11,2013-08-16,5.0,1,5.0
SO63595,1596,12,2013-08-04,2013-08-11,2013-08-16,9.0,1,9.0
SO63595,1596,13,2013-08-04,2013-08-11,2013-08-16,9.0,1,9.0
SO63595,1596,14,2013-08-04,2013-08-11,2013-08-16,9.0,1,9.0
SO63596,3723,376,2013-08-04,2013-08-11,2013-08-16,769.0,1,769.0
SO63597,4917,151,2013-08-04,2013-08-11,2013-08-16,2295.0,1,2295.0
SO63597,4917,152,2013-08-04,2013-08-11,2013-08-16,2295.0,1,2295.0
SO63598,4197,151,2013-08-04,2013-08-11,2013-08-16,2295.0,1,2295.0
SO63598,4197,152,2013-08-04,2013-08-11,2013-08-16,2295.0,1,2295.0
SO63599,4350,143,2013-08-04,2013-08-11,2013-08-16,2320.0,1,2320.0
SO63599,4350,144,2013-08-04,2013-08-11,2013-08-16,2320.0,1,2320.0
SO63600,4060,360,2013-08-04,2013-08-11,2013-08-16,742.0,1,742.0
SO63601,3196,364,2013-08-04,2013-08-11,2013-08-16,2384.0,1,2384.0
SO63602,10206,164,2013-08-04,2013-08-11,2013-08-16,2443.0,1,2443.0
SO63602,10206,165,2013-08-04,2013-08-11,2013-08-16,2443.0,1,2443.0
SO63603,1572,388,2013-08-04,2013-08-11,2013-08-16,540.0,1,540.0
SO63604,3215,149,2013-08-04,2013-08-11,2013-08-16,2295.0,1,2295.0
SO63604,3215,150,2013-08-04,2013-08-11,2013-08-16,2295.0,1,2295.0
SO63605,3033,149,2013-08-04,2013-08-11,2013-08-16,2295.0,1,2295.0
SO63605,3033,150,2013-08-04,2013-08-11,2013-08-16,2295.0,1,2295.0
SO63606,3051,143,2013-08-04,2013-08-11,2013-08-16,2320.0,1,2320.0
SO63606,3051,144,2013-08-04,2013-08-11,2013-08-16,2320.0,1,2320.0
SO63607,13783,350,2013-08-04,2013-08-11,2013-08-16,2384.0,1,2384.0
SO63608,15343,365,2013-08-04,2013-08-11,2013-08-16,2384.0,1,2384.0
SO63609,10335,178,2013-08-04,2013-08-11,2013-08-16,1120.0,1,1120.0
SO63609,10335,179,2013-08-04,2013-08-11,2013-08-16,1120.0,1,1120.0
SO63610,10336,174,2013-08-04,2013-08-11,2013-08-16,1120.0,1,1120.0
SO63610,10336,175,2013-08-04,2013-08-11,2013-08-16,1120.0,1,1120.0
SO63611,9687,178,2013-08-04,2013-08-11,2013-08-16,1120.0,1,1120.0
SO63611,9687,179,2013-08-04,2013-08-11,2013-08-16,1120.0,1,1120.0
SO63612,9700,172,2013-08-04,2013-08-11,2013-08-16,1120.0,1,1120.0
SO63612,9700,173,2013-08-04,2013-08-11,2013-08-16,1120.0,1,1120.0
SO63613,9701,170,2013-08-04,2013-08-11,2013-08-16,1120.0,1,1120.0
SO63613,9701,171,2013-08-04,2013-08-11,2013-08-16,1120.0,1,1120.0
SO63614,6148,370,2013-08-04,2013-08-11,2013-08-16,1701.0,1,1701.0
SO63615,6660,372,2013-08-04,2013-08-11,2013-08-16,1701.0,1,1701.0
SO63616,6663,371,2013-08-04,2013-08-11,2013-08-16,1701.0,1,1701.0
SO63617,9856,178,2013-08-04,2013-08-11,2013-08-16,1120.0,1,1120.0
SO63617,9856,179,2013-08-04,2013-08-11,2013-08-16,1120.0,1,1120.0
SO63618,11496,373,2013-08-04,2013-08-11,2013-08-16,540.0,1,540.0
SO63619,18092,356,2013-08-04,2013-08-11,2013-08-16,742.0,1,742.0
SO63620,12993,393,2013-08-04,2013-08-11,2013-08-16,540.0,1,540.0
SO63621,2151,324,2013-08-05,2013-08-12,2013-08-17,25.0,1,25.0
SO63622,6067,328,2013-08-05,2013-08-12,2013-08-17,25.0,1,25.0
SO63623,9268,318,2013-08-05,2013-08-12,2013-08-17,4.0,1,4.0
SO63624,8808,327,2013-08-05,2013-08-12,2013-08-17,21.0,1,21.0
SO63625,13592,266,2013-08-05,2013-08-12,2013-08-17,5.0,1,5.0
SO63626,18119,267,2013-08-05,2013-08-12,2013-08-17,10.0,1,10.0
SO63627,4240,9,2013-08-05,2013-08-12,2013-08-17,35.0,1,35.0
SO63627,4240,10,2013-08-05,2013-08-12,2013-08-17,35.0,1,35.0
SO63627,4240,11,2013-08-05,2013-08-12,2013-08-17,35.0,1,35.0
SO63628,7195,12,2013-08-05,2013-08-12,2013-08-17,9.0,1,9.0
SO63628,7195,13,2013-08-05,2013-08-12,2013-08-17,9.0,1,9.0
SO63628,7195,14,2013-08-05,2013-08-12,2013-08-17,9.0,1,9.0
SO63629,3525,379,2013-08-05,2013-08-12,2013-08-17,769.0,1,769.0
SO63630,6938,389,2013-08-05,2013-08-12,2013-08-17,540.0,1,540.0
SO63631,5595,141,2013-08-05,2013-08-12,2013-08-17,2320.0,1,2320.0
SO63631,5595,142,2013-08-05,2013-08-12,2013-08-17,2320.0,1,2320.0
SO63632,501,278,2013-08-05,2013-08-12,2013-08-17,54.0,1,54.0
SO63633,17782,269,2013-08-05,2013-08-12,2013-08-17,2.0,1,2.0
SO63634,332,318,2013-08-05,2013-08-12,2013-08-17,4.0,1,4.0
SO63635,18221,328,2013-08-05,2013-08-12,2013-08-17,25.0,1,25.0
SO63636,92,318,2013-08-05,2013-08-12,2013-08-17,4.0,1,4.0
SO63637,16380,330,2013-08-05,2013-08-12,2013-08-17,29.0,1,29.0
SO63638,3092,324,2013-08-05,2013-08-12,2013-08-17,25.0,1,25.0
SO63639,15474,324,2013-08-05,2013-08-12,2013-08-17,25.0,1,25.0
SO63640,15799,330,2013-08-05,2013-08-12,2013-08-17,29.0,1,29.0
SO63641,16653,318,2013-08-05,2013-08-12,2013-08-17,4.0,1,4.0
SO63642,13733,329,2013-08-05,2013-08-12,2013-08-17,33.0,1,33.0
SO63643,15690,330,2013-08-05,2013-08-12,2013-08-17,29.0,1,29.0
SO63644,11086,317,2013-08-05,2013-08-12,2013-08-17,5.0,1,5.0
SO63645,10802,267,2013-08-05,2013-08-12,2013-08-17,10.0,1,10.0
SO63646,9380,265,2013-08-05,2013-08-12,2013-08-17,70.0,1,70.0
SO63647,16657,265,2013-08-05,2013-08-12,2013-08-17,70.0,1,70.0
SO63648,6599,266,2013-08-05,2013-08-12,2013-08-17,5.0,1,5.0
SO63649,6600,12,2013-08-05,2013-08-12,2013-08-17,9.0,1,9.0
SO63649,6600,13,2013-08-05,2013-08-12,2013-08-17,9.0,1,9.0
SO63649,6600,14,2013-08-05,2013-08-12,2013-08-17,9.0,1,9.0
SO63650,11546,317,2013-08-05,2013-08-12,2013-08-17,5.0,1,5.0
SO63651,16629,317,2013-08-05,2013-08-12,2013-08-17,5.0,1,5.0
SO63652,2458,274,2013-08-05,2013-08-12,2013-08-17,22.0,1,22.0
SO63653,2938,262,2013-08-05,2013-08-12,2013-08-17,64.0,1,64.0
SO63654,8069,324,2013-08-05,2013-08-12,2013-08-17,25.0,1,25.0
SO63655,17374,318,2013-08-05,2013-08-12,2013-08-17,4.0,1,4.0
SO63656,14473,327,2013-08-05,2013-08-12,2013-08-17,21.0,1,21.0
SO63657,13868,327,2013-08-05,2013-08-12,2013-08-17,21.0,1,21.0
SO63658,17431,330,2013-08-05,2013-08-12,2013-08-17,29.0,1,29.0
SO63659,14773,327,2013-08-05,2013-08-12,2013-08-17,21.0,1,21.0
SO63660,1326,330,2013-08-05,2013-08-12,2013-08-17,29.0,1,29.0
SO63661,13063,330,2013-08-05,2013-08-12,2013-08-17,29.0,1,29.0
SO63662,165,317,2013-08-05,2013-08-12,2013-08-17,5.0,1,5.0
SO63663,164,317,2013-08-05,2013-08-12,2013-08-17,5.0,1,5.0
SO63664,2540,267,2013-08-05,2013-08-12,2013-08-17,10.0,1,10.0
SO63665,1592,267,2013-08-05,2013-08-12,2013-08-17,10.0,1,10.0
SO63666,3654,379,2013-08-05,2013-08-12,2013-08-17,769.0,1,769.0
SO63667,1778,145,2013-08-05,2013-08-12,2013-08-17,2320.0,1,2320.0
SO63667,1778,146,2013-08-05,2013-08-12,2013-08-17,2320.0,1,2320.0
SO63668,5104,149,2013-08-05,2013-08-12,2013-08-17,2295.0,1,2295.0
SO63668,5104,150,2013-08-05,2013-08-12,2013-08-17,2295.0,1,2295.0
SO63669,1757,149,2013-08-05,2013-08-12,2013-08-17,2295.0,1,2295.0
SO63669,1757,150,2013-08-05,2013-08-12,2013-08-17,2295.0,1,2295.0
SO63670,1493,375,2013-08-05,2013-08-12,2013-08-17,742.0,1,742.0
SO63671,4078,361,2013-08-05,2013-08-12,2013-08-17,742.0,1,742.0
SO63672,12649,370,2013-08-05,2013-08-12,2013-08-17,1701.0,1,1701.0
SO63673,10181,370,2013-08-05,2013-08-12,2013-08-17,1701.0,1,1701.0
SO63674,14947,174,2013-08-05,2013-08-12,2013-08-17,1120.0,1,1120.0
SO63674,14947,175,2013-08-05,2013-08-12,2013-08-17,1120.0,1,1120.0
SO63675,14034,174,2013-08-05,2013-08-12,2013-08-17,1120.0,1,1120.0
SO63675,14034,175,2013-08-05,2013-08-12,2013-08-17,1120.0,1,1120.0
SO63676,6905,178,2013-08-05,2013-08-12,2013-08-17,1120.0,1,1120.0
SO63676,6905,179,2013-08-05,2013-08-12,2013-08-17,1120.0,1,1120.0
SO63677,14273,176,2013-08-05,2013-08-12,2013-08-17,1120.0,1,1120.0
SO63677,14273,177,2013-08-05,2013-08-12,2013-08-17,1120.0,1,1120.0
SO63678,9629,160,2013-08-05,2013-08-12,2013-08-17,2443.0,1,2443.0
SO63678,9629,161,2013-08-05,2013-08-12,2013-08-17,2443.0,1,2443.0
SO63679,3212,145,2013-08-05,2013-08-12,2013-08-17,2320.0,1,2320.0
SO63679,3212,146,2013-08-05,2013-08-12,2013-08-17,2320.0,1,2320.0
SO63680,13739,362,2013-08-05,2013-08-12,2013-08-17,2384.0,1,2384.0
SO63681,2461,351,2013-08-05,2013-08-12,2013-08-17,2384.0,1,2384.0
SO63682,15488,365,2013-08-05,2013-08-12,2013-08-17,2384.0,1,2384.0
SO63683,15293,350,2013-08-05,2013-08-12,2013-08-17,2384.0,1,2384.0
SO63684,15329,352,2013-08-05,2013-08-12,2013-08-17,2384.0,1,2384.0
SO63685,12017,393,2013-08-05,2013-08-12,2013-08-17,540.0,1,540.0
SO63686,9651,170,2013-08-05,2013-08-12,2013-08-17,1120.0,1,1120.0
SO63686,9651,171,2013-08-05,2013-08-12,2013-08-17,1120.0,1,1120.0
SO63687,9710,369,2013-08-05,2013-08-12,2013-08-17,1701.0,1,1701.0
SO63688,13187,174,2013-08-05,2013-08-12,2013-08-17,1120.0,1,1120.0
SO63688,13187,175,2013-08-05,2013-08-12,2013-08-17,1120.0,1,1120.0
SO63689,7134,363,2013-08-05,2013-08-12,2013-08-17,2384.0,1,2384.0
SO63690,10178,326,2013-08-06,2013-08-13,2013-08-18,35.0,1,35.0
SO63691,4242,267,2013-08-06,2013-08-13,2013-08-18,10.0,1,10.0
SO63692,4148,4,2013-08-06,2013-08-13,2013-08-18,35.0,1,35.0
SO63692,4148,5,2013-08-06,2013-08-13,2013-08-18,35.0,1,35.0
SO63692,4148,6,2013-08-06,2013-08-13,2013-08-18,35.0,1,35.0
SO63693,5734,318,2013-08-06,2013-08-13,2013-08-18,4.0,1,4.0
SO63694,2005,275,2013-08-06,2013-08-13,2013-08-18,159.0,1,159.0
SO63695,9150,162,2013-08-06,2013-08-13,2013-08-18,2443.0,1,2443.0
SO63695,9150,163,2013-08-06,2013-08-13,2013-08-18,2443.0,1,2443.0
SO63696,11321,370,2013-08-06,2013-08-13,2013-08-18,1701.0,1,1701.0
SO63697,6892,369,2013-08-06,2013-08-13,2013-08-18,1701.0,1,1701.0
SO63698,11417,371,2013-08-06,2013-08-13,2013-08-18,1701.0,1,1701.0
SO63699,6941,369,2013-08-06,2013-08-13,2013-08-18,1701.0,1,1701.0
SO63700,5278,378,2013-08-06,2013-08-13,2013-08-18,769.0,1,769.0
SO63701,2681,145,2013-08-06,2013-08-13,2013-08-18,2320.0,1,2320.0
SO63701,2681,146,2013-08-06,2013-08-13,2013-08-18,2320.0,1,2320.0
SO63702,6210,141,2013-08-06,2013-08-13,2013-08-18,2320.0,1,2320.0
SO63702,6210,142,2013-08-06,2013-08-13,2013-08-18,2320.0,1,2320.0
SO63703,2662,143,2013-08-06,2013-08-13,2013-08-18,2320.0,1,2320.0
SO63703,2662,144,2013-08-06,2013-08-13,2013-08-18,2320.0,1,2320.0
SO63704,1266,145,2013-08-06,2013-08-13,2013-08-18,2320.0,1,2320.0
SO63704,1266,146,2013-08-06,2013-08-13,2013-08-18,2320.0,1,2320.0
SO63705,186,328,2013-08-06,2013-08-13,2013-08-18,25.0,1,25.0
SO63706,501,318,2013-08-06,2013-08-13,2013-08-18,4.0,1,4.0
SO63707,15523,324,2013-08-06,2013-08-13,2013-08-18,25.0,1,25.0
SO63708,11071,267,2013-08-06,2013-08-13,2013-08-18,10.0,1,10.0
SO63709,3567,267,2013-08-06,2013-08-13,2013-08-18,10.0,1,10.0
SO63710,10244,267,2013-08-06,2013-08-13,2013-08-18,10.0,1,10.0
SO63711,7982,265,2013-08-06,2013-08-13,2013-08-18,70.0,1,70.0
SO63712,7474,266,2013-08-06,2013-08-13,2013-08-18,5.0,1,5.0
SO63713,4271,317,2013-08-06,2013-08-13,2013-08-18,5.0,1,5.0
SO63714,8542,317,2013-08-06,2013-08-13,2013-08-18,5.0,1,5.0
SO63715,11367,274,2013-08-06,2013-08-13,2013-08-18,22.0,1,22.0
SO63716,2758,274,2013-08-06,2013-08-13,2013-08-18,22.0,1,22.0
SO63717,2372,274,2013-08-06,2013-08-13,2013-08-18,22.0,1,22.0
SO63718,2513,265,2013-08-06,2013-08-13,2013-08-18,70.0,1,70.0
SO63719,1510,329,2013-08-06,2013-08-13,2013-08-18,33.0,1,33.0
SO63720,8252,328,2013-08-06,2013-08-13,2013-08-18,25.0,1,25.0
SO63721,6750,325,2013-08-06,2013-08-13,2013-08-18,30.0,1,30.0
SO63722,1730,330,2013-08-06,2013-08-13,2013-08-18,29.0,1,29.0
SO63723,14317,319,2013-08-06,2013-08-13,2013-08-18,5.0,1,5.0
SO63724,7187,319,2013-08-06,2013-08-13,2013-08-18,5.0,1,5.0
SO63725,188,326,2013-08-06,2013-08-13,2013-08-18,35.0,1,35.0
SO63726,4848,274,2013-08-06,2013-08-13,2013-08-18,22.0,1,22.0
SO63727,5023,386,2013-08-06,2013-08-13,2013-08-18,540.0,1,540.0
SO63728,4365,145,2013-08-06,2013-08-13,2013-08-18,2320.0,1,2320.0
SO63728,4365,146,2013-08-06,2013-08-13,2013-08-18,2320.0,1,2320.0
SO63729,4368,145,2013-08-06,2013-08-13,2013-08-18,2320.0,1,2320.0
SO63729,4368,146,2013-08-06,2013-08-13,2013-08-18,2320.0,1,2320.0
SO63730,4322,151,2013-08-06,2013-08-13,2013-08-18,2295.0,1,2295.0
SO63730,4322,152,2013-08-06,2013-08-13,2013-08-18,2295.0,1,2295.0
SO63731,16005,349,2013-08-06,2013-08-13,2013-08-18,1215.0,1,1215.0
SO63732,4042,372,2013-08-06,2013-08-13,2013-08-18,1701.0,1,1701.0
SO63733,6910,172,2013-08-06,2013-08-13,2013-08-18,1120.0,1,1120.0
SO63733,6910,173,2013-08-06,2013-08-13,2013-08-18,1120.0,1,1120.0
SO63734,13163,394,2013-08-06,2013-08-13,2013-08-18,540.0,1,540.0
SO63735,14109,170,2013-08-06,2013-08-13,2013-08-18,1120.0,1,1120.0
SO63735,14109,171,2013-08-06,2013-08-13,2013-08-18,1120.0,1,1120.0
SO63736,996,141,2013-08-06,2013-08-13,2013-08-18,2320.0,1,2320.0
SO63736,996,142,2013-08-06,2013-08-13,2013-08-18,2320.0,1,2320.0
SO63737,35,149,2013-08-06,2013-08-13,2013-08-18,2295.0,1,2295.0
SO63737,35,150,2013-08-06,2013-08-13,2013-08-18,2295.0,1,2295.0
SO63738,3031,149,2013-08-06,2013-08-13,2013-08-18,2295.0,1,2295.0
SO63738,3031,150,2013-08-06,2013-08-13,2013-08-18,2295.0,1,2295.0
SO63739,14867,368,2013-08-06,2013-08-13,2013-08-18,1215.0,1,1215.0
SO63740,2441,351,2013-08-06,2013-08-13,2013-08-18,2384.0,1,2384.0
SO63741,15115,350,2013-08-06,2013-08-13,2013-08-18,2384.0,1,2384.0
SO63742,9678,176,2013-08-06,2013-08-13,2013-08-18,1120.0,1,1120.0
SO63742,9678,177,2013-08-06,2013-08-13,2013-08-18,1120.0,1,1120.0
SO63743,6609,371,2013-08-06,2013-08-13,2013-08-18,1701.0,1,1701.0
SO63744,6616,370,2013-08-06,2013-08-13,2013-08-18,1701.0,1,1701.0
SO63745,6662,372,2013-08-06,2013-08-13,2013-08-18,1701.0,1,1701.0
SO63746,12904,393,2013-08-06,2013-08-13,2013-08-18,540.0,1,540.0
SO63747,12983,395,2013-08-06,2013-08-13,2013-08-18,540.0,1,540.0
SO63748,251,395,2013-08-06,2013-08-13,2013-08-18,540.0,1,540.0
SO63749,5207,351,2013-08-06,2013-08-13,2013-08-18,2384.0,1,2384.0
SO63750,989,352,2013-08-06,2013-08-13,2013-08-18,2384.0,1,2384.0
SO63751,990,364,2013-08-06,2013-08-13,2013-08-18,2384.0,1,2384.0
SO63752,18089,356,2013-08-06,2013-08-13,2013-08-18,742.0,1,742.0
SO63753,12994,394,2013-08-06,2013-08-13,2013-08-18,540.0,1,540.0
SO63754,12999,394,2013-08-06,2013-08-13,2013-08-18,540.0,1,540.0
SO63755,1011,352,2013-08-06,2013-08-13,2013-08-18,2384.0,1,2384.0
SO63756,1040,364,2013-08-06,2013-08-13,2013-08-18,2384.0,1,2384.0
SO63757,3148,376,2013-08-07,2013-08-14,2013-08-19,769.0,1,769.0
SO63758,9622,166,2013-08-07,2013-08-14,2013-08-19,2443.0,1,2443.0
SO63758,9622,167,2013-08-07,2013-08-14,2013-08-19,2443.0,1,2443.0
SO63759,4026,328,2013-08-07,2013-08-14,2013-08-19,25.0,1,25.0
SO63760,5607,325,2013-08-07,2013-08-14,2013-08-19,30.0,1,30.0
SO63761,13381,266,2013-08-07,2013-08-14,2013-08-19,5.0,1,5.0
SO63762,1666,317,2013-08-07,2013-08-14,2013-08-19,5.0,1,5.0
SO63763,3999,384,2013-08-07,2013-08-14,2013-08-19,565.0,1,565.0
SO63764,9061,160,2013-08-07,2013-08-14,2013-08-19,2443.0,1,2443.0
SO63764,9061,161,2013-08-07,2013-08-14,2013-08-19,2443.0,1,2443.0
SO63765,5514,168,2013-08-07,2013-08-14,2013-08-19,2443.0,1,2443.0
SO63765,5514,169,2013-08-07,2013-08-14,2013-08-19,2443.0,1,2443.0
SO63766,5261,376,2013-08-07,2013-08-14,2013-08-19,769.0,1,769.0
SO63767,3168,379,2013-08-07,2013-08-14,2013-08-19,769.0,1,769.0
SO63768,6200,145,2013-08-07,2013-08-14,2013-08-19,2320.0,1,2320.0
SO63768,6200,146,2013-08-07,2013-08-14,2013-08-19,2320.0,1,2320.0
SO63769,748,277,2013-08-07,2013-08-14,2013-08-19,54.0,1,54.0
SO63770,301,269,2013-08-07,2013-08-14,2013-08-19,2.0,1,2.0
SO63771,301,318,2013-08-07,2013-08-14,2013-08-19,4.0,1,4.0
SO63772,15477,327,2013-08-07,2013-08-14,2013-08-19,21.0,1,21.0
SO63773,14256,329,2013-08-07,2013-08-14,2013-08-19,33.0,1,33.0
SO63774,13823,318,2013-08-07,2013-08-14,2013-08-19,4.0,1,4.0
SO63775,12208,325,2013-08-07,2013-08-14,2013-08-19,30.0,1,30.0
SO63776,11722,325,2013-08-07,2013-08-14,2013-08-19,30.0,1,30.0
SO63777,10165,267,2013-08-07,2013-08-14,2013-08-19,10.0,1,10.0
SO63778,10464,267,2013-08-07,2013-08-14,2013-08-19,10.0,1,10.0
SO63779,8721,265,2013-08-07,2013-08-14,2013-08-19,70.0,1,70.0
SO63780,7383,265,2013-08-07,2013-08-14,2013-08-19,70.0,1,70.0
SO63781,9095,266,2013-08-07,2013-08-14,2013-08-19,5.0,1,5.0
SO63782,6173,266,2013-08-07,2013-08-14,2013-08-19,5.0,1,5.0
SO63783,3028,274,2013-08-07,2013-08-14,2013-08-19,22.0,1,22.0
SO63784,17385,329,2013-08-07,2013-08-14,2013-08-19,33.0,1,33.0
SO63785,9890,325,2013-08-07,2013-08-14,2013-08-19,30.0,1,30.0
SO63786,13575,266,2013-08-07,2013-08-14,2013-08-19,5.0,1,5.0
SO63787,698,326,2013-08-07,2013-08-14,2013-08-19,35.0,1,35.0
SO63788,942,326,2013-08-07,2013-08-14,2013-08-19,35.0,1,35.0
SO63789,2535,267,2013-08-07,2013-08-14,2013-08-19,10.0,1,10.0
SO63790,2610,267,2013-08-07,2013-08-14,2013-08-19,10.0,1,10.0
SO63791,4484,149,2013-08-07,2013-08-14,2013-08-19,2295.0,1,2295.0
SO63791,4484,150,2013-08-07,2013-08-14,2013-08-19,2295.0,1,2295.0
SO63792,1772,141,2013-08-07,2013-08-14,2013-08-19,2320.0,1,2320.0
SO63792,1772,142,2013-08-07,2013-08-14,2013-08-19,2320.0,1,2320.0
SO63793,5655,149,2013-08-07,2013-08-14,2013-08-19,2295.0,1,2295.0
SO63793,5655,150,2013-08-07,2013-08-14,2013-08-19,2295.0,1,2295.0
SO63794,17697,352,2013-08-07,2013-08-14,2013-08-19,2384.0,1,2384.0
SO63795,4355,12,2013-08-07,2013-08-14,2013-08-19,9.0,1,9.0
SO63795,4355,13,2013-08-07,2013-08-14,2013-08-19,9.0,1,9.0
SO63795,4355,14,2013-08-07,2013-08-14,2013-08-19,9.0,1,9.0
SO63796,13005,373,2013-08-07,2013-08-14,2013-08-19,540.0,1,540.0
SO63797,13164,373,2013-08-07,2013-08-14,2013-08-19,540.0,1,540.0
SO63798,14243,174,2013-08-07,2013-08-14,2013-08-19,1120.0,1,1120.0
SO63798,14243,175,2013-08-07,2013-08-14,2013-08-19,1120.0,1,1120.0
SO63799,10174,164,2013-08-07,2013-08-14,2013-08-19,2443.0,1,2443.0
SO63799,10174,165,2013-08-07,2013-08-14,2013-08-19,2443.0,1,2443.0
SO63800,2972,147,2013-08-07,2013-08-14,2013-08-19,2295.0,1,2295.0
SO63800,2972,148,2013-08-07,2013-08-14,2013-08-19,2295.0,1,2295.0
SO63801,3021,141,2013-08-07,2013-08-14,2013-08-19,2320.0,1,2320.0
SO63801,3021,142,2013-08-07,2013-08-14,2013-08-19,2320.0,1,2320.0
SO63802,15624,374,2013-08-07,2013-08-14,2013-08-19,742.0,1,742.0
SO63803,15491,362,2013-08-07,2013-08-14,2013-08-19,2384.0,1,2384.0
SO63804,15202,364,2013-08-07,2013-08-14,2013-08-19,2384.0,1,2384.0
SO63805,13740,353,2013-08-07,2013-08-14,2013-08-19,2384.0,1,2384.0
SO63806,12356,261,2013-08-07,2013-08-14,2013-08-19,64.0,1,64.0
SO63807,12357,373,2013-08-07,2013-08-14,2013-08-19,540.0,1,540.0
SO63808,12083,373,2013-08-07,2013-08-14,2013-08-19,540.0,1,540.0
SO63809,10343,172,2013-08-07,2013-08-14,2013-08-19,1120.0,1,1120.0
SO63809,10343,173,2013-08-07,2013-08-14,2013-08-19,1120.0,1,1120.0
SO63810,6575,372,2013-08-07,2013-08-14,2013-08-19,1701.0,1,1701.0
SO63811,6618,371,2013-08-07,2013-08-14,2013-08-19,1701.0,1,1701.0
SO63812,6661,371,2013-08-07,2013-08-14,2013-08-19,1701.0,1,1701.0
SO63813,6569,370,2013-08-07,2013-08-14,2013-08-19,1701.0,1,1701.0
SO63814,17406,178,2013-08-07,2013-08-14,2013-08-19,1120.0,1,1120.0
SO63814,17406,179,2013-08-07,2013-08-14,2013-08-19,1120.0,1,1120.0
SO63815,11613,394,2013-08-07,2013-08-14,2013-08-19,540.0,1,540.0
SO63816,11627,395,2013-08-07,2013-08-14,2013-08-19,540.0,1,540.0
SO63817,953,365,2013-08-07,2013-08-14,2013-08-19,2384.0,1,2384.0
SO63818,16868,362,2013-08-07,2013-08-14,2013-08-19,2384.0,1,2384.0
SO63819,101,352,2013-08-07,2013-08-14,2013-08-19,2384.0,1,2384.0
SO63820,968,363,2013-08-07,2013-08-14,2013-08-19,2384.0,1,2384.0
SO63821,18068,373,2013-08-07,2013-08-14,2013-08-19,540.0,1,540.0
SO63822,18097,393,2013-08-07,2013-08-14,2013-08-19,540.0,1,540.0
SO63823,1384,145,2013-08-08,2013-08-15,2013-08-20,2320.0,1,2320.0
SO63823,1384,146,2013-08-08,2013-08-15,2013-08-20,2320.0,1,2320.0
SO63824,2564,143,2013-08-08,2013-08-15,2013-08-20,2320.0,1,2320.0
SO63824,2564,144,2013-08-08,2013-08-15,2013-08-20,2320.0,1,2320.0
SO63825,1993,324,2013-08-08,2013-08-15,2013-08-20,25.0,1,25.0
SO63826,12015,319,2013-08-08,2013-08-15,2013-08-20,5.0,1,5.0
SO63827,16368,263,2013-08-08,2013-08-15,2013-08-20,70.0,1,70.0
SO63828,1705,318,2013-08-08,2013-08-15,2013-08-20,4.0,1,4.0
SO63829,147,278,2013-08-08,2013-08-15,2013-08-20,54.0,1,54.0
SO63830,6930,369,2013-08-08,2013-08-15,2013-08-20,1701.0,1,1701.0
SO63831,11633,166,2013-08-08,2013-08-15,2013-08-20,2443.0,1,2443.0
SO63831,11633,167,2013-08-08,2013-08-15,2013-08-20,2443.0,1,2443.0
SO63832,3149,377,2013-08-08,2013-08-15,2013-08-20,769.0,1,769.0
SO63833,5828,147,2013-08-08,2013-08-15,2013-08-20,2295.0,1,2295.0
SO63833,5828,148,2013-08-08,2013-08-15,2013-08-20,2295.0,1,2295.0
SO63834,278,269,2013-08-08,2013-08-15,2013-08-20,2.0,1,2.0
SO63835,4245,318,2013-08-08,2013-08-15,2013-08-20,4.0,1,4.0
SO63836,263,318,2013-08-08,2013-08-15,2013-08-20,4.0,1,4.0
SO63837,281,269,2013-08-08,2013-08-15,2013-08-20,2.0,1,2.0
SO63838,17061,319,2013-08-08,2013-08-15,2013-08-20,5.0,1,5.0
SO63839,278,318,2013-08-08,2013-08-15,2013-08-20,4.0,1,4.0
SO63840,15721,330,2013-08-08,2013-08-15,2013-08-20,29.0,1,29.0
SO63841,15346,324,2013-08-08,2013-08-15,2013-08-20,25.0,1,25.0
SO63842,16482,330,2013-08-08,2013-08-15,2013-08-20,29.0,1,29.0
SO63843,13617,318,2013-08-08,2013-08-15,2013-08-20,4.0,1,4.0
SO63844,12272,267,2013-08-08,2013-08-15,2013-08-20,10.0,1,10.0
SO63845,7853,265,2013-08-08,2013-08-15,2013-08-20,70.0,1,70.0
SO63846,7670,264,2013-08-08,2013-08-15,2013-08-20,70.0,1,70.0
SO63847,6603,266,2013-08-08,2013-08-15,2013-08-20,5.0,1,5.0
SO63848,3636,317,2013-08-08,2013-08-15,2013-08-20,5.0,1,5.0
SO63849,11101,274,2013-08-08,2013-08-15,2013-08-20,22.0,1,22.0
SO63850,3002,274,2013-08-08,2013-08-15,2013-08-20,22.0,1,22.0
SO63851,10346,274,2013-08-08,2013-08-15,2013-08-20,22.0,1,22.0
SO63852,2941,274,2013-08-08,2013-08-15,2013-08-20,22.0,1,22.0
SO63853,5188,274,2013-08-08,2013-08-15,2013-08-20,22.0,1,22.0
SO63854,9716,317,2013-08-08,2013-08-15,2013-08-20,5.0,1,5.0
SO63855,10531,325,2013-08-08,2013-08-15,2013-08-20,30.0,1,30.0
SO63856,558,327,2013-08-08,2013-08-15,2013-08-20,21.0,1,21.0
SO63857,11529,266,2013-08-08,2013-08-15,2013-08-20,5.0,1,5.0
SO63858,771,317,2013-08-08,2013-08-15,2013-08-20,5.0,1,5.0
SO63859,1446,274,2013-08-08,2013-08-15,2013-08-20,22.0,1,22.0
SO63860,1224,1,2013-08-08,2013-08-15,2013-08-20,35.0,1,35.0
SO63860,1224,2,2013-08-08,2013-08-15,2013-08-20,35.0,1,35.0
SO63860,1224,3,2013-08-08,2013-08-15,2013-08-20,35.0,1,35.0
SO63861,8741,385,2013-08-08,2013-08-15,2013-08-20,540.0,1,540.0
SO63862,4201,141,2013-08-08,2013-08-15,2013-08-20,2320.0,1,2320.0
SO63862,4201,142,2013-08-08,2013-08-15,2013-08-20,2320.0,1,2320.0
SO63863,354,364,2013-08-08,2013-08-15,2013-08-20,2384.0,1,2384.0
SO63864,12653,369,2013-08-08,2013-08-15,2013-08-20,1701.0,1,1701.0
SO63865,16583,373,2013-08-08,2013-08-15,2013-08-20,540.0,1,540.0
SO63866,16584,393,2013-08-08,2013-08-15,2013-08-20,540.0,1,540.0
SO63867,6736,172,2013-08-08,2013-08-15,2013-08-20,1120.0,1,1120.0
SO63867,6736,173,2013-08-08,2013-08-15,2013-08-20,1120.0,1,1120.0
SO63868,10166,164,2013-08-08,2013-08-15,2013-08-20,2443.0,1,2443.0
SO63868,10166,165,2013-08-08,2013-08-15,2013-08-20,2443.0,1,2443.0
SO63869,9626,160,2013-08-08,2013-08-15,2013-08-20,2443.0,1,2443.0
SO63869,9626,161,2013-08-08,2013-08-15,2013-08-20,2443.0,1,2443.0
SO63870,7189,164,2013-08-08,2013-08-15,2013-08-20,2443.0,1,2443.0
SO63870,7189,165,2013-08-08,2013-08-15,2013-08-20,2443.0,1,2443.0
SO63871,18224,374,2013-08-08,2013-08-15,2013-08-20,742.0,1,742.0
SO63872,15374,395,2013-08-08,2013-08-15,2013-08-20,540.0,1,540.0
SO63873,9704,371,2013-08-08,2013-08-15,2013-08-20,1701.0,1,1701.0
SO63874,9842,170,2013-08-08,2013-08-15,2013-08-20,1120.0,1,1120.0
SO63874,9842,171,2013-08-08,2013-08-15,2013-08-20,1120.0,1,1120.0
SO63875,13185,178,2013-08-08,2013-08-15,2013-08-20,1120.0,1,1120.0
SO63875,13185,179,2013-08-08,2013-08-15,2013-08-20,1120.0,1,1120.0
SO63876,12918,395,2013-08-08,2013-08-15,2013-08-20,540.0,1,540.0
SO63877,18096,354,2013-08-08,2013-08-15,2013-08-20,742.0,1,742.0
SO63878,1005,364,2013-08-08,2013-08-15,2013-08-20,2384.0,1,2384.0
SO63879,1338,365,2013-08-08,2013-08-15,2013-08-20,2384.0,1,2384.0
SO63880,7131,143,2013-08-09,2013-08-16,2013-08-21,2320.0,1,2320.0
SO63880,7131,144,2013-08-09,2013-08-16,2013-08-21,2320.0,1,2320.0
SO63881,6207,147,2013-08-09,2013-08-16,2013-08-21,2295.0,1,2295.0
SO63881,6207,148,2013-08-09,2013-08-16,2013-08-21,2295.0,1,2295.0
SO63882,1202,273,2013-08-09,2013-08-16,2013-08-21,8.0,1,8.0
SO63883,4132,328,2013-08-09,2013-08-16,2013-08-21,25.0,1,25.0
SO63884,3315,328,2013-08-09,2013-08-16,2013-08-21,25.0,1,25.0
SO63885,5024,325,2013-08-09,2013-08-16,2013-08-21,30.0,1,30.0
SO63886,5681,325,2013-08-09,2013-08-16,2013-08-21,30.0,1,30.0
SO63887,7222,274,2013-08-09,2013-08-16,2013-08-21,22.0,1,22.0
SO63888,10574,326,2013-08-09,2013-08-16,2013-08-21,35.0,1,35.0
SO63889,4582,267,2013-08-09,2013-08-16,2013-08-21,10.0,1,10.0
SO63890,99,280,2013-08-09,2013-08-16,2013-08-21,54.0,1,54.0
SO63891,6299,277,2013-08-09,2013-08-16,2013-08-21,54.0,1,54.0
SO63892,3314,262,2013-08-09,2013-08-16,2013-08-21,64.0,1,64.0
SO63893,11419,372,2013-08-09,2013-08-16,2013-08-21,1701.0,1,1701.0
SO63894,143,279,2013-08-09,2013-08-16,2013-08-21,54.0,1,54.0
SO63895,205,269,2013-08-09,2013-08-16,2013-08-21,2.0,1,2.0
SO63896,620,319,2013-08-09,2013-08-16,2013-08-21,5.0,1,5.0
SO63897,278,330,2013-08-09,2013-08-16,2013-08-21,29.0,1,29.0
SO63898,14277,318,2013-08-09,2013-08-16,2013-08-21,4.0,1,4.0
SO63899,11793,325,2013-08-09,2013-08-16,2013-08-21,30.0,1,30.0
SO63900,3245,267,2013-08-09,2013-08-16,2013-08-21,10.0,1,10.0
SO63901,7056,317,2013-08-09,2013-08-16,2013-08-21,5.0,1,5.0
SO63902,8529,264,2013-08-09,2013-08-16,2013-08-21,70.0,1,70.0
SO63903,6441,266,2013-08-09,2013-08-16,2013-08-21,5.0,1,5.0
SO63904,7934,266,2013-08-09,2013-08-16,2013-08-21,5.0,1,5.0
SO63905,186,266,2013-08-09,2013-08-16,2013-08-21,5.0,1,5.0
SO63906,8907,317,2013-08-09,2013-08-16,2013-08-21,5.0,1,5.0
SO63907,9722,328,2013-08-09,2013-08-16,2013-08-21,25.0,1,25.0
SO63908,8080,324,2013-08-09,2013-08-16,2013-08-21,25.0,1,25.0
SO63909,8062,324,2013-08-09,2013-08-16,2013-08-21,25.0,1,25.0
SO63910,10551,266,2013-08-09,2013-08-16,2013-08-21,5.0,1,5.0
SO63911,15365,318,2013-08-09,2013-08-16,2013-08-21,4.0,1,4.0
SO63912,470,327,2013-08-09,2013-08-16,2013-08-21,21.0,1,21.0
SO63913,10821,325,2013-08-09,2013-08-16,2013-08-21,30.0,1,30.0
SO63914,11530,327,2013-08-09,2013-08-16,2013-08-21,21.0,1,21.0
SO63915,3555,330,2013-08-09,2013-08-16,2013-08-21,29.0,1,29.0
SO63916,16933,319,2013-08-09,2013-08-16,2013-08-21,5.0,1,5.0
SO63917,1552,318,2013-08-09,2013-08-16,2013-08-21,4.0,1,4.0
SO63918,88,326,2013-08-09,2013-08-16,2013-08-21,35.0,1,35.0
SO63919,700,326,2013-08-09,2013-08-16,2013-08-21,35.0,1,35.0
SO63920,1401,267,2013-08-09,2013-08-16,2013-08-21,10.0,1,10.0
SO63921,7356,274,2013-08-09,2013-08-16,2013-08-21,22.0,1,22.0
SO63922,1473,21,2013-08-09,2013-08-16,2013-08-21,50.0,1,50.0
SO63922,1473,22,2013-08-09,2013-08-16,2013-08-21,50.0,1,50.0
SO63922,1473,23,2013-08-09,2013-08-16,2013-08-21,50.0,1,50.0
SO63923,2715,385,2013-08-09,2013-08-16,2013-08-21,540.0,1,540.0
SO63924,1770,149,2013-08-09,2013-08-16,2013-08-21,2295.0,1,2295.0
SO63924,1770,150,2013-08-09,2013-08-16,2013-08-21,2295.0,1,2295.0
SO63925,4303,147,2013-08-09,2013-08-16,2013-08-21,2295.0,1,2295.0
SO63925,4303,148,2013-08-09,2013-08-16,2013-08-21,2295.0,1,2295.0
SO63926,4998,141,2013-08-09,2013-08-16,2013-08-21,2320.0,1,2320.0
SO63926,4998,142,2013-08-09,2013-08-16,2013-08-21,2320.0,1,2320.0
SO63927,5001,147,2013-08-09,2013-08-16,2013-08-21,2295.0,1,2295.0
SO63927,5001,148,2013-08-09,2013-08-16,2013-08-21,2295.0,1,2295.0
SO63928,1762,145,2013-08-09,2013-08-16,2013-08-21,2320.0,1,2320.0
SO63928,1762,146,2013-08-09,2013-08-16,2013-08-21,2320.0,1,2320.0
SO63929,4418,151,2013-08-09,2013-08-16,2013-08-21,2295.0,1,2295.0
SO63929,4418,152,2013-08-09,2013-08-16,2013-08-21,2295.0,1,2295.0
SO63930,1774,145,2013-08-09,2013-08-16,2013-08-21,2320.0,1,2320.0
SO63930,1774,146,2013-08-09,2013-08-16,2013-08-21,2320.0,1,2320.0
SO63931,5811,143,2013-08-09,2013-08-16,2013-08-21,2320.0,1,2320.0
SO63931,5811,144,2013-08-09,2013-08-16,2013-08-21,2320.0,1,2320.0
SO63932,14607,368,2013-08-09,2013-08-16,2013-08-21,1215.0,1,1215.0
SO63933,12652,370,2013-08-09,2013-08-16,2013-08-21,1701.0,1,1701.0
SO63934,13002,373,2013-08-09,2013-08-16,2013-08-21,540.0,1,540.0
SO63935,13162,393,2013-08-09,2013-08-16,2013-08-21,540.0,1,540.0
SO63936,10167,162,2013-08-09,2013-08-16,2013-08-21,2443.0,1,2443.0
SO63936,10167,163,2013-08-09,2013-08-16,2013-08-21,2443.0,1,2443.0
SO63937,3226,151,2013-08-09,2013-08-16,2013-08-21,2295.0,1,2295.0
SO63937,3226,152,2013-08-09,2013-08-16,2013-08-21,2295.0,1,2295.0
SO63938,14896,366,2013-08-09,2013-08-16,2013-08-21,1215.0,1,1215.0
SO63939,15111,365,2013-08-09,2013-08-16,2013-08-21,2384.0,1,2384.0
SO63940,12340,394,2013-08-09,2013-08-16,2013-08-21,540.0,1,540.0
SO63941,9646,176,2013-08-09,2013-08-16,2013-08-21,1120.0,1,1120.0
SO63941,9646,177,2013-08-09,2013-08-16,2013-08-21,1120.0,1,1120.0
SO63942,6615,369,2013-08-09,2013-08-16,2013-08-21,1701.0,1,1701.0
SO63943,12934,394,2013-08-09,2013-08-16,2013-08-21,540.0,1,540.0
SO63944,965,362,2013-08-09,2013-08-16,2013-08-21,2384.0,1,2384.0
SO63945,3067,360,2013-08-09,2013-08-16,2013-08-21,742.0,1,742.0
SO63946,6241,377,2013-08-09,2013-08-16,2013-08-21,769.0,1,769.0
SO63947,10249,325,2013-08-10,2013-08-17,2013-08-22,30.0,1,30.0
SO63948,5706,325,2013-08-10,2013-08-17,2013-08-22,30.0,1,30.0
SO63949,16146,326,2013-08-10,2013-08-17,2013-08-22,35.0,1,35.0
SO63950,16593,319,2013-08-10,2013-08-17,2013-08-22,5.0,1,5.0
SO63951,15137,317,2013-08-10,2013-08-17,2013-08-22,5.0,1,5.0
SO63952,6077,24,2013-08-10,2013-08-17,2013-08-22,50.0,1,50.0
SO63952,6077,25,2013-08-10,2013-08-17,2013-08-22,50.0,1,50.0
SO63952,6077,26,2013-08-10,2013-08-17,2013-08-22,50.0,1,50.0
SO63953,8086,269,2013-08-10,2013-08-17,2013-08-22,2.0,1,2.0
SO63954,3686,276,2013-08-10,2013-08-17,2013-08-22,55.0,1,55.0
SO63955,4064,389,2013-08-10,2013-08-17,2013-08-22,540.0,1,540.0
SO63956,11397,370,2013-08-10,2013-08-17,2013-08-22,1701.0,1,1701.0
SO63957,5276,378,2013-08-10,2013-08-17,2013-08-22,769.0,1,769.0
SO63958,4932,145,2013-08-10,2013-08-17,2013-08-22,2320.0,1,2320.0
SO63958,4932,146,2013-08-10,2013-08-17,2013-08-22,2320.0,1,2320.0
SO63959,4934,149,2013-08-10,2013-08-17,2013-08-22,2295.0,1,2295.0
SO63959,4934,150,2013-08-10,2013-08-17,2013-08-22,2295.0,1,2295.0
SO63960,5576,143,2013-08-10,2013-08-17,2013-08-22,2320.0,1,2320.0
SO63960,5576,144,2013-08-10,2013-08-17,2013-08-22,2320.0,1,2320.0
SO63961,17232,327,2013-08-10,2013-08-17,2013-08-22,21.0,1,21.0
SO63962,620,318,2013-08-10,2013-08-17,2013-08-22,4.0,1,4.0
SO63963,13321,318,2013-08-10,2013-08-17,2013-08-22,4.0,1,4.0
SO63964,12028,325,2013-08-10,2013-08-17,2013-08-22,30.0,1,30.0
SO63965,725,267,2013-08-10,2013-08-17,2013-08-22,10.0,1,10.0
SO63966,7823,263,2013-08-10,2013-08-17,2013-08-22,70.0,1,70.0
SO63967,13756,266,2013-08-10,2013-08-17,2013-08-22,5.0,1,5.0
SO63968,10746,274,2013-08-10,2013-08-17,2013-08-22,22.0,1,22.0
SO63969,2859,274,2013-08-10,2013-08-17,2013-08-22,22.0,1,22.0
SO63970,12459,317,2013-08-10,2013-08-17,2013-08-22,5.0,1,5.0
SO63971,17497,264,2013-08-10,2013-08-17,2013-08-22,70.0,1,70.0
SO63972,7624,317,2013-08-10,2013-08-17,2013-08-22,5.0,1,5.0
SO63973,2180,326,2013-08-10,2013-08-17,2013-08-22,35.0,1,35.0
SO63974,3562,326,2013-08-10,2013-08-17,2013-08-22,35.0,1,35.0
SO63975,185,326,2013-08-10,2013-08-17,2013-08-22,35.0,1,35.0
SO63976,801,326,2013-08-10,2013-08-17,2013-08-22,35.0,1,35.0
SO63977,3661,376,2013-08-10,2013-08-17,2013-08-22,769.0,1,769.0
SO63978,5020,380,2013-08-10,2013-08-17,2013-08-22,565.0,1,565.0
SO63979,5907,141,2013-08-10,2013-08-17,2013-08-22,2320.0,1,2320.0
SO63979,5907,142,2013-08-10,2013-08-17,2013-08-22,2320.0,1,2320.0
SO63980,4370,151,2013-08-10,2013-08-17,2013-08-22,2295.0,1,2295.0
SO63980,4370,152,2013-08-10,2013-08-17,2013-08-22,2295.0,1,2295.0
SO63981,1600,367,2013-08-10,2013-08-17,2013-08-22,1215.0,1,1215.0
SO63982,13010,395,2013-08-10,2013-08-17,2013-08-22,540.0,1,540.0
SO63983,16582,395,2013-08-10,2013-08-17,2013-08-22,540.0,1,540.0
SO63984,10180,164,2013-08-10,2013-08-17,2013-08-22,2443.0,1,2443.0
SO63984,10180,165,2013-08-10,2013-08-17,2013-08-22,2443.0,1,2443.0
SO63985,3066,143,2013-08-10,2013-08-17,2013-08-22,2320.0,1,2320.0
SO63985,3066,144,2013-08-10,2013-08-17,2013-08-22,2320.0,1,2320.0
SO63986,15099,362,2013-08-10,2013-08-17,2013-08-22,2384.0,1,2384.0
SO63987,15246,363,2013-08-10,2013-08-17,2013-08-22,2384.0,1,2384.0
SO63988,15530,394,2013-08-10,2013-08-17,2013-08-22,540.0,1,540.0
SO63989,12060,373,2013-08-10,2013-08-17,2013-08-22,540.0,1,540.0
SO63990,6601,370,2013-08-10,2013-08-17,2013-08-22,1701.0,1,1701.0
SO63991,17365,178,2013-08-10,2013-08-17,2013-08-22,1120.0,1,1120.0
SO63991,17365,179,2013-08-10,2013-08-17,2013-08-22,1120.0,1,1120.0
SO63992,11516,393,2013-08-10,2013-08-17,2013-08-22,540.0,1,540.0
SO63993,18453,374,2013-08-10,2013-08-17,2013-08-22,742.0,1,742.0
SO63994,3672,378,2013-08-10,2013-08-17,2013-08-22,769.0,1,769.0
SO63995,1004,363,2013-08-10,2013-08-17,2013-08-22,2384.0,1,2384.0
SO63996,9623,166,2013-08-11,2013-08-18,2013-08-23,2443.0,1,2443.0
SO63996,9623,167,2013-08-11,2013-08-18,2013-08-23,2443.0,1,2443.0
SO63997,632,268,2013-08-11,2013-08-18,2013-08-23,9.0,1,9.0
SO63998,963,268,2013-08-11,2013-08-18,2013-08-23,9.0,1,9.0
SO63999,5176,318,2013-08-11,2013-08-18,2013-08-23,4.0,1,4.0
SO64000,3312,328,2013-08-11,2013-08-18,2013-08-23,25.0,1,25.0
SO64001,6725,274,2013-08-11,2013-08-18,2013-08-23,22.0,1,22.0
SO64002,11958,266,2013-08-11,2013-08-18,2013-08-23,5.0,1,5.0
SO64003,4027,319,2013-08-11,2013-08-18,2013-08-23,5.0,1,5.0
SO64004,17214,319,2013-08-11,2013-08-18,2013-08-23,5.0,1,5.0
SO64005,3238,18,2013-08-11,2013-08-18,2013-08-23,50.0,1,50.0
SO64005,3238,19,2013-08-11,2013-08-18,2013-08-23,50.0,1,50.0
SO64005,3238,20,2013-08-11,2013-08-18,2013-08-23,50.0,1,50.0
SO64006,2957,21,2013-08-11,2013-08-18,2013-08-23,50.0,1,50.0
SO64006,2957,22,2013-08-11,2013-08-18,2013-08-23,50.0,1,50.0
SO64006,2957,23,2013-08-11,2013-08-18,2013-08-23,50.0,1,50.0
SO64007,2593,162,2013-08-11,2013-08-18,2013-08-23,2443.0,1,2443.0
SO64007,2593,163,2013-08-11,2013-08-18,2013-08-23,2443.0,1,2443.0
SO64008,186,1,2013-08-11,2013-08-18,2013-08-23,35.0,1,35.0
SO64008,186,2,2013-08-11,2013-08-18,2013-08-23,35.0,1,35.0
SO64008,186,3,2013-08-11,2013-08-18,2013-08-23,35.0,1,35.0
SO64009,503,318,2013-08-11,2013-08-18,2013-08-23,4.0,1,4.0
SO64010,17984,318,2013-08-11,2013-08-18,2013-08-23,4.0,1,4.0
SO64011,17812,328,2013-08-11,2013-08-18,2013-08-23,25.0,1,25.0
SO64012,16628,330,2013-08-11,2013-08-18,2013-08-23,29.0,1,29.0
SO64013,17011,319,2013-08-11,2013-08-18,2013-08-23,5.0,1,5.0
SO64014,16249,330,2013-08-11,2013-08-18,2013-08-23,29.0,1,29.0
SO64015,16914,319,2013-08-11,2013-08-18,2013-08-23,5.0,1,5.0
SO64016,14984,324,2013-08-11,2013-08-18,2013-08-23,25.0,1,25.0
SO64017,14025,329,2013-08-11,2013-08-18,2013-08-23,33.0,1,33.0
SO64018,3659,329,2013-08-11,2013-08-18,2013-08-23,33.0,1,33.0
SO64019,10626,267,2013-08-11,2013-08-18,2013-08-23,10.0,1,10.0
SO64020,10640,267,2013-08-11,2013-08-18,2013-08-23,10.0,1,10.0
SO64021,1075,267,2013-08-11,2013-08-18,2013-08-23,10.0,1,10.0
SO64022,7874,263,2013-08-11,2013-08-18,2013-08-23,70.0,1,70.0
SO64023,9017,265,2013-08-11,2013-08-18,2013-08-23,70.0,1,70.0
SO64024,8013,265,2013-08-11,2013-08-18,2013-08-23,70.0,1,70.0
SO64025,10495,317,2013-08-11,2013-08-18,2013-08-23,5.0,1,5.0
SO64026,3384,274,2013-08-11,2013-08-18,2013-08-23,22.0,1,22.0
SO64027,3787,274,2013-08-11,2013-08-18,2013-08-23,22.0,1,22.0
SO64028,9952,325,2013-08-11,2013-08-18,2013-08-23,30.0,1,30.0
SO64029,13556,317,2013-08-11,2013-08-18,2013-08-23,5.0,1,5.0
SO64030,11499,327,2013-08-11,2013-08-18,2013-08-23,21.0,1,21.0
SO64031,11708,318,2013-08-11,2013-08-18,2013-08-23,4.0,1,4.0
SO64032,10685,318,2013-08-11,2013-08-18,2013-08-23,4.0,1,4.0
SO64033,16833,327,2013-08-11,2013-08-18,2013-08-23,21.0,1,21.0
SO64034,14497,12,2013-08-11,2013-08-18,2013-08-23,9.0,1,9.0
SO64034,14497,13,2013-08-11,2013-08-18,2013-08-23,9.0,1,9.0
SO64034,14497,14,2013-08-11,2013-08-18,2013-08-23,9.0,1,9.0
SO64035,3663,376,2013-08-11,2013-08-18,2013-08-23,769.0,1,769.0
SO64036,2028,149,2013-08-11,2013-08-18,2013-08-23,2295.0,1,2295.0
SO64036,2028,150,2013-08-11,2013-08-18,2013-08-23,2295.0,1,2295.0
SO64037,4347,141,2013-08-11,2013-08-18,2013-08-23,2320.0,1,2320.0
SO64037,4347,142,2013-08-11,2013-08-18,2013-08-23,2320.0,1,2320.0
SO64038,4405,151,2013-08-11,2013-08-18,2013-08-23,2295.0,1,2295.0
SO64038,4405,152,2013-08-11,2013-08-18,2013-08-23,2295.0,1,2295.0
SO64039,10190,370,2013-08-11,2013-08-18,2013-08-23,1701.0,1,1701.0
SO64040,13006,393,2013-08-11,2013-08-18,2013-08-23,540.0,1,540.0
SO64041,2530,162,2013-08-11,2013-08-18,2013-08-23,2443.0,1,2443.0
SO64041,2530,163,2013-08-11,2013-08-18,2013-08-23,2443.0,1,2443.0
SO64042,33,143,2013-08-11,2013-08-18,2013-08-23,2320.0,1,2320.0
SO64042,33,144,2013-08-11,2013-08-18,2013-08-23,2320.0,1,2320.0
SO64043,13755,350,2013-08-11,2013-08-18,2013-08-23,2384.0,1,2384.0
SO64044,12042,395,2013-08-11,2013-08-18,2013-08-23,540.0,1,540.0
SO64045,12048,394,2013-08-11,2013-08-18,2013-08-23,540.0,1,540.0
SO64046,7652,395,2013-08-11,2013-08-18,2013-08-23,540.0,1,540.0
SO64047,11491,373,2013-08-11,2013-08-18,2013-08-23,540.0,1,540.0
SO64048,16172,395,2013-08-11,2013-08-18,2013-08-23,540.0,1,540.0
SO64049,4700,351,2013-08-11,2013-08-18,2013-08-23,2384.0,1,2384.0
SO64050,18095,360,2013-08-11,2013-08-18,2013-08-23,742.0,1,742.0
SO64051,18343,358,2013-08-11,2013-08-18,2013-08-23,742.0,1,742.0
SO64052,16880,349,2013-08-11,2013-08-18,2013-08-23,1215.0,1,1215.0
SO64053,12997,394,2013-08-11,2013-08-18,2013-08-23,540.0,1,540.0
SO64054,11322,369,2013-08-12,2013-08-19,2013-08-24,1701.0,1,1701.0
SO64055,4243,328,2013-08-12,2013-08-19,2013-08-24,25.0,1,25.0
SO64056,6059,325,2013-08-12,2013-08-19,2013-08-24,30.0,1,30.0
SO64057,11207,317,2013-08-12,2013-08-19,2013-08-24,5.0,1,5.0
SO64058,10179,326,2013-08-12,2013-08-19,2013-08-24,35.0,1,35.0
SO64059,11920,266,2013-08-12,2013-08-19,2013-08-24,5.0,1,5.0
SO64060,15742,263,2013-08-12,2013-08-19,2013-08-24,70.0,1,70.0
SO64061,4578,9,2013-08-12,2013-08-19,2013-08-24,35.0,1,35.0
SO64061,4578,10,2013-08-12,2013-08-19,2013-08-24,35.0,1,35.0
SO64061,4578,11,2013-08-12,2013-08-19,2013-08-24,35.0,1,35.0
SO64062,4143,1,2013-08-12,2013-08-19,2013-08-24,35.0,1,35.0
SO64062,4143,2,2013-08-12,2013-08-19,2013-08-24,35.0,1,35.0
SO64062,4143,3,2013-08-12,2013-08-19,2013-08-24,35.0,1,35.0
SO64063,8586,330,2013-08-12,2013-08-19,2013-08-24,29.0,1,29.0
SO64064,6318,12,2013-08-12,2013-08-19,2013-08-24,9.0,1,9.0
SO64064,6318,13,2013-08-12,2013-08-19,2013-08-24,9.0,1,9.0
SO64064,6318,14,2013-08-12,2013-08-19,2013-08-24,9.0,1,9.0
SO64065,4003,381,2013-08-12,2013-08-19,2013-08-24,565.0,1,565.0
SO64066,429,370,2013-08-12,2013-08-19,2013-08-24,1701.0,1,1701.0
SO64067,6901,369,2013-08-12,2013-08-19,2013-08-24,1701.0,1,1701.0
SO64068,3187,166,2013-08-12,2013-08-19,2013-08-24,2443.0,1,2443.0
SO64068,3187,167,2013-08-12,2013-08-19,2013-08-24,2443.0,1,2443.0
SO64069,6793,377,2013-08-12,2013-08-19,2013-08-24,769.0,1,769.0
SO64070,5830,149,2013-08-12,2013-08-19,2013-08-24,2295.0,1,2295.0
SO64070,5830,150,2013-08-12,2013-08-19,2013-08-24,2295.0,1,2295.0
SO64071,5823,147,2013-08-12,2013-08-19,2013-08-24,2295.0,1,2295.0
SO64071,5823,148,2013-08-12,2013-08-19,2013-08-24,2295.0,1,2295.0
SO64072,5604,141,2013-08-12,2013-08-19,2013-08-24,2320.0,1,2320.0
SO64072,5604,142,2013-08-12,2013-08-19,2013-08-24,2320.0,1,2320.0
SO64073,1013,324,2013-08-12,2013-08-19,2013-08-24,25.0,1,25.0
SO64074,311,269,2013-08-12,2013-08-19,2013-08-24,2.0,1,2.0
SO64075,632,319,2013-08-12,2013-08-19,2013-08-24,5.0,1,5.0
SO64076,17101,318,2013-08-12,2013-08-19,2013-08-24,4.0,1,4.0
SO64077,14196,318,2013-08-12,2013-08-19,2013-08-24,4.0,1,4.0
SO64078,13679,318,2013-08-12,2013-08-19,2013-08-24,4.0,1,4.0
SO64079,186,318,2013-08-12,2013-08-19,2013-08-24,4.0,1,4.0
SO64080,12738,317,2013-08-12,2013-08-19,2013-08-24,5.0,1,5.0
SO64081,13227,317,2013-08-12,2013-08-19,2013-08-24,5.0,1,5.0
SO64082,10909,267,2013-08-12,2013-08-19,2013-08-24,10.0,1,10.0
SO64083,3481,267,2013-08-12,2013-08-19,2013-08-24,10.0,1,10.0
SO64084,10238,263,2013-08-12,2013-08-19,2013-08-24,70.0,1,70.0
SO64085,2232,266,2013-08-12,2013-08-19,2013-08-24,5.0,1,5.0
SO64086,7947,263,2013-08-12,2013-08-19,2013-08-24,70.0,1,70.0
SO64087,1141,266,2013-08-12,2013-08-19,2013-08-24,5.0,1,5.0
SO64088,5154,266,2013-08-12,2013-08-19,2013-08-24,5.0,1,5.0
SO64089,15096,317,2013-08-12,2013-08-19,2013-08-24,5.0,1,5.0
SO64090,3436,274,2013-08-12,2013-08-19,2013-08-24,22.0,1,22.0
SO64091,2804,324,2013-08-12,2013-08-19,2013-08-24,25.0,1,25.0
SO64092,3933,317,2013-08-12,2013-08-19,2013-08-24,5.0,1,5.0
SO64093,10853,266,2013-08-12,2013-08-19,2013-08-24,5.0,1,5.0
SO64094,13555,317,2013-08-12,2013-08-19,2013-08-24,5.0,1,5.0
SO64095,11513,12,2013-08-12,2013-08-19,2013-08-24,9.0,1,9.0
SO64095,11513,13,2013-08-12,2013-08-19,2013-08-24,9.0,1,9.0
SO64095,11513,14,2013-08-12,2013-08-19,2013-08-24,9.0,1,9.0
SO64096,16166,318,2013-08-12,2013-08-19,2013-08-24,4.0,1,4.0
SO64097,129,326,2013-08-12,2013-08-19,2013-08-24,35.0,1,35.0
SO64098,805,317,2013-08-12,2013-08-19,2013-08-24,5.0,1,5.0
SO64099,2216,274,2013-08-12,2013-08-19,2013-08-24,22.0,1,22.0
SO64100,9639,168,2013-08-12,2013-08-19,2013-08-24,2443.0,1,2443.0
SO64100,9639,169,2013-08-12,2013-08-19,2013-08-24,2443.0,1,2443.0
SO64101,5062,384,2013-08-12,2013-08-19,2013-08-24,565.0,1,565.0
SO64102,4349,147,2013-08-12,2013-08-19,2013-08-24,2295.0,1,2295.0
SO64102,4349,148,2013-08-12,2013-08-19,2013-08-24,2295.0,1,2295.0
SO64103,16123,354,2013-08-12,2013-08-19,2013-08-24,742.0,1,742.0
SO64104,14824,170,2013-08-12,2013-08-19,2013-08-24,1120.0,1,1120.0
SO64104,14824,171,2013-08-12,2013-08-19,2013-08-24,1120.0,1,1120.0
SO64105,1571,389,2013-08-12,2013-08-19,2013-08-24,540.0,1,540.0
SO64106,3071,141,2013-08-12,2013-08-19,2013-08-24,2320.0,1,2320.0
SO64106,3071,142,2013-08-12,2013-08-19,2013-08-24,2320.0,1,2320.0
SO64107,3052,143,2013-08-12,2013-08-19,2013-08-24,2320.0,1,2320.0
SO64107,3052,144,2013-08-12,2013-08-19,2013-08-24,2320.0,1,2320.0
SO64108,2966,143,2013-08-12,2013-08-19,2013-08-24,2320.0,1,2320.0
SO64108,2966,144,2013-08-12,2013-08-19,2013-08-24,2320.0,1,2320.0
SO64109,18238,358,2013-08-12,2013-08-19,2013-08-24,742.0,1,742.0
SO64110,13761,363,2013-08-12,2013-08-19,2013-08-24,2384.0,1,2384.0
SO64111,15113,352,2013-08-12,2013-08-19,2013-08-24,2384.0,1,2384.0
SO64112,12043,394,2013-08-12,2013-08-19,2013-08-24,540.0,1,540.0
SO64113,9766,172,2013-08-12,2013-08-19,2013-08-24,1120.0,1,1120.0
SO64113,9766,173,2013-08-12,2013-08-19,2013-08-24,1120.0,1,1120.0
SO64114,16142,373,2013-08-12,2013-08-19,2013-08-24,540.0,1,540.0
SO64115,14603,369,2013-08-13,2013-08-20,2013-08-25,1701.0,1,1701.0
SO64116,801,1,2013-08-13,2013-08-20,2013-08-25,35.0,1,35.0
SO64116,801,2,2013-08-13,2013-08-20,2013-08-25,35.0,1,35.0
SO64116,801,3,2013-08-13,2013-08-20,2013-08-25,35.0,1,35.0
SO64117,9416,12,2013-08-13,2013-08-20,2013-08-25,9.0,1,9.0
SO64117,9416,13,2013-08-13,2013-08-20,2013-08-25,9.0,1,9.0
SO64117,9416,14,2013-08-13,2013-08-20,2013-08-25,9.0,1,9.0
SO64118,13600,317,2013-08-13,2013-08-20,2013-08-25,5.0,1,5.0
SO64119,12536,266,2013-08-13,2013-08-20,2013-08-25,5.0,1,5.0
SO64120,6291,280,2013-08-13,2013-08-20,2013-08-25,54.0,1,54.0
SO64121,5623,329,2013-08-13,2013-08-20,2013-08-25,33.0,1,33.0
SO64122,1345,253,2013-08-13,2013-08-20,2013-08-25,24.0,1,24.0
SO64122,1345,254,2013-08-13,2013-08-20,2013-08-25,24.0,1,24.0
SO64123,6886,369,2013-08-13,2013-08-20,2013-08-25,1701.0,1,1701.0
SO64124,11310,372,2013-08-13,2013-08-20,2013-08-25,1701.0,1,1701.0
SO64125,10056,376,2013-08-13,2013-08-20,2013-08-25,769.0,1,769.0
SO64126,6192,149,2013-08-13,2013-08-20,2013-08-25,2295.0,1,2295.0
SO64126,6192,150,2013-08-13,2013-08-20,2013-08-25,2295.0,1,2295.0
SO64127,1280,145,2013-08-13,2013-08-20,2013-08-25,2320.0,1,2320.0
SO64127,1280,146,2013-08-13,2013-08-20,2013-08-25,2320.0,1,2320.0
SO64128,1875,151,2013-08-13,2013-08-20,2013-08-25,2295.0,1,2295.0
SO64128,1875,152,2013-08-13,2013-08-20,2013-08-25,2295.0,1,2295.0
SO64129,1281,151,2013-08-13,2013-08-20,2013-08-25,2295.0,1,2295.0
SO64129,1281,152,2013-08-13,2013-08-20,2013-08-25,2295.0,1,2295.0
SO64130,17595,18,2013-08-13,2013-08-20,2013-08-25,50.0,1,50.0
SO64130,17595,19,2013-08-13,2013-08-20,2013-08-25,50.0,1,50.0
SO64130,17595,20,2013-08-13,2013-08-20,2013-08-25,50.0,1,50.0
SO64131,620,15,2013-08-13,2013-08-20,2013-08-25,50.0,1,50.0
SO64131,620,16,2013-08-13,2013-08-20,2013-08-25,50.0,1,50.0
SO64131,620,17,2013-08-13,2013-08-20,2013-08-25,50.0,1,50.0
SO64132,17243,319,2013-08-13,2013-08-20,2013-08-25,5.0,1,5.0
SO64133,16019,330,2013-08-13,2013-08-20,2013-08-25,29.0,1,29.0
SO64134,712,324,2013-08-13,2013-08-20,2013-08-25,25.0,1,25.0
SO64135,12202,325,2013-08-13,2013-08-20,2013-08-25,30.0,1,30.0
SO64136,10939,266,2013-08-13,2013-08-20,2013-08-25,5.0,1,5.0
SO64137,10339,267,2013-08-13,2013-08-20,2013-08-25,10.0,1,10.0
SO64138,18324,12,2013-08-13,2013-08-20,2013-08-25,9.0,1,9.0
SO64138,18324,13,2013-08-13,2013-08-20,2013-08-25,9.0,1,9.0
SO64138,18324,14,2013-08-13,2013-08-20,2013-08-25,9.0,1,9.0
SO64139,8687,264,2013-08-13,2013-08-20,2013-08-25,70.0,1,70.0
SO64140,4327,317,2013-08-13,2013-08-20,2013-08-25,5.0,1,5.0
SO64141,5360,317,2013-08-13,2013-08-20,2013-08-25,5.0,1,5.0
SO64142,5458,324,2013-08-13,2013-08-20,2013-08-25,25.0,1,25.0
SO64143,6833,324,2013-08-13,2013-08-20,2013-08-25,25.0,1,25.0
SO64144,9600,317,2013-08-13,2013-08-20,2013-08-25,5.0,1,5.0
SO64145,18406,280,2013-08-13,2013-08-20,2013-08-25,54.0,1,54.0
SO64146,9908,325,2013-08-13,2013-08-20,2013-08-25,30.0,1,30.0
SO64147,10006,318,2013-08-13,2013-08-20,2013-08-25,4.0,1,4.0
SO64148,12635,318,2013-08-13,2013-08-20,2013-08-25,4.0,1,4.0
SO64149,5387,319,2013-08-13,2013-08-20,2013-08-25,5.0,1,5.0
SO64150,14664,319,2013-08-13,2013-08-20,2013-08-25,5.0,1,5.0
SO64151,1101,326,2013-08-13,2013-08-20,2013-08-25,35.0,1,35.0
SO64152,1414,317,2013-08-13,2013-08-20,2013-08-25,5.0,1,5.0
SO64153,1953,274,2013-08-13,2013-08-20,2013-08-25,22.0,1,22.0
SO64154,3728,376,2013-08-13,2013-08-20,2013-08-25,769.0,1,769.0
SO64155,4494,147,2013-08-13,2013-08-20,2013-08-25,2295.0,1,2295.0
SO64155,4494,148,2013-08-13,2013-08-20,2013-08-25,2295.0,1,2295.0
SO64156,5988,151,2013-08-13,2013-08-20,2013-08-25,2295.0,1,2295.0
SO64156,5988,152,2013-08-13,2013-08-20,2013-08-25,2295.0,1,2295.0
SO64157,4380,145,2013-08-13,2013-08-20,2013-08-25,2320.0,1,2320.0
SO64157,4380,146,2013-08-13,2013-08-20,2013-08-25,2320.0,1,2320.0
SO64158,4399,151,2013-08-13,2013-08-20,2013-08-25,2295.0,1,2295.0
SO64158,4399,152,2013-08-13,2013-08-20,2013-08-25,2295.0,1,2295.0
SO64159,4052,358,2013-08-13,2013-08-20,2013-08-25,742.0,1,742.0
SO64160,8340,368,2013-08-13,2013-08-20,2013-08-25,1215.0,1,1215.0
SO64161,6221,364,2013-08-13,2013-08-20,2013-08-25,2384.0,1,2384.0
SO64162,13160,373,2013-08-13,2013-08-20,2013-08-25,540.0,1,540.0
SO64163,13166,393,2013-08-13,2013-08-20,2013-08-25,540.0,1,540.0
SO64164,14820,174,2013-08-13,2013-08-20,2013-08-25,1120.0,1,1120.0
SO64164,14820,175,2013-08-13,2013-08-20,2013-08-25,1120.0,1,1120.0
SO64165,994,149,2013-08-13,2013-08-20,2013-08-25,2295.0,1,2295.0
SO64165,994,150,2013-08-13,2013-08-20,2013-08-25,2295.0,1,2295.0
SO64166,3048,141,2013-08-13,2013-08-20,2013-08-25,2320.0,1,2320.0
SO64166,3048,142,2013-08-13,2013-08-20,2013-08-25,2320.0,1,2320.0
SO64167,12016,393,2013-08-13,2013-08-20,2013-08-25,540.0,1,540.0
SO64168,12018,393,2013-08-13,2013-08-20,2013-08-25,540.0,1,540.0
SO64169,9679,176,2013-08-13,2013-08-20,2013-08-25,1120.0,1,1120.0
SO64169,9679,177,2013-08-13,2013-08-20,2013-08-25,1120.0,1,1120.0
SO64170,9648,178,2013-08-13,2013-08-20,2013-08-25,1120.0,1,1120.0
SO64170,9648,179,2013-08-13,2013-08-20,2013-08-25,1120.0,1,1120.0
SO64171,6597,370,2013-08-13,2013-08-20,2013-08-25,1701.0,1,1701.0
SO64172,6573,371,2013-08-13,2013-08-20,2013-08-25,1701.0,1,1701.0
SO64173,6574,371,2013-08-13,2013-08-20,2013-08-25,1701.0,1,1701.0
SO64174,13188,174,2013-08-13,2013-08-20,2013-08-25,1120.0,1,1120.0
SO64174,13188,175,2013-08-13,2013-08-20,2013-08-25,1120.0,1,1120.0
SO64175,2261,373,2013-08-13,2013-08-20,2013-08-25,540.0,1,540.0
SO64176,3102,354,2013-08-13,2013-08-20,2013-08-25,742.0,1,742.0
SO64177,1010,353,2013-08-13,2013-08-20,2013-08-25,2384.0,1,2384.0
SO64178,502,266,2013-08-14,2013-08-21,2013-08-26,5.0,1,5.0
SO64179,7301,325,2013-08-14,2013-08-21,2013-08-26,30.0,1,30.0
SO64180,7193,328,2013-08-14,2013-08-21,2013-08-26,25.0,1,25.0
SO64181,9408,266,2013-08-14,2013-08-21,2013-08-26,5.0,1,5.0
SO64182,7254,12,2013-08-14,2013-08-21,2013-08-26,9.0,1,9.0
SO64182,7254,13,2013-08-14,2013-08-21,2013-08-26,9.0,1,9.0
SO64182,7254,14,2013-08-14,2013-08-21,2013-08-26,9.0,1,9.0
SO64183,5590,145,2013-08-14,2013-08-21,2013-08-26,2320.0,1,2320.0
SO64183,5590,146,2013-08-14,2013-08-21,2013-08-26,2320.0,1,2320.0
SO64184,6949,380,2013-08-14,2013-08-21,2013-08-26,565.0,1,565.0
SO64185,5273,376,2013-08-14,2013-08-21,2013-08-26,769.0,1,769.0
SO64186,1286,145,2013-08-14,2013-08-21,2013-08-26,2320.0,1,2320.0
SO64186,1286,146,2013-08-14,2013-08-21,2013-08-26,2320.0,1,2320.0
SO64187,4676,149,2013-08-14,2013-08-21,2013-08-26,2295.0,1,2295.0
SO64187,4676,150,2013-08-14,2013-08-21,2013-08-26,2295.0,1,2295.0
SO64188,499,269,2013-08-14,2013-08-21,2013-08-26,2.0,1,2.0
SO64189,16991,318,2013-08-14,2013-08-21,2013-08-26,4.0,1,4.0
SO64190,17813,328,2013-08-14,2013-08-21,2013-08-26,25.0,1,25.0
SO64191,3085,328,2013-08-14,2013-08-21,2013-08-26,25.0,1,25.0
SO64192,215,269,2013-08-14,2013-08-21,2013-08-26,2.0,1,2.0
SO64193,16750,327,2013-08-14,2013-08-21,2013-08-26,21.0,1,21.0
SO64194,15722,330,2013-08-14,2013-08-21,2013-08-26,29.0,1,29.0
SO64195,301,327,2013-08-14,2013-08-21,2013-08-26,21.0,1,21.0
SO64196,2702,330,2013-08-14,2013-08-21,2013-08-26,29.0,1,29.0
SO64197,12109,325,2013-08-14,2013-08-21,2013-08-26,30.0,1,30.0
SO64198,12713,325,2013-08-14,2013-08-21,2013-08-26,30.0,1,30.0
SO64199,9519,267,2013-08-14,2013-08-21,2013-08-26,10.0,1,10.0
SO64200,8757,265,2013-08-14,2013-08-21,2013-08-26,70.0,1,70.0
SO64201,2759,267,2013-08-14,2013-08-21,2013-08-26,10.0,1,10.0
SO64202,6127,263,2013-08-14,2013-08-21,2013-08-26,70.0,1,70.0
SO64203,10917,317,2013-08-14,2013-08-21,2013-08-26,5.0,1,5.0
SO64204,2753,274,2013-08-14,2013-08-21,2013-08-26,22.0,1,22.0
SO64205,11813,325,2013-08-14,2013-08-21,2013-08-26,30.0,1,30.0
SO64206,17893,327,2013-08-14,2013-08-21,2013-08-26,21.0,1,21.0
SO64207,10087,266,2013-08-14,2013-08-21,2013-08-26,5.0,1,5.0
SO64208,10128,327,2013-08-14,2013-08-21,2013-08-26,21.0,1,21.0
SO64209,14535,319,2013-08-14,2013-08-21,2013-08-26,5.0,1,5.0
SO64210,1151,326,2013-08-14,2013-08-21,2013-08-26,35.0,1,35.0
SO64211,1906,274,2013-08-14,2013-08-21,2013-08-26,22.0,1,22.0
SO64212,9546,162,2013-08-14,2013-08-21,2013-08-26,2443.0,1,2443.0
SO64212,9546,163,2013-08-14,2013-08-21,2013-08-26,2443.0,1,2443.0
SO64213,3652,379,2013-08-14,2013-08-21,2013-08-26,769.0,1,769.0
SO64214,4996,388,2013-08-14,2013-08-21,2013-08-26,540.0,1,540.0
SO64215,4168,145,2013-08-14,2013-08-21,2013-08-26,2320.0,1,2320.0
SO64215,4168,146,2013-08-14,2013-08-21,2013-08-26,2320.0,1,2320.0
SO64216,4352,149,2013-08-14,2013-08-21,2013-08-26,2295.0,1,2295.0
SO64216,4352,150,2013-08-14,2013-08-21,2013-08-26,2295.0,1,2295.0
SO64217,4330,151,2013-08-14,2013-08-21,2013-08-26,2295.0,1,2295.0
SO64217,4330,152,2013-08-14,2013-08-21,2013-08-26,2295.0,1,2295.0
SO64218,17510,360,2013-08-14,2013-08-21,2013-08-26,742.0,1,742.0
SO64219,4107,352,2013-08-14,2013-08-21,2013-08-26,2384.0,1,2384.0
SO64220,4037,371,2013-08-14,2013-08-21,2013-08-26,1701.0,1,1701.0
SO64221,14949,174,2013-08-14,2013-08-21,2013-08-26,1120.0,1,1120.0
SO64221,14949,175,2013-08-14,2013-08-21,2013-08-26,1120.0,1,1120.0
SO64222,13003,395,2013-08-14,2013-08-21,2013-08-26,540.0,1,540.0
SO64223,13161,395,2013-08-14,2013-08-21,2013-08-26,540.0,1,540.0
SO64224,16586,395,2013-08-14,2013-08-21,2013-08-26,540.0,1,540.0
SO64225,13165,394,2013-08-14,2013-08-21,2013-08-26,540.0,1,540.0
SO64226,14241,178,2013-08-14,2013-08-21,2013-08-26,1120.0,1,1120.0
SO64226,14241,179,2013-08-14,2013-08-21,2013-08-26,1120.0,1,1120.0
SO64227,10184,160,2013-08-14,2013-08-21,2013-08-26,2443.0,1,2443.0
SO64227,10184,161,2013-08-14,2013-08-21,2013-08-26,2443.0,1,2443.0
SO64228,3046,151,2013-08-14,2013-08-21,2013-08-26,2295.0,1,2295.0
SO64228,3046,152,2013-08-14,2013-08-21,2013-08-26,2295.0,1,2295.0
SO64229,998,147,2013-08-14,2013-08-21,2013-08-26,2295.0,1,2295.0
SO64229,998,148,2013-08-14,2013-08-21,2013-08-26,2295.0,1,2295.0
SO64230,15626,354,2013-08-14,2013-08-21,2013-08-26,742.0,1,742.0
SO64231,2419,362,2013-08-14,2013-08-21,2013-08-26,2384.0,1,2384.0
SO64232,15085,12,2013-08-14,2013-08-21,2013-08-26,9.0,1,9.0
SO64232,15085,13,2013-08-14,2013-08-21,2013-08-26,9.0,1,9.0
SO64232,15085,14,2013-08-14,2013-08-21,2013-08-26,9.0,1,9.0
SO64233,15097,362,2013-08-14,2013-08-21,2013-08-26,2384.0,1,2384.0
SO64234,13765,365,2013-08-14,2013-08-21,2013-08-26,2384.0,1,2384.0
SO64235,15302,362,2013-08-14,2013-08-21,2013-08-26,2384.0,1,2384.0
SO64236,2661,350,2013-08-14,2013-08-21,2013-08-26,2384.0,1,2384.0
SO64237,15328,350,2013-08-14,2013-08-21,2013-08-26,2384.0,1,2384.0
SO64238,12036,373,2013-08-14,2013-08-21,2013-08-26,540.0,1,540.0
SO64239,12022,373,2013-08-14,2013-08-21,2013-08-26,540.0,1,540.0
SO64240,9662,170,2013-08-14,2013-08-21,2013-08-26,1120.0,1,1120.0
SO64240,9662,171,2013-08-14,2013-08-21,2013-08-26,1120.0,1,1120.0
SO64241,13204,365,2013-08-14,2013-08-21,2013-08-26,2384.0,1,2384.0
SO64242,13384,350,2013-08-14,2013-08-21,2013-08-26,2384.0,1,2384.0
SO64243,18088,357,2013-08-14,2013-08-21,2013-08-26,742.0,1,742.0
SO64244,1002,351,2013-08-14,2013-08-21,2013-08-26,2384.0,1,2384.0
SO64245,2006,324,2013-08-15,2013-08-22,2013-08-27,25.0,1,25.0
SO64246,367,324,2013-08-15,2013-08-22,2013-08-27,25.0,1,25.0
SO64247,14246,318,2013-08-15,2013-08-22,2013-08-27,4.0,1,4.0
SO64248,14499,369,2013-08-15,2013-08-22,2013-08-27,1701.0,1,1701.0
SO64249,5477,164,2013-08-15,2013-08-22,2013-08-27,2443.0,1,2443.0
SO64249,5477,165,2013-08-15,2013-08-22,2013-08-27,2443.0,1,2443.0
SO64250,2596,162,2013-08-15,2013-08-22,2013-08-27,2443.0,1,2443.0
SO64250,2596,163,2013-08-15,2013-08-22,2013-08-27,2443.0,1,2443.0
SO64251,1488,147,2013-08-15,2013-08-22,2013-08-27,2295.0,1,2295.0
SO64251,1488,148,2013-08-15,2013-08-22,2013-08-27,2295.0,1,2295.0
SO64252,4930,143,2013-08-15,2013-08-22,2013-08-27,2320.0,1,2320.0
SO64252,4930,144,2013-08-15,2013-08-22,2013-08-27,2320.0,1,2320.0
SO64253,733,4,2013-08-15,2013-08-22,2013-08-27,35.0,1,35.0
SO64253,733,5,2013-08-15,2013-08-22,2013-08-27,35.0,1,35.0
SO64253,733,6,2013-08-15,2013-08-22,2013-08-27,35.0,1,35.0
SO64254,277,278,2013-08-15,2013-08-22,2013-08-27,54.0,1,54.0
SO64255,201,328,2013-08-15,2013-08-22,2013-08-27,25.0,1,25.0
SO64256,16397,327,2013-08-15,2013-08-22,2013-08-27,21.0,1,21.0
SO64257,17008,319,2013-08-15,2013-08-22,2013-08-27,5.0,1,5.0
SO64258,632,327,2013-08-15,2013-08-22,2013-08-27,21.0,1,21.0
SO64259,17623,328,2013-08-15,2013-08-22,2013-08-27,25.0,1,25.0
SO64260,15556,324,2013-08-15,2013-08-22,2013-08-27,25.0,1,25.0
SO64261,14276,329,2013-08-15,2013-08-22,2013-08-27,33.0,1,33.0
SO64262,13744,324,2013-08-15,2013-08-22,2013-08-27,25.0,1,25.0
SO64263,12158,317,2013-08-15,2013-08-22,2013-08-27,5.0,1,5.0
SO64264,12264,266,2013-08-15,2013-08-22,2013-08-27,5.0,1,5.0
SO64265,4880,317,2013-08-15,2013-08-22,2013-08-27,5.0,1,5.0
SO64266,9543,267,2013-08-15,2013-08-22,2013-08-27,10.0,1,10.0
SO64267,9410,266,2013-08-15,2013-08-22,2013-08-27,5.0,1,5.0
SO64268,10288,267,2013-08-15,2013-08-22,2013-08-27,10.0,1,10.0
SO64269,15807,266,2013-08-15,2013-08-22,2013-08-27,5.0,1,5.0
SO64270,6561,266,2013-08-15,2013-08-22,2013-08-27,5.0,1,5.0
SO64271,4471,317,2013-08-15,2013-08-22,2013-08-27,5.0,1,5.0
SO64272,3937,317,2013-08-15,2013-08-22,2013-08-27,5.0,1,5.0
SO64273,3827,317,2013-08-15,2013-08-22,2013-08-27,5.0,1,5.0
SO64274,4459,317,2013-08-15,2013-08-22,2013-08-27,5.0,1,5.0
SO64275,4610,324,2013-08-15,2013-08-22,2013-08-27,25.0,1,25.0
SO64276,1127,318,2013-08-15,2013-08-22,2013-08-27,4.0,1,4.0
SO64277,14531,327,2013-08-15,2013-08-22,2013-08-27,21.0,1,21.0
SO64278,17890,319,2013-08-15,2013-08-22,2013-08-27,5.0,1,5.0
SO64279,13112,319,2013-08-15,2013-08-22,2013-08-27,5.0,1,5.0
SO64280,4573,274,2013-08-15,2013-08-22,2013-08-27,22.0,1,22.0
SO64281,4366,141,2013-08-15,2013-08-22,2013-08-27,2320.0,1,2320.0
SO64281,4366,142,2013-08-15,2013-08-22,2013-08-27,2320.0,1,2320.0
SO64282,14823,174,2013-08-15,2013-08-22,2013-08-27,1120.0,1,1120.0
SO64282,14823,175,2013-08-15,2013-08-22,2013-08-27,1120.0,1,1120.0
SO64283,10202,168,2013-08-15,2013-08-22,2013-08-27,2443.0,1,2443.0
SO64283,10202,169,2013-08-15,2013-08-22,2013-08-27,2443.0,1,2443.0
SO64284,9627,162,2013-08-15,2013-08-22,2013-08-27,2443.0,1,2443.0
SO64284,9627,163,2013-08-15,2013-08-22,2013-08-27,2443.0,1,2443.0
SO64285,18226,359,2013-08-15,2013-08-22,2013-08-27,742.0,1,742.0
SO64286,13763,12,2013-08-15,2013-08-22,2013-08-27,9.0,1,9.0
SO64286,13763,13,2013-08-15,2013-08-22,2013-08-27,9.0,1,9.0
SO64286,13763,14,2013-08-15,2013-08-22,2013-08-27,9.0,1,9.0
SO64287,15534,394,2013-08-15,2013-08-22,2013-08-27,540.0,1,540.0
SO64288,8989,174,2013-08-15,2013-08-22,2013-08-27,1120.0,1,1120.0
SO64288,8989,175,2013-08-15,2013-08-22,2013-08-27,1120.0,1,1120.0
SO64289,9736,170,2013-08-15,2013-08-22,2013-08-27,1120.0,1,1120.0
SO64289,9736,171,2013-08-15,2013-08-22,2013-08-27,1120.0,1,1120.0
SO64290,3110,372,2013-08-15,2013-08-22,2013-08-27,1701.0,1,1701.0
SO64291,6668,370,2013-08-15,2013-08-22,2013-08-27,1701.0,1,1701.0
SO64292,12903,373,2013-08-15,2013-08-22,2013-08-27,540.0,1,540.0
SO64293,12961,394,2013-08-15,2013-08-22,2013-08-27,540.0,1,540.0
SO64294,978,362,2013-08-15,2013-08-22,2013-08-27,2384.0,1,2384.0
SO64295,3056,355,2013-08-15,2013-08-22,2013-08-27,742.0,1,742.0
SO64296,1001,351,2013-08-15,2013-08-22,2013-08-27,2384.0,1,2384.0
SO64297,6503,162,2013-08-16,2013-08-23,2013-08-28,2443.0,1,2443.0
SO64297,6503,163,2013-08-16,2013-08-23,2013-08-28,2443.0,1,2443.0
SO64298,3068,317,2013-08-16,2013-08-23,2013-08-28,5.0,1,5.0
SO64299,8611,318,2013-08-16,2013-08-23,2013-08-28,4.0,1,4.0
SO64300,12522,274,2013-08-16,2013-08-23,2013-08-28,22.0,1,22.0
SO64301,5730,274,2013-08-16,2013-08-23,2013-08-28,22.0,1,22.0
SO64302,4604,267,2013-08-16,2013-08-23,2013-08-28,10.0,1,10.0
SO64303,5607,329,2013-08-16,2013-08-23,2013-08-28,33.0,1,33.0
SO64304,5168,329,2013-08-16,2013-08-23,2013-08-28,33.0,1,33.0
SO64305,5693,318,2013-08-16,2013-08-23,2013-08-28,4.0,1,4.0
SO64306,6944,382,2013-08-16,2013-08-23,2013-08-28,565.0,1,565.0
SO64307,2578,164,2013-08-16,2013-08-23,2013-08-28,2443.0,1,2443.0
SO64307,2578,165,2013-08-16,2013-08-23,2013-08-28,2443.0,1,2443.0
SO64308,8339,379,2013-08-16,2013-08-23,2013-08-28,769.0,1,769.0
SO64309,6184,149,2013-08-16,2013-08-23,2013-08-28,2295.0,1,2295.0
SO64309,6184,150,2013-08-16,2013-08-23,2013-08-28,2295.0,1,2295.0
SO64310,1268,147,2013-08-16,2013-08-23,2013-08-28,2295.0,1,2295.0
SO64310,1268,148,2013-08-16,2013-08-23,2013-08-28,2295.0,1,2295.0
SO64311,1257,143,2013-08-16,2013-08-23,2013-08-28,2320.0,1,2320.0
SO64311,1257,144,2013-08-16,2013-08-23,2013-08-28,2320.0,1,2320.0
SO64312,4703,147,2013-08-16,2013-08-23,2013-08-28,2295.0,1,2295.0
SO64312,4703,148,2013-08-16,2013-08-23,2013-08-28,2295.0,1,2295.0
SO64313,502,279,2013-08-16,2013-08-23,2013-08-28,54.0,1,54.0
SO64314,18329,18,2013-08-16,2013-08-23,2013-08-28,50.0,1,50.0
SO64314,18329,19,2013-08-16,2013-08-23,2013-08-28,50.0,1,50.0
SO64314,18329,20,2013-08-16,2013-08-23,2013-08-28,50.0,1,50.0
SO64315,18236,328,2013-08-16,2013-08-23,2013-08-28,25.0,1,25.0
SO64316,177,318,2013-08-16,2013-08-23,2013-08-28,4.0,1,4.0
SO64317,277,317,2013-08-16,2013-08-23,2013-08-28,5.0,1,5.0
SO64318,15333,324,2013-08-16,2013-08-23,2013-08-28,25.0,1,25.0
SO64319,4827,330,2013-08-16,2013-08-23,2013-08-28,29.0,1,29.0
SO64320,12711,325,2013-08-16,2013-08-23,2013-08-28,30.0,1,30.0
SO64321,13627,318,2013-08-16,2013-08-23,2013-08-28,4.0,1,4.0
SO64322,12247,325,2013-08-16,2013-08-23,2013-08-28,30.0,1,30.0
SO64323,12032,325,2013-08-16,2013-08-23,2013-08-28,30.0,1,30.0
SO64324,9523,267,2013-08-16,2013-08-23,2013-08-28,10.0,1,10.0
SO64325,661,265,2013-08-16,2013-08-23,2013-08-28,70.0,1,70.0
SO64326,17997,265,2013-08-16,2013-08-23,2013-08-28,70.0,1,70.0
SO64327,7689,263,2013-08-16,2013-08-23,2013-08-28,70.0,1,70.0
SO64328,7344,266,2013-08-16,2013-08-23,2013-08-28,5.0,1,5.0
SO64329,15319,12,2013-08-16,2013-08-23,2013-08-28,9.0,1,9.0
SO64329,15319,13,2013-08-16,2013-08-23,2013-08-28,9.0,1,9.0
SO64329,15319,14,2013-08-16,2013-08-23,2013-08-28,9.0,1,9.0
SO64330,4514,317,2013-08-16,2013-08-23,2013-08-28,5.0,1,5.0
SO64331,15683,317,2013-08-16,2013-08-23,2013-08-28,5.0,1,5.0
SO64332,4745,317,2013-08-16,2013-08-23,2013-08-28,5.0,1,5.0
SO64333,10657,274,2013-08-16,2013-08-23,2013-08-28,22.0,1,22.0
SO64334,7885,274,2013-08-16,2013-08-23,2013-08-28,22.0,1,22.0
SO64335,3550,326,2013-08-16,2013-08-23,2013-08-28,35.0,1,35.0
SO64336,10047,325,2013-08-16,2013-08-23,2013-08-28,30.0,1,30.0
SO64337,12756,318,2013-08-16,2013-08-23,2013-08-28,4.0,1,4.0
SO64338,11820,317,2013-08-16,2013-08-23,2013-08-28,5.0,1,5.0
SO64339,5323,328,,2013-08-23,2013-08-28,25.0,1,25.0
SO64340,10522,317,,2013-08-23,2013-08-28,5.0,1,5.0
SO64341,6749,325,2013-08-16,2013-08-23,2013-08-28,30.0,1,30.0
SO64342,1295,327,2013-08-16,2013-08-23,2013-08-28,21.0,1,21.0
SO64343,16307,330,2013-08-16,2013-08-23,2013-08-28,29.0,1,29.0
SO64344,2548,330,2013-08-16,2013-08-23,2013-08-28,29.0,1,29.0
SO64345,2517,330,2013-08-16,2013-08-23,2013-08-28,29.0,1,29.0
SO64346,3956,319,2013-08-16,2013-08-23,2013-08-28,5.0,1,5.0
SO64347,3292,317,2013-08-16,2013-08-23,2013-08-28,5.0,1,5.0
SO64348,963,326,2013-08-16,2013-08-23,2013-08-28,35.0,1,35.0
SO64349,1023,326,2013-08-16,2013-08-23,2013-08-28,35.0,1,35.0
SO64350,416,266,2013-08-16,2013-08-23,2013-08-28,5.0,1,5.0
SO64351,5837,143,2013-08-16,2013-08-23,2013-08-28,2320.0,1,2320.0
SO64351,5837,144,2013-08-16,2013-08-23,2013-08-28,2320.0,1,2320.0
SO64352,5492,143,2013-08-16,2013-08-23,2013-08-28,2320.0,1,2320.0
SO64352,5492,144,2013-08-16,2013-08-23,2013-08-28,2320.0,1,2320.0
SO64353,4321,149,2013-08-16,2013-08-23,2013-08-28,2295.0,1,2295.0
SO64353,4321,150,2013-08-16,2013-08-23,2013-08-28,2295.0,1,2295.0
SO64354,4381,145,2013-08-16,2013-08-23,2013-08-28,2320.0,1,2320.0
SO64354,4381,146,2013-08-16,2013-08-23,2013-08-28,2320.0,1,2320.0
SO64355,5099,147,2013-08-16,2013-08-23,2013-08-28,2295.0,1,2295.0
SO64355,5099,148,2013-08-16,2013-08-23,2013-08-28,2295.0,1,2295.0
SO64356,3430,351,2013-08-16,2013-08-23,2013-08-28,2384.0,1,2384.0
SO64357,14608,366,2013-08-16,2013-08-23,2013-08-28,1215.0,1,1215.0
SO64358,12546,371,2013-08-16,2013-08-23,2013-08-28,1701.0,1,1701.0
SO64359,14948,174,2013-08-16,2013-08-23,2013-08-28,1120.0,1,1120.0
SO64359,14948,175,2013-08-16,2013-08-23,2013-08-28,1120.0,1,1120.0
SO64360,14115,178,2013-08-16,2013-08-23,2013-08-28,1120.0,1,1120.0
SO64360,14115,179,2013-08-16,2013-08-23,2013-08-28,1120.0,1,1120.0
SO64361,10212,160,2013-08-16,2013-08-23,2013-08-28,2443.0,1,2443.0
SO64361,10212,161,2013-08-16,2013-08-23,2013-08-28,2443.0,1,2443.0
SO64362,3047,147,2013-08-16,2013-08-23,2013-08-28,2295.0,1,2295.0
SO64362,3047,148,2013-08-16,2013-08-23,2013-08-28,2295.0,1,2295.0
SO64363,3063,143,2013-08-16,2013-08-23,2013-08-28,2320.0,1,2320.0
SO64363,3063,144,2013-08-16,2013-08-23,2013-08-28,2320.0,1,2320.0
SO64364,2967,145,2013-08-16,2013-08-23,2013-08-28,2320.0,1,2320.0
SO64364,2967,146,2013-08-16,2013-08-23,2013-08-28,2320.0,1,2320.0
SO64365,14887,366,2013-08-16,2013-08-23,2013-08-28,1215.0,1,1215.0
SO64366,15083,363,2013-08-16,2013-08-23,2013-08-28,2384.0,1,2384.0
SO64367,15641,394,2013-08-16,2013-08-23,2013-08-28,540.0,1,540.0
SO64368,12037,394,2013-08-16,2013-08-23,2013-08-28,540.0,1,540.0
SO64369,12057,394,2013-08-16,2013-08-23,2013-08-28,540.0,1,540.0
SO64370,12359,395,2013-08-16,2013-08-23,2013-08-28,540.0,1,540.0
SO64371,12074,393,2013-08-16,2013-08-23,2013-08-28,540.0,1,540.0
SO64372,9655,174,2013-08-16,2013-08-23,2013-08-28,1120.0,1,1120.0
SO64372,9655,175,2013-08-16,2013-08-23,2013-08-28,1120.0,1,1120.0
SO64373,6577,370,2013-08-16,2013-08-23,2013-08-28,1701.0,1,1701.0
SO64374,9845,174,2013-08-16,2013-08-23,2013-08-28,1120.0,1,1120.0
SO64374,9845,175,2013-08-16,2013-08-23,2013-08-28,1120.0,1,1120.0
SO64375,16138,395,2013-08-16,2013-08-23,2013-08-28,540.0,1,540.0
SO64376,970,350,2013-08-16,2013-08-23,2013-08-28,2384.0,1,2384.0
SO64377,1374,145,,2013-08-24,2013-08-29,2320.0,1,2320.0
SO64377,1374,146,,2013-08-24,2013-08-29,2320.0,1,2320.0
SO64378,983,266,2013-08-17,2013-08-24,2013-08-29,5.0,1,5.0
SO64379,2009,324,,2013-08-24,2013-08-29,25.0,1,25.0
SO64380,8618,318,2013-08-17,2013-08-24,2013-08-29,4.0,1,4.0
SO64381,10996,326,2013-08-17,2013-08-24,2013-08-29,35.0,1,35.0
SO64382,15157,264,2013-08-17,2013-08-24,2013-08-29,70.0,1,70.0
SO64383,18190,267,2013-08-17,2013-08-24,2013-08-29,10.0,1,10.0
SO64384,17935,319,2013-08-17,2013-08-24,2013-08-29,5.0,1,5.0
SO64385,8570,319,2013-08-17,2013-08-24,2013-08-29,5.0,1,5.0
SO64386,7718,269,2013-08-17,2013-08-24,2013-08-29,2.0,1,2.0
SO64387,3854,12,2013-08-17,2013-08-24,2013-08-29,9.0,1,9.0
SO64387,3854,13,2013-08-17,2013-08-24,2013-08-29,9.0,1,9.0
SO64387,3854,14,2013-08-17,2013-08-24,2013-08-29,9.0,1,9.0
SO64388,756,12,2013-08-17,2013-08-24,2013-08-29,9.0,1,9.0
SO64388,756,13,2013-08-17,2013-08-24,2013-08-29,9.0,1,9.0
SO64388,756,14,2013-08-17,2013-08-24,2013-08-29,9.0,1,9.0
SO64389,13838,380,2013-08-17,2013-08-24,2013-08-29,565.0,1,565.0
SO64390,6185,143,2013-08-17,2013-08-24,2013-08-29,2320.0,1,2320.0
SO64390,6185,144,2013-08-17,2013-08-24,2013-08-29,2320.0,1,2320.0
SO64391,5832,149,2013-08-17,2013-08-24,2013-08-29,2295.0,1,2295.0
SO64391,5832,150,2013-08-17,2013-08-24,2013-08-29,2295.0,1,2295.0
SO64392,3097,318,2013-08-17,2013-08-24,2013-08-29,4.0,1,4.0
SO64393,277,328,2013-08-17,2013-08-24,2013-08-29,25.0,1,25.0
SO64394,770,327,2013-08-17,2013-08-24,2013-08-29,21.0,1,21.0
SO64395,7760,329,2013-08-17,2013-08-24,2013-08-29,33.0,1,33.0
SO64396,12582,325,2013-08-17,2013-08-24,2013-08-29,30.0,1,30.0
SO64397,301,329,2013-08-17,2013-08-24,2013-08-29,33.0,1,33.0
SO64398,7928,325,2013-08-17,2013-08-24,2013-08-29,30.0,1,30.0
SO64399,8819,264,2013-08-17,2013-08-24,2013-08-29,70.0,1,70.0
SO64400,6619,266,2013-08-17,2013-08-24,2013-08-29,5.0,1,5.0
SO64401,5901,266,2013-08-17,2013-08-24,2013-08-29,5.0,1,5.0
SO64402,11350,317,2013-08-17,2013-08-24,2013-08-29,5.0,1,5.0
SO64403,4776,317,2013-08-17,2013-08-24,2013-08-29,5.0,1,5.0
SO64404,4523,317,2013-08-17,2013-08-24,2013-08-29,5.0,1,5.0
SO64405,4314,317,2013-08-17,2013-08-24,2013-08-29,5.0,1,5.0
SO64406,3743,317,2013-08-17,2013-08-24,2013-08-29,5.0,1,5.0
SO64407,3851,317,2013-08-17,2013-08-24,2013-08-29,5.0,1,5.0
SO64408,13854,266,2013-08-17,2013-08-24,2013-08-29,5.0,1,5.0
SO64409,8936,318,2013-08-17,2013-08-24,2013-08-29,4.0,1,4.0
SO64410,8514,328,2013-08-17,2013-08-24,2013-08-29,25.0,1,25.0
SO64411,8498,328,2013-08-17,2013-08-24,2013-08-29,25.0,1,25.0
SO64412,11551,266,2013-08-17,2013-08-24,2013-08-29,5.0,1,5.0
SO64413,15873,327,2013-08-17,2013-08-24,2013-08-29,21.0,1,21.0
SO64414,14524,318,2013-08-17,2013-08-24,2013-08-29,4.0,1,4.0
SO64415,5591,319,2013-08-17,2013-08-24,2013-08-29,5.0,1,5.0
SO64416,12928,319,2013-08-17,2013-08-24,2013-08-29,5.0,1,5.0
SO64417,301,326,2013-08-17,2013-08-24,2013-08-29,35.0,1,35.0
SO64418,1025,326,2013-08-17,2013-08-24,2013-08-29,35.0,1,35.0
SO64419,3176,267,2013-08-17,2013-08-24,2013-08-29,10.0,1,10.0
SO64420,595,9,2013-08-17,2013-08-24,2013-08-29,35.0,1,35.0
SO64420,595,10,2013-08-17,2013-08-24,2013-08-29,35.0,1,35.0
SO64420,595,11,2013-08-17,2013-08-24,2013-08-29,35.0,1,35.0
SO64421,1321,9,2013-08-17,2013-08-24,2013-08-29,35.0,1,35.0
SO64421,1321,10,2013-08-17,2013-08-24,2013-08-29,35.0,1,35.0
SO64421,1321,11,2013-08-17,2013-08-24,2013-08-29,35.0,1,35.0
SO64422,5753,168,2013-08-17,2013-08-24,2013-08-29,2443.0,1,2443.0
SO64422,5753,169,2013-08-17,2013-08-24,2013-08-29,2443.0,1,2443.0
SO64423,9641,160,2013-08-17,2013-08-24,2013-08-29,2443.0,1,2443.0
SO64423,9641,161,2013-08-17,2013-08-24,2013-08-29,2443.0,1,2443.0
SO64424,3646,378,2013-08-17,2013-08-24,2013-08-29,769.0,1,769.0
SO64425,8750,385,2013-08-17,2013-08-24,2013-08-29,540.0,1,540.0
SO64426,4502,147,2013-08-17,2013-08-24,2013-08-29,2295.0,1,2295.0
SO64426,4502,148,2013-08-17,2013-08-24,2013-08-29,2295.0,1,2295.0
SO64427,4482,149,2013-08-17,2013-08-24,2013-08-29,2295.0,1,2295.0
SO64427,4482,150,2013-08-17,2013-08-24,2013-08-29,2295.0,1,2295.0
SO64428,1771,145,2013-08-17,2013-08-24,2013-08-29,2320.0,1,2320.0
SO64428,1771,146,2013-08-17,2013-08-24,2013-08-29,2320.0,1,2320.0
SO64429,4373,145,2013-08-17,2013-08-24,2013-08-29,2320.0,1,2320.0
SO64429,4373,146,2013-08-17,2013-08-24,2013-08-29,2320.0,1,2320.0
SO64430,1561,349,2013-08-17,2013-08-24,2013-08-29,1215.0,1,1215.0
SO64431,14274,176,2013-08-17,2013-08-24,2013-08-29,1120.0,1,1120.0
SO64431,14274,177,2013-08-17,2013-08-24,2013-08-29,1120.0,1,1120.0
SO64432,13001,393,2013-08-17,2013-08-24,2013-08-29,540.0,1,540.0
SO64433,1006,149,2013-08-17,2013-08-24,2013-08-29,2295.0,1,2295.0
SO64433,1006,150,2013-08-17,2013-08-24,2013-08-29,2295.0,1,2295.0
SO64434,3032,141,2013-08-17,2013-08-24,2013-08-29,2320.0,1,2320.0
SO64434,3032,142,2013-08-17,2013-08-24,2013-08-29,2320.0,1,2320.0
SO64435,18223,361,2013-08-17,2013-08-24,2013-08-29,742.0,1,742.0
SO64436,15620,361,2013-08-17,2013-08-24,2013-08-29,742.0,1,742.0
SO64437,14879,368,2013-08-17,2013-08-24,2013-08-29,1215.0,1,1215.0
SO64438,14880,367,2013-08-17,2013-08-24,2013-08-29,1215.0,1,1215.0
SO64439,2909,364,2013-08-17,2013-08-24,2013-08-29,2384.0,1,2384.0
SO64440,15314,364,2013-08-17,2013-08-24,2013-08-29,2384.0,1,2384.0
SO64441,12339,395,2013-08-17,2013-08-24,2013-08-29,540.0,1,540.0
SO64442,12353,393,2013-08-17,2013-08-24,2013-08-29,540.0,1,540.0
SO64443,7649,373,2013-08-17,2013-08-24,2013-08-29,540.0,1,540.0
SO64444,9756,174,2013-08-17,2013-08-24,2013-08-29,1120.0,1,1120.0
SO64444,9756,175,2013-08-17,2013-08-24,2013-08-29,1120.0,1,1120.0
SO64445,6264,372,2013-08-17,2013-08-24,2013-08-29,1701.0,1,1701.0
SO64446,6572,370,2013-08-17,2013-08-24,2013-08-29,1701.0,1,1701.0
SO64447,16141,395,2013-08-17,2013-08-24,2013-08-29,540.0,1,540.0
SO64448,16126,394,2013-08-17,2013-08-24,2013-08-29,540.0,1,540.0
SO64449,248,373,2013-08-17,2013-08-24,2013-08-29,540.0,1,540.0
SO64450,418,351,2013-08-17,2013-08-24,2013-08-29,2384.0,1,2384.0
SO64451,969,350,2013-08-17,2013-08-24,2013-08-29,2384.0,1,2384.0
SO64452,1339,353,2013-08-17,2013-08-24,2013-08-29,2384.0,1,2384.0
SO64453,6197,149,2013-08-18,2013-08-25,2013-08-30,2295.0,1,2295.0
SO64453,6197,150,2013-08-18,2013-08-25,2013-08-30,2295.0,1,2295.0
SO64454,1496,151,2013-08-18,2013-08-25,2013-08-30,2295.0,1,2295.0
SO64454,1496,152,2013-08-18,2013-08-25,2013-08-30,2295.0,1,2295.0
SO64455,9618,160,2013-08-18,2013-08-25,2013-08-30,2443.0,1,2443.0
SO64455,9618,161,2013-08-18,2013-08-25,2013-08-30,2443.0,1,2443.0
SO64456,3073,324,2013-08-18,2013-08-25,2013-08-30,25.0,1,25.0
SO64457,4607,328,2013-08-18,2013-08-25,2013-08-30,25.0,1,25.0
SO64458,3223,324,2013-08-18,2013-08-25,2013-08-30,25.0,1,25.0
SO64459,5171,325,2013-08-18,2013-08-25,2013-08-30,30.0,1,30.0
SO64460,17351,266,2013-08-18,2013-08-25,2013-08-30,5.0,1,5.0
SO64461,7286,318,2013-08-18,2013-08-25,2013-08-30,4.0,1,4.0
SO64462,6304,4,2013-08-18,2013-08-25,2013-08-30,35.0,1,35.0
SO64462,6304,5,2013-08-18,2013-08-25,2013-08-30,35.0,1,35.0
SO64462,6304,6,2013-08-18,2013-08-25,2013-08-30,35.0,1,35.0
SO64463,6076,24,2013-08-18,2013-08-25,2013-08-30,50.0,1,50.0
SO64463,6076,25,2013-08-18,2013-08-25,2013-08-30,50.0,1,50.0
SO64463,6076,26,2013-08-18,2013-08-25,2013-08-30,50.0,1,50.0
SO64464,5690,318,2013-08-18,2013-08-25,2013-08-30,4.0,1,4.0
SO64465,7258,12,2013-08-18,2013-08-25,2013-08-30,9.0,1,9.0
SO64465,7258,13,2013-08-18,2013-08-25,2013-08-30,9.0,1,9.0
SO64465,7258,14,2013-08-18,2013-08-25,2013-08-30,9.0,1,9.0
SO64466,6898,372,2013-08-18,2013-08-25,2013-08-30,1701.0,1,1701.0
SO64467,3170,377,2013-08-18,2013-08-25,2013-08-30,769.0,1,769.0
SO64468,5824,149,2013-08-18,2013-08-25,2013-08-30,2295.0,1,2295.0
SO64468,5824,150,2013-08-18,2013-08-25,2013-08-30,2295.0,1,2295.0
SO64469,4678,143,2013-08-18,2013-08-25,2013-08-30,2320.0,1,2320.0
SO64469,4678,144,2013-08-18,2013-08-25,2013-08-30,2320.0,1,2320.0
SO64470,670,12,2013-08-18,2013-08-25,2013-08-30,9.0,1,9.0
SO64470,670,13,2013-08-18,2013-08-25,2013-08-30,9.0,1,9.0
SO64470,670,14,2013-08-18,2013-08-25,2013-08-30,9.0,1,9.0
SO64471,17969,269,2013-08-18,2013-08-25,2013-08-30,2.0,1,2.0
SO64472,68,318,2013-08-18,2013-08-25,2013-08-30,4.0,1,4.0
SO64473,18326,318,2013-08-18,2013-08-25,2013-08-30,4.0,1,4.0
SO64474,4252,318,2013-08-18,2013-08-25,2013-08-30,4.0,1,4.0
SO64475,92,328,2013-08-18,2013-08-25,2013-08-30,25.0,1,25.0
SO64476,194,318,2013-08-18,2013-08-25,2013-08-30,4.0,1,4.0
SO64477,18027,328,2013-08-18,2013-08-25,2013-08-30,25.0,1,25.0
SO64478,18079,328,2013-08-18,2013-08-25,2013-08-30,25.0,1,25.0
SO64479,16099,330,2013-08-18,2013-08-25,2013-08-30,29.0,1,29.0
SO64480,501,324,2013-08-18,2013-08-25,2013-08-30,25.0,1,25.0
SO64481,3905,266,2013-08-18,2013-08-25,2013-08-30,5.0,1,5.0
SO64482,9329,263,2013-08-18,2013-08-25,2013-08-30,70.0,1,70.0
SO64483,7919,263,2013-08-18,2013-08-25,2013-08-30,70.0,1,70.0
SO64484,6526,266,2013-08-18,2013-08-25,2013-08-30,5.0,1,5.0
SO64485,13940,266,2013-08-18,2013-08-25,2013-08-30,5.0,1,5.0
SO64486,10797,317,2013-08-18,2013-08-25,2013-08-30,5.0,1,5.0
SO64487,3294,274,2013-08-18,2013-08-25,2013-08-30,22.0,1,22.0
SO64488,1304,277,2013-08-18,2013-08-25,2013-08-30,54.0,1,54.0
SO64489,13021,266,2013-08-18,2013-08-25,2013-08-30,5.0,1,5.0
SO64490,10860,266,2013-08-18,2013-08-25,2013-08-30,5.0,1,5.0
SO64491,13127,319,2013-08-18,2013-08-25,2013-08-30,5.0,1,5.0
SO64492,16814,327,2013-08-18,2013-08-25,2013-08-30,21.0,1,21.0
SO64493,3837,330,2013-08-18,2013-08-25,2013-08-30,29.0,1,29.0
SO64494,1726,319,2013-08-18,2013-08-25,2013-08-30,5.0,1,5.0
SO64495,16813,319,2013-08-18,2013-08-25,2013-08-30,5.0,1,5.0
SO64496,44,326,2013-08-18,2013-08-25,2013-08-30,35.0,1,35.0
SO64497,2503,319,2013-08-18,2013-08-25,2013-08-30,5.0,1,5.0
SO64498,675,326,2013-08-18,2013-08-25,2013-08-30,35.0,1,35.0
SO64499,642,326,2013-08-18,2013-08-25,2013-08-30,35.0,1,35.0
SO64500,1973,317,2013-08-18,2013-08-25,2013-08-30,5.0,1,5.0
SO64501,1541,15,2013-08-18,2013-08-25,2013-08-30,50.0,1,50.0
SO64501,1541,16,2013-08-18,2013-08-25,2013-08-30,50.0,1,50.0
SO64501,1541,17,2013-08-18,2013-08-25,2013-08-30,50.0,1,50.0
SO64502,1296,18,2013-08-18,2013-08-25,2013-08-30,50.0,1,50.0
SO64502,1296,19,2013-08-18,2013-08-25,2013-08-30,50.0,1,50.0
SO64502,1296,20,2013-08-18,2013-08-25,2013-08-30,50.0,1,50.0
SO64503,1451,141,2013-08-18,2013-08-25,2013-08-30,2320.0,1,2320.0
SO64503,1451,142,2013-08-18,2013-08-25,2013-08-30,2320.0,1,2320.0
SO64504,4195,145,2013-08-18,2013-08-25,2013-08-30,2320.0,1,2320.0
SO64504,4195,146,2013-08-18,2013-08-25,2013-08-30,2320.0,1,2320.0
SO64505,4918,147,2013-08-18,2013-08-25,2013-08-30,2295.0,1,2295.0
SO64505,4918,148,2013-08-18,2013-08-25,2013-08-30,2295.0,1,2295.0
SO64506,5426,367,2013-08-18,2013-08-25,2013-08-30,1215.0,1,1215.0
SO64507,1560,349,2013-08-18,2013-08-25,2013-08-30,1215.0,1,1215.0
SO64508,12654,372,2013-08-18,2013-08-25,2013-08-30,1701.0,1,1701.0
SO64509,13009,393,2013-08-18,2013-08-25,2013-08-30,540.0,1,540.0
SO64510,3219,151,2013-08-18,2013-08-25,2013-08-30,2295.0,1,2295.0
SO64510,3219,152,2013-08-18,2013-08-25,2013-08-30,2295.0,1,2295.0
SO64511,14877,366,2013-08-18,2013-08-25,2013-08-30,1215.0,1,1215.0
SO64512,14890,367,2013-08-18,2013-08-25,2013-08-30,1215.0,1,1215.0
SO64513,12033,393,2013-08-18,2013-08-25,2013-08-30,540.0,1,540.0
SO64514,12034,373,2013-08-18,2013-08-25,2013-08-30,540.0,1,540.0
SO64515,12303,393,2013-08-18,2013-08-25,2013-08-30,540.0,1,540.0
SO64516,11998,373,2013-08-18,2013-08-25,2013-08-30,540.0,1,540.0
SO64517,12327,393,2013-08-18,2013-08-25,2013-08-30,540.0,1,540.0
SO64518,9653,178,2013-08-18,2013-08-25,2013-08-30,1120.0,1,1120.0
SO64518,9653,179,2013-08-18,2013-08-25,2013-08-30,1120.0,1,1120.0
SO64519,9836,178,2013-08-18,2013-08-25,2013-08-30,1120.0,1,1120.0
SO64519,9836,179,2013-08-18,2013-08-25,2013-08-30,1120.0,1,1120.0
SO64520,9854,172,2013-08-18,2013-08-25,2013-08-30,1120.0,1,1120.0
SO64520,9854,173,2013-08-18,2013-08-25,2013-08-30,1120.0,1,1120.0
SO64521,382,363,2013-08-18,2013-08-25,2013-08-30,2384.0,1,2384.0
SO64522,13702,371,2013-08-19,2013-08-26,2013-08-31,1701.0,1,1701.0
SO64523,11438,369,2013-08-19,2013-08-26,2013-08-31,1701.0,1,1701.0
SO64524,2554,149,2013-08-19,2013-08-26,2013-08-31,2295.0,1,2295.0
SO64524,2554,150,2013-08-19,2013-08-26,2013-08-31,2295.0,1,2295.0
SO64525,4731,328,2013-08-19,2013-08-26,2013-08-31,25.0,1,25.0
SO64526,4231,328,2013-08-19,2013-08-26,2013-08-31,25.0,1,25.0
SO64527,4233,328,2013-08-19,2013-08-26,2013-08-31,25.0,1,25.0
SO64528,9230,325,2013-08-19,2013-08-26,2013-08-31,30.0,1,30.0
SO64529,18332,318,2013-08-19,2013-08-26,2013-08-31,4.0,1,4.0
SO64530,13231,12,2013-08-19,2013-08-26,2013-08-31,9.0,1,9.0
SO64530,13231,13,2013-08-19,2013-08-26,2013-08-31,9.0,1,9.0
SO64530,13231,14,2013-08-19,2013-08-26,2013-08-31,9.0,1,9.0
SO64531,7267,4,2013-08-19,2013-08-26,2013-08-31,35.0,1,35.0
SO64531,7267,5,2013-08-19,2013-08-26,2013-08-31,35.0,1,35.0
SO64531,7267,6,2013-08-19,2013-08-26,2013-08-31,35.0,1,35.0
SO64532,4132,21,2013-08-19,2013-08-26,2013-08-31,50.0,1,50.0
SO64532,4132,22,2013-08-19,2013-08-26,2013-08-31,50.0,1,50.0
SO64532,4132,23,2013-08-19,2013-08-26,2013-08-31,50.0,1,50.0
SO64533,3069,18,2013-08-19,2013-08-26,2013-08-31,50.0,1,50.0
SO64533,3069,19,2013-08-19,2013-08-26,2013-08-31,50.0,1,50.0
SO64533,3069,20,2013-08-19,2013-08-26,2013-08-31,50.0,1,50.0
SO64534,18094,318,2013-08-19,2013-08-26,2013-08-31,4.0,1,4.0
SO64535,2622,273,2013-08-19,2013-08-26,2013-08-31,8.0,1,8.0
SO64536,7746,269,2013-08-19,2013-08-26,2013-08-31,2.0,1,2.0
SO64537,6963,381,2013-08-19,2013-08-26,2013-08-31,565.0,1,565.0
SO64538,4004,382,2013-08-19,2013-08-26,2013-08-31,565.0,1,565.0
SO64539,10856,380,2013-08-19,2013-08-26,2013-08-31,565.0,1,565.0
SO64540,6935,372,2013-08-19,2013-08-26,2013-08-31,1701.0,1,1701.0
SO64541,10066,379,2013-08-19,2013-08-26,2013-08-31,769.0,1,769.0
SO64542,6222,147,2013-08-19,2013-08-26,2013-08-31,2295.0,1,2295.0
SO64542,6222,148,2013-08-19,2013-08-26,2013-08-31,2295.0,1,2295.0
SO64543,6945,372,2013-08-19,2013-08-26,2013-08-31,1701.0,1,1701.0
SO64544,5200,147,2013-08-19,2013-08-26,2013-08-31,2295.0,1,2295.0
SO64544,5200,148,2013-08-19,2013-08-26,2013-08-31,2295.0,1,2295.0
SO64545,5589,145,2013-08-19,2013-08-26,2013-08-31,2320.0,1,2320.0
SO64545,5589,146,2013-08-19,2013-08-26,2013-08-31,2320.0,1,2320.0
SO64546,1480,147,2013-08-19,2013-08-26,2013-08-31,2295.0,1,2295.0
SO64546,1480,148,2013-08-19,2013-08-26,2013-08-31,2295.0,1,2295.0
SO64547,4926,145,2013-08-19,2013-08-26,2013-08-31,2320.0,1,2320.0
SO64547,4926,146,2013-08-19,2013-08-26,2013-08-31,2320.0,1,2320.0
SO64548,5822,151,2013-08-19,2013-08-26,2013-08-31,2295.0,1,2295.0
SO64548,5822,152,2013-08-19,2013-08-26,2013-08-31,2295.0,1,2295.0
SO64549,17586,9,2013-08-19,2013-08-26,2013-08-31,35.0,1,35.0
SO64549,17586,10,2013-08-19,2013-08-26,2013-08-31,35.0,1,35.0
SO64549,17586,11,2013-08-19,2013-08-26,2013-08-31,35.0,1,35.0
SO64550,696,279,2013-08-19,2013-08-26,2013-08-31,54.0,1,54.0
SO64551,14870,324,2013-08-19,2013-08-26,2013-08-31,25.0,1,25.0
SO64552,10434,266,2013-08-19,2013-08-26,2013-08-31,5.0,1,5.0
SO64553,10935,267,2013-08-19,2013-08-26,2013-08-31,10.0,1,10.0
SO64554,8812,263,2013-08-19,2013-08-26,2013-08-31,70.0,1,70.0
SO64555,7848,265,2013-08-19,2013-08-26,2013-08-31,70.0,1,70.0
SO64556,4534,317,2013-08-19,2013-08-26,2013-08-31,5.0,1,5.0
SO64557,3764,317,2013-08-19,2013-08-26,2013-08-31,5.0,1,5.0
SO64558,16922,317,2013-08-19,2013-08-26,2013-08-31,5.0,1,5.0
SO64559,3258,261,2013-08-19,2013-08-26,2013-08-31,64.0,1,64.0
SO64560,8829,274,2013-08-19,2013-08-26,2013-08-31,22.0,1,22.0
SO64561,4705,326,2013-08-19,2013-08-26,2013-08-31,35.0,1,35.0
SO64562,2499,329,2013-08-19,2013-08-26,2013-08-31,33.0,1,33.0
SO64563,6954,325,2013-08-19,2013-08-26,2013-08-31,30.0,1,30.0
SO64564,6114,266,2013-08-19,2013-08-26,2013-08-31,5.0,1,5.0
SO64565,10664,266,2013-08-19,2013-08-26,2013-08-31,5.0,1,5.0
SO64566,6837,325,2013-08-19,2013-08-26,2013-08-31,30.0,1,30.0
SO64567,10098,253,2013-08-19,2013-08-26,2013-08-31,24.0,1,24.0
SO64567,10098,254,2013-08-19,2013-08-26,2013-08-31,24.0,1,24.0
SO64568,5324,328,2013-08-19,2013-08-26,2013-08-31,25.0,1,25.0
SO64569,9573,325,2013-08-19,2013-08-26,2013-08-31,30.0,1,30.0
SO64570,12621,325,2013-08-19,2013-08-26,2013-08-31,30.0,1,30.0
SO64571,15999,327,2013-08-19,2013-08-26,2013-08-31,21.0,1,21.0
SO64572,15971,318,2013-08-19,2013-08-26,2013-08-31,4.0,1,4.0
SO64573,15936,330,2013-08-19,2013-08-26,2013-08-31,29.0,1,29.0
SO64574,1050,326,2013-08-19,2013-08-26,2013-08-31,35.0,1,35.0
SO64575,670,317,2013-08-19,2013-08-26,2013-08-31,5.0,1,5.0
SO64576,828,326,2013-08-19,2013-08-26,2013-08-31,35.0,1,35.0
SO64577,1055,326,2013-08-19,2013-08-26,2013-08-31,35.0,1,35.0
SO64578,321,317,2013-08-19,2013-08-26,2013-08-31,5.0,1,5.0
SO64579,7525,274,2013-08-19,2013-08-26,2013-08-31,22.0,1,22.0
SO64580,2018,326,2013-08-19,2013-08-26,2013-08-31,35.0,1,35.0
SO64581,2598,267,2013-08-19,2013-08-26,2013-08-31,10.0,1,10.0
SO64582,6681,274,2013-08-19,2013-08-26,2013-08-31,22.0,1,22.0
SO64583,9640,160,2013-08-19,2013-08-26,2013-08-31,2443.0,1,2443.0
SO64583,9640,161,2013-08-19,2013-08-26,2013-08-31,2443.0,1,2443.0
SO64584,7950,376,2013-08-19,2013-08-26,2013-08-31,769.0,1,769.0
SO64585,8809,380,2013-08-19,2013-08-26,2013-08-31,565.0,1,565.0
SO64586,4493,149,2013-08-19,2013-08-26,2013-08-31,2295.0,1,2295.0
SO64586,4493,150,2013-08-19,2013-08-26,2013-08-31,2295.0,1,2295.0
SO64587,4204,147,2013-08-19,2013-08-26,2013-08-31,2295.0,1,2295.0
SO64587,4204,148,2013-08-19,2013-08-26,2013-08-31,2295.0,1,2295.0
SO64588,4281,147,2013-08-19,2013-08-26,2013-08-31,2295.0,1,2295.0
SO64588,4281,148,2013-08-19,2013-08-26,2013-08-31,2295.0,1,2295.0
SO64589,4323,143,2013-08-19,2013-08-26,2013-08-31,2320.0,1,2320.0
SO64589,4323,144,2013-08-19,2013-08-26,2013-08-31,2320.0,1,2320.0
SO64590,4329,143,2013-08-19,2013-08-26,2013-08-31,2320.0,1,2320.0
SO64590,4329,144,2013-08-19,2013-08-26,2013-08-31,2320.0,1,2320.0
SO64591,4200,147,2013-08-19,2013-08-26,2013-08-31,2295.0,1,2295.0
SO64591,4200,148,2013-08-19,2013-08-26,2013-08-31,2295.0,1,2295.0
SO64592,242,363,2013-08-19,2013-08-26,2013-08-31,2384.0,1,2384.0
SO64593,9428,370,2013-08-19,2013-08-26,2013-08-31,1701.0,1,1701.0
SO64594,12545,371,2013-08-19,2013-08-26,2013-08-31,1701.0,1,1701.0
SO64595,9284,371,2013-08-19,2013-08-26,2013-08-31,1701.0,1,1701.0
SO64596,14114,170,2013-08-19,2013-08-26,2013-08-31,1120.0,1,1120.0
SO64596,14114,171,2013-08-19,2013-08-26,2013-08-31,1120.0,1,1120.0
SO64597,14271,176,2013-08-19,2013-08-26,2013-08-31,1120.0,1,1120.0
SO64597,14271,177,2013-08-19,2013-08-26,2013-08-31,1120.0,1,1120.0
SO64598,2529,164,2013-08-19,2013-08-26,2013-08-31,2443.0,1,2443.0
SO64598,2529,165,2013-08-19,2013-08-26,2013-08-31,2443.0,1,2443.0
SO64599,3040,149,2013-08-19,2013-08-26,2013-08-31,2295.0,1,2295.0
SO64599,3040,150,2013-08-19,2013-08-26,2013-08-31,2295.0,1,2295.0
SO64600,3065,151,2013-08-19,2013-08-26,2013-08-31,2295.0,1,2295.0
SO64600,3065,152,2013-08-19,2013-08-26,2013-08-31,2295.0,1,2295.0
SO64601,13665,356,2013-08-19,2013-08-26,2013-08-31,742.0,1,742.0
SO64602,15248,362,2013-08-19,2013-08-26,2013-08-31,2384.0,1,2384.0
SO64603,15325,365,2013-08-19,2013-08-26,2013-08-31,2384.0,1,2384.0
SO64604,13757,362,2013-08-19,2013-08-26,2013-08-31,2384.0,1,2384.0
SO64605,7650,394,2013-08-19,2013-08-26,2013-08-31,540.0,1,540.0
SO64606,9658,174,2013-08-19,2013-08-26,2013-08-31,1120.0,1,1120.0
SO64606,9658,175,2013-08-19,2013-08-26,2013-08-31,1120.0,1,1120.0
SO64607,6622,372,2013-08-19,2013-08-26,2013-08-31,1701.0,1,1701.0
SO64608,9708,369,2013-08-19,2013-08-26,2013-08-31,1701.0,1,1701.0
SO64609,17397,170,2013-08-19,2013-08-26,2013-08-31,1120.0,1,1120.0
SO64609,17397,171,2013-08-19,2013-08-26,2013-08-31,1120.0,1,1120.0
SO64610,9837,174,2013-08-19,2013-08-26,2013-08-31,1120.0,1,1120.0
SO64610,9837,175,2013-08-19,2013-08-26,2013-08-31,1120.0,1,1120.0
SO64611,918,352,2013-08-19,2013-08-26,2013-08-31,2384.0,1,2384.0
SO64612,5690,328,2013-08-20,2013-08-27,2013-09-01,25.0,1,25.0
SO64613,5614,325,2013-08-20,2013-08-27,2013-09-01,30.0,1,30.0
SO64614,14119,317,2013-08-20,2013-08-27,2013-09-01,5.0,1,5.0
SO64615,14057,317,2013-08-20,2013-08-27,2013-09-01,5.0,1,5.0
SO64616,12544,266,2013-08-20,2013-08-27,2013-09-01,5.0,1,5.0
SO64617,17717,266,2013-08-20,2013-08-27,2013-09-01,5.0,1,5.0
SO64618,5597,151,2013-08-20,2013-08-27,2013-09-01,2295.0,1,2295.0
SO64618,5597,152,2013-08-20,2013-08-27,2013-09-01,2295.0,1,2295.0
SO64619,1389,149,2013-08-20,2013-08-27,2013-09-01,2295.0,1,2295.0
SO64619,1389,150,2013-08-20,2013-08-27,2013-09-01,2295.0,1,2295.0
SO64620,789,277,2013-08-20,2013-08-27,2013-09-01,54.0,1,54.0
SO64621,677,278,2013-08-20,2013-08-27,2013-09-01,54.0,1,54.0
SO64622,952,324,2013-08-20,2013-08-27,2013-09-01,25.0,1,25.0
SO64623,15792,318,2013-08-20,2013-08-27,2013-09-01,4.0,1,4.0
SO64624,16675,327,2013-08-20,2013-08-27,2013-09-01,21.0,1,21.0
SO64625,17337,319,2013-08-20,2013-08-27,2013-09-01,5.0,1,5.0
SO64626,213,319,2013-08-20,2013-08-27,2013-09-01,5.0,1,5.0
SO64627,3333,317,2013-08-20,2013-08-27,2013-09-01,5.0,1,5.0
SO64628,9086,318,2013-08-20,2013-08-27,2013-09-01,4.0,1,4.0
SO64629,12056,317,2013-08-20,2013-08-27,2013-09-01,5.0,1,5.0
SO64630,11127,317,2013-08-20,2013-08-27,2013-09-01,5.0,1,5.0
SO64631,2180,325,2013-08-20,2013-08-27,2013-09-01,30.0,1,30.0
SO64632,11284,317,2013-08-20,2013-08-27,2013-09-01,5.0,1,5.0
SO64633,4163,267,2013-08-20,2013-08-27,2013-09-01,10.0,1,10.0
SO64634,10907,267,2013-08-20,2013-08-27,2013-09-01,10.0,1,10.0
SO64635,10338,267,2013-08-20,2013-08-27,2013-09-01,10.0,1,10.0
SO64636,6412,263,2013-08-20,2013-08-27,2013-09-01,70.0,1,70.0
SO64637,9106,266,2013-08-20,2013-08-27,2013-09-01,5.0,1,5.0
SO64638,7613,263,2013-08-20,2013-08-27,2013-09-01,70.0,1,70.0
SO64639,4067,324,2013-08-20,2013-08-27,2013-09-01,25.0,1,25.0
SO64640,1497,329,2013-08-20,2013-08-27,2013-09-01,33.0,1,33.0
SO64641,7630,324,2013-08-20,2013-08-27,2013-09-01,25.0,1,25.0
SO64642,2677,329,2013-08-20,2013-08-27,2013-09-01,33.0,1,33.0
SO64643,10514,317,2013-08-20,2013-08-27,2013-09-01,5.0,1,5.0
SO64644,7026,317,2013-08-20,2013-08-27,2013-09-01,5.0,1,5.0
SO64645,567,318,2013-08-20,2013-08-27,2013-09-01,4.0,1,4.0
SO64646,12964,319,2013-08-20,2013-08-27,2013-09-01,5.0,1,5.0
SO64647,1801,319,2013-08-20,2013-08-27,2013-09-01,5.0,1,5.0
SO64648,15892,319,2013-08-20,2013-08-27,2013-09-01,5.0,1,5.0
SO64649,2590,267,2013-08-20,2013-08-27,2013-09-01,10.0,1,10.0
SO64650,6540,274,2013-08-20,2013-08-27,2013-09-01,22.0,1,22.0
SO64651,3644,378,2013-08-20,2013-08-27,2013-09-01,769.0,1,769.0
SO64652,3651,378,2013-08-20,2013-08-27,2013-09-01,769.0,1,769.0
SO64653,7949,376,2013-08-20,2013-08-27,2013-09-01,769.0,1,769.0
SO64654,4481,151,2013-08-20,2013-08-27,2013-09-01,2295.0,1,2295.0
SO64654,4481,152,2013-08-20,2013-08-27,2013-09-01,2295.0,1,2295.0
SO64655,1773,141,2013-08-20,2013-08-27,2013-09-01,2320.0,1,2320.0
SO64655,1773,142,2013-08-20,2013-08-27,2013-09-01,2320.0,1,2320.0
SO64656,17508,361,2013-08-20,2013-08-27,2013-09-01,742.0,1,742.0
SO64657,4119,362,2013-08-20,2013-08-27,2013-09-01,2384.0,1,2384.0
SO64658,4038,370,2013-08-20,2013-08-27,2013-09-01,1701.0,1,1701.0
SO64659,10193,369,2013-08-20,2013-08-27,2013-09-01,1701.0,1,1701.0
SO64660,13008,373,2013-08-20,2013-08-27,2013-09-01,540.0,1,540.0
SO64661,18098,394,2013-08-20,2013-08-27,2013-09-01,540.0,1,540.0
SO64662,3221,151,2013-08-20,2013-08-27,2013-09-01,2295.0,1,2295.0
SO64662,3221,152,2013-08-20,2013-08-27,2013-09-01,2295.0,1,2295.0
SO64663,3227,151,2013-08-20,2013-08-27,2013-09-01,2295.0,1,2295.0
SO64663,3227,152,2013-08-20,2013-08-27,2013-09-01,2295.0,1,2295.0
SO64664,14082,357,2013-08-20,2013-08-27,2013-09-01,742.0,1,742.0
SO64665,15531,365,2013-08-20,2013-08-27,2013-09-01,2384.0,1,2384.0
SO64666,15108,362,2013-08-20,2013-08-27,2013-09-01,2384.0,1,2384.0
SO64667,12831,367,2013-08-20,2013-08-27,2013-09-01,1215.0,1,1215.0
SO64668,14888,367,2013-08-20,2013-08-27,2013-09-01,1215.0,1,1215.0
SO64669,12027,261,2013-08-20,2013-08-27,2013-09-01,64.0,1,64.0
SO64670,6576,370,2013-08-20,2013-08-27,2013-09-01,1701.0,1,1701.0
SO64671,6598,372,2013-08-20,2013-08-27,2013-09-01,1701.0,1,1701.0
SO64672,17395,170,2013-08-20,2013-08-27,2013-09-01,1120.0,1,1120.0
SO64672,17395,171,2013-08-20,2013-08-27,2013-09-01,1120.0,1,1120.0
SO64673,12906,394,2013-08-20,2013-08-27,2013-09-01,540.0,1,540.0
SO64674,111,351,2013-08-20,2013-08-27,2013-09-01,2384.0,1,2384.0
SO64675,6243,377,2013-08-20,2013-08-27,2013-09-01,769.0,1,769.0
SO64676,12995,373,2013-08-20,2013-08-27,2013-09-01,540.0,1,540.0
SO64677,5208,151,2013-08-21,2013-08-28,2013-09-02,2295.0,1,2295.0
SO64677,5208,152,2013-08-21,2013-08-28,2013-09-02,2295.0,1,2295.0
SO64678,6231,325,2013-08-21,2013-08-28,2013-09-02,30.0,1,30.0
SO64679,17923,266,2013-08-21,2013-08-28,2013-09-02,5.0,1,5.0
SO64680,10373,317,2013-08-21,2013-08-28,2013-09-02,5.0,1,5.0
SO64681,17945,266,2013-08-21,2013-08-28,2013-09-02,5.0,1,5.0
SO64682,5619,329,2013-08-21,2013-08-28,2013-09-02,33.0,1,33.0
SO64683,467,273,2013-08-21,2013-08-28,2013-09-02,8.0,1,8.0
SO64684,95,273,2013-08-21,2013-08-28,2013-09-02,8.0,1,8.0
SO64685,7729,269,2013-08-21,2013-08-28,2013-09-02,2.0,1,2.0
SO64686,74,266,2013-08-21,2013-08-28,2013-09-02,5.0,1,5.0
SO64687,4074,381,2013-08-21,2013-08-28,2013-09-02,565.0,1,565.0
SO64688,6199,145,2013-08-21,2013-08-28,2013-09-02,2320.0,1,2320.0
SO64688,6199,146,2013-08-21,2013-08-28,2013-09-02,2320.0,1,2320.0
SO64689,1485,141,2013-08-21,2013-08-28,2013-09-02,2320.0,1,2320.0
SO64689,1485,142,2013-08-21,2013-08-28,2013-09-02,2320.0,1,2320.0
SO64690,2518,151,2013-08-21,2013-08-28,2013-09-02,2295.0,1,2295.0
SO64690,2518,152,2013-08-21,2013-08-28,2013-09-02,2295.0,1,2295.0
SO64691,4933,151,2013-08-21,2013-08-28,2013-09-02,2295.0,1,2295.0
SO64691,4933,152,2013-08-21,2013-08-28,2013-09-02,2295.0,1,2295.0
SO64692,1262,141,2013-08-21,2013-08-28,2013-09-02,2320.0,1,2320.0
SO64692,1262,142,2013-08-21,2013-08-28,2013-09-02,2320.0,1,2320.0
SO64693,507,279,2013-08-21,2013-08-28,2013-09-02,54.0,1,54.0
SO64694,17230,318,2013-08-21,2013-08-28,2013-09-02,4.0,1,4.0
SO64695,17817,328,2013-08-21,2013-08-28,2013-09-02,25.0,1,25.0
SO64696,15516,324,2013-08-21,2013-08-28,2013-09-02,25.0,1,25.0
SO64697,14259,324,2013-08-21,2013-08-28,2013-09-02,25.0,1,25.0
SO64698,653,317,2013-08-21,2013-08-28,2013-09-02,5.0,1,5.0
SO64699,15105,317,2013-08-21,2013-08-28,2013-09-02,5.0,1,5.0
SO64700,11547,325,2013-08-21,2013-08-28,2013-09-02,30.0,1,30.0
SO64701,10323,267,2013-08-21,2013-08-28,2013-09-02,10.0,1,10.0
SO64702,821,263,2013-08-21,2013-08-28,2013-09-02,70.0,1,70.0
SO64703,5736,266,2013-08-21,2013-08-28,2013-09-02,5.0,1,5.0
SO64704,8649,274,2013-08-21,2013-08-28,2013-09-02,22.0,1,22.0
SO64705,3572,317,2013-08-21,2013-08-28,2013-09-02,5.0,1,5.0
SO64706,17432,318,2013-08-21,2013-08-28,2013-09-02,4.0,1,4.0
SO64707,17892,318,2013-08-21,2013-08-28,2013-09-02,4.0,1,4.0
SO64708,10118,327,2013-08-21,2013-08-28,2013-09-02,21.0,1,21.0
SO64709,16955,319,2013-08-21,2013-08-28,2013-09-02,5.0,1,5.0
SO64710,289,326,2013-08-21,2013-08-28,2013-09-02,35.0,1,35.0
SO64711,3727,379,2013-08-21,2013-08-28,2013-09-02,769.0,1,769.0
SO64712,5821,147,2013-08-21,2013-08-28,2013-09-02,2295.0,1,2295.0
SO64712,5821,148,2013-08-21,2013-08-28,2013-09-02,2295.0,1,2295.0
SO64713,4375,141,2013-08-21,2013-08-28,2013-09-02,2320.0,1,2320.0
SO64713,4375,142,2013-08-21,2013-08-28,2013-09-02,2320.0,1,2320.0
SO64714,4059,354,2013-08-21,2013-08-28,2013-09-02,742.0,1,742.0
SO64715,14618,367,2013-08-21,2013-08-28,2013-09-02,1215.0,1,1215.0
SO64716,469,366,2013-08-21,2013-08-28,2013-09-02,1215.0,1,1215.0
SO64717,13007,395,2013-08-21,2013-08-28,2013-09-02,540.0,1,540.0
SO64718,16585,393,2013-08-21,2013-08-28,2013-09-02,540.0,1,540.0
SO64719,14031,178,2013-08-21,2013-08-28,2013-09-02,1120.0,1,1120.0
SO64719,14031,179,2013-08-21,2013-08-28,2013-09-02,1120.0,1,1120.0
SO64720,10169,160,2013-08-21,2013-08-28,2013-09-02,2443.0,1,2443.0
SO64720,10169,161,2013-08-21,2013-08-28,2013-09-02,2443.0,1,2443.0
SO64721,2960,141,2013-08-21,2013-08-28,2013-09-02,2320.0,1,2320.0
SO64721,2960,142,2013-08-21,2013-08-28,2013-09-02,2320.0,1,2320.0
SO64722,15090,363,2013-08-21,2013-08-28,2013-09-02,2384.0,1,2384.0
SO64723,15320,364,2013-08-21,2013-08-28,2013-09-02,2384.0,1,2384.0
SO64724,12035,394,2013-08-21,2013-08-28,2013-09-02,540.0,1,540.0
SO64725,9001,174,2013-08-21,2013-08-28,2013-09-02,1120.0,1,1120.0
SO64725,9001,175,2013-08-21,2013-08-28,2013-09-02,1120.0,1,1120.0
SO64726,13066,176,2013-08-21,2013-08-28,2013-09-02,1120.0,1,1120.0
SO64726,13066,177,2013-08-21,2013-08-28,2013-09-02,1120.0,1,1120.0
SO64727,917,351,2013-08-21,2013-08-28,2013-09-02,2384.0,1,2384.0
SO64728,6242,377,2013-08-21,2013-08-28,2013-09-02,769.0,1,769.0
SO64729,17606,273,2013-08-22,2013-08-29,2013-09-03,8.0,1,8.0
SO64730,6076,328,2013-08-22,2013-08-29,2013-09-03,25.0,1,25.0
SO64731,13371,266,2013-08-22,2013-08-29,2013-09-03,5.0,1,5.0
SO64732,6959,382,2013-08-22,2013-08-29,2013-09-03,565.0,1,565.0
SO64733,4679,147,2013-08-22,2013-08-29,2013-09-03,2295.0,1,2295.0
SO64733,4679,148,2013-08-22,2013-08-29,2013-09-03,2295.0,1,2295.0
SO64734,5599,147,2013-08-22,2013-08-29,2013-09-03,2295.0,1,2295.0
SO64734,5599,148,2013-08-22,2013-08-29,2013-09-03,2295.0,1,2295.0
SO64735,6182,147,2013-08-22,2013-08-29,2013-09-03,2295.0,1,2295.0
SO64735,6182,148,2013-08-22,2013-08-29,2013-09-03,2295.0,1,2295.0
SO64736,2679,143,2013-08-22,2013-08-29,2013-09-03,2320.0,1,2320.0
SO64736,2679,144,2013-08-22,2013-08-29,2013-09-03,2320.0,1,2320.0
SO64737,20,269,2013-08-22,2013-08-29,2013-09-03,2.0,1,2.0
SO64738,123,324,2013-08-22,2013-08-29,2013-09-03,25.0,1,25.0
SO64739,270,269,2013-08-22,2013-08-29,2013-09-03,2.0,1,2.0
SO64740,186,327,2013-08-22,2013-08-29,2013-09-03,21.0,1,21.0
SO64741,16530,330,2013-08-22,2013-08-29,2013-09-03,29.0,1,29.0
SO64742,16755,327,2013-08-22,2013-08-29,2013-09-03,21.0,1,21.0
SO64743,14989,324,,2013-08-29,2013-09-03,25.0,1,25.0
SO64744,503,317,,2013-08-29,2013-09-03,5.0,1,5.0
SO64745,15197,317,2013-08-22,2013-08-29,2013-09-03,5.0,1,5.0
SO64746,6339,267,2013-08-22,2013-08-29,2013-09-03,10.0,1,10.0
SO64747,12091,317,2013-08-22,2013-08-29,2013-09-03,5.0,1,5.0
SO64748,5960,266,2013-08-22,2013-08-29,2013-09-03,5.0,1,5.0
SO64749,9361,263,2013-08-22,2013-08-29,2013-09-03,70.0,1,70.0
SO64750,9290,265,2013-08-22,2013-08-29,2013-09-03,70.0,1,70.0
SO64751,7673,264,2013-08-22,2013-08-29,2013-09-03,70.0,1,70.0
SO64752,7771,264,2013-08-22,2013-08-29,2013-09-03,70.0,1,70.0
SO64753,4511,317,2013-08-22,2013-08-29,2013-09-03,5.0,1,5.0
SO64754,4542,317,2013-08-22,2013-08-29,2013-09-03,5.0,1,5.0
SO64755,5039,274,2013-08-22,2013-08-29,2013-09-03,22.0,1,22.0
SO64756,10527,325,2013-08-22,2013-08-29,2013-09-03,30.0,1,30.0
SO64757,5603,264,2013-08-22,2013-08-29,2013-09-03,70.0,1,70.0
SO64758,5940,317,2013-08-22,2013-08-29,2013-09-03,5.0,1,5.0
SO64759,1733,266,2013-08-22,2013-08-29,2013-09-03,5.0,1,5.0
SO64760,8043,324,2013-08-22,2013-08-29,2013-09-03,25.0,1,25.0
SO64761,554,327,2013-08-22,2013-08-29,2013-09-03,21.0,1,21.0
SO64762,14669,318,2013-08-22,2013-08-29,2013-09-03,4.0,1,4.0
SO64763,14774,318,2013-08-22,2013-08-29,2013-09-03,4.0,1,4.0
SO64764,1731,330,2013-08-22,2013-08-29,2013-09-03,29.0,1,29.0
SO64765,6552,274,2013-08-22,2013-08-29,2013-09-03,22.0,1,22.0
SO64766,1780,147,2013-08-22,2013-08-29,2013-09-03,2295.0,1,2295.0
SO64766,1780,148,2013-08-22,2013-08-29,2013-09-03,2295.0,1,2295.0
SO64767,4390,147,2013-08-22,2013-08-29,2013-09-03,2295.0,1,2295.0
SO64767,4390,148,2013-08-22,2013-08-29,2013-09-03,2295.0,1,2295.0
SO64768,5759,141,2013-08-22,2013-08-29,2013-09-03,2320.0,1,2320.0
SO64768,5759,142,2013-08-22,2013-08-29,2013-09-03,2320.0,1,2320.0
SO64769,4057,361,2013-08-22,2013-08-29,2013-09-03,742.0,1,742.0
SO64770,17506,361,2013-08-22,2013-08-29,2013-09-03,742.0,1,742.0
SO64771,14615,349,2013-08-22,2013-08-29,2013-09-03,1215.0,1,1215.0
SO64772,243,351,2013-08-22,2013-08-29,2013-09-03,2384.0,1,2384.0
SO64773,10192,371,2013-08-22,2013-08-29,2013-09-03,1701.0,1,1701.0
SO64774,14253,174,2013-08-22,2013-08-29,2013-09-03,1120.0,1,1120.0
SO64774,14253,175,2013-08-22,2013-08-29,2013-09-03,1120.0,1,1120.0
SO64775,14113,174,2013-08-22,2013-08-29,2013-09-03,1120.0,1,1120.0
SO64775,14113,175,2013-08-22,2013-08-29,2013-09-03,1120.0,1,1120.0
SO64776,7197,385,2013-08-22,2013-08-29,2013-09-03,540.0,1,540.0
SO64777,15492,365,2013-08-22,2013-08-29,2013-09-03,2384.0,1,2384.0
SO64778,12789,366,2013-08-22,2013-08-29,2013-09-03,1215.0,1,1215.0
SO64779,15098,365,2013-08-22,2013-08-29,2013-09-03,2384.0,1,2384.0
SO64780,15112,365,2013-08-22,2013-08-29,2013-09-03,2384.0,1,2384.0
SO64781,12297,393,2013-08-22,2013-08-29,2013-09-03,540.0,1,540.0
SO64782,12019,394,2013-08-22,2013-08-29,2013-09-03,540.0,1,540.0
SO64783,12901,393,2013-08-22,2013-08-29,2013-09-03,540.0,1,540.0
SO64784,11602,393,2013-08-22,2013-08-29,2013-09-03,540.0,1,540.0
SO64785,16180,394,2013-08-22,2013-08-29,2013-09-03,540.0,1,540.0
SO64786,991,364,2013-08-22,2013-08-29,2013-09-03,2384.0,1,2384.0
SO64787,6247,379,2013-08-22,2013-08-29,2013-09-03,769.0,1,769.0
SO64788,12996,395,2013-08-22,2013-08-29,2013-09-03,540.0,1,540.0
SO64789,112,365,2013-08-22,2013-08-29,2013-09-03,2384.0,1,2384.0
SO64790,5827,151,2013-08-23,2013-08-30,2013-09-04,2295.0,1,2295.0
SO64790,5827,152,2013-08-23,2013-08-30,2013-09-04,2295.0,1,2295.0
SO64791,2555,145,2013-08-23,2013-08-30,2013-09-04,2320.0,1,2320.0
SO64791,2555,146,2013-08-23,2013-08-30,2013-09-04,2320.0,1,2320.0
SO64792,4243,267,2013-08-23,2013-08-30,2013-09-04,10.0,1,10.0
SO64793,12330,319,2013-08-23,2013-08-30,2013-09-04,5.0,1,5.0
SO64794,3855,12,2013-08-23,2013-08-30,2013-09-04,9.0,1,9.0
SO64794,3855,13,2013-08-23,2013-08-30,2013-09-04,9.0,1,9.0
SO64794,3855,14,2013-08-23,2013-08-30,2013-09-04,9.0,1,9.0
SO64795,13581,388,2013-08-23,2013-08-30,2013-09-04,540.0,1,540.0
SO64796,15387,372,2013-08-23,2013-08-30,2013-09-04,1701.0,1,1701.0
SO64797,14498,371,2013-08-23,2013-08-30,2013-09-04,1701.0,1,1701.0
SO64798,6895,369,2013-08-23,2013-08-30,2013-09-04,1701.0,1,1701.0
SO64799,9864,166,2013-08-23,2013-08-30,2013-09-04,2443.0,1,2443.0
SO64799,9864,167,2013-08-23,2013-08-30,2013-09-04,2443.0,1,2443.0
SO64800,9050,164,2013-08-23,2013-08-30,2013-09-04,2443.0,1,2443.0
SO64800,9050,165,2013-08-23,2013-08-30,2013-09-04,2443.0,1,2443.0
SO64801,3150,377,2013-08-23,2013-08-30,2013-09-04,769.0,1,769.0
SO64802,5829,147,2013-08-23,2013-08-30,2013-09-04,2295.0,1,2295.0
SO64802,5829,148,2013-08-23,2013-08-30,2013-09-04,2295.0,1,2295.0
SO64803,5831,149,2013-08-23,2013-08-30,2013-09-04,2295.0,1,2295.0
SO64803,5831,150,2013-08-23,2013-08-30,2013-09-04,2295.0,1,2295.0
SO64804,1476,147,2013-08-23,2013-08-30,2013-09-04,2295.0,1,2295.0
SO64804,1476,148,2013-08-23,2013-08-30,2013-09-04,2295.0,1,2295.0
SO64805,518,269,2013-08-23,2013-08-30,2013-09-04,2.0,1,2.0
SO64806,18349,318,2013-08-23,2013-08-30,2013-09-04,4.0,1,4.0
SO64807,17013,319,2013-08-23,2013-08-30,2013-09-04,5.0,1,5.0
SO64808,16995,319,2013-08-23,2013-08-30,2013-09-04,5.0,1,5.0
SO64809,224,318,2013-08-23,2013-08-30,2013-09-04,4.0,1,4.0
SO64810,14169,329,2013-08-23,2013-08-30,2013-09-04,33.0,1,33.0
SO64811,14044,329,2013-08-23,2013-08-30,2013-09-04,33.0,1,33.0
SO64812,10752,267,2013-08-23,2013-08-30,2013-09-04,10.0,1,10.0
SO64813,4479,267,2013-08-23,2013-08-30,2013-09-04,10.0,1,10.0
SO64814,1881,253,2013-08-23,2013-08-30,2013-09-04,24.0,1,24.0
SO64814,1881,254,2013-08-23,2013-08-30,2013-09-04,24.0,1,24.0
SO64815,10707,267,2013-08-23,2013-08-30,2013-09-04,10.0,1,10.0
SO64816,8638,263,2013-08-23,2013-08-30,2013-09-04,70.0,1,70.0
SO64817,15270,266,2013-08-23,2013-08-30,2013-09-04,5.0,1,5.0
SO64818,7762,266,2013-08-23,2013-08-30,2013-09-04,5.0,1,5.0
SO64819,13488,266,2013-08-23,2013-08-30,2013-09-04,5.0,1,5.0
SO64820,5914,266,2013-08-23,2013-08-30,2013-09-04,5.0,1,5.0
SO64821,2480,274,2013-08-23,2013-08-30,2013-09-04,22.0,1,22.0
SO64822,4672,274,2013-08-23,2013-08-30,2013-09-04,22.0,1,22.0
SO64823,17441,318,2013-08-23,2013-08-30,2013-09-04,4.0,1,4.0
SO64824,5509,318,2013-08-23,2013-08-30,2013-09-04,4.0,1,4.0
SO64825,8371,266,2013-08-23,2013-08-30,2013-09-04,5.0,1,5.0
SO64826,7021,318,2013-08-23,2013-08-30,2013-09-04,4.0,1,4.0
SO64827,15881,327,2013-08-23,2013-08-30,2013-09-04,21.0,1,21.0
SO64828,15371,327,2013-08-23,2013-08-30,2013-09-04,21.0,1,21.0
SO64829,17910,319,2013-08-23,2013-08-30,2013-09-04,5.0,1,5.0
SO64830,1169,326,2013-08-23,2013-08-30,2013-09-04,35.0,1,35.0
SO64831,1768,326,2013-08-23,2013-08-30,2013-09-04,35.0,1,35.0
SO64832,3094,274,2013-08-23,2013-08-30,2013-09-04,22.0,1,22.0
SO64833,1400,266,2013-08-23,2013-08-30,2013-09-04,5.0,1,5.0
SO64834,3729,379,2013-08-23,2013-08-30,2013-09-04,769.0,1,769.0
SO64835,3648,377,2013-08-23,2013-08-30,2013-09-04,769.0,1,769.0
SO64836,8740,380,2013-08-23,2013-08-30,2013-09-04,565.0,1,565.0
SO64837,2706,380,2013-08-23,2013-08-30,2013-09-04,565.0,1,565.0
SO64838,4351,141,2013-08-23,2013-08-30,2013-09-04,2320.0,1,2320.0
SO64838,4351,142,2013-08-23,2013-08-30,2013-09-04,2320.0,1,2320.0
SO64839,4412,147,2013-08-23,2013-08-30,2013-09-04,2295.0,1,2295.0
SO64839,4412,148,2013-08-23,2013-08-30,2013-09-04,2295.0,1,2295.0
SO64840,14614,368,2013-08-23,2013-08-30,2013-09-04,1215.0,1,1215.0
SO64841,4087,364,2013-08-23,2013-08-30,2013-09-04,2384.0,1,2384.0
SO64842,3201,351,2013-08-23,2013-08-30,2013-09-04,2384.0,1,2384.0
SO64843,14250,172,2013-08-23,2013-08-30,2013-09-04,1120.0,1,1120.0
SO64843,14250,173,2013-08-23,2013-08-30,2013-09-04,1120.0,1,1120.0
SO64844,7246,160,2013-08-23,2013-08-30,2013-09-04,2443.0,1,2443.0
SO64844,7246,161,2013-08-23,2013-08-30,2013-09-04,2443.0,1,2443.0
SO64845,9628,160,2013-08-23,2013-08-30,2013-09-04,2443.0,1,2443.0
SO64845,9628,161,2013-08-23,2013-08-30,2013-09-04,2443.0,1,2443.0
SO64846,15091,350,2013-08-23,2013-08-30,2013-09-04,2384.0,1,2384.0
SO64847,9751,170,2013-08-23,2013-08-30,2013-09-04,1120.0,1,1120.0
SO64847,9751,171,2013-08-23,2013-08-30,2013-09-04,1120.0,1,1120.0
SO64848,13059,174,2013-08-23,2013-08-30,2013-09-04,1120.0,1,1120.0
SO64848,13059,175,2013-08-23,2013-08-30,2013-09-04,1120.0,1,1120.0
SO64849,909,350,2013-08-23,2013-08-30,2013-09-04,2384.0,1,2384.0
SO64850,915,353,2013-08-23,2013-08-30,2013-09-04,2384.0,1,2384.0
SO64851,964,351,2013-08-23,2013-08-30,2013-09-04,2384.0,1,2384.0
SO64852,995,363,2013-08-23,2013-08-30,2013-09-04,2384.0,1,2384.0
SO64853,3311,357,2013-08-23,2013-08-30,2013-09-04,742.0,1,742.0
SO64854,9621,162,2013-08-24,2013-08-31,2013-09-05,2443.0,1,2443.0
SO64854,9621,163,2013-08-24,2013-08-31,2013-09-05,2443.0,1,2443.0
SO64855,8674,326,2013-08-24,2013-08-31,2013-09-05,35.0,1,35.0
SO64856,11148,263,2013-08-24,2013-08-31,2013-09-05,70.0,1,70.0
SO64857,14129,318,2013-08-24,2013-08-31,2013-09-05,4.0,1,4.0
SO64858,3279,24,2013-08-24,2013-08-31,2013-09-05,50.0,1,50.0
SO64858,3279,25,2013-08-24,2013-08-31,2013-09-05,50.0,1,50.0
SO64858,3279,26,2013-08-24,2013-08-31,2013-09-05,50.0,1,50.0
SO64859,4032,12,2013-08-24,2013-08-31,2013-09-05,9.0,1,9.0
SO64859,4032,13,2013-08-24,2013-08-31,2013-09-05,9.0,1,9.0
SO64859,4032,14,2013-08-24,2013-08-31,2013-09-05,9.0,1,9.0
SO64860,6325,12,2013-08-24,2013-08-31,2013-09-05,9.0,1,9.0
SO64860,6325,13,2013-08-24,2013-08-31,2013-09-05,9.0,1,9.0
SO64860,6325,14,2013-08-24,2013-08-31,2013-09-05,9.0,1,9.0
SO64861,6933,372,2013-08-24,2013-08-31,2013-09-05,1701.0,1,1701.0
SO64862,10038,379,2013-08-24,2013-08-31,2013-09-05,769.0,1,769.0
SO64863,3155,378,2013-08-24,2013-08-31,2013-09-05,769.0,1,769.0
SO64864,2690,143,2013-08-24,2013-08-31,2013-09-05,2320.0,1,2320.0
SO64864,2690,144,2013-08-24,2013-08-31,2013-09-05,2320.0,1,2320.0
SO64865,5204,151,2013-08-24,2013-08-31,2013-09-05,2295.0,1,2295.0
SO64865,5204,152,2013-08-24,2013-08-31,2013-09-05,2295.0,1,2295.0
SO64866,18211,328,2013-08-24,2013-08-31,2013-09-05,25.0,1,25.0
SO64867,17030,319,2013-08-24,2013-08-31,2013-09-05,5.0,1,5.0
SO64868,4489,329,2013-08-24,2013-08-31,2013-09-05,33.0,1,33.0
SO64869,13729,329,2013-08-24,2013-08-31,2013-09-05,33.0,1,33.0
SO64870,11968,267,2013-08-24,2013-08-31,2013-09-05,10.0,1,10.0
SO64871,1107,263,2013-08-24,2013-08-31,2013-09-05,70.0,1,70.0
SO64872,8135,265,2013-08-24,2013-08-31,2013-09-05,70.0,1,70.0
SO64873,6689,266,2013-08-24,2013-08-31,2013-09-05,5.0,1,5.0
SO64874,6409,266,2013-08-24,2013-08-31,2013-09-05,5.0,1,5.0
SO64875,14886,266,2013-08-24,2013-08-31,2013-09-05,5.0,1,5.0
SO64876,6488,317,2013-08-24,2013-08-31,2013-09-05,5.0,1,5.0
SO64877,5716,317,2013-08-24,2013-08-31,2013-09-05,5.0,1,5.0
SO64878,2740,274,2013-08-24,2013-08-31,2013-09-05,22.0,1,22.0
SO64879,17539,330,2013-08-24,2013-08-31,2013-09-05,29.0,1,29.0
SO64880,9841,318,2013-08-24,2013-08-31,2013-09-05,4.0,1,4.0
SO64881,3200,319,2013-08-24,2013-08-31,2013-09-05,5.0,1,5.0
SO64882,18431,330,2013-08-24,2013-08-31,2013-09-05,29.0,1,29.0
SO64883,1086,317,2013-08-24,2013-08-31,2013-09-05,5.0,1,5.0
SO64884,3872,376,2013-08-24,2013-08-31,2013-09-05,769.0,1,769.0
SO64885,8814,388,2013-08-24,2013-08-31,2013-09-05,540.0,1,540.0
SO64886,4988,383,2013-08-24,2013-08-31,2013-09-05,565.0,1,565.0
SO64887,14822,174,2013-08-24,2013-08-31,2013-09-05,1120.0,1,1120.0
SO64887,14822,175,2013-08-24,2013-08-31,2013-09-05,1120.0,1,1120.0
SO64888,9624,164,2013-08-24,2013-08-31,2013-09-05,2443.0,1,2443.0
SO64888,9624,165,2013-08-24,2013-08-31,2013-09-05,2443.0,1,2443.0
SO64889,11252,352,2013-08-24,2013-08-31,2013-09-05,2384.0,1,2384.0
SO64890,15326,364,2013-08-24,2013-08-31,2013-09-05,2384.0,1,2384.0
SO64891,12029,373,2013-08-24,2013-08-31,2013-09-05,540.0,1,540.0
SO64892,9647,172,2013-08-24,2013-08-31,2013-09-05,1120.0,1,1120.0
SO64892,9647,173,2013-08-24,2013-08-31,2013-09-05,1120.0,1,1120.0
SO64893,9794,174,2013-08-24,2013-08-31,2013-09-05,1120.0,1,1120.0
SO64893,9794,175,2013-08-24,2013-08-31,2013-09-05,1120.0,1,1120.0
SO64894,16133,373,2013-08-24,2013-08-31,2013-09-05,540.0,1,540.0
SO64895,2561,395,2013-08-24,2013-08-31,2013-09-05,540.0,1,540.0
SO64896,916,350,2013-08-24,2013-08-31,2013-09-05,2384.0,1,2384.0
SO64897,5207,151,2013-08-25,2013-09-01,2013-09-06,2295.0,1,2295.0
SO64897,5207,152,2013-08-25,2013-09-01,2013-09-06,2295.0,1,2295.0
SO64898,10555,326,2013-08-25,2013-09-01,2013-09-06,35.0,1,35.0
SO64899,4020,318,2013-08-25,2013-09-01,2013-09-06,4.0,1,4.0
SO64900,10377,317,2013-08-25,2013-09-01,2013-09-06,5.0,1,5.0
SO64901,2048,264,2013-08-25,2013-09-01,2013-09-06,70.0,1,70.0
SO64902,3319,24,2013-08-25,2013-09-01,2013-09-06,50.0,1,50.0
SO64902,3319,25,2013-08-25,2013-09-01,2013-09-06,50.0,1,50.0
SO64902,3319,26,2013-08-25,2013-09-01,2013-09-06,50.0,1,50.0
SO64903,8956,268,2013-08-25,2013-09-01,2013-09-06,9.0,1,9.0
SO64904,6960,388,2013-08-25,2013-09-01,2013-09-06,540.0,1,540.0
SO64905,5452,166,2013-08-25,2013-09-01,2013-09-06,2443.0,1,2443.0
SO64905,5452,167,2013-08-25,2013-09-01,2013-09-06,2443.0,1,2443.0
SO64906,6969,383,2013-08-25,2013-09-01,2013-09-06,565.0,1,565.0
SO64907,18271,318,2013-08-25,2013-09-01,2013-09-06,4.0,1,4.0
SO64908,17973,318,2013-08-25,2013-09-01,2013-09-06,4.0,1,4.0
SO64909,14863,317,2013-08-25,2013-09-01,2013-09-06,5.0,1,5.0
SO64910,13443,329,2013-08-25,2013-09-01,2013-09-06,33.0,1,33.0
SO64911,12891,325,2013-08-25,2013-09-01,2013-09-06,30.0,1,30.0
SO64912,3907,267,2013-08-25,2013-09-01,2013-09-06,10.0,1,10.0
SO64913,10237,266,2013-08-25,2013-09-01,2013-09-06,5.0,1,5.0
SO64914,8872,265,2013-08-25,2013-09-01,2013-09-06,70.0,1,70.0
SO64915,9391,267,2013-08-25,2013-09-01,2013-09-06,10.0,1,10.0
SO64916,8664,263,2013-08-25,2013-09-01,2013-09-06,70.0,1,70.0
SO64917,6396,266,2013-08-25,2013-09-01,2013-09-06,5.0,1,5.0
SO64918,5986,12,2013-08-25,2013-09-01,2013-09-06,9.0,1,9.0
SO64918,5986,13,2013-08-25,2013-09-01,2013-09-06,9.0,1,9.0
SO64918,5986,14,2013-08-25,2013-09-01,2013-09-06,9.0,1,9.0
SO64919,9442,317,2013-08-25,2013-09-01,2013-09-06,5.0,1,5.0
SO64920,15075,317,2013-08-25,2013-09-01,2013-09-06,5.0,1,5.0
SO64921,5387,317,2013-08-25,2013-09-01,2013-09-06,5.0,1,5.0
SO64922,2826,326,2013-08-25,2013-09-01,2013-09-06,35.0,1,35.0
SO64923,6836,324,2013-08-25,2013-09-01,2013-09-06,25.0,1,25.0
SO64924,8373,251,2013-08-25,2013-09-01,2013-09-06,24.0,1,24.0
SO64924,8373,252,2013-08-25,2013-09-01,2013-09-06,24.0,1,24.0
SO64925,8356,328,2013-08-25,2013-09-01,2013-09-06,25.0,1,25.0
SO64926,5565,319,2013-08-25,2013-09-01,2013-09-06,5.0,1,5.0
SO64927,2733,326,2013-08-25,2013-09-01,2013-09-06,35.0,1,35.0
SO64928,1425,326,2013-08-25,2013-09-01,2013-09-06,35.0,1,35.0
SO64929,4501,149,2013-08-25,2013-09-01,2013-09-06,2295.0,1,2295.0
SO64929,4501,150,2013-08-25,2013-09-01,2013-09-06,2295.0,1,2295.0
SO64930,1447,141,2013-08-25,2013-09-01,2013-09-06,2320.0,1,2320.0
SO64930,1447,142,2013-08-25,2013-09-01,2013-09-06,2320.0,1,2320.0
SO64931,4196,147,2013-08-25,2013-09-01,2013-09-06,2295.0,1,2295.0
SO64931,4196,148,2013-08-25,2013-09-01,2013-09-06,2295.0,1,2295.0
SO64932,17502,358,2013-08-25,2013-09-01,2013-09-06,742.0,1,742.0
SO64933,16124,356,2013-08-25,2013-09-01,2013-09-06,742.0,1,742.0
SO64934,12646,369,2013-08-25,2013-09-01,2013-09-06,1701.0,1,1701.0
SO64935,4041,370,2013-08-25,2013-09-01,2013-09-06,1701.0,1,1701.0
SO64936,4036,371,2013-08-25,2013-09-01,2013-09-06,1701.0,1,1701.0
SO64937,14223,178,2013-08-25,2013-09-01,2013-09-06,1120.0,1,1120.0
SO64937,14223,179,2013-08-25,2013-09-01,2013-09-06,1120.0,1,1120.0
SO64938,14236,178,2013-08-25,2013-09-01,2013-09-06,1120.0,1,1120.0
SO64938,14236,179,2013-08-25,2013-09-01,2013-09-06,1120.0,1,1120.0
SO64939,2961,145,2013-08-25,2013-09-01,2013-09-06,2320.0,1,2320.0
SO64939,2961,146,2013-08-25,2013-09-01,2013-09-06,2320.0,1,2320.0
SO64940,15625,356,2013-08-25,2013-09-01,2013-09-06,742.0,1,742.0
SO64941,7651,394,2013-08-25,2013-09-01,2013-09-06,540.0,1,540.0
SO64942,11893,393,2013-08-25,2013-09-01,2013-09-06,540.0,1,540.0
SO64943,11994,393,2013-08-25,2013-09-01,2013-09-06,540.0,1,540.0
SO64944,10140,370,2013-08-25,2013-09-01,2013-09-06,1701.0,1,1701.0
SO64945,2686,373,2013-08-25,2013-09-01,2013-09-06,540.0,1,540.0
SO64946,4696,351,2013-08-25,2013-09-01,2013-09-06,2384.0,1,2384.0
SO64947,977,353,2013-08-25,2013-09-01,2013-09-06,2384.0,1,2384.0
SO64948,823,15,2013-08-26,2013-09-02,2013-09-07,50.0,1,50.0
SO64948,823,16,2013-08-26,2013-09-02,2013-09-07,50.0,1,50.0
SO64948,823,17,2013-08-26,2013-09-02,2013-09-07,50.0,1,50.0
SO64949,212,4,2013-08-26,2013-09-02,2013-09-07,35.0,1,35.0
SO64949,212,5,2013-08-26,2013-09-02,2013-09-07,35.0,1,35.0
SO64949,212,6,2013-08-26,2013-09-02,2013-09-07,35.0,1,35.0
SO64950,331,1,2013-08-26,2013-09-02,2013-09-07,35.0,1,35.0
SO64950,331,2,2013-08-26,2013-09-02,2013-09-07,35.0,1,35.0
SO64950,331,3,2013-08-26,2013-09-02,2013-09-07,35.0,1,35.0
SO64951,2181,272,2013-08-26,2013-09-02,2013-09-07,120.0,1,120.0
SO64952,4582,318,2013-08-26,2013-09-02,2013-09-07,4.0,1,4.0
SO64953,3314,328,2013-08-26,2013-09-02,2013-09-07,25.0,1,25.0
SO64954,10197,317,2013-08-26,2013-09-02,2013-09-07,5.0,1,5.0
SO64955,8625,327,2013-08-26,2013-09-02,2013-09-07,21.0,1,21.0
SO64956,17719,266,2013-08-26,2013-09-02,2013-09-07,5.0,1,5.0
SO64957,11912,266,2013-08-26,2013-09-02,2013-09-07,5.0,1,5.0
SO64958,11956,12,2013-08-26,2013-09-02,2013-09-07,9.0,1,9.0
SO64958,11956,13,2013-08-26,2013-09-02,2013-09-07,9.0,1,9.0
SO64958,11956,14,2013-08-26,2013-09-02,2013-09-07,9.0,1,9.0
SO64959,14018,267,2013-08-26,2013-09-02,2013-09-07,10.0,1,10.0
SO64960,5615,329,2013-08-26,2013-09-02,2013-09-07,33.0,1,33.0
SO64961,6068,15,2013-08-26,2013-09-02,2013-09-07,50.0,1,50.0
SO64961,6068,16,2013-08-26,2013-09-02,2013-09-07,50.0,1,50.0
SO64961,6068,17,2013-08-26,2013-09-02,2013-09-07,50.0,1,50.0
SO64962,7222,12,2013-08-26,2013-09-02,2013-09-07,9.0,1,9.0
SO64962,7222,13,2013-08-26,2013-09-02,2013-09-07,9.0,1,9.0
SO64962,7222,14,2013-08-26,2013-09-02,2013-09-07,9.0,1,9.0
SO64963,6221,147,2013-08-26,2013-09-02,2013-09-07,2295.0,1,2295.0
SO64963,6221,148,2013-08-26,2013-09-02,2013-09-07,2295.0,1,2295.0
SO64964,690,277,2013-08-26,2013-09-02,2013-09-07,54.0,1,54.0
SO64965,18273,318,2013-08-26,2013-09-02,2013-09-07,4.0,1,4.0
SO64966,18274,318,2013-08-26,2013-09-02,2013-09-07,4.0,1,4.0
SO64967,17281,319,2013-08-26,2013-09-02,2013-09-07,5.0,1,5.0
SO64968,15780,318,2013-08-26,2013-09-02,2013-09-07,4.0,1,4.0
SO64969,15460,317,2013-08-26,2013-09-02,2013-09-07,5.0,1,5.0
SO64970,15449,327,2013-08-26,2013-09-02,2013-09-07,21.0,1,21.0
SO64971,15520,324,2013-08-26,2013-09-02,2013-09-07,25.0,1,25.0
SO64972,834,329,2013-08-26,2013-09-02,2013-09-07,33.0,1,33.0
SO64973,1929,317,2013-08-26,2013-09-02,2013-09-07,5.0,1,5.0
SO64974,10719,266,2013-08-26,2013-09-02,2013-09-07,5.0,1,5.0
SO64975,4875,317,2013-08-26,2013-09-02,2013-09-07,5.0,1,5.0
SO64976,10579,267,2013-08-26,2013-09-02,2013-09-07,10.0,1,10.0
SO64977,8807,264,2013-08-26,2013-09-02,2013-09-07,70.0,1,70.0
SO64978,4944,265,2013-08-26,2013-09-02,2013-09-07,70.0,1,70.0
SO64979,11883,317,2013-08-26,2013-09-02,2013-09-07,5.0,1,5.0
SO64980,4416,317,2013-08-26,2013-09-02,2013-09-07,5.0,1,5.0
SO64981,12554,317,2013-08-26,2013-09-02,2013-09-07,5.0,1,5.0
SO64982,6659,317,2013-08-26,2013-09-02,2013-09-07,5.0,1,5.0
SO64983,11142,317,2013-08-26,2013-09-02,2013-09-07,5.0,1,5.0
SO64984,3477,317,2013-08-26,2013-09-02,2013-09-07,5.0,1,5.0
SO64985,3005,274,2013-08-26,2013-09-02,2013-09-07,22.0,1,22.0
SO64986,5358,317,2013-08-26,2013-09-02,2013-09-07,5.0,1,5.0
SO64987,3818,328,2013-08-26,2013-09-02,2013-09-07,25.0,1,25.0
SO64988,6884,325,2013-08-26,2013-09-02,2013-09-07,30.0,1,30.0
SO64989,12986,266,2013-08-26,2013-09-02,2013-09-07,5.0,1,5.0
SO64990,7030,328,2013-08-26,2013-09-02,2013-09-07,25.0,1,25.0
SO64991,16936,318,2013-08-26,2013-09-02,2013-09-07,4.0,1,4.0
SO64992,8484,330,2013-08-26,2013-09-02,2013-09-07,29.0,1,29.0
SO64993,17739,327,2013-08-26,2013-09-02,2013-09-07,21.0,1,21.0
SO64994,171,326,2013-08-26,2013-09-02,2013-09-07,35.0,1,35.0
SO64995,5244,274,2013-08-26,2013-09-02,2013-09-07,22.0,1,22.0
SO64996,3766,326,2013-08-26,2013-09-02,2013-09-07,35.0,1,35.0
SO64997,1795,274,2013-08-26,2013-09-02,2013-09-07,22.0,1,22.0
SO64998,4518,147,2013-08-26,2013-09-02,2013-09-07,2295.0,1,2295.0
SO64998,4518,148,2013-08-26,2013-09-02,2013-09-07,2295.0,1,2295.0
SO64999,4485,141,2013-08-26,2013-09-02,2013-09-07,2320.0,1,2320.0
SO64999,4485,142,2013-08-26,2013-09-02,2013-09-07,2320.0,1,2320.0
SO65000,5679,147,2013-08-26,2013-09-02,2013-09-07,2295.0,1,2295.0
SO65000,5679,148,2013-08-26,2013-09-02,2013-09-07,2295.0,1,2295.0
SO65001,1775,149,2013-08-26,2013-09-02,2013-09-07,2295.0,1,2295.0
SO65001,1775,150,2013-08-26,2013-09-02,2013-09-07,2295.0,1,2295.0
SO65002,4397,151,2013-08-26,2013-09-02,2013-09-07,2295.0,1,2295.0
SO65002,4397,152,2013-08-26,2013-09-02,2013-09-07,2295.0,1,2295.0
SO65003,4400,143,2013-08-26,2013-09-02,2013-09-07,2320.0,1,2320.0
SO65003,4400,144,2013-08-26,2013-09-02,2013-09-07,2320.0,1,2320.0
SO65004,4063,359,2013-08-26,2013-09-02,2013-09-07,742.0,1,742.0
SO65005,4039,370,2013-08-26,2013-09-02,2013-09-07,1701.0,1,1701.0
SO65006,12650,369,2013-08-26,2013-09-02,2013-09-07,1701.0,1,1701.0
SO65007,14295,176,2013-08-26,2013-09-02,2013-09-07,1120.0,1,1120.0
SO65007,14295,177,2013-08-26,2013-09-02,2013-09-07,1120.0,1,1120.0
SO65008,6737,172,2013-08-26,2013-09-02,2013-09-07,1120.0,1,1120.0
SO65008,6737,173,2013-08-26,2013-09-02,2013-09-07,1120.0,1,1120.0
SO65009,9625,166,2013-08-26,2013-09-02,2013-09-07,2443.0,1,2443.0
SO65009,9625,167,2013-08-26,2013-09-02,2013-09-07,2443.0,1,2443.0
SO65010,3034,149,2013-08-26,2013-09-02,2013-09-07,2295.0,1,2295.0
SO65010,3034,150,2013-08-26,2013-09-02,2013-09-07,2295.0,1,2295.0
SO65011,18237,12,2013-08-26,2013-09-02,2013-09-07,9.0,1,9.0
SO65011,18237,13,2013-08-26,2013-09-02,2013-09-07,9.0,1,9.0
SO65011,18237,14,2013-08-26,2013-09-02,2013-09-07,9.0,1,9.0
SO65012,15117,351,2013-08-26,2013-09-02,2013-09-07,2384.0,1,2384.0
SO65013,15294,353,2013-08-26,2013-09-02,2013-09-07,2384.0,1,2384.0
SO65014,12329,352,2013-08-26,2013-09-02,2013-09-07,2384.0,1,2384.0
SO65015,11269,362,2013-08-26,2013-09-02,2013-09-07,2384.0,1,2384.0
SO65016,11995,373,2013-08-26,2013-09-02,2013-09-07,540.0,1,540.0
SO65017,6149,372,2013-08-26,2013-09-02,2013-09-07,1701.0,1,1701.0
SO65018,15930,393,2013-08-26,2013-09-02,2013-09-07,540.0,1,540.0
SO65019,11594,394,2013-08-26,2013-09-02,2013-09-07,540.0,1,540.0
SO65020,3226,368,2013-08-26,2013-09-02,2013-09-07,1215.0,1,1215.0
SO65021,1500,147,2013-08-27,2013-09-03,2013-09-08,2295.0,1,2295.0
SO65021,1500,148,2013-08-27,2013-09-03,2013-09-08,2295.0,1,2295.0
SO65022,122,324,2013-08-27,2013-09-03,2013-09-08,25.0,1,25.0
SO65023,6297,318,2013-08-27,2013-09-03,2013-09-08,4.0,1,4.0
SO65024,4236,328,2013-08-27,2013-09-03,2013-09-08,25.0,1,25.0
SO65025,8104,274,2013-08-27,2013-09-03,2013-09-08,22.0,1,22.0
SO65026,10185,317,2013-08-27,2013-09-03,2013-09-08,5.0,1,5.0
SO65027,14810,327,2013-08-27,2013-09-03,2013-09-08,21.0,1,21.0
SO65028,3070,15,2013-08-27,2013-09-03,2013-09-08,50.0,1,50.0
SO65028,3070,16,2013-08-27,2013-09-03,2013-09-08,50.0,1,50.0
SO65028,3070,17,2013-08-27,2013-09-03,2013-09-08,50.0,1,50.0
SO65029,7299,269,2013-08-27,2013-09-03,2013-09-08,2.0,1,2.0
SO65030,7705,269,2013-08-27,2013-09-03,2013-09-08,2.0,1,2.0
SO65031,4065,385,2013-08-27,2013-09-03,2013-09-08,540.0,1,540.0
SO65032,5197,141,2013-08-27,2013-09-03,2013-09-08,2320.0,1,2320.0
SO65032,5197,142,2013-08-27,2013-09-03,2013-09-08,2320.0,1,2320.0
SO65033,4628,143,2013-08-27,2013-09-03,2013-09-08,2320.0,1,2320.0
SO65033,4628,144,2013-08-27,2013-09-03,2013-09-08,2320.0,1,2320.0
SO65034,5588,143,2013-08-27,2013-09-03,2013-09-08,2320.0,1,2320.0
SO65034,5588,144,2013-08-27,2013-09-03,2013-09-08,2320.0,1,2320.0
SO65035,745,9,2013-08-27,2013-09-03,2013-09-08,35.0,1,35.0
SO65035,745,10,2013-08-27,2013-09-03,2013-09-08,35.0,1,35.0
SO65035,745,11,2013-08-27,2013-09-03,2013-09-08,35.0,1,35.0
SO65036,628,269,2013-08-27,2013-09-03,2013-09-08,2.0,1,2.0
SO65037,17228,327,2013-08-27,2013-09-03,2013-09-08,21.0,1,21.0
SO65038,201,330,2013-08-27,2013-09-03,2013-09-08,29.0,1,29.0
SO65039,14915,324,2013-08-27,2013-09-03,2013-09-08,25.0,1,25.0
SO65040,14842,324,2013-08-27,2013-09-03,2013-09-08,25.0,1,25.0
SO65041,11084,325,2013-08-27,2013-09-03,2013-09-08,30.0,1,30.0
SO65042,3085,267,2013-08-27,2013-09-03,2013-09-08,10.0,1,10.0
SO65043,17342,265,2013-08-27,2013-09-03,2013-09-08,70.0,1,70.0
SO65044,4387,317,2013-08-27,2013-09-03,2013-09-08,5.0,1,5.0
SO65045,8752,317,2013-08-27,2013-09-03,2013-09-08,5.0,1,5.0
SO65046,2882,274,2013-08-27,2013-09-03,2013-09-08,22.0,1,22.0
SO65047,6220,326,2013-08-27,2013-09-03,2013-09-08,35.0,1,35.0
SO65048,9810,325,2013-08-27,2013-09-03,2013-09-08,30.0,1,30.0
SO65049,8901,328,2013-08-27,2013-09-03,2013-09-08,25.0,1,25.0
SO65050,6932,325,2013-08-27,2013-09-03,2013-09-08,30.0,1,30.0
SO65051,11590,266,2013-08-27,2013-09-03,2013-09-08,5.0,1,5.0
SO65052,11623,266,2013-08-27,2013-09-03,2013-09-08,5.0,1,5.0
SO65053,10840,318,2013-08-27,2013-09-03,2013-09-08,4.0,1,4.0
SO65054,9586,317,2013-08-27,2013-09-03,2013-09-08,5.0,1,5.0
SO65055,3863,325,2013-08-27,2013-09-03,2013-09-08,30.0,1,30.0
SO65056,11500,327,2013-08-27,2013-09-03,2013-09-08,21.0,1,21.0
SO65057,14519,319,2013-08-27,2013-09-03,2013-09-08,5.0,1,5.0
SO65058,1965,326,2013-08-27,2013-09-03,2013-09-08,35.0,1,35.0
SO65059,374,268,2013-08-27,2013-09-03,2013-09-08,9.0,1,9.0
SO65060,3653,376,2013-08-27,2013-09-03,2013-09-08,769.0,1,769.0
SO65061,7944,376,2013-08-27,2013-09-03,2013-09-08,769.0,1,769.0
SO65062,8813,385,2013-08-27,2013-09-03,2013-09-08,540.0,1,540.0
SO65063,4500,141,2013-08-27,2013-09-03,2013-09-08,2320.0,1,2320.0
SO65063,4500,142,2013-08-27,2013-09-03,2013-09-08,2320.0,1,2320.0
SO65064,4194,145,2013-08-27,2013-09-03,2013-09-08,2320.0,1,2320.0
SO65064,4194,146,2013-08-27,2013-09-03,2013-09-08,2320.0,1,2320.0
SO65065,4395,149,2013-08-27,2013-09-03,2013-09-08,2295.0,1,2295.0
SO65065,4395,150,2013-08-27,2013-09-03,2013-09-08,2295.0,1,2295.0
SO65066,3428,363,2013-08-27,2013-09-03,2013-09-08,2384.0,1,2384.0
SO65067,10203,160,2013-08-27,2013-09-03,2013-09-08,2443.0,1,2443.0
SO65067,10203,161,2013-08-27,2013-09-03,2013-09-08,2443.0,1,2443.0
SO65068,10204,164,2013-08-27,2013-09-03,2013-09-08,2443.0,1,2443.0
SO65068,10204,165,2013-08-27,2013-09-03,2013-09-08,2443.0,1,2443.0
SO65069,7269,160,2013-08-27,2013-09-03,2013-09-08,2443.0,1,2443.0
SO65069,7269,161,2013-08-27,2013-09-03,2013-09-08,2443.0,1,2443.0
SO65070,3220,143,2013-08-27,2013-09-03,2013-09-08,2320.0,1,2320.0
SO65070,3220,144,2013-08-27,2013-09-03,2013-09-08,2320.0,1,2320.0
SO65071,2965,141,2013-08-27,2013-09-03,2013-09-08,2320.0,1,2320.0
SO65071,2965,142,2013-08-27,2013-09-03,2013-09-08,2320.0,1,2320.0
SO65072,15084,362,2013-08-27,2013-09-03,2013-09-08,2384.0,1,2384.0
SO65073,13689,363,2013-08-27,2013-09-03,2013-09-08,2384.0,1,2384.0
SO65074,13762,362,2013-08-27,2013-09-03,2013-09-08,2384.0,1,2384.0
SO65075,15321,365,2013-08-27,2013-09-03,2013-09-08,2384.0,1,2384.0
SO65076,12136,393,2013-08-27,2013-09-03,2013-09-08,540.0,1,540.0
SO65077,9686,172,2013-08-27,2013-09-03,2013-09-08,1120.0,1,1120.0
SO65077,9686,173,2013-08-27,2013-09-03,2013-09-08,1120.0,1,1120.0
SO65078,9694,176,2013-08-27,2013-09-03,2013-09-08,1120.0,1,1120.0
SO65078,9694,177,2013-08-27,2013-09-03,2013-09-08,1120.0,1,1120.0
SO65079,9702,170,2013-08-27,2013-09-03,2013-09-08,1120.0,1,1120.0
SO65079,9702,171,2013-08-27,2013-09-03,2013-09-08,1120.0,1,1120.0
SO65080,6667,371,2013-08-27,2013-09-03,2013-09-08,1701.0,1,1701.0
SO65081,9847,176,2013-08-27,2013-09-03,2013-09-08,1120.0,1,1120.0
SO65081,9847,177,2013-08-27,2013-09-03,2013-09-08,1120.0,1,1120.0
SO65082,16929,172,2013-08-27,2013-09-03,2013-09-08,1120.0,1,1120.0
SO65082,16929,173,2013-08-27,2013-09-03,2013-09-08,1120.0,1,1120.0
SO65083,13105,174,2013-08-27,2013-09-03,2013-09-08,1120.0,1,1120.0
SO65083,13105,175,2013-08-27,2013-09-03,2013-09-08,1120.0,1,1120.0
SO65084,12962,395,2013-08-27,2013-09-03,2013-09-08,540.0,1,540.0
SO65085,11604,394,2013-08-27,2013-09-03,2013-09-08,540.0,1,540.0
SO65086,16782,394,2013-08-27,2013-09-03,2013-09-08,540.0,1,540.0
SO65087,987,365,2013-08-27,2013-09-03,2013-09-08,2384.0,1,2384.0
SO65088,18091,356,2013-08-27,2013-09-03,2013-09-08,742.0,1,742.0
SO65091,3222,324,2013-08-28,2013-09-04,2013-09-09,25.0,1,25.0
SO65092,15035,327,2013-08-28,2013-09-04,2013-09-09,21.0,1,21.0
SO65093,12088,319,2013-08-28,2013-09-04,2013-09-09,5.0,1,5.0
SO65094,7713,269,2013-08-28,2013-09-04,2013-09-09,2.0,1,2.0
SO65095,13209,370,2013-08-28,2013-09-04,2013-09-09,1701.0,1,1701.0
SO65096,2552,147,2013-08-28,2013-09-04,2013-09-09,2295.0,1,2295.0
SO65096,2552,148,2013-08-28,2013-09-04,2013-09-09,2295.0,1,2295.0
SO65097,2692,145,2013-08-28,2013-09-04,2013-09-09,2320.0,1,2320.0
SO65097,2692,146,2013-08-28,2013-09-04,2013-09-09,2320.0,1,2320.0
SO65098,2688,147,2013-08-28,2013-09-04,2013-09-09,2295.0,1,2295.0
SO65098,2688,148,2013-08-28,2013-09-04,2013-09-09,2295.0,1,2295.0
SO65099,839,4,2013-08-28,2013-09-04,2013-09-09,35.0,1,35.0
SO65099,839,5,2013-08-28,2013-09-04,2013-09-09,35.0,1,35.0
SO65099,839,6,2013-08-28,2013-09-04,2013-09-09,35.0,1,35.0
SO65100,649,280,2013-08-28,2013-09-04,2013-09-09,54.0,1,54.0
SO65101,191,318,2013-08-28,2013-09-04,2013-09-09,4.0,1,4.0
SO65102,506,318,2013-08-28,2013-09-04,2013-09-09,4.0,1,4.0
SO65103,633,318,2013-08-28,2013-09-04,2013-09-09,4.0,1,4.0
SO65104,284,269,2013-08-28,2013-09-04,2013-09-09,2.0,1,2.0
SO65105,16506,318,2013-08-28,2013-09-04,2013-09-09,4.0,1,4.0
SO65106,15472,324,2013-08-28,2013-09-04,2013-09-09,25.0,1,25.0
SO65107,14934,251,2013-08-28,2013-09-04,2013-09-09,24.0,1,24.0
SO65107,14934,252,2013-08-28,2013-09-04,2013-09-09,24.0,1,24.0
SO65108,13512,329,2013-08-28,2013-09-04,2013-09-09,33.0,1,33.0
SO65109,770,325,2013-08-28,2013-09-04,2013-09-09,30.0,1,30.0
SO65110,12026,325,2013-08-28,2013-09-04,2013-09-09,30.0,1,30.0
SO65111,9644,266,2013-08-28,2013-09-04,2013-09-09,5.0,1,5.0
SO65112,8021,265,2013-08-28,2013-09-04,2013-09-09,70.0,1,70.0
SO65113,5857,12,2013-08-28,2013-09-04,2013-09-09,9.0,1,9.0
SO65113,5857,13,2013-08-28,2013-09-04,2013-09-09,9.0,1,9.0
SO65113,5857,14,2013-08-28,2013-09-04,2013-09-09,9.0,1,9.0
SO65114,5065,317,2013-08-28,2013-09-04,2013-09-09,5.0,1,5.0
SO65115,2836,274,2013-08-28,2013-09-04,2013-09-09,22.0,1,22.0
SO65116,4609,317,2013-08-28,2013-09-04,2013-09-09,5.0,1,5.0
SO65117,9594,318,2013-08-28,2013-09-04,2013-09-09,4.0,1,4.0
SO65118,7637,318,2013-08-28,2013-09-04,2013-09-09,4.0,1,4.0
SO65119,16338,318,2013-08-28,2013-09-04,2013-09-09,4.0,1,4.0
SO65120,15409,318,2013-08-28,2013-09-04,2013-09-09,4.0,1,4.0
SO65121,11816,318,2013-08-28,2013-09-04,2013-09-09,4.0,1,4.0
SO65122,15872,330,2013-08-28,2013-09-04,2013-09-09,29.0,1,29.0
SO65123,12237,319,2013-08-28,2013-09-04,2013-09-09,5.0,1,5.0
SO65124,183,317,2013-08-28,2013-09-04,2013-09-09,5.0,1,5.0
SO65125,525,317,2013-08-28,2013-09-04,2013-09-09,5.0,1,5.0
SO65126,1529,274,2013-08-28,2013-09-04,2013-09-09,22.0,1,22.0
SO65127,1139,317,2013-08-28,2013-09-04,2013-09-09,5.0,1,5.0
SO65128,2583,12,2013-08-28,2013-09-04,2013-09-09,9.0,1,9.0
SO65128,2583,13,2013-08-28,2013-09-04,2013-09-09,9.0,1,9.0
SO65128,2583,14,2013-08-28,2013-09-04,2013-09-09,9.0,1,9.0
SO65129,1466,21,2013-08-28,2013-09-04,2013-09-09,50.0,1,50.0
SO65129,1466,22,2013-08-28,2013-09-04,2013-09-09,50.0,1,50.0
SO65129,1466,23,2013-08-28,2013-09-04,2013-09-09,50.0,1,50.0
SO65130,545,1,2013-08-28,2013-09-04,2013-09-09,35.0,1,35.0
SO65130,545,2,2013-08-28,2013-09-04,2013-09-09,35.0,1,35.0
SO65130,545,3,2013-08-28,2013-09-04,2013-09-09,35.0,1,35.0
SO65131,8781,384,2013-08-28,2013-09-04,2013-09-09,565.0,1,565.0
SO65132,4304,147,2013-08-28,2013-09-04,2013-09-09,2295.0,1,2295.0
SO65132,4304,148,2013-08-28,2013-09-04,2013-09-09,2295.0,1,2295.0
SO65133,5012,141,2013-08-28,2013-09-04,2013-09-09,2320.0,1,2320.0
SO65133,5012,142,2013-08-28,2013-09-04,2013-09-09,2320.0,1,2320.0
SO65134,17514,355,2013-08-28,2013-09-04,2013-09-09,742.0,1,742.0
SO65135,352,350,2013-08-28,2013-09-04,2013-09-09,2384.0,1,2384.0
SO65136,17698,350,2013-08-28,2013-09-04,2013-09-09,2384.0,1,2384.0
SO65137,14601,349,2013-08-28,2013-09-04,2013-09-09,1215.0,1,1215.0
SO65138,9430,372,2013-08-28,2013-09-04,2013-09-09,1701.0,1,1701.0
SO65139,9285,370,2013-08-28,2013-09-04,2013-09-09,1701.0,1,1701.0
SO65140,14251,172,2013-08-28,2013-09-04,2013-09-09,1120.0,1,1120.0
SO65140,14251,173,2013-08-28,2013-09-04,2013-09-09,1120.0,1,1120.0
SO65141,14272,176,2013-08-28,2013-09-04,2013-09-09,1120.0,1,1120.0
SO65141,14272,177,2013-08-28,2013-09-04,2013-09-09,1120.0,1,1120.0
SO65142,10168,166,2013-08-28,2013-09-04,2013-09-09,2443.0,1,2443.0
SO65142,10168,167,2013-08-28,2013-09-04,2013-09-09,2443.0,1,2443.0
SO65143,999,147,2013-08-28,2013-09-04,2013-09-09,2295.0,1,2295.0
SO65143,999,148,2013-08-28,2013-09-04,2013-09-09,2295.0,1,2295.0
SO65144,3211,143,2013-08-28,2013-09-04,2013-09-09,2320.0,1,2320.0
SO65144,3211,144,2013-08-28,2013-09-04,2013-09-09,2320.0,1,2320.0
SO65145,15512,12,2013-08-28,2013-09-04,2013-09-09,9.0,1,9.0
SO65145,15512,13,2013-08-28,2013-09-04,2013-09-09,9.0,1,9.0
SO65145,15512,14,2013-08-28,2013-09-04,2013-09-09,9.0,1,9.0
SO65146,15339,365,2013-08-28,2013-09-04,2013-09-09,2384.0,1,2384.0
SO65147,15327,362,2013-08-28,2013-09-04,2013-09-09,2384.0,1,2384.0
SO65148,9707,369,2013-08-28,2013-09-04,2013-09-09,1701.0,1,1701.0
SO65149,7135,363,2013-08-28,2013-09-04,2013-09-09,2384.0,1,2384.0
SO65150,361,378,2013-08-28,2013-09-04,2013-09-09,769.0,1,769.0
SO65324,14659,371,2013-08-29,2013-09-05,2013-09-10,1701.0,1,1701.0
SO65325,13710,371,2013-08-29,2013-09-05,2013-09-10,1701.0,1,1701.0
SO65326,11453,369,2013-08-29,2013-09-05,2013-09-10,1701.0,1,1701.0
SO65327,11428,369,2013-08-29,2013-09-05,2013-09-10,1701.0,1,1701.0
SO65328,11503,371,2013-08-29,2013-09-05,2013-09-10,1701.0,1,1701.0
SO65329,6226,141,2013-08-29,2013-09-05,2013-09-10,2320.0,1,2320.0
SO65329,6226,142,2013-08-29,2013-09-05,2013-09-10,2320.0,1,2320.0
SO65330,1549,149,2013-08-29,2013-09-05,2013-09-10,2295.0,1,2295.0
SO65330,1549,150,2013-08-29,2013-09-05,2013-09-10,2295.0,1,2295.0
SO65331,12564,274,2013-08-29,2013-09-05,2013-09-10,22.0,1,22.0
SO65332,13474,12,2013-08-29,2013-09-05,2013-09-10,9.0,1,9.0
SO65332,13474,13,2013-08-29,2013-09-05,2013-09-10,9.0,1,9.0
SO65332,13474,14,2013-08-29,2013-09-05,2013-09-10,9.0,1,9.0
SO65333,11003,12,2013-08-29,2013-09-05,2013-09-10,9.0,1,9.0
SO65333,11003,13,2013-08-29,2013-09-05,2013-09-10,9.0,1,9.0
SO65333,11003,14,2013-08-29,2013-09-05,2013-09-10,9.0,1,9.0
SO65334,18321,267,2013-08-29,2013-09-05,2013-09-10,10.0,1,10.0
SO65335,2629,272,2013-08-29,2013-09-05,2013-09-10,120.0,1,120.0
SO65336,5675,329,2013-08-29,2013-09-05,2013-09-10,33.0,1,33.0
SO65337,7161,147,,2013-09-05,2013-09-10,2295.0,1,2295.0
SO65337,7161,148,,2013-09-05,2013-09-10,2295.0,1,2295.0
SO65338,11648,162,2013-08-29,2013-09-05,2013-09-10,2443.0,1,2443.0
SO65338,11648,163,2013-08-29,2013-09-05,2013-09-10,2443.0,1,2443.0
SO65339,11505,370,2013-08-29,2013-09-05,2013-09-10,1701.0,1,1701.0
SO65340,16040,319,,2013-09-05,2013-09-10,5.0,1,5.0
SO65341,5214,329,2013-08-29,2013-09-05,2013-09-10,33.0,1,33.0
SO65342,2708,330,2013-08-29,2013-09-05,2013-09-10,29.0,1,29.0
SO65343,16458,319,2013-08-29,2013-09-05,2013-09-10,5.0,1,5.0
SO65344,4403,329,2013-08-29,2013-09-05,2013-09-10,33.0,1,33.0
SO65345,15245,324,2013-08-29,2013-09-05,2013-09-10,25.0,1,25.0
SO65346,13417,329,2013-08-29,2013-09-05,2013-09-10,33.0,1,33.0
SO65347,13643,329,2013-08-29,2013-09-05,2013-09-10,33.0,1,33.0
SO65348,4009,267,2013-08-29,2013-09-05,2013-09-10,10.0,1,10.0
SO65349,10787,267,2013-08-29,2013-09-05,2013-09-10,10.0,1,10.0
SO65350,7403,266,2013-08-29,2013-09-05,2013-09-10,5.0,1,5.0
SO65351,2492,266,2013-08-29,2013-09-05,2013-09-10,5.0,1,5.0
SO65352,7088,12,2013-08-29,2013-09-05,2013-09-10,9.0,1,9.0
SO65352,7088,13,2013-08-29,2013-09-05,2013-09-10,9.0,1,9.0
SO65352,7088,14,2013-08-29,2013-09-05,2013-09-10,9.0,1,9.0
SO65353,8657,12,2013-08-29,2013-09-05,2013-09-10,9.0,1,9.0
SO65353,8657,13,2013-08-29,2013-09-05,2013-09-10,9.0,1,9.0
SO65353,8657,14,2013-08-29,2013-09-05,2013-09-10,9.0,1,9.0
SO65354,5218,317,2013-08-29,2013-09-05,2013-09-10,5.0,1,5.0
SO65355,11027,317,2013-08-29,2013-09-05,2013-09-10,5.0,1,5.0
SO65356,8758,317,2013-08-29,2013-09-05,2013-09-10,5.0,1,5.0
SO65357,2741,274,2013-08-29,2013-09-05,2013-09-10,22.0,1,22.0
SO65358,7757,261,2013-08-29,2013-09-05,2013-09-10,64.0,1,64.0
SO65359,1745,274,2013-08-29,2013-09-05,2013-09-10,22.0,1,22.0
SO65360,8250,328,2013-08-29,2013-09-05,2013-09-10,25.0,1,25.0
SO65361,5440,328,2013-08-29,2013-09-05,2013-09-10,25.0,1,25.0
SO65362,14756,318,2013-08-29,2013-09-05,2013-09-10,4.0,1,4.0
SO65363,1602,330,2013-08-29,2013-09-05,2013-09-10,29.0,1,29.0
SO65364,1594,330,2013-08-29,2013-09-05,2013-09-10,29.0,1,29.0
SO65365,8490,318,2013-08-29,2013-09-05,2013-09-10,4.0,1,4.0
SO65366,17888,319,2013-08-29,2013-09-05,2013-09-10,5.0,1,5.0
SO65367,567,319,2013-08-29,2013-09-05,2013-09-10,5.0,1,5.0
SO65368,14689,330,2013-08-29,2013-09-05,2013-09-10,29.0,1,29.0
SO65369,4879,274,2013-08-29,2013-09-05,2013-09-10,22.0,1,22.0
SO65370,4900,145,2013-08-29,2013-09-05,2013-09-10,2320.0,1,2320.0
SO65370,4900,146,2013-08-29,2013-09-05,2013-09-10,2320.0,1,2320.0
SO65371,6404,143,2013-08-29,2013-09-05,2013-09-10,2320.0,1,2320.0
SO65371,6404,144,2013-08-29,2013-09-05,2013-09-10,2320.0,1,2320.0
SO65372,4738,149,2013-08-29,2013-09-05,2013-09-10,2295.0,1,2295.0
SO65372,4738,150,2013-08-29,2013-09-05,2013-09-10,2295.0,1,2295.0
SO65373,5008,147,2013-08-29,2013-09-05,2013-09-10,2295.0,1,2295.0
SO65373,5008,148,2013-08-29,2013-09-05,2013-09-10,2295.0,1,2295.0
SO65374,4950,145,2013-08-29,2013-09-05,2013-09-10,2320.0,1,2320.0
SO65374,4950,146,2013-08-29,2013-09-05,2013-09-10,2320.0,1,2320.0
SO65375,4045,372,2013-08-29,2013-09-05,2013-09-10,1701.0,1,1701.0
SO65376,10196,371,2013-08-29,2013-09-05,2013-09-10,1701.0,1,1701.0
SO65377,10229,369,2013-08-29,2013-09-05,2013-09-10,1701.0,1,1701.0
SO65378,15163,170,2013-08-29,2013-09-05,2013-09-10,1120.0,1,1120.0
SO65378,15163,171,2013-08-29,2013-09-05,2013-09-10,1120.0,1,1120.0
SO65379,15168,174,2013-08-29,2013-09-05,2013-09-10,1120.0,1,1120.0
SO65379,15168,175,2013-08-29,2013-09-05,2013-09-10,1120.0,1,1120.0
SO65380,10562,162,2013-08-29,2013-09-05,2013-09-10,2443.0,1,2443.0
SO65380,10562,163,2013-08-29,2013-09-05,2013-09-10,2443.0,1,2443.0
SO65381,3263,141,2013-08-29,2013-09-05,2013-09-10,2320.0,1,2320.0
SO65381,3263,142,2013-08-29,2013-09-05,2013-09-10,2320.0,1,2320.0
SO65382,3277,145,2013-08-29,2013-09-05,2013-09-10,2320.0,1,2320.0
SO65382,3277,146,2013-08-29,2013-09-05,2013-09-10,2320.0,1,2320.0
SO65383,3288,149,2013-08-29,2013-09-05,2013-09-10,2295.0,1,2295.0
SO65383,3288,150,2013-08-29,2013-09-05,2013-09-10,2295.0,1,2295.0
SO65384,15611,365,2013-08-29,2013-09-05,2013-09-10,2384.0,1,2384.0
SO65385,15643,352,2013-08-29,2013-09-05,2013-09-10,2384.0,1,2384.0
SO65386,12383,395,2013-08-29,2013-09-05,2013-09-10,540.0,1,540.0
SO65387,12400,395,2013-08-29,2013-09-05,2013-09-10,540.0,1,540.0
SO65388,12393,373,2013-08-29,2013-09-05,2013-09-10,540.0,1,540.0
SO65389,13190,170,2013-08-29,2013-09-05,2013-09-10,1120.0,1,1120.0
SO65389,13190,171,2013-08-29,2013-09-05,2013-09-10,1120.0,1,1120.0
SO65390,13203,176,2013-08-29,2013-09-05,2013-09-10,1120.0,1,1120.0
SO65390,13203,177,2013-08-29,2013-09-05,2013-09-10,1120.0,1,1120.0
SO65391,13026,395,2013-08-29,2013-09-05,2013-09-10,540.0,1,540.0
SO65392,15039,365,2013-08-29,2013-09-05,2013-09-10,2384.0,1,2384.0
SO65393,17705,363,2013-08-29,2013-09-05,2013-09-10,2384.0,1,2384.0
SO65394,1354,365,2013-08-29,2013-09-05,2013-09-10,2384.0,1,2384.0
SO65395,1672,362,2013-08-29,2013-09-05,2013-09-10,2384.0,1,2384.0
SO65396,364,377,2013-08-30,2013-09-06,2013-09-11,769.0,1,769.0
SO65397,15399,371,2013-08-30,2013-09-06,2013-09-11,1701.0,1,1701.0
SO65398,2158,324,2013-08-30,2013-09-06,2013-09-11,25.0,1,25.0
SO65399,4154,328,2013-08-30,2013-09-06,2013-09-11,25.0,1,25.0
SO65400,7262,274,2013-08-30,2013-09-06,2013-09-11,22.0,1,22.0
SO65401,15426,263,2013-08-30,2013-09-06,2013-09-11,70.0,1,70.0
SO65402,4026,319,2013-08-30,2013-09-06,2013-09-11,5.0,1,5.0
SO65403,3675,15,2013-08-30,2013-09-06,2013-09-11,50.0,1,50.0
SO65403,3675,16,2013-08-30,2013-09-06,2013-09-11,50.0,1,50.0
SO65403,3675,17,2013-08-30,2013-09-06,2013-09-11,50.0,1,50.0
SO65404,7148,149,2013-08-30,2013-09-06,2013-09-11,2295.0,1,2295.0
SO65404,7148,150,2013-08-30,2013-09-06,2013-09-11,2295.0,1,2295.0
SO65405,11434,369,2013-08-30,2013-09-06,2013-09-11,1701.0,1,1701.0
SO65406,1983,12,2013-08-30,2013-09-06,2013-09-11,9.0,1,9.0
SO65406,1983,13,2013-08-30,2013-09-06,2013-09-11,9.0,1,9.0
SO65406,1983,14,2013-08-30,2013-09-06,2013-09-11,9.0,1,9.0
SO65407,18219,318,2013-08-30,2013-09-06,2013-09-11,4.0,1,4.0
SO65408,224,328,2013-08-30,2013-09-06,2013-09-11,25.0,1,25.0
SO65409,3333,328,2013-08-30,2013-09-06,2013-09-11,25.0,1,25.0
SO65410,2319,330,2013-08-30,2013-09-06,2013-09-11,29.0,1,29.0
SO65411,12031,325,2013-08-30,2013-09-06,2013-09-11,30.0,1,30.0
SO65412,12150,325,2013-08-30,2013-09-06,2013-09-11,30.0,1,30.0
SO65413,8701,265,2013-08-30,2013-09-06,2013-09-11,70.0,1,70.0
SO65414,9755,12,2013-08-30,2013-09-06,2013-09-11,9.0,1,9.0
SO65414,9755,13,2013-08-30,2013-09-06,2013-09-11,9.0,1,9.0
SO65414,9755,14,2013-08-30,2013-09-06,2013-09-11,9.0,1,9.0
SO65415,7990,264,2013-08-30,2013-09-06,2013-09-11,70.0,1,70.0
SO65416,6608,266,2013-08-30,2013-09-06,2013-09-11,5.0,1,5.0
SO65417,4948,317,2013-08-30,2013-09-06,2013-09-11,5.0,1,5.0
SO65418,3908,317,2013-08-30,2013-09-06,2013-09-11,5.0,1,5.0
SO65419,4746,317,2013-08-30,2013-09-06,2013-09-11,5.0,1,5.0
SO65420,4967,317,2013-08-30,2013-09-06,2013-09-11,5.0,1,5.0
SO65421,3251,274,2013-08-30,2013-09-06,2013-09-11,22.0,1,22.0
SO65422,10548,328,2013-08-30,2013-09-06,2013-09-11,25.0,1,25.0
SO65423,2301,274,2013-08-30,2013-09-06,2013-09-11,22.0,1,22.0
SO65424,2817,329,2013-08-30,2013-09-06,2013-09-11,33.0,1,33.0
SO65425,12917,318,2013-08-30,2013-09-06,2013-09-11,4.0,1,4.0
SO65426,10044,266,2013-08-30,2013-09-06,2013-09-11,5.0,1,5.0
SO65427,9811,318,2013-08-30,2013-09-06,2013-09-11,4.0,1,4.0
SO65428,13152,266,2013-08-30,2013-09-06,2013-09-11,5.0,1,5.0
SO65429,9965,318,2013-08-30,2013-09-06,2013-09-11,4.0,1,4.0
SO65430,2192,274,2013-08-30,2013-09-06,2013-09-11,22.0,1,22.0
SO65431,4740,143,2013-08-30,2013-09-06,2013-09-11,2320.0,1,2320.0
SO65431,4740,144,2013-08-30,2013-09-06,2013-09-11,2320.0,1,2320.0
SO65432,4984,151,2013-08-30,2013-09-06,2013-09-11,2295.0,1,2295.0
SO65432,4984,152,2013-08-30,2013-09-06,2013-09-11,2295.0,1,2295.0
SO65433,4945,149,2013-08-30,2013-09-06,2013-09-11,2295.0,1,2295.0
SO65433,4945,150,2013-08-30,2013-09-06,2013-09-11,2295.0,1,2295.0
SO65434,16160,358,2013-08-30,2013-09-06,2013-09-11,742.0,1,742.0
SO65435,14620,368,2013-08-30,2013-09-06,2013-09-11,1215.0,1,1215.0
SO65436,14830,174,2013-08-30,2013-09-06,2013-09-11,1120.0,1,1120.0
SO65436,14830,175,2013-08-30,2013-09-06,2013-09-11,1120.0,1,1120.0
SO65437,6912,170,2013-08-30,2013-09-06,2013-09-11,1120.0,1,1120.0
SO65437,6912,171,2013-08-30,2013-09-06,2013-09-11,1120.0,1,1120.0
SO65438,18183,393,2013-08-30,2013-09-06,2013-09-11,540.0,1,540.0
SO65439,13242,395,2013-08-30,2013-09-06,2013-09-11,540.0,1,540.0
SO65440,13170,373,2013-08-30,2013-09-06,2013-09-11,540.0,1,540.0
SO65441,13178,373,2013-08-30,2013-09-06,2013-09-11,540.0,1,540.0
SO65442,3323,145,2013-08-30,2013-09-06,2013-09-11,2320.0,1,2320.0
SO65442,3323,146,2013-08-30,2013-09-06,2013-09-11,2320.0,1,2320.0
SO65443,7277,164,2013-08-30,2013-09-06,2013-09-11,2443.0,1,2443.0
SO65443,7277,165,2013-08-30,2013-09-06,2013-09-11,2443.0,1,2443.0
SO65444,3262,145,2013-08-30,2013-09-06,2013-09-11,2320.0,1,2320.0
SO65444,3262,146,2013-08-30,2013-09-06,2013-09-11,2320.0,1,2320.0
SO65445,15535,362,2013-08-30,2013-09-06,2013-09-11,2384.0,1,2384.0
SO65446,15728,350,2013-08-30,2013-09-06,2013-09-11,2384.0,1,2384.0
SO65447,10344,172,2013-08-30,2013-09-06,2013-09-11,1120.0,1,1120.0
SO65447,10344,173,2013-08-30,2013-09-06,2013-09-11,1120.0,1,1120.0
SO65448,9008,172,2013-08-30,2013-09-06,2013-09-11,1120.0,1,1120.0
SO65448,9008,173,2013-08-30,2013-09-06,2013-09-11,1120.0,1,1120.0
SO65449,9859,178,2013-08-30,2013-09-06,2013-09-11,1120.0,1,1120.0
SO65449,9859,179,2013-08-30,2013-09-06,2013-09-11,1120.0,1,1120.0
SO65450,16790,373,2013-08-30,2013-09-06,2013-09-11,540.0,1,540.0
SO65451,489,350,2013-08-30,2013-09-06,2013-09-11,2384.0,1,2384.0
SO65452,11430,370,2013-08-31,2013-09-07,2013-09-12,1701.0,1,1701.0
SO65453,14636,369,2013-08-31,2013-09-07,2013-09-12,1701.0,1,1701.0
SO65454,6946,371,2013-08-31,2013-09-07,2013-09-12,1701.0,1,1701.0
SO65455,7172,151,2013-08-31,2013-09-07,2013-09-12,2295.0,1,2295.0
SO65455,7172,152,2013-08-31,2013-09-07,2013-09-12,2295.0,1,2295.0
SO65456,1139,273,2013-08-31,2013-09-07,2013-09-12,8.0,1,8.0
SO65457,9605,325,2013-08-31,2013-09-07,2013-09-12,30.0,1,30.0
SO65458,10881,317,2013-08-31,2013-09-07,2013-09-12,5.0,1,5.0
SO65459,16709,319,2013-08-31,2013-09-07,2013-09-12,5.0,1,5.0
SO65460,80,266,2013-08-31,2013-09-07,2013-09-12,5.0,1,5.0
SO65461,5622,318,2013-08-31,2013-09-07,2013-09-12,4.0,1,4.0
SO65462,3204,164,2013-08-31,2013-09-07,2013-09-12,2443.0,1,2443.0
SO65462,3204,165,2013-08-31,2013-09-07,2013-09-12,2443.0,1,2443.0
SO65463,6973,383,2013-08-31,2013-09-07,2013-09-12,565.0,1,565.0
SO65464,11680,386,2013-08-31,2013-09-07,2013-09-12,540.0,1,540.0
SO65465,263,324,2013-08-31,2013-09-07,2013-09-12,25.0,1,25.0
SO65466,1881,330,2013-08-31,2013-09-07,2013-09-12,29.0,1,29.0
SO65467,14261,329,2013-08-31,2013-09-07,2013-09-12,33.0,1,33.0
SO65468,13768,318,2013-08-31,2013-09-07,2013-09-12,4.0,1,4.0
SO65469,13440,318,2013-08-31,2013-09-07,2013-09-12,4.0,1,4.0
SO65470,712,324,2013-08-31,2013-09-07,2013-09-12,25.0,1,25.0
SO65471,712,318,2013-08-31,2013-09-07,2013-09-12,4.0,1,4.0
SO65472,12134,317,2013-08-31,2013-09-07,2013-09-12,5.0,1,5.0
SO65473,2424,267,2013-08-31,2013-09-07,2013-09-12,10.0,1,10.0
SO65474,7236,266,2013-08-31,2013-09-07,2013-09-12,5.0,1,5.0
SO65475,7998,265,2013-08-31,2013-09-07,2013-09-12,70.0,1,70.0
SO65476,5995,266,2013-08-31,2013-09-07,2013-09-12,5.0,1,5.0
SO65477,741,266,2013-08-31,2013-09-07,2013-09-12,5.0,1,5.0
SO65478,4409,317,2013-08-31,2013-09-07,2013-09-12,5.0,1,5.0
SO65479,6224,274,2013-08-31,2013-09-07,2013-09-12,22.0,1,22.0
SO65480,8282,266,2013-08-31,2013-09-07,2013-09-12,5.0,1,5.0
SO65481,12953,318,2013-08-31,2013-09-07,2013-09-12,4.0,1,4.0
SO65482,10854,266,2013-08-31,2013-09-07,2013-09-12,5.0,1,5.0
SO65483,14807,327,2013-08-31,2013-09-07,2013-09-12,21.0,1,21.0
SO65484,6836,319,2013-08-31,2013-09-07,2013-09-12,5.0,1,5.0
SO65485,786,326,2013-08-31,2013-09-07,2013-09-12,35.0,1,35.0
SO65486,2241,274,2013-08-31,2013-09-07,2013-09-12,22.0,1,22.0
SO65487,3481,326,2013-08-31,2013-09-07,2013-09-12,35.0,1,35.0
SO65488,1415,326,2013-08-31,2013-09-07,2013-09-12,35.0,1,35.0
SO65489,3739,377,2013-08-31,2013-09-07,2013-09-12,769.0,1,769.0
SO65490,1902,149,2013-08-31,2013-09-07,2013-09-12,2295.0,1,2295.0
SO65490,1902,150,2013-08-31,2013-09-07,2013-09-12,2295.0,1,2295.0
SO65491,2210,145,2013-08-31,2013-09-07,2013-09-12,2320.0,1,2320.0
SO65491,2210,146,2013-08-31,2013-09-07,2013-09-12,2320.0,1,2320.0
SO65492,4993,141,2013-08-31,2013-09-07,2013-09-12,2320.0,1,2320.0
SO65492,4993,142,2013-08-31,2013-09-07,2013-09-12,2320.0,1,2320.0
SO65493,16135,356,2013-08-31,2013-09-07,2013-09-12,742.0,1,742.0
SO65494,10207,372,2013-08-31,2013-09-07,2013-09-12,1701.0,1,1701.0
SO65495,6918,172,2013-08-31,2013-09-07,2013-09-12,1120.0,1,1120.0
SO65495,6918,173,2013-08-31,2013-09-07,2013-09-12,1120.0,1,1120.0
SO65496,3324,143,2013-08-31,2013-09-07,2013-09-12,2320.0,1,2320.0
SO65496,3324,144,2013-08-31,2013-09-07,2013-09-12,2320.0,1,2320.0
SO65497,1574,384,2013-08-31,2013-09-07,2013-09-12,565.0,1,565.0
SO65498,15603,352,2013-08-31,2013-09-07,2013-09-12,2384.0,1,2384.0
SO65499,11374,353,2013-08-31,2013-09-07,2013-09-12,2384.0,1,2384.0
SO65500,15729,352,2013-08-31,2013-09-07,2013-09-12,2384.0,1,2384.0
SO65501,12373,373,2013-08-31,2013-09-07,2013-09-12,540.0,1,540.0
SO65502,12162,393,2013-08-31,2013-09-07,2013-09-12,540.0,1,540.0
SO65503,2698,393,2013-08-31,2013-09-07,2013-09-12,540.0,1,540.0
SO65504,6249,376,2013-09-01,2013-09-08,2013-09-13,769.0,1,769.0
SO65505,9253,325,2013-09-01,2013-09-08,2013-09-13,30.0,1,30.0
SO65506,7898,326,2013-09-01,2013-09-08,2013-09-13,35.0,1,35.0
SO65507,17140,319,2013-09-01,2013-09-08,2013-09-13,5.0,1,5.0
SO65508,14815,317,2013-09-01,2013-09-08,2013-09-13,5.0,1,5.0
SO65509,6232,278,2013-09-01,2013-09-08,2013-09-13,54.0,1,54.0
SO65510,6094,147,2013-09-01,2013-09-08,2013-09-13,2295.0,1,2295.0
SO65510,6094,148,2013-09-01,2013-09-08,2013-09-13,2295.0,1,2295.0
SO65511,6850,376,2013-09-01,2013-09-08,2013-09-13,769.0,1,769.0
SO65512,4068,383,2013-09-01,2013-09-08,2013-09-13,565.0,1,565.0
SO65513,16684,318,2013-09-01,2013-09-08,2013-09-13,4.0,1,4.0
SO65514,18354,318,2013-09-01,2013-09-08,2013-09-13,4.0,1,4.0
SO65515,12294,325,2013-09-01,2013-09-08,2013-09-13,30.0,1,30.0
SO65516,10937,267,2013-09-01,2013-09-08,2013-09-13,10.0,1,10.0
SO65517,9656,267,2013-09-01,2013-09-08,2013-09-13,10.0,1,10.0
SO65518,9409,266,2013-09-01,2013-09-08,2013-09-13,5.0,1,5.0
SO65519,1970,267,2013-09-01,2013-09-08,2013-09-13,10.0,1,10.0
SO65520,712,267,2013-09-01,2013-09-08,2013-09-13,10.0,1,10.0
SO65521,9100,266,2013-09-01,2013-09-08,2013-09-13,5.0,1,5.0
SO65522,6864,266,2013-09-01,2013-09-08,2013-09-13,5.0,1,5.0
SO65523,10704,317,2013-09-01,2013-09-08,2013-09-13,5.0,1,5.0
SO65524,7157,326,2013-09-01,2013-09-08,2013-09-13,35.0,1,35.0
SO65525,4659,317,2013-09-01,2013-09-08,2013-09-13,5.0,1,5.0
SO65526,8331,318,2013-09-01,2013-09-08,2013-09-13,4.0,1,4.0
SO65527,13697,327,2013-09-01,2013-09-08,2013-09-13,21.0,1,21.0
SO65528,8471,328,2013-09-01,2013-09-08,2013-09-13,25.0,1,25.0
SO65529,7034,328,2013-09-01,2013-09-08,2013-09-13,25.0,1,25.0
SO65530,1510,325,2013-09-01,2013-09-08,2013-09-13,30.0,1,30.0
SO65531,10126,327,2013-09-01,2013-09-08,2013-09-13,21.0,1,21.0
SO65532,1653,330,2013-09-01,2013-09-08,2013-09-13,29.0,1,29.0
SO65533,18473,327,2013-09-01,2013-09-08,2013-09-13,21.0,1,21.0
SO65534,12597,318,2013-09-01,2013-09-08,2013-09-13,4.0,1,4.0
SO65535,18384,327,2013-09-01,2013-09-08,2013-09-13,21.0,1,21.0
SO65536,16335,319,2013-09-01,2013-09-08,2013-09-13,5.0,1,5.0
SO65537,681,317,2013-09-01,2013-09-08,2013-09-13,5.0,1,5.0
SO65538,1159,317,2013-09-01,2013-09-08,2013-09-13,5.0,1,5.0
SO65539,6361,274,2013-09-01,2013-09-08,2013-09-13,22.0,1,22.0
SO65540,5068,382,2013-09-01,2013-09-08,2013-09-13,565.0,1,565.0
SO65541,1905,143,2013-09-01,2013-09-08,2013-09-13,2320.0,1,2320.0
SO65541,1905,144,2013-09-01,2013-09-08,2013-09-13,2320.0,1,2320.0
SO65542,17549,12,2013-09-01,2013-09-08,2013-09-13,9.0,1,9.0
SO65542,17549,13,2013-09-01,2013-09-08,2013-09-13,9.0,1,9.0
SO65542,17549,14,2013-09-01,2013-09-08,2013-09-13,9.0,1,9.0
SO65543,10194,372,2013-09-01,2013-09-08,2013-09-13,1701.0,1,1701.0
SO65544,15154,176,2013-09-01,2013-09-08,2013-09-13,1120.0,1,1120.0
SO65544,15154,177,2013-09-01,2013-09-08,2013-09-13,1120.0,1,1120.0
SO65545,14959,176,2013-09-01,2013-09-08,2013-09-13,1120.0,1,1120.0
SO65545,14959,177,2013-09-01,2013-09-08,2013-09-13,1120.0,1,1120.0
SO65546,13248,395,2013-09-01,2013-09-08,2013-09-13,540.0,1,540.0
SO65547,16599,373,2013-09-01,2013-09-08,2013-09-13,540.0,1,540.0
SO65548,16693,260,2013-09-01,2013-09-08,2013-09-13,64.0,1,64.0
SO65549,39,143,2013-09-01,2013-09-08,2013-09-13,2320.0,1,2320.0
SO65549,39,144,2013-09-01,2013-09-08,2013-09-13,2320.0,1,2320.0
SO65550,15695,362,2013-09-01,2013-09-08,2013-09-13,2384.0,1,2384.0
SO65551,12511,394,2013-09-01,2013-09-08,2013-09-13,540.0,1,540.0
SO65552,12190,395,2013-09-01,2013-09-08,2013-09-13,540.0,1,540.0
SO65553,10153,178,2013-09-01,2013-09-08,2013-09-13,1120.0,1,1120.0
SO65553,10153,179,2013-09-01,2013-09-08,2013-09-13,1120.0,1,1120.0
SO65554,6679,370,2013-09-01,2013-09-08,2013-09-13,1701.0,1,1701.0
SO65555,7109,371,2013-09-01,2013-09-08,2013-09-13,1701.0,1,1701.0
SO65556,7061,371,2013-09-01,2013-09-08,2013-09-13,1701.0,1,1701.0
SO65557,238,364,2013-09-01,2013-09-08,2013-09-13,2384.0,1,2384.0
SO65558,4703,350,2013-09-01,2013-09-08,2013-09-13,2384.0,1,2384.0
SO65559,3261,356,2013-09-01,2013-09-08,2013-09-13,742.0,1,742.0
SO65560,1350,352,2013-09-01,2013-09-08,2013-09-13,2384.0,1,2384.0
SO65561,7141,145,2013-09-02,2013-09-09,2013-09-14,2320.0,1,2320.0
SO65561,7141,146,2013-09-02,2013-09-09,2013-09-14,2320.0,1,2320.0
SO65562,5299,143,2013-09-02,2013-09-09,2013-09-14,2320.0,1,2320.0
SO65562,5299,144,2013-09-02,2013-09-09,2013-09-14,2320.0,1,2320.0
SO65563,1023,266,2013-09-02,2013-09-09,2013-09-14,5.0,1,5.0
SO65564,853,18,2013-09-02,2013-09-09,2013-09-14,50.0,1,50.0
SO65564,853,19,2013-09-02,2013-09-09,2013-09-14,50.0,1,50.0
SO65564,853,20,2013-09-02,2013-09-09,2013-09-14,50.0,1,50.0
SO65565,5635,325,2013-09-02,2013-09-09,2013-09-14,30.0,1,30.0
SO65566,15770,326,2013-09-02,2013-09-09,2013-09-14,35.0,1,35.0
SO65567,6282,24,2013-09-02,2013-09-09,2013-09-14,50.0,1,50.0
SO65567,6282,25,2013-09-02,2013-09-09,2013-09-14,50.0,1,50.0
SO65567,6282,26,2013-09-02,2013-09-09,2013-09-14,50.0,1,50.0
SO65568,7262,12,2013-09-02,2013-09-09,2013-09-14,9.0,1,9.0
SO65568,7262,13,2013-09-02,2013-09-09,2013-09-14,9.0,1,9.0
SO65568,7262,14,2013-09-02,2013-09-09,2013-09-14,9.0,1,9.0
SO65569,5319,377,2013-09-02,2013-09-09,2013-09-14,769.0,1,769.0
SO65570,2848,149,2013-09-02,2013-09-09,2013-09-14,2295.0,1,2295.0
SO65570,2848,150,2013-09-02,2013-09-09,2013-09-14,2295.0,1,2295.0
SO65571,16623,330,2013-09-02,2013-09-09,2013-09-14,29.0,1,29.0
SO65572,13727,318,2013-09-02,2013-09-09,2013-09-14,4.0,1,4.0
SO65573,1098,324,2013-09-02,2013-09-09,2013-09-14,25.0,1,25.0
SO65574,15199,324,2013-09-02,2013-09-09,2013-09-14,25.0,1,25.0
SO65575,277,325,2013-09-02,2013-09-09,2013-09-14,30.0,1,30.0
SO65576,4414,325,2013-09-02,2013-09-09,2013-09-14,30.0,1,30.0
SO65577,2304,267,2013-09-02,2013-09-09,2013-09-14,10.0,1,10.0
SO65578,10293,267,2013-09-02,2013-09-09,2013-09-14,10.0,1,10.0
SO65579,11341,266,2013-09-02,2013-09-09,2013-09-14,5.0,1,5.0
SO65580,8637,263,2013-09-02,2013-09-09,2013-09-14,70.0,1,70.0
SO65581,6266,266,2013-09-02,2013-09-09,2013-09-14,5.0,1,5.0
SO65582,13323,266,2013-09-02,2013-09-09,2013-09-14,5.0,1,5.0
SO65583,2207,266,2013-09-02,2013-09-09,2013-09-14,5.0,1,5.0
SO65584,5370,317,2013-09-02,2013-09-09,2013-09-14,5.0,1,5.0
SO65585,5502,317,2013-09-02,2013-09-09,2013-09-14,5.0,1,5.0
SO65586,11731,317,2013-09-02,2013-09-09,2013-09-14,5.0,1,5.0
SO65587,3842,274,2013-09-02,2013-09-09,2013-09-14,22.0,1,22.0
SO65588,3692,317,2013-09-02,2013-09-09,2013-09-14,5.0,1,5.0
SO65589,3183,329,2013-09-02,2013-09-09,2013-09-14,33.0,1,33.0
SO65590,6823,325,2013-09-02,2013-09-09,2013-09-14,30.0,1,30.0
SO65591,1305,327,2013-09-02,2013-09-09,2013-09-14,21.0,1,21.0
SO65592,14653,319,2013-09-02,2013-09-09,2013-09-14,5.0,1,5.0
SO65593,14536,319,2013-09-02,2013-09-09,2013-09-14,5.0,1,5.0
SO65594,5933,319,2013-09-02,2013-09-09,2013-09-14,5.0,1,5.0
SO65595,649,326,2013-09-02,2013-09-09,2013-09-14,35.0,1,35.0
SO65596,2487,326,2013-09-02,2013-09-09,2013-09-14,35.0,1,35.0
SO65597,690,326,2013-09-02,2013-09-09,2013-09-14,35.0,1,35.0
SO65598,1092,326,2013-09-02,2013-09-09,2013-09-14,35.0,1,35.0
SO65599,3459,317,2013-09-02,2013-09-09,2013-09-14,5.0,1,5.0
SO65600,1559,267,2013-09-02,2013-09-09,2013-09-14,10.0,1,10.0
SO65601,1977,274,2013-09-02,2013-09-09,2013-09-14,22.0,1,22.0
SO65602,4842,143,2013-09-02,2013-09-09,2013-09-14,2320.0,1,2320.0
SO65602,4842,144,2013-09-02,2013-09-09,2013-09-14,2320.0,1,2320.0
SO65603,4898,149,2013-09-02,2013-09-09,2013-09-14,2295.0,1,2295.0
SO65603,4898,150,2013-09-02,2013-09-09,2013-09-14,2295.0,1,2295.0
SO65604,4536,147,2013-09-02,2013-09-09,2013-09-14,2295.0,1,2295.0
SO65604,4536,148,2013-09-02,2013-09-09,2013-09-14,2295.0,1,2295.0
SO65605,4986,143,2013-09-02,2013-09-09,2013-09-14,2320.0,1,2320.0
SO65605,4986,144,2013-09-02,2013-09-09,2013-09-14,2320.0,1,2320.0
SO65606,17532,361,2013-09-02,2013-09-09,2013-09-14,742.0,1,742.0
SO65607,17685,356,2013-09-02,2013-09-09,2013-09-14,742.0,1,742.0
SO65608,16121,349,2013-09-02,2013-09-09,2013-09-14,1215.0,1,1215.0
SO65609,5595,365,2013-09-02,2013-09-09,2013-09-14,2384.0,1,2384.0
SO65610,4123,149,2013-09-02,2013-09-09,2013-09-14,2295.0,1,2295.0
SO65610,4123,150,2013-09-02,2013-09-09,2013-09-14,2295.0,1,2295.0
SO65611,6914,174,2013-09-02,2013-09-09,2013-09-14,1120.0,1,1120.0
SO65611,6914,175,2013-09-02,2013-09-09,2013-09-14,1120.0,1,1120.0
SO65612,16710,394,2013-09-02,2013-09-09,2013-09-14,540.0,1,540.0
SO65613,3668,143,2013-09-02,2013-09-09,2013-09-14,2320.0,1,2320.0
SO65613,3668,144,2013-09-02,2013-09-09,2013-09-14,2320.0,1,2320.0
SO65614,10409,168,2013-09-02,2013-09-09,2013-09-14,2443.0,1,2443.0
SO65614,10409,169,2013-09-02,2013-09-09,2013-09-14,2443.0,1,2443.0
SO65615,3239,143,2013-09-02,2013-09-09,2013-09-14,2320.0,1,2320.0
SO65615,3239,144,2013-09-02,2013-09-09,2013-09-14,2320.0,1,2320.0
SO65616,16098,350,2013-09-02,2013-09-09,2013-09-14,2384.0,1,2384.0
SO65617,15639,362,2013-09-02,2013-09-09,2013-09-14,2384.0,1,2384.0
SO65618,12169,394,2013-09-02,2013-09-09,2013-09-14,540.0,1,540.0
SO65619,6691,370,2013-09-02,2013-09-09,2013-09-14,1701.0,1,1701.0
SO65620,6346,369,2013-09-02,2013-09-09,2013-09-14,1701.0,1,1701.0
SO65621,6871,369,2013-09-02,2013-09-09,2013-09-14,1701.0,1,1701.0
SO65622,7058,372,2013-09-02,2013-09-09,2013-09-14,1701.0,1,1701.0
SO65623,5576,363,2013-09-02,2013-09-09,2013-09-14,2384.0,1,2384.0
SO65624,5208,350,2013-09-02,2013-09-09,2013-09-14,2384.0,1,2384.0
SO65625,113,350,2013-09-02,2013-09-09,2013-09-14,2384.0,1,2384.0
SO65626,1355,353,2013-09-02,2013-09-09,2013-09-14,2384.0,1,2384.0
SO65627,5205,145,2013-09-03,2013-09-10,2013-09-15,2320.0,1,2320.0
SO65627,5205,146,2013-09-03,2013-09-10,2013-09-15,2320.0,1,2320.0
SO65628,213,268,2013-09-03,2013-09-10,2013-09-15,9.0,1,9.0
SO65629,864,273,2013-09-03,2013-09-10,2013-09-15,8.0,1,8.0
SO65630,17604,273,2013-09-03,2013-09-10,2013-09-15,8.0,1,8.0
SO65631,822,21,2013-09-03,2013-09-10,2013-09-15,50.0,1,50.0
SO65631,822,22,2013-09-03,2013-09-10,2013-09-15,50.0,1,50.0
SO65631,822,23,2013-09-03,2013-09-10,2013-09-15,50.0,1,50.0
SO65632,2635,324,2013-09-03,2013-09-10,2013-09-15,25.0,1,25.0
SO65633,4265,325,2013-09-03,2013-09-10,2013-09-15,30.0,1,30.0
SO65634,5696,325,2013-09-03,2013-09-10,2013-09-15,30.0,1,30.0
SO65635,11926,274,2013-09-03,2013-09-10,2013-09-15,22.0,1,22.0
SO65636,7167,151,2013-09-03,2013-09-10,2013-09-15,2295.0,1,2295.0
SO65636,7167,152,2013-09-03,2013-09-10,2013-09-15,2295.0,1,2295.0
SO65637,6829,377,2013-09-03,2013-09-10,2013-09-15,769.0,1,769.0
SO65638,10103,377,2013-09-03,2013-09-10,2013-09-15,769.0,1,769.0
SO65639,6970,389,2013-09-03,2013-09-10,2013-09-15,540.0,1,540.0
SO65640,18052,318,2013-09-03,2013-09-10,2013-09-15,4.0,1,4.0
SO65641,16685,327,2013-09-03,2013-09-10,2013-09-15,21.0,1,21.0
SO65642,632,269,2013-09-03,2013-09-10,2013-09-15,2.0,1,2.0
SO65643,14353,324,2013-09-03,2013-09-10,2013-09-15,25.0,1,25.0
SO65644,9757,324,2013-09-03,2013-09-10,2013-09-15,25.0,1,25.0
SO65645,16409,319,2013-09-03,2013-09-10,2013-09-15,5.0,1,5.0
SO65646,15258,330,2013-09-03,2013-09-10,2013-09-15,29.0,1,29.0
SO65647,13651,329,2013-09-03,2013-09-10,2013-09-15,33.0,1,33.0
SO65648,11765,325,2013-09-03,2013-09-10,2013-09-15,30.0,1,30.0
SO65649,12298,317,2013-09-03,2013-09-10,2013-09-15,5.0,1,5.0
SO65650,1148,267,2013-09-03,2013-09-10,2013-09-15,10.0,1,10.0
SO65651,8878,263,2013-09-03,2013-09-10,2013-09-15,70.0,1,70.0
SO65652,2269,267,2013-09-03,2013-09-10,2013-09-15,10.0,1,10.0
SO65653,6455,266,2013-09-03,2013-09-10,2013-09-15,5.0,1,5.0
SO65654,7059,317,2013-09-03,2013-09-10,2013-09-15,5.0,1,5.0
SO65655,4272,317,2013-09-03,2013-09-10,2013-09-15,5.0,1,5.0
SO65656,3541,265,2013-09-03,2013-09-10,2013-09-15,70.0,1,70.0
SO65657,7876,274,2013-09-03,2013-09-10,2013-09-15,22.0,1,22.0
SO65658,1607,329,2013-09-03,2013-09-10,2013-09-15,33.0,1,33.0
SO65659,6996,328,2013-09-03,2013-09-10,2013-09-15,25.0,1,25.0
SO65660,1491,317,2013-09-03,2013-09-10,2013-09-15,5.0,1,5.0
SO65661,16004,327,2013-09-03,2013-09-10,2013-09-15,21.0,1,21.0
SO65662,13083,319,2013-09-03,2013-09-10,2013-09-15,5.0,1,5.0
SO65663,5603,319,2013-09-03,2013-09-10,2013-09-15,5.0,1,5.0
SO65664,1556,267,2013-09-03,2013-09-10,2013-09-15,10.0,1,10.0
SO65665,8839,386,2013-09-03,2013-09-10,2013-09-15,540.0,1,540.0
SO65666,3757,377,2013-09-03,2013-09-10,2013-09-15,769.0,1,769.0
SO65667,4044,372,2013-09-03,2013-09-10,2013-09-15,1701.0,1,1701.0
SO65668,13243,395,2013-09-03,2013-09-10,2013-09-15,540.0,1,540.0
SO65669,10405,164,2013-09-03,2013-09-10,2013-09-15,2443.0,1,2443.0
SO65669,10405,165,2013-09-03,2013-09-10,2013-09-15,2443.0,1,2443.0
SO65670,10217,168,2013-09-03,2013-09-10,2013-09-15,2443.0,1,2443.0
SO65670,10217,169,2013-09-03,2013-09-10,2013-09-15,2443.0,1,2443.0
SO65671,3265,143,2013-09-03,2013-09-10,2013-09-15,2320.0,1,2320.0
SO65671,3265,144,2013-09-03,2013-09-10,2013-09-15,2320.0,1,2320.0
SO65672,3287,145,2013-09-03,2013-09-10,2013-09-15,2320.0,1,2320.0
SO65672,3287,146,2013-09-03,2013-09-10,2013-09-15,2320.0,1,2320.0
SO65673,2910,350,2013-09-03,2013-09-10,2013-09-15,2384.0,1,2384.0
SO65674,12171,395,2013-09-03,2013-09-10,2013-09-15,540.0,1,540.0
SO65675,12175,394,2013-09-03,2013-09-10,2013-09-15,540.0,1,540.0
SO65676,6389,370,2013-09-03,2013-09-10,2013-09-15,1701.0,1,1701.0
SO65677,13050,394,2013-09-03,2013-09-10,2013-09-15,540.0,1,540.0
SO65678,15980,395,2013-09-03,2013-09-10,2013-09-15,540.0,1,540.0
SO65679,13060,395,2013-09-03,2013-09-10,2013-09-15,540.0,1,540.0
SO65680,18454,354,2013-09-03,2013-09-10,2013-09-15,742.0,1,742.0
SO65681,2694,145,2013-09-04,2013-09-11,2013-09-16,2320.0,1,2320.0
SO65681,2694,146,2013-09-04,2013-09-11,2013-09-16,2320.0,1,2320.0
SO65682,1501,145,2013-09-04,2013-09-11,2013-09-16,2320.0,1,2320.0
SO65682,1501,146,2013-09-04,2013-09-11,2013-09-16,2320.0,1,2320.0
SO65683,1151,273,2013-09-04,2013-09-11,2013-09-16,8.0,1,8.0
SO65684,3058,317,2013-09-04,2013-09-11,2013-09-16,5.0,1,5.0
SO65685,6332,274,2013-09-04,2013-09-11,2013-09-16,22.0,1,22.0
SO65686,2778,149,2013-09-04,2013-09-11,2013-09-16,2295.0,1,2295.0
SO65686,2778,150,2013-09-04,2013-09-11,2013-09-16,2295.0,1,2295.0
SO65687,14775,164,2013-09-04,2013-09-11,2013-09-16,2443.0,1,2443.0
SO65687,14775,165,2013-09-04,2013-09-11,2013-09-16,2443.0,1,2443.0
SO65688,17229,327,2013-09-04,2013-09-11,2013-09-16,21.0,1,21.0
SO65689,331,319,2013-09-04,2013-09-11,2013-09-16,5.0,1,5.0
SO65690,16395,327,2013-09-04,2013-09-11,2013-09-16,21.0,1,21.0
SO65691,15503,324,2013-09-04,2013-09-11,2013-09-16,25.0,1,25.0
SO65692,12686,325,2013-09-04,2013-09-11,2013-09-16,30.0,1,30.0
SO65693,14159,329,2013-09-04,2013-09-11,2013-09-16,33.0,1,33.0
SO65694,1945,267,2013-09-04,2013-09-11,2013-09-16,10.0,1,10.0
SO65695,10801,266,2013-09-04,2013-09-11,2013-09-16,5.0,1,5.0
SO65696,3612,266,2013-09-04,2013-09-11,2013-09-16,5.0,1,5.0
SO65697,9389,267,2013-09-04,2013-09-11,2013-09-16,10.0,1,10.0
SO65698,8008,263,2013-09-04,2013-09-11,2013-09-16,70.0,1,70.0
SO65699,678,265,2013-09-04,2013-09-11,2013-09-16,70.0,1,70.0
SO65700,9020,265,2013-09-04,2013-09-11,2013-09-16,70.0,1,70.0
SO65701,6693,266,2013-09-04,2013-09-11,2013-09-16,5.0,1,5.0
SO65702,177,266,2013-09-04,2013-09-11,2013-09-16,5.0,1,5.0
SO65703,6342,317,2013-09-04,2013-09-11,2013-09-16,5.0,1,5.0
SO65704,4897,317,2013-09-04,2013-09-11,2013-09-16,5.0,1,5.0
SO65705,4250,274,2013-09-04,2013-09-11,2013-09-16,22.0,1,22.0
SO65706,9548,274,2013-09-04,2013-09-11,2013-09-16,22.0,1,22.0
SO65707,2944,274,2013-09-04,2013-09-11,2013-09-16,22.0,1,22.0
SO65708,3993,326,2013-09-04,2013-09-11,2013-09-16,35.0,1,35.0
SO65709,6109,328,2013-09-04,2013-09-11,2013-09-16,25.0,1,25.0
SO65710,8280,328,2013-09-04,2013-09-11,2013-09-16,25.0,1,25.0
SO65711,14785,266,2013-09-04,2013-09-11,2013-09-16,5.0,1,5.0
SO65712,9938,317,2013-09-04,2013-09-11,2013-09-16,5.0,1,5.0
SO65713,3534,330,2013-09-04,2013-09-11,2013-09-16,29.0,1,29.0
SO65714,8482,318,2013-09-04,2013-09-11,2013-09-16,4.0,1,4.0
SO65715,8488,318,2013-09-04,2013-09-11,2013-09-16,4.0,1,4.0
SO65716,5257,319,2013-09-04,2013-09-11,2013-09-16,5.0,1,5.0
SO65717,2200,317,2013-09-04,2013-09-11,2013-09-16,5.0,1,5.0
SO65718,864,326,2013-09-04,2013-09-11,2013-09-16,35.0,1,35.0
SO65719,1626,267,2013-09-04,2013-09-11,2013-09-16,10.0,1,10.0
SO65720,7066,274,2013-09-04,2013-09-11,2013-09-16,22.0,1,22.0
SO65721,1459,21,2013-09-04,2013-09-11,2013-09-16,50.0,1,50.0
SO65721,1459,22,2013-09-04,2013-09-11,2013-09-16,50.0,1,50.0
SO65721,1459,23,2013-09-04,2013-09-11,2013-09-16,50.0,1,50.0
SO65722,3741,378,2013-09-04,2013-09-11,2013-09-16,769.0,1,769.0
SO65723,2242,149,2013-09-04,2013-09-11,2013-09-16,2295.0,1,2295.0
SO65723,2242,150,2013-09-04,2013-09-11,2013-09-16,2295.0,1,2295.0
SO65724,6038,143,2013-09-04,2013-09-11,2013-09-16,2320.0,1,2320.0
SO65724,6038,144,2013-09-04,2013-09-11,2013-09-16,2320.0,1,2320.0
SO65725,4992,141,2013-09-04,2013-09-11,2013-09-16,2320.0,1,2320.0
SO65725,4992,142,2013-09-04,2013-09-11,2013-09-16,2320.0,1,2320.0
SO65726,1613,349,2013-09-04,2013-09-11,2013-09-16,1215.0,1,1215.0
SO65727,10223,370,2013-09-04,2013-09-11,2013-09-16,1701.0,1,1701.0
SO65728,15162,170,2013-09-04,2013-09-11,2013-09-16,1120.0,1,1120.0
SO65728,15162,171,2013-09-04,2013-09-11,2013-09-16,1120.0,1,1120.0
SO65729,13168,393,2013-09-04,2013-09-11,2013-09-16,540.0,1,540.0
SO65730,13173,393,2013-09-04,2013-09-11,2013-09-16,540.0,1,540.0
SO65731,13179,373,2013-09-04,2013-09-11,2013-09-16,540.0,1,540.0
SO65732,10219,166,2013-09-04,2013-09-11,2013-09-16,2443.0,1,2443.0
SO65732,10219,167,2013-09-04,2013-09-11,2013-09-16,2443.0,1,2443.0
SO65733,10215,166,2013-09-04,2013-09-11,2013-09-16,2443.0,1,2443.0
SO65733,10215,167,2013-09-04,2013-09-11,2013-09-16,2443.0,1,2443.0
SO65734,5164,388,2013-09-04,2013-09-11,2013-09-16,540.0,1,540.0
SO65735,16094,364,2013-09-04,2013-09-11,2013-09-16,2384.0,1,2384.0
SO65736,3479,352,2013-09-04,2013-09-11,2013-09-16,2384.0,1,2384.0
SO65737,7657,373,2013-09-04,2013-09-11,2013-09-16,540.0,1,540.0
SO65738,7917,395,2013-09-04,2013-09-11,2013-09-16,540.0,1,540.0
SO65739,7081,369,2013-09-04,2013-09-11,2013-09-16,1701.0,1,1701.0
SO65740,10266,369,2013-09-04,2013-09-11,2013-09-16,1701.0,1,1701.0
SO65741,17522,170,2013-09-04,2013-09-11,2013-09-16,1120.0,1,1120.0
SO65741,17522,171,2013-09-04,2013-09-11,2013-09-16,1120.0,1,1120.0
SO65742,14763,350,2013-09-04,2013-09-11,2013-09-16,2384.0,1,2384.0
SO65743,3235,366,2013-09-04,2013-09-11,2013-09-16,1215.0,1,1215.0
SO65744,1359,350,2013-09-04,2013-09-11,2013-09-16,2384.0,1,2384.0
SO65745,1675,362,2013-09-04,2013-09-11,2013-09-16,2384.0,1,2384.0
SO65746,6256,379,2013-09-05,2013-09-12,2013-09-17,769.0,1,769.0
SO65747,7168,141,2013-09-05,2013-09-12,2013-09-17,2320.0,1,2320.0
SO65747,7168,142,2013-09-05,2013-09-12,2013-09-17,2320.0,1,2320.0
SO65748,1547,151,2013-09-05,2013-09-12,2013-09-17,2295.0,1,2295.0
SO65748,1547,152,2013-09-05,2013-09-12,2013-09-17,2295.0,1,2295.0
SO65749,3017,318,2013-09-05,2013-09-12,2013-09-17,4.0,1,4.0
SO65750,6334,274,2013-09-05,2013-09-12,2013-09-17,22.0,1,22.0
SO65751,14217,317,2013-09-05,2013-09-12,2013-09-17,5.0,1,5.0
SO65752,13608,317,2013-09-05,2013-09-12,2013-09-17,5.0,1,5.0
SO65753,2953,18,2013-09-05,2013-09-12,2013-09-17,50.0,1,50.0
SO65753,2953,19,2013-09-05,2013-09-12,2013-09-17,50.0,1,50.0
SO65753,2953,20,2013-09-05,2013-09-12,2013-09-17,50.0,1,50.0
SO65754,5287,145,2013-09-05,2013-09-12,2013-09-17,2320.0,1,2320.0
SO65754,5287,146,2013-09-05,2013-09-12,2013-09-17,2320.0,1,2320.0
SO65755,7136,143,2013-09-05,2013-09-12,2013-09-17,2320.0,1,2320.0
SO65755,7136,144,2013-09-05,2013-09-12,2013-09-17,2320.0,1,2320.0
SO65756,4455,383,2013-09-05,2013-09-12,2013-09-17,565.0,1,565.0
SO65757,263,318,2013-09-05,2013-09-12,2013-09-17,4.0,1,4.0
SO65758,224,319,2013-09-05,2013-09-12,2013-09-17,5.0,1,5.0
SO65759,16035,319,2013-09-05,2013-09-12,2013-09-17,5.0,1,5.0
SO65760,12193,325,2013-09-05,2013-09-12,2013-09-17,30.0,1,30.0
SO65761,724,329,2013-09-05,2013-09-12,2013-09-17,33.0,1,33.0
SO65762,10629,267,2013-09-05,2013-09-12,2013-09-17,10.0,1,10.0
SO65763,9505,267,2013-09-05,2013-09-12,2013-09-17,10.0,1,10.0
SO65764,5781,266,2013-09-05,2013-09-12,2013-09-17,5.0,1,5.0
SO65765,4391,317,2013-09-05,2013-09-12,2013-09-17,5.0,1,5.0
SO65766,4748,317,2013-09-05,2013-09-12,2013-09-17,5.0,1,5.0
SO65767,2532,265,2013-09-05,2013-09-12,2013-09-17,70.0,1,70.0
SO65768,12915,318,2013-09-05,2013-09-12,2013-09-17,4.0,1,4.0
SO65769,14299,266,2013-09-05,2013-09-12,2013-09-17,5.0,1,5.0
SO65770,14699,330,2013-09-05,2013-09-12,2013-09-17,29.0,1,29.0
SO65771,1898,274,2013-09-05,2013-09-12,2013-09-17,22.0,1,22.0
SO65772,683,326,2013-09-05,2013-09-12,2013-09-17,35.0,1,35.0
SO65773,4852,149,2013-09-05,2013-09-12,2013-09-17,2295.0,1,2295.0
SO65773,4852,150,2013-09-05,2013-09-12,2013-09-17,2295.0,1,2295.0
SO65774,4535,141,2013-09-05,2013-09-12,2013-09-17,2320.0,1,2320.0
SO65774,4535,142,2013-09-05,2013-09-12,2013-09-17,2320.0,1,2320.0
SO65775,16120,349,2013-09-05,2013-09-12,2013-09-17,1215.0,1,1215.0
SO65776,8365,366,2013-09-05,2013-09-12,2013-09-17,1215.0,1,1215.0
SO65777,1999,143,2013-09-05,2013-09-12,2013-09-17,2320.0,1,2320.0
SO65777,1999,144,2013-09-05,2013-09-12,2013-09-17,2320.0,1,2320.0
SO65778,4134,145,2013-09-05,2013-09-12,2013-09-17,2320.0,1,2320.0
SO65778,4134,146,2013-09-05,2013-09-12,2013-09-17,2320.0,1,2320.0
SO65779,13252,394,2013-09-05,2013-09-12,2013-09-17,540.0,1,540.0
SO65780,13167,394,2013-09-05,2013-09-12,2013-09-17,540.0,1,540.0
SO65781,16692,261,2013-09-05,2013-09-12,2013-09-17,64.0,1,64.0
SO65782,13180,394,2013-09-05,2013-09-12,2013-09-17,540.0,1,540.0
SO65783,10554,162,2013-09-05,2013-09-12,2013-09-17,2443.0,1,2443.0
SO65783,10554,163,2013-09-05,2013-09-12,2013-09-17,2443.0,1,2443.0
SO65784,3300,149,2013-09-05,2013-09-12,2013-09-17,2295.0,1,2295.0
SO65784,3300,150,2013-09-05,2013-09-12,2013-09-17,2295.0,1,2295.0
SO65785,15541,362,2013-09-05,2013-09-12,2013-09-17,2384.0,1,2384.0
SO65786,14906,366,2013-09-05,2013-09-12,2013-09-17,1215.0,1,1215.0
SO65787,16075,363,2013-09-05,2013-09-12,2013-09-17,2384.0,1,2384.0
SO65788,12372,395,2013-09-05,2013-09-12,2013-09-17,540.0,1,540.0
SO65789,7654,393,2013-09-05,2013-09-12,2013-09-17,540.0,1,540.0
SO65790,12384,395,2013-09-05,2013-09-12,2013-09-17,540.0,1,540.0
SO65791,12391,394,2013-09-05,2013-09-12,2013-09-17,540.0,1,540.0
SO65792,12451,394,2013-09-05,2013-09-12,2013-09-17,540.0,1,540.0
SO65793,12176,394,2013-09-05,2013-09-12,2013-09-17,540.0,1,540.0
SO65794,12394,393,2013-09-05,2013-09-12,2013-09-17,540.0,1,540.0
SO65795,9786,170,2013-09-05,2013-09-12,2013-09-17,1120.0,1,1120.0
SO65795,9786,171,2013-09-05,2013-09-12,2013-09-17,1120.0,1,1120.0
SO65796,10147,172,2013-09-05,2013-09-12,2013-09-17,1120.0,1,1120.0
SO65796,10147,173,2013-09-05,2013-09-12,2013-09-17,1120.0,1,1120.0
SO65797,16791,393,2013-09-05,2013-09-12,2013-09-17,540.0,1,540.0
SO65798,414,261,2013-09-05,2013-09-12,2013-09-17,64.0,1,64.0
SO65799,16787,395,2013-09-05,2013-09-12,2013-09-17,540.0,1,540.0
SO65800,5589,365,2013-09-05,2013-09-12,2013-09-17,2384.0,1,2384.0
SO65801,1674,351,2013-09-05,2013-09-12,2013-09-17,2384.0,1,2384.0
SO65802,4023,378,2013-09-06,2013-09-13,2013-09-18,769.0,1,769.0
SO65803,6957,369,2013-09-06,2013-09-13,2013-09-18,1701.0,1,1701.0
SO65804,6215,141,2013-09-06,2013-09-13,2013-09-18,2320.0,1,2320.0
SO65804,6215,142,2013-09-06,2013-09-13,2013-09-18,2320.0,1,2320.0
SO65805,2122,324,2013-09-06,2013-09-13,2013-09-18,25.0,1,25.0
SO65806,4465,325,2013-09-06,2013-09-13,2013-09-18,30.0,1,30.0
SO65807,8590,325,2013-09-06,2013-09-13,2013-09-18,30.0,1,30.0
SO65808,8974,327,2013-09-06,2013-09-13,2013-09-18,21.0,1,21.0
SO65809,12348,266,2013-09-06,2013-09-13,2013-09-18,5.0,1,5.0
SO65810,12313,319,2013-09-06,2013-09-13,2013-09-18,5.0,1,5.0
SO65811,15138,263,2013-09-06,2013-09-13,2013-09-18,70.0,1,70.0
SO65812,949,24,2013-09-06,2013-09-13,2013-09-18,50.0,1,50.0
SO65812,949,25,2013-09-06,2013-09-13,2013-09-18,50.0,1,50.0
SO65812,949,26,2013-09-06,2013-09-13,2013-09-18,50.0,1,50.0
SO65813,3670,12,2013-09-06,2013-09-13,2013-09-18,9.0,1,9.0
SO65813,3670,13,2013-09-06,2013-09-13,2013-09-18,9.0,1,9.0
SO65813,3670,14,2013-09-06,2013-09-13,2013-09-18,9.0,1,9.0
SO65814,2005,318,2013-09-06,2013-09-13,2013-09-18,4.0,1,4.0
SO65815,11649,160,2013-09-06,2013-09-13,2013-09-18,2443.0,1,2443.0
SO65815,11649,161,2013-09-06,2013-09-13,2013-09-18,2443.0,1,2443.0
SO65816,10088,376,2013-09-06,2013-09-13,2013-09-18,769.0,1,769.0
SO65817,211,318,2013-09-06,2013-09-13,2013-09-18,4.0,1,4.0
SO65818,18200,318,2013-09-06,2013-09-13,2013-09-18,4.0,1,4.0
SO65819,17085,318,2013-09-06,2013-09-13,2013-09-18,4.0,1,4.0
SO65820,14354,324,2013-09-06,2013-09-13,2013-09-18,25.0,1,25.0
SO65821,14370,318,2013-09-06,2013-09-13,2013-09-18,4.0,1,4.0
SO65822,13986,318,2013-09-06,2013-09-13,2013-09-18,4.0,1,4.0
SO65823,13936,318,2013-09-06,2013-09-13,2013-09-18,4.0,1,4.0
SO65824,1364,325,2013-09-06,2013-09-13,2013-09-18,30.0,1,30.0
SO65825,14872,324,2013-09-06,2013-09-13,2013-09-18,25.0,1,25.0
SO65826,4565,266,2013-09-06,2013-09-13,2013-09-18,5.0,1,5.0
SO65827,9096,266,2013-09-06,2013-09-13,2013-09-18,5.0,1,5.0
SO65828,2304,271,2013-09-06,2013-09-13,2013-09-18,9.0,1,9.0
SO65829,5976,266,2013-09-06,2013-09-13,2013-09-18,5.0,1,5.0
SO65830,10905,274,2013-09-06,2013-09-13,2013-09-18,22.0,1,22.0
SO65831,3274,274,2013-09-06,2013-09-13,2013-09-18,22.0,1,22.0
SO65832,4931,326,2013-09-06,2013-09-13,2013-09-18,35.0,1,35.0
SO65833,5457,324,2013-09-06,2013-09-13,2013-09-18,25.0,1,25.0
SO65834,10542,324,2013-09-06,2013-09-13,2013-09-18,25.0,1,25.0
SO65835,9974,325,2013-09-06,2013-09-13,2013-09-18,30.0,1,30.0
SO65836,3707,328,2013-09-06,2013-09-13,2013-09-18,25.0,1,25.0
SO65837,11835,318,2013-09-06,2013-09-13,2013-09-18,4.0,1,4.0
SO65838,11826,317,2013-09-06,2013-09-13,2013-09-18,5.0,1,5.0
SO65839,14488,327,2013-09-06,2013-09-13,2013-09-18,21.0,1,21.0
SO65840,15404,330,2013-09-06,2013-09-13,2013-09-18,29.0,1,29.0
SO65841,9926,318,2013-09-06,2013-09-13,2013-09-18,4.0,1,4.0
SO65842,14680,319,2013-09-06,2013-09-13,2013-09-18,5.0,1,5.0
SO65843,226,317,2013-09-06,2013-09-13,2013-09-18,5.0,1,5.0
SO65844,2145,326,2013-09-06,2013-09-13,2013-09-18,35.0,1,35.0
SO65845,6349,261,2013-09-06,2013-09-13,2013-09-18,64.0,1,64.0
SO65846,2062,255,2013-09-06,2013-09-13,2013-09-18,24.0,1,24.0
SO65846,2062,256,2013-09-06,2013-09-13,2013-09-18,24.0,1,24.0
SO65847,6411,274,2013-09-06,2013-09-13,2013-09-18,22.0,1,22.0
SO65848,1734,12,2013-09-06,2013-09-13,2013-09-18,9.0,1,9.0
SO65848,1734,13,2013-09-06,2013-09-13,2013-09-18,9.0,1,9.0
SO65848,1734,14,2013-09-06,2013-09-13,2013-09-18,9.0,1,9.0
SO65849,2056,379,2013-09-06,2013-09-13,2013-09-18,769.0,1,769.0
SO65850,4770,141,2013-09-06,2013-09-13,2013-09-18,2320.0,1,2320.0
SO65850,4770,142,2013-09-06,2013-09-13,2013-09-18,2320.0,1,2320.0
SO65851,1785,141,2013-09-06,2013-09-13,2013-09-18,2320.0,1,2320.0
SO65851,1785,142,2013-09-06,2013-09-13,2013-09-18,2320.0,1,2320.0
SO65852,5000,141,2013-09-06,2013-09-13,2013-09-18,2320.0,1,2320.0
SO65852,5000,142,2013-09-06,2013-09-13,2013-09-18,2320.0,1,2320.0
SO65853,6780,374,2013-09-06,2013-09-13,2013-09-18,742.0,1,742.0
SO65854,4122,145,2013-09-06,2013-09-13,2013-09-18,2320.0,1,2320.0
SO65854,4122,146,2013-09-06,2013-09-13,2013-09-18,2320.0,1,2320.0
SO65855,10201,370,2013-09-06,2013-09-13,2013-09-18,1701.0,1,1701.0
SO65856,3309,145,2013-09-06,2013-09-13,2013-09-18,2320.0,1,2320.0
SO65856,3309,146,2013-09-06,2013-09-13,2013-09-18,2320.0,1,2320.0
SO65857,10559,160,2013-09-06,2013-09-13,2013-09-18,2443.0,1,2443.0
SO65857,10559,161,2013-09-06,2013-09-13,2013-09-18,2443.0,1,2443.0
SO65858,3278,143,2013-09-06,2013-09-13,2013-09-18,2320.0,1,2320.0
SO65858,3278,144,2013-09-06,2013-09-13,2013-09-18,2320.0,1,2320.0
SO65859,15685,364,2013-09-06,2013-09-13,2013-09-18,2384.0,1,2384.0
SO65860,3042,363,2013-09-06,2013-09-13,2013-09-18,2384.0,1,2384.0
SO65861,14956,368,2013-09-06,2013-09-13,2013-09-18,1215.0,1,1215.0
SO65862,12137,394,2013-09-06,2013-09-13,2013-09-18,540.0,1,540.0
SO65863,12366,394,2013-09-06,2013-09-13,2013-09-18,540.0,1,540.0
SO65864,10151,172,2013-09-06,2013-09-13,2013-09-18,1120.0,1,1120.0
SO65864,10151,173,2013-09-06,2013-09-13,2013-09-18,1120.0,1,1120.0
SO65865,9024,172,2013-09-06,2013-09-13,2013-09-18,1120.0,1,1120.0
SO65865,9024,173,2013-09-06,2013-09-13,2013-09-18,1120.0,1,1120.0
SO65866,6861,369,2013-09-06,2013-09-13,2013-09-18,1701.0,1,1701.0
SO65867,7097,371,2013-09-06,2013-09-13,2013-09-18,1701.0,1,1701.0
SO65868,7099,369,2013-09-06,2013-09-13,2013-09-18,1701.0,1,1701.0
SO65869,7121,372,2013-09-06,2013-09-13,2013-09-18,1701.0,1,1701.0
SO65870,6870,371,2013-09-06,2013-09-13,2013-09-18,1701.0,1,1701.0
SO65871,7057,369,2013-09-06,2013-09-13,2013-09-18,1701.0,1,1701.0
SO65872,9843,170,2013-09-06,2013-09-13,2013-09-18,1120.0,1,1120.0
SO65872,9843,171,2013-09-06,2013-09-13,2013-09-18,1120.0,1,1120.0
SO65873,13218,178,2013-09-06,2013-09-13,2013-09-18,1120.0,1,1120.0
SO65873,13218,179,2013-09-06,2013-09-13,2013-09-18,1120.0,1,1120.0
SO65874,415,394,2013-09-06,2013-09-13,2013-09-18,540.0,1,540.0
SO65875,2687,395,2013-09-06,2013-09-13,2013-09-18,540.0,1,540.0
SO65876,18461,356,2013-09-06,2013-09-13,2013-09-18,742.0,1,742.0
SO65877,3227,366,2013-09-06,2013-09-13,2013-09-18,1215.0,1,1215.0
SO65878,1677,353,2013-09-06,2013-09-13,2013-09-18,2384.0,1,2384.0
SO65879,6974,371,2013-09-07,2013-09-14,2013-09-19,1701.0,1,1701.0
SO65880,7144,151,2013-09-07,2013-09-14,2013-09-19,2295.0,1,2295.0
SO65880,7144,152,2013-09-07,2013-09-14,2013-09-19,2295.0,1,2295.0
SO65881,499,266,2013-09-07,2013-09-14,2013-09-19,5.0,1,5.0
SO65882,216,18,2013-09-07,2013-09-14,2013-09-19,50.0,1,50.0
SO65882,216,19,2013-09-07,2013-09-14,2013-09-19,50.0,1,50.0
SO65882,216,20,2013-09-07,2013-09-14,2013-09-19,50.0,1,50.0
SO65883,10210,317,2013-09-07,2013-09-14,2013-09-19,5.0,1,5.0
SO65884,12013,319,2013-09-07,2013-09-14,2013-09-19,5.0,1,5.0
SO65885,11156,265,2013-09-07,2013-09-14,2013-09-19,70.0,1,70.0
SO65886,4736,9,2013-09-07,2013-09-14,2013-09-19,35.0,1,35.0
SO65886,4736,10,2013-09-07,2013-09-14,2013-09-19,35.0,1,35.0
SO65886,4736,11,2013-09-07,2013-09-14,2013-09-19,35.0,1,35.0
SO65887,2024,15,2013-09-07,2013-09-14,2013-09-19,50.0,1,50.0
SO65887,2024,16,2013-09-07,2013-09-14,2013-09-19,50.0,1,50.0
SO65887,2024,17,2013-09-07,2013-09-14,2013-09-19,50.0,1,50.0
SO65888,1698,275,2013-09-07,2013-09-14,2013-09-19,159.0,1,159.0
SO65889,9166,160,2013-09-07,2013-09-14,2013-09-19,2443.0,1,2443.0
SO65889,9166,161,2013-09-07,2013-09-14,2013-09-19,2443.0,1,2443.0
SO65890,13851,386,2013-09-07,2013-09-14,2013-09-19,540.0,1,540.0
SO65891,17335,277,2013-09-07,2013-09-14,2013-09-19,54.0,1,54.0
SO65892,662,317,2013-09-07,2013-09-14,2013-09-19,5.0,1,5.0
SO65893,278,324,2013-09-07,2013-09-14,2013-09-19,25.0,1,25.0
SO65894,15501,324,2013-09-07,2013-09-14,2013-09-19,25.0,1,25.0
SO65895,12458,325,2013-09-07,2013-09-14,2013-09-19,30.0,1,30.0
SO65896,11057,325,2013-09-07,2013-09-14,2013-09-19,30.0,1,30.0
SO65897,11353,267,2013-09-07,2013-09-14,2013-09-19,10.0,1,10.0
SO65898,870,267,2013-09-07,2013-09-14,2013-09-19,10.0,1,10.0
SO65899,10482,267,2013-09-07,2013-09-14,2013-09-19,10.0,1,10.0
SO65900,1917,264,2013-09-07,2013-09-14,2013-09-19,70.0,1,70.0
SO65901,3766,267,2013-09-07,2013-09-14,2013-09-19,10.0,1,10.0
SO65902,18342,267,2013-09-07,2013-09-14,2013-09-19,10.0,1,10.0
SO65903,17001,255,2013-09-07,2013-09-14,2013-09-19,24.0,1,24.0
SO65903,17001,256,2013-09-07,2013-09-14,2013-09-19,24.0,1,24.0
SO65904,17046,265,2013-09-07,2013-09-14,2013-09-19,70.0,1,70.0
SO65905,8398,265,2013-09-07,2013-09-14,2013-09-19,70.0,1,70.0
SO65906,6535,266,2013-09-07,2013-09-14,2013-09-19,5.0,1,5.0
SO65907,7073,266,2013-09-07,2013-09-14,2013-09-19,5.0,1,5.0
SO65908,15178,253,2013-09-07,2013-09-14,2013-09-19,24.0,1,24.0
SO65908,15178,254,2013-09-07,2013-09-14,2013-09-19,24.0,1,24.0
SO65909,18230,266,2013-09-07,2013-09-14,2013-09-19,5.0,1,5.0
SO65910,5499,317,2013-09-07,2013-09-14,2013-09-19,5.0,1,5.0
SO65911,3551,317,2013-09-07,2013-09-14,2013-09-19,5.0,1,5.0
SO65912,8191,328,2013-09-07,2013-09-14,2013-09-19,25.0,1,25.0
SO65913,7045,324,2013-09-07,2013-09-14,2013-09-19,25.0,1,25.0
SO65914,8509,318,2013-09-07,2013-09-14,2013-09-19,4.0,1,4.0
SO65915,17464,327,2013-09-07,2013-09-14,2013-09-19,21.0,1,21.0
SO65916,8184,266,2013-09-07,2013-09-14,2013-09-19,5.0,1,5.0
SO65917,18446,327,2013-09-07,2013-09-14,2013-09-19,21.0,1,21.0
SO65918,14755,327,2013-09-07,2013-09-14,2013-09-19,21.0,1,21.0
SO65919,5465,319,2013-09-07,2013-09-14,2013-09-19,5.0,1,5.0
SO65920,13082,330,2013-09-07,2013-09-14,2013-09-19,29.0,1,29.0
SO65921,13107,319,2013-09-07,2013-09-14,2013-09-19,5.0,1,5.0
SO65922,307,317,2013-09-07,2013-09-14,2013-09-19,5.0,1,5.0
SO65923,309,326,2013-09-07,2013-09-14,2013-09-19,35.0,1,35.0
SO65924,4449,319,2013-09-07,2013-09-14,2013-09-19,5.0,1,5.0
SO65925,7853,274,2013-09-07,2013-09-14,2013-09-19,22.0,1,22.0
SO65926,2233,274,2013-09-07,2013-09-14,2013-09-19,22.0,1,22.0
SO65927,1503,18,2013-09-07,2013-09-14,2013-09-19,50.0,1,50.0
SO65927,1503,19,2013-09-07,2013-09-14,2013-09-19,50.0,1,50.0
SO65927,1503,20,2013-09-07,2013-09-14,2013-09-19,50.0,1,50.0
SO65928,5771,162,2013-09-07,2013-09-14,2013-09-19,2443.0,1,2443.0
SO65928,5771,163,2013-09-07,2013-09-14,2013-09-19,2443.0,1,2443.0
SO65929,8825,389,2013-09-07,2013-09-14,2013-09-19,540.0,1,540.0
SO65930,3878,378,2013-09-07,2013-09-14,2013-09-19,769.0,1,769.0
SO65931,4915,151,2013-09-07,2013-09-14,2013-09-19,2295.0,1,2295.0
SO65931,4915,152,2013-09-07,2013-09-14,2013-09-19,2295.0,1,2295.0
SO65932,4990,151,2013-09-07,2013-09-14,2013-09-19,2295.0,1,2295.0
SO65932,4990,152,2013-09-07,2013-09-14,2013-09-19,2295.0,1,2295.0
SO65933,4454,361,2013-09-07,2013-09-14,2013-09-19,742.0,1,742.0
SO65934,492,351,2013-09-07,2013-09-14,2013-09-19,2384.0,1,2384.0
SO65935,5596,353,2013-09-07,2013-09-14,2013-09-19,2384.0,1,2384.0
SO65936,10195,370,2013-09-07,2013-09-14,2013-09-19,1701.0,1,1701.0
SO65937,6916,174,2013-09-07,2013-09-14,2013-09-19,1120.0,1,1120.0
SO65937,6916,175,2013-09-07,2013-09-14,2013-09-19,1120.0,1,1120.0
SO65938,6919,174,2013-09-07,2013-09-14,2013-09-19,1120.0,1,1120.0
SO65938,6919,175,2013-09-07,2013-09-14,2013-09-19,1120.0,1,1120.0
SO65939,15020,178,2013-09-07,2013-09-14,2013-09-19,1120.0,1,1120.0
SO65939,15020,179,2013-09-07,2013-09-14,2013-09-19,1120.0,1,1120.0
SO65940,3674,147,2013-09-07,2013-09-14,2013-09-19,2295.0,1,2295.0
SO65940,3674,148,2013-09-07,2013-09-14,2013-09-19,2295.0,1,2295.0
SO65941,10227,164,2013-09-07,2013-09-14,2013-09-19,2443.0,1,2443.0
SO65941,10227,165,2013-09-07,2013-09-14,2013-09-19,2443.0,1,2443.0
SO65942,7278,168,2013-09-07,2013-09-14,2013-09-19,2443.0,1,2443.0
SO65942,7278,169,2013-09-07,2013-09-14,2013-09-19,2443.0,1,2443.0
SO65943,15533,364,2013-09-07,2013-09-14,2013-09-19,2384.0,1,2384.0
SO65944,14911,367,2013-09-07,2013-09-14,2013-09-19,1215.0,1,1215.0
SO65945,10268,370,2013-09-07,2013-09-14,2013-09-19,1701.0,1,1701.0
SO65946,7060,371,2013-09-07,2013-09-14,2013-09-19,1701.0,1,1701.0
SO65947,13213,172,2013-09-07,2013-09-14,2013-09-19,1120.0,1,1120.0
SO65947,13213,173,2013-09-07,2013-09-14,2013-09-19,1120.0,1,1120.0
SO65948,6865,370,2013-09-07,2013-09-14,2013-09-19,1701.0,1,1701.0
SO65949,3325,354,2013-09-07,2013-09-14,2013-09-19,742.0,1,742.0
SO65950,7140,145,2013-09-08,2013-09-15,2013-09-20,2320.0,1,2320.0
SO65950,7140,146,2013-09-08,2013-09-15,2013-09-20,2320.0,1,2320.0
SO65951,2784,145,2013-09-08,2013-09-15,2013-09-20,2320.0,1,2320.0
SO65951,2784,146,2013-09-08,2013-09-15,2013-09-20,2320.0,1,2320.0
SO65952,7132,145,2013-09-08,2013-09-15,2013-09-20,2320.0,1,2320.0
SO65952,7132,146,2013-09-08,2013-09-15,2013-09-20,2320.0,1,2320.0
SO65953,3687,328,2013-09-08,2013-09-15,2013-09-20,25.0,1,25.0
SO65954,4137,328,2013-09-08,2013-09-15,2013-09-20,25.0,1,25.0
SO65955,14264,327,2013-09-08,2013-09-15,2013-09-20,21.0,1,21.0
SO65956,9407,266,2013-09-08,2013-09-15,2013-09-20,5.0,1,5.0
SO65957,11152,264,2013-09-08,2013-09-15,2013-09-20,70.0,1,70.0
SO65958,17219,319,2013-09-08,2013-09-15,2013-09-20,5.0,1,5.0
SO65959,7138,145,2013-09-08,2013-09-15,2013-09-20,2320.0,1,2320.0
SO65959,7138,146,2013-09-08,2013-09-15,2013-09-20,2320.0,1,2320.0
SO65960,5449,147,2013-09-08,2013-09-15,2013-09-20,2295.0,1,2295.0
SO65960,5449,148,2013-09-08,2013-09-15,2013-09-20,2295.0,1,2295.0
SO65961,5263,145,2013-09-08,2013-09-15,2013-09-20,2320.0,1,2320.0
SO65961,5263,146,2013-09-08,2013-09-15,2013-09-20,2320.0,1,2320.0
SO65962,3710,376,2013-09-08,2013-09-15,2013-09-20,769.0,1,769.0
SO65963,160,318,2013-09-08,2013-09-15,2013-09-20,4.0,1,4.0
SO65964,18004,319,2013-09-08,2013-09-15,2013-09-20,5.0,1,5.0
SO65965,17642,318,2013-09-08,2013-09-15,2013-09-20,4.0,1,4.0
SO65966,2942,330,2013-09-08,2013-09-15,2013-09-20,29.0,1,29.0
SO65967,20,324,2013-09-08,2013-09-15,2013-09-20,25.0,1,25.0
SO65968,521,12,2013-09-08,2013-09-15,2013-09-20,9.0,1,9.0
SO65968,521,13,2013-09-08,2013-09-15,2013-09-20,9.0,1,9.0
SO65968,521,14,2013-09-08,2013-09-15,2013-09-20,9.0,1,9.0
SO65969,2708,329,2013-09-08,2013-09-15,2013-09-20,33.0,1,33.0
SO65970,13975,329,2013-09-08,2013-09-15,2013-09-20,33.0,1,33.0
SO65971,1946,325,2013-09-08,2013-09-15,2013-09-20,30.0,1,30.0
SO65972,17576,264,2013-09-08,2013-09-15,2013-09-20,70.0,1,70.0
SO65973,2291,266,2013-09-08,2013-09-15,2013-09-20,5.0,1,5.0
SO65974,7499,266,2013-09-08,2013-09-15,2013-09-20,5.0,1,5.0
SO65975,301,266,2013-09-08,2013-09-15,2013-09-20,5.0,1,5.0
SO65976,10490,317,2013-09-08,2013-09-15,2013-09-20,5.0,1,5.0
SO65977,8751,317,2013-09-08,2013-09-15,2013-09-20,5.0,1,5.0
SO65978,2880,274,2013-09-08,2013-09-15,2013-09-20,22.0,1,22.0
SO65979,2864,274,2013-09-08,2013-09-15,2013-09-20,22.0,1,22.0
SO65980,3688,317,2013-09-08,2013-09-15,2013-09-20,5.0,1,5.0
SO65981,8350,317,2013-09-08,2013-09-15,2013-09-20,5.0,1,5.0
SO65982,6216,274,2013-09-08,2013-09-15,2013-09-20,22.0,1,22.0
SO65983,11658,266,2013-09-08,2013-09-15,2013-09-20,5.0,1,5.0
SO65984,5469,318,2013-09-08,2013-09-15,2013-09-20,4.0,1,4.0
SO65985,8462,328,2013-09-08,2013-09-15,2013-09-20,25.0,1,25.0
SO65986,7019,325,2013-09-08,2013-09-15,2013-09-20,30.0,1,30.0
SO65987,12628,318,2013-09-08,2013-09-15,2013-09-20,4.0,1,4.0
SO65988,14632,318,2013-09-08,2013-09-15,2013-09-20,4.0,1,4.0
SO65989,12912,330,2013-09-08,2013-09-15,2013-09-20,29.0,1,29.0
SO65990,5544,319,2013-09-08,2013-09-15,2013-09-20,5.0,1,5.0
SO65991,3093,274,2013-09-08,2013-09-15,2013-09-20,22.0,1,22.0
SO65992,815,317,2013-09-08,2013-09-15,2013-09-20,5.0,1,5.0
SO65993,1535,12,2013-09-08,2013-09-15,2013-09-20,9.0,1,9.0
SO65993,1535,13,2013-09-08,2013-09-15,2013-09-20,9.0,1,9.0
SO65993,1535,14,2013-09-08,2013-09-15,2013-09-20,9.0,1,9.0
SO65994,566,4,2013-09-08,2013-09-15,2013-09-20,35.0,1,35.0
SO65994,566,5,2013-09-08,2013-09-15,2013-09-20,35.0,1,35.0
SO65994,566,6,2013-09-08,2013-09-15,2013-09-20,35.0,1,35.0
SO65995,1601,266,2013-09-08,2013-09-15,2013-09-20,5.0,1,5.0
SO65996,5081,385,2013-09-08,2013-09-15,2013-09-20,540.0,1,540.0
SO65997,3875,377,2013-09-08,2013-09-15,2013-09-20,769.0,1,769.0
SO65998,3758,379,2013-09-08,2013-09-15,2013-09-20,769.0,1,769.0
SO65999,4935,147,2013-09-08,2013-09-15,2013-09-20,2295.0,1,2295.0
SO65999,4935,148,2013-09-08,2013-09-15,2013-09-20,2295.0,1,2295.0
SO66000,4771,141,2013-09-08,2013-09-15,2013-09-20,2320.0,1,2320.0
SO66000,4771,142,2013-09-08,2013-09-15,2013-09-20,2320.0,1,2320.0
SO66001,4519,149,2013-09-08,2013-09-15,2013-09-20,2295.0,1,2295.0
SO66001,4519,150,2013-09-08,2013-09-15,2013-09-20,2295.0,1,2295.0
SO66002,1882,149,2013-09-08,2013-09-15,2013-09-20,2295.0,1,2295.0
SO66002,1882,150,2013-09-08,2013-09-15,2013-09-20,2295.0,1,2295.0
SO66003,4999,149,2013-09-08,2013-09-15,2013-09-20,2295.0,1,2295.0
SO66003,4999,150,2013-09-08,2013-09-15,2013-09-20,2295.0,1,2295.0
SO66004,15222,363,2013-09-08,2013-09-15,2013-09-20,2384.0,1,2384.0
SO66005,433,365,2013-09-08,2013-09-15,2013-09-20,2384.0,1,2384.0
SO66006,10198,372,2013-09-08,2013-09-15,2013-09-20,1701.0,1,1701.0
SO66007,16707,394,2013-09-08,2013-09-15,2013-09-20,540.0,1,540.0
SO66008,13177,393,2013-09-08,2013-09-15,2013-09-20,540.0,1,540.0
SO66009,16093,365,2013-09-08,2013-09-15,2013-09-20,2384.0,1,2384.0
SO66010,12395,395,2013-09-08,2013-09-15,2013-09-20,540.0,1,540.0
SO66011,13018,395,2013-09-08,2013-09-15,2013-09-20,540.0,1,540.0
SO66012,7140,350,2013-09-08,2013-09-15,2013-09-20,2384.0,1,2384.0
SO66013,3104,355,2013-09-08,2013-09-15,2013-09-20,742.0,1,742.0
SO66014,18457,357,2013-09-08,2013-09-15,2013-09-20,742.0,1,742.0
SO66015,4170,378,2013-09-09,2013-09-16,2013-09-21,769.0,1,769.0
SO66016,6948,370,2013-09-09,2013-09-16,2013-09-21,1701.0,1,1701.0
SO66017,11504,371,2013-09-09,2013-09-16,2013-09-21,1701.0,1,1701.0
SO66018,7133,145,2013-09-09,2013-09-16,2013-09-21,2320.0,1,2320.0
SO66018,7133,146,2013-09-09,2013-09-16,2013-09-21,2320.0,1,2320.0
SO66019,1502,151,2013-09-09,2013-09-16,2013-09-21,2295.0,1,2295.0
SO66019,1502,152,2013-09-09,2013-09-16,2013-09-21,2295.0,1,2295.0
SO66020,5206,147,2013-09-09,2013-09-16,2013-09-21,2295.0,1,2295.0
SO66020,5206,148,2013-09-09,2013-09-16,2013-09-21,2295.0,1,2295.0
SO66021,7184,141,2013-09-09,2013-09-16,2013-09-21,2320.0,1,2320.0
SO66021,7184,142,2013-09-09,2013-09-16,2013-09-21,2320.0,1,2320.0
SO66022,7134,143,2013-09-09,2013-09-16,2013-09-21,2320.0,1,2320.0
SO66022,7134,144,2013-09-09,2013-09-16,2013-09-21,2320.0,1,2320.0
SO66023,2622,324,2013-09-09,2013-09-16,2013-09-21,25.0,1,25.0
SO66024,6304,328,2013-09-09,2013-09-16,2013-09-21,25.0,1,25.0
SO66025,6283,325,2013-09-09,2013-09-16,2013-09-21,30.0,1,30.0
SO66026,16145,326,2013-09-09,2013-09-16,2013-09-21,35.0,1,35.0
SO66027,10361,317,2013-09-09,2013-09-16,2013-09-21,5.0,1,5.0
SO66028,759,318,2013-09-09,2013-09-16,2013-09-21,4.0,1,4.0
SO66029,2035,253,2013-09-09,2013-09-16,2013-09-21,24.0,1,24.0
SO66029,2035,254,2013-09-09,2013-09-16,2013-09-21,24.0,1,24.0
SO66030,7137,149,2013-09-09,2013-09-16,2013-09-21,2295.0,1,2295.0
SO66030,7137,150,2013-09-09,2013-09-16,2013-09-21,2295.0,1,2295.0
SO66031,5476,162,2013-09-09,2013-09-16,2013-09-21,2443.0,1,2443.0
SO66031,5476,163,2013-09-09,2013-09-16,2013-09-21,2443.0,1,2443.0
SO66032,202,318,2013-09-09,2013-09-16,2013-09-21,4.0,1,4.0
SO66033,18331,318,2013-09-09,2013-09-16,2013-09-21,4.0,1,4.0
SO66034,16226,318,2013-09-09,2013-09-16,2013-09-21,4.0,1,4.0
SO66035,507,318,2013-09-09,2013-09-16,2013-09-21,4.0,1,4.0
SO66036,833,21,2013-09-09,2013-09-16,2013-09-21,50.0,1,50.0
SO66036,833,22,2013-09-09,2013-09-16,2013-09-21,50.0,1,50.0
SO66036,833,23,2013-09-09,2013-09-16,2013-09-21,50.0,1,50.0
SO66037,3342,318,2013-09-09,2013-09-16,2013-09-21,4.0,1,4.0
SO66038,15536,317,2013-09-09,2013-09-16,2013-09-21,5.0,1,5.0
SO66039,14346,324,2013-09-09,2013-09-16,2013-09-21,25.0,1,25.0
SO66040,186,317,2013-09-09,2013-09-16,2013-09-21,5.0,1,5.0
SO66041,11784,317,2013-09-09,2013-09-16,2013-09-21,5.0,1,5.0
SO66042,10717,267,2013-09-09,2013-09-16,2013-09-21,10.0,1,10.0
SO66043,7826,263,2013-09-09,2013-09-16,2013-09-21,70.0,1,70.0
SO66044,7532,266,2013-09-09,2013-09-16,2013-09-21,5.0,1,5.0
SO66045,7038,324,2013-09-09,2013-09-16,2013-09-21,25.0,1,25.0
SO66046,6889,324,2013-09-09,2013-09-16,2013-09-21,25.0,1,25.0
SO66047,10868,12,2013-09-09,2013-09-16,2013-09-21,9.0,1,9.0
SO66047,10868,13,2013-09-09,2013-09-16,2013-09-21,9.0,1,9.0
SO66047,10868,14,2013-09-09,2013-09-16,2013-09-21,9.0,1,9.0
SO66048,214,317,2013-09-09,2013-09-16,2013-09-21,5.0,1,5.0
SO66049,2031,274,2013-09-09,2013-09-16,2013-09-21,22.0,1,22.0
SO66050,4782,143,2013-09-09,2013-09-16,2013-09-21,2320.0,1,2320.0
SO66050,4782,144,2013-09-09,2013-09-16,2013-09-21,2320.0,1,2320.0
SO66051,6176,149,2013-09-09,2013-09-16,2013-09-21,2295.0,1,2295.0
SO66051,6176,150,2013-09-09,2013-09-16,2013-09-21,2295.0,1,2295.0
SO66052,4543,145,2013-09-09,2013-09-16,2013-09-21,2320.0,1,2320.0
SO66052,4543,146,2013-09-09,2013-09-16,2013-09-21,2320.0,1,2320.0
SO66053,5080,151,2013-09-09,2013-09-16,2013-09-21,2295.0,1,2295.0
SO66053,5080,152,2013-09-09,2013-09-16,2013-09-21,2295.0,1,2295.0
SO66054,4942,143,2013-09-09,2013-09-16,2013-09-21,2320.0,1,2320.0
SO66054,4942,144,2013-09-09,2013-09-16,2013-09-21,2320.0,1,2320.0
SO66055,4953,143,2013-09-09,2013-09-16,2013-09-21,2320.0,1,2320.0
SO66055,4953,144,2013-09-09,2013-09-16,2013-09-21,2320.0,1,2320.0
SO66056,4960,147,2013-09-09,2013-09-16,2013-09-21,2295.0,1,2295.0
SO66056,4960,148,2013-09-09,2013-09-16,2013-09-21,2295.0,1,2295.0
SO66057,6779,358,2013-09-09,2013-09-16,2013-09-21,742.0,1,742.0
SO66058,15210,351,2013-09-09,2013-09-16,2013-09-21,2384.0,1,2384.0
SO66059,4043,369,2013-09-09,2013-09-16,2013-09-21,1701.0,1,1701.0
SO66060,15132,176,2013-09-09,2013-09-16,2013-09-21,1120.0,1,1120.0
SO66060,15132,177,2013-09-09,2013-09-16,2013-09-21,1120.0,1,1120.0
SO66061,3682,141,2013-09-09,2013-09-16,2013-09-21,2320.0,1,2320.0
SO66061,3682,142,2013-09-09,2013-09-16,2013-09-21,2320.0,1,2320.0
SO66062,3264,151,2013-09-09,2013-09-16,2013-09-21,2295.0,1,2295.0
SO66062,3264,152,2013-09-09,2013-09-16,2013-09-21,2295.0,1,2295.0
SO66063,1038,141,2013-09-09,2013-09-16,2013-09-21,2320.0,1,2320.0
SO66063,1038,142,2013-09-09,2013-09-16,2013-09-21,2320.0,1,2320.0
SO66064,3236,149,2013-09-09,2013-09-16,2013-09-21,2295.0,1,2295.0
SO66064,3236,150,2013-09-09,2013-09-16,2013-09-21,2295.0,1,2295.0
SO66065,18243,361,2013-09-09,2013-09-16,2013-09-21,742.0,1,742.0
SO66066,15719,364,2013-09-09,2013-09-16,2013-09-21,2384.0,1,2384.0
SO66067,15699,352,2013-09-09,2013-09-16,2013-09-21,2384.0,1,2384.0
SO66068,14910,366,2013-09-09,2013-09-16,2013-09-21,1215.0,1,1215.0
SO66069,10145,176,2013-09-09,2013-09-16,2013-09-21,1120.0,1,1120.0
SO66069,10145,177,2013-09-09,2013-09-16,2013-09-21,1120.0,1,1120.0
SO66070,10156,176,2013-09-09,2013-09-16,2013-09-21,1120.0,1,1120.0
SO66070,10156,177,2013-09-09,2013-09-16,2013-09-21,1120.0,1,1120.0
SO66071,7051,370,2013-09-09,2013-09-16,2013-09-21,1701.0,1,1701.0
SO66072,9846,170,2013-09-09,2013-09-16,2013-09-21,1120.0,1,1120.0
SO66072,9846,171,2013-09-09,2013-09-16,2013-09-21,1120.0,1,1120.0
SO66073,6863,370,2013-09-09,2013-09-16,2013-09-21,1701.0,1,1701.0
SO66074,13028,394,2013-09-09,2013-09-16,2013-09-21,540.0,1,540.0
SO66075,17704,363,2013-09-09,2013-09-16,2013-09-21,2384.0,1,2384.0
SO66076,430,352,2013-09-09,2013-09-16,2013-09-21,2384.0,1,2384.0
SO66077,3323,355,2013-09-09,2013-09-16,2013-09-21,742.0,1,742.0
SO66078,1342,350,2013-09-09,2013-09-16,2013-09-21,2384.0,1,2384.0
SO66079,14738,371,2013-09-10,2013-09-17,2013-09-22,1701.0,1,1701.0
SO66080,213,272,2013-09-10,2013-09-17,2013-09-22,120.0,1,120.0
SO66081,14270,327,2013-09-10,2013-09-17,2013-09-22,21.0,1,21.0
SO66082,13611,317,2013-09-10,2013-09-17,2013-09-22,5.0,1,5.0
SO66083,8749,266,2013-09-10,2013-09-17,2013-09-22,5.0,1,5.0
SO66084,11917,266,2013-09-10,2013-09-17,2013-09-22,5.0,1,5.0
SO66085,8676,326,2013-09-10,2013-09-17,2013-09-22,35.0,1,35.0
SO66086,18122,266,2013-09-10,2013-09-17,2013-09-22,5.0,1,5.0
SO66087,17330,318,2013-09-10,2013-09-17,2013-09-22,4.0,1,4.0
SO66088,8571,330,2013-09-10,2013-09-17,2013-09-22,29.0,1,29.0
SO66089,5629,329,2013-09-10,2013-09-17,2013-09-22,33.0,1,33.0
SO66090,2822,143,2013-09-10,2013-09-17,2013-09-22,2320.0,1,2320.0
SO66090,2822,144,2013-09-10,2013-09-17,2013-09-22,2320.0,1,2320.0
SO66091,2766,147,2013-09-10,2013-09-17,2013-09-22,2295.0,1,2295.0
SO66091,2766,148,2013-09-10,2013-09-17,2013-09-22,2295.0,1,2295.0
SO66092,8030,151,2013-09-10,2013-09-17,2013-09-22,2295.0,1,2295.0
SO66092,8030,152,2013-09-10,2013-09-17,2013-09-22,2295.0,1,2295.0
SO66093,1475,149,2013-09-10,2013-09-17,2013-09-22,2295.0,1,2295.0
SO66093,1475,150,2013-09-10,2013-09-17,2013-09-22,2295.0,1,2295.0
SO66094,10108,378,2013-09-10,2013-09-17,2013-09-22,769.0,1,769.0
SO66095,6794,377,2013-09-10,2013-09-17,2013-09-22,769.0,1,769.0
SO66096,1064,15,2013-09-10,2013-09-17,2013-09-22,50.0,1,50.0
SO66096,1064,16,2013-09-10,2013-09-17,2013-09-22,50.0,1,50.0
SO66096,1064,17,2013-09-10,2013-09-17,2013-09-22,50.0,1,50.0
SO66097,17106,319,2013-09-10,2013-09-17,2013-09-22,5.0,1,5.0
SO66098,18261,318,2013-09-10,2013-09-17,2013-09-22,4.0,1,4.0
SO66099,263,330,2013-09-10,2013-09-17,2013-09-22,29.0,1,29.0
SO66100,16114,330,2013-09-10,2013-09-17,2013-09-22,29.0,1,29.0
SO66101,16190,330,2013-09-10,2013-09-17,2013-09-22,29.0,1,29.0
SO66102,7321,318,2013-09-10,2013-09-17,2013-09-22,4.0,1,4.0
SO66103,16529,330,2013-09-10,2013-09-17,2013-09-22,29.0,1,29.0
SO66104,12815,325,2013-09-10,2013-09-17,2013-09-22,30.0,1,30.0
SO66105,213,325,2013-09-10,2013-09-17,2013-09-22,30.0,1,30.0
SO66106,8526,325,2013-09-10,2013-09-17,2013-09-22,30.0,1,30.0
SO66107,11363,325,2013-09-10,2013-09-17,2013-09-22,30.0,1,30.0
SO66108,2331,266,2013-09-10,2013-09-17,2013-09-22,5.0,1,5.0
SO66109,16999,265,2013-09-10,2013-09-17,2013-09-22,70.0,1,70.0
SO66110,5802,266,2013-09-10,2013-09-17,2013-09-22,5.0,1,5.0
SO66111,17158,317,2013-09-10,2013-09-17,2013-09-22,5.0,1,5.0
SO66112,3601,317,2013-09-10,2013-09-17,2013-09-22,5.0,1,5.0
SO66113,2764,274,2013-09-10,2013-09-17,2013-09-22,22.0,1,22.0
SO66114,3960,317,2013-09-10,2013-09-17,2013-09-22,5.0,1,5.0
SO66115,4820,274,2013-09-10,2013-09-17,2013-09-22,22.0,1,22.0
SO66116,8359,266,2013-09-10,2013-09-17,2013-09-22,5.0,1,5.0
SO66117,8301,318,2013-09-10,2013-09-17,2013-09-22,4.0,1,4.0
SO66118,9058,318,2013-09-10,2013-09-17,2013-09-22,4.0,1,4.0
SO66119,11824,317,2013-09-10,2013-09-17,2013-09-22,5.0,1,5.0
SO66120,12638,253,2013-09-10,2013-09-17,2013-09-22,24.0,1,24.0
SO66120,12638,254,2013-09-10,2013-09-17,2013-09-22,24.0,1,24.0
SO66121,12599,325,2013-09-10,2013-09-17,2013-09-22,30.0,1,30.0
SO66122,11709,330,2013-09-10,2013-09-17,2013-09-22,29.0,1,29.0
SO66123,567,330,2013-09-10,2013-09-17,2013-09-22,29.0,1,29.0
SO66124,2792,330,2013-09-10,2013-09-17,2013-09-22,29.0,1,29.0
SO66125,16175,319,2013-09-10,2013-09-17,2013-09-22,5.0,1,5.0
SO66126,270,326,2013-09-10,2013-09-17,2013-09-22,35.0,1,35.0
SO66127,1921,326,2013-09-10,2013-09-17,2013-09-22,35.0,1,35.0
SO66128,5072,274,2013-09-10,2013-09-17,2013-09-22,22.0,1,22.0
SO66129,5066,388,2013-09-10,2013-09-17,2013-09-22,540.0,1,540.0
SO66130,1899,147,2013-09-10,2013-09-17,2013-09-22,2295.0,1,2295.0
SO66130,1899,148,2013-09-10,2013-09-17,2013-09-22,2295.0,1,2295.0
SO66131,4853,141,2013-09-10,2013-09-17,2013-09-22,2320.0,1,2320.0
SO66131,4853,142,2013-09-10,2013-09-17,2013-09-22,2320.0,1,2320.0
SO66132,4522,143,2013-09-10,2013-09-17,2013-09-22,2320.0,1,2320.0
SO66132,4522,144,2013-09-10,2013-09-17,2013-09-22,2320.0,1,2320.0
SO66133,2265,360,2013-09-10,2013-09-17,2013-09-22,742.0,1,742.0
SO66134,14962,172,2013-09-10,2013-09-17,2013-09-22,1120.0,1,1120.0
SO66134,14962,173,2013-09-10,2013-09-17,2013-09-22,1120.0,1,1120.0
SO66135,16694,373,2013-09-10,2013-09-17,2013-09-22,540.0,1,540.0
SO66136,13171,395,2013-09-10,2013-09-17,2013-09-22,540.0,1,540.0
SO66137,3303,147,2013-09-10,2013-09-17,2013-09-22,2295.0,1,2295.0
SO66137,3303,148,2013-09-10,2013-09-17,2013-09-22,2295.0,1,2295.0
SO66138,2995,166,2013-09-10,2013-09-17,2013-09-22,2443.0,1,2443.0
SO66138,2995,167,2013-09-10,2013-09-17,2013-09-22,2443.0,1,2443.0
SO66139,10395,160,2013-09-10,2013-09-17,2013-09-22,2443.0,1,2443.0
SO66139,10395,161,2013-09-10,2013-09-17,2013-09-22,2443.0,1,2443.0
SO66140,36,141,2013-09-10,2013-09-17,2013-09-22,2320.0,1,2320.0
SO66140,36,142,2013-09-10,2013-09-17,2013-09-22,2320.0,1,2320.0
SO66141,11766,362,2013-09-10,2013-09-17,2013-09-22,2384.0,1,2384.0
SO66142,15709,365,2013-09-10,2013-09-17,2013-09-22,2384.0,1,2384.0
SO66143,14953,366,2013-09-10,2013-09-17,2013-09-22,1215.0,1,1215.0
SO66144,16074,351,2013-09-10,2013-09-17,2013-09-22,2384.0,1,2384.0
SO66145,12370,395,2013-09-10,2013-09-17,2013-09-22,540.0,1,540.0
SO66146,10152,172,2013-09-10,2013-09-17,2013-09-22,1120.0,1,1120.0
SO66146,10152,173,2013-09-10,2013-09-17,2013-09-22,1120.0,1,1120.0
SO66147,10154,178,2013-09-10,2013-09-17,2013-09-22,1120.0,1,1120.0
SO66147,10154,179,2013-09-10,2013-09-17,2013-09-22,1120.0,1,1120.0
SO66148,9783,172,2013-09-10,2013-09-17,2013-09-22,1120.0,1,1120.0
SO66148,9783,173,2013-09-10,2013-09-17,2013-09-22,1120.0,1,1120.0
SO66149,17396,170,2013-09-10,2013-09-17,2013-09-22,1120.0,1,1120.0
SO66149,17396,171,2013-09-10,2013-09-17,2013-09-22,1120.0,1,1120.0
SO66150,4934,364,2013-09-10,2013-09-17,2013-09-22,2384.0,1,2384.0
SO66151,5264,351,2013-09-10,2013-09-17,2013-09-22,2384.0,1,2384.0
SO66152,483,365,2013-09-10,2013-09-17,2013-09-22,2384.0,1,2384.0
SO66153,4930,12,2013-09-10,2013-09-17,2013-09-22,9.0,1,9.0
SO66153,4930,13,2013-09-10,2013-09-17,2013-09-22,9.0,1,9.0
SO66153,4930,14,2013-09-10,2013-09-17,2013-09-22,9.0,1,9.0
SO66154,7158,145,2013-09-11,2013-09-18,2013-09-23,2320.0,1,2320.0
SO66154,7158,146,2013-09-11,2013-09-18,2013-09-23,2320.0,1,2320.0
SO66155,1049,24,2013-09-11,2013-09-18,2013-09-23,50.0,1,50.0
SO66155,1049,25,2013-09-11,2013-09-18,2013-09-23,50.0,1,50.0
SO66155,1049,26,2013-09-11,2013-09-18,2013-09-23,50.0,1,50.0
SO66156,856,21,2013-09-11,2013-09-18,2013-09-23,50.0,1,50.0
SO66156,856,22,2013-09-11,2013-09-18,2013-09-23,50.0,1,50.0
SO66156,856,23,2013-09-11,2013-09-18,2013-09-23,50.0,1,50.0
SO66157,92,1,2013-09-11,2013-09-18,2013-09-23,35.0,1,35.0
SO66157,92,2,2013-09-11,2013-09-18,2013-09-23,35.0,1,35.0
SO66157,92,3,2013-09-11,2013-09-18,2013-09-23,35.0,1,35.0
SO66158,1360,324,2013-09-11,2013-09-18,2013-09-23,25.0,1,25.0
SO66159,14124,317,2013-09-11,2013-09-18,2013-09-23,5.0,1,5.0
SO66160,16976,319,2013-09-11,2013-09-18,2013-09-23,5.0,1,5.0
SO66161,7186,149,2013-09-11,2013-09-18,2013-09-23,2295.0,1,2295.0
SO66161,7186,150,2013-09-11,2013-09-18,2013-09-23,2295.0,1,2295.0
SO66162,10109,378,2013-09-11,2013-09-18,2013-09-23,769.0,1,769.0
SO66163,278,318,2013-09-11,2013-09-18,2013-09-23,4.0,1,4.0
SO66164,9741,324,2013-09-11,2013-09-18,2013-09-23,25.0,1,25.0
SO66165,10627,267,2013-09-11,2013-09-18,2013-09-23,10.0,1,10.0
SO66166,10807,267,2013-09-11,2013-09-18,2013-09-23,10.0,1,10.0
SO66167,9288,263,2013-09-11,2013-09-18,2013-09-23,70.0,1,70.0
SO66168,9333,271,2013-09-11,2013-09-18,2013-09-23,9.0,1,9.0
SO66169,7426,266,2013-09-11,2013-09-18,2013-09-23,5.0,1,5.0
SO66170,8817,265,2013-09-11,2013-09-18,2013-09-23,70.0,1,70.0
SO66171,8645,266,2013-09-11,2013-09-18,2013-09-23,5.0,1,5.0
SO66172,5131,317,2013-09-11,2013-09-18,2013-09-23,5.0,1,5.0
SO66173,5912,266,2013-09-11,2013-09-18,2013-09-23,5.0,1,5.0
SO66174,3350,274,2013-09-11,2013-09-18,2013-09-23,22.0,1,22.0
SO66175,6868,274,2013-09-11,2013-09-18,2013-09-23,22.0,1,22.0
SO66176,8262,318,2013-09-11,2013-09-18,2013-09-23,4.0,1,4.0
SO66177,11386,266,2013-09-11,2013-09-18,2013-09-23,5.0,1,5.0
SO66178,10671,318,2013-09-11,2013-09-18,2013-09-23,4.0,1,4.0
SO66179,2839,330,2013-09-11,2013-09-18,2013-09-23,29.0,1,29.0
SO66180,16333,319,2013-09-11,2013-09-18,2013-09-23,5.0,1,5.0
SO66181,637,326,2013-09-11,2013-09-18,2013-09-23,35.0,1,35.0
SO66182,158,326,2013-09-11,2013-09-18,2013-09-23,35.0,1,35.0
SO66183,657,326,2013-09-11,2013-09-18,2013-09-23,35.0,1,35.0
SO66184,2366,274,2013-09-11,2013-09-18,2013-09-23,22.0,1,22.0
SO66185,8832,382,2013-09-11,2013-09-18,2013-09-23,565.0,1,565.0
SO66186,1883,151,2013-09-11,2013-09-18,2013-09-23,2295.0,1,2295.0
SO66186,1883,152,2013-09-11,2013-09-18,2013-09-23,2295.0,1,2295.0
SO66187,6401,147,2013-09-11,2013-09-18,2013-09-23,2295.0,1,2295.0
SO66187,6401,148,2013-09-11,2013-09-18,2013-09-23,2295.0,1,2295.0
SO66188,5005,147,2013-09-11,2013-09-18,2013-09-23,2295.0,1,2295.0
SO66188,5005,148,2013-09-11,2013-09-18,2013-09-23,2295.0,1,2295.0
SO66189,5079,141,2013-09-11,2013-09-18,2013-09-23,2320.0,1,2320.0
SO66189,5079,142,2013-09-11,2013-09-18,2013-09-23,2320.0,1,2320.0
SO66190,4970,151,2013-09-11,2013-09-18,2013-09-23,2295.0,1,2295.0
SO66190,4970,152,2013-09-11,2013-09-18,2013-09-23,2295.0,1,2295.0
SO66191,12657,369,2013-09-11,2013-09-18,2013-09-23,1701.0,1,1701.0
SO66192,12662,372,2013-09-11,2013-09-18,2013-09-23,1701.0,1,1701.0
SO66193,16600,395,2013-09-11,2013-09-18,2013-09-23,540.0,1,540.0
SO66194,1573,388,2013-09-11,2013-09-18,2013-09-23,540.0,1,540.0
SO66195,18256,357,2013-09-11,2013-09-18,2013-09-23,742.0,1,742.0
SO66196,15540,353,2013-09-11,2013-09-18,2013-09-23,2384.0,1,2384.0
SO66197,13788,351,2013-09-11,2013-09-18,2013-09-23,2384.0,1,2384.0
SO66198,10265,170,2013-09-11,2013-09-18,2013-09-23,1120.0,1,1120.0
SO66198,10265,171,2013-09-11,2013-09-18,2013-09-23,1120.0,1,1120.0
SO66199,7087,370,2013-09-11,2013-09-18,2013-09-23,1701.0,1,1701.0
SO66200,9858,172,2013-09-11,2013-09-18,2013-09-23,1120.0,1,1120.0
SO66200,9858,173,2013-09-11,2013-09-18,2013-09-23,1120.0,1,1120.0
SO66201,9844,172,2013-09-11,2013-09-18,2013-09-23,1120.0,1,1120.0
SO66201,9844,173,2013-09-11,2013-09-18,2013-09-23,1120.0,1,1120.0
SO66202,6867,371,2013-09-11,2013-09-18,2013-09-23,1701.0,1,1701.0
SO66203,1608,373,2013-09-11,2013-09-18,2013-09-23,540.0,1,540.0
SO66204,16853,373,2013-09-11,2013-09-18,2013-09-23,540.0,1,540.0
SO66205,2106,368,2013-09-11,2013-09-18,2013-09-23,1215.0,1,1215.0
SO66206,3231,367,2013-09-11,2013-09-18,2013-09-23,1215.0,1,1215.0
SO66207,5622,317,2013-09-12,2013-09-19,2013-09-24,5.0,1,5.0
SO66208,4142,1,2013-09-12,2013-09-19,2013-09-24,35.0,1,35.0
SO66208,4142,2,2013-09-12,2013-09-19,2013-09-24,35.0,1,35.0
SO66208,4142,3,2013-09-12,2013-09-19,2013-09-24,35.0,1,35.0
SO66209,6288,12,2013-09-12,2013-09-19,2013-09-24,9.0,1,9.0
SO66209,6288,13,2013-09-12,2013-09-19,2013-09-24,9.0,1,9.0
SO66209,6288,14,2013-09-12,2013-09-19,2013-09-24,9.0,1,9.0
SO66210,5691,329,2013-09-12,2013-09-19,2013-09-24,33.0,1,33.0
SO66211,5568,149,2013-09-12,2013-09-19,2013-09-24,2295.0,1,2295.0
SO66211,5568,150,2013-09-12,2013-09-19,2013-09-24,2295.0,1,2295.0
SO66212,521,4,2013-09-12,2013-09-19,2013-09-24,35.0,1,35.0
SO66212,521,5,2013-09-12,2013-09-19,2013-09-24,35.0,1,35.0
SO66212,521,6,2013-09-12,2013-09-19,2013-09-24,35.0,1,35.0
SO66213,808,278,2013-09-12,2013-09-19,2013-09-24,54.0,1,54.0
SO66214,16221,318,2013-09-12,2013-09-19,2013-09-24,4.0,1,4.0
SO66215,201,328,2013-09-12,2013-09-19,2013-09-24,25.0,1,25.0
SO66216,17277,319,2013-09-12,2013-09-19,2013-09-24,5.0,1,5.0
SO66217,17090,319,2013-09-12,2013-09-19,2013-09-24,5.0,1,5.0
SO66218,14334,329,2013-09-12,2013-09-19,2013-09-24,33.0,1,33.0
SO66219,14351,324,2013-09-12,2013-09-19,2013-09-24,25.0,1,25.0
SO66220,13295,318,2013-09-12,2013-09-19,2013-09-24,4.0,1,4.0
SO66221,12810,325,2013-09-12,2013-09-19,2013-09-24,30.0,1,30.0
SO66222,7330,325,2013-09-12,2013-09-19,2013-09-24,30.0,1,30.0
SO66223,11755,325,2013-09-12,2013-09-19,2013-09-24,30.0,1,30.0
SO66224,7979,325,2013-09-12,2013-09-19,2013-09-24,30.0,1,30.0
SO66225,7876,325,2013-09-12,2013-09-19,2013-09-24,30.0,1,30.0
SO66226,11376,325,2013-09-12,2013-09-19,2013-09-24,30.0,1,30.0
SO66227,10908,266,2013-09-12,2013-09-19,2013-09-24,5.0,1,5.0
SO66228,824,267,2013-09-12,2013-09-19,2013-09-24,10.0,1,10.0
SO66229,2198,266,2013-09-12,2013-09-19,2013-09-24,5.0,1,5.0
SO66230,12402,317,2013-09-12,2013-09-19,2013-09-24,5.0,1,5.0
SO66231,4360,317,2013-09-12,2013-09-19,2013-09-24,5.0,1,5.0
SO66232,3433,274,2013-09-12,2013-09-19,2013-09-24,22.0,1,22.0
SO66233,4814,274,2013-09-12,2013-09-19,2013-09-24,22.0,1,22.0
SO66234,4708,326,2013-09-12,2013-09-19,2013-09-24,35.0,1,35.0
SO66235,3841,265,2013-09-12,2013-09-19,2013-09-24,70.0,1,70.0
SO66236,11838,317,2013-09-12,2013-09-19,2013-09-24,5.0,1,5.0
SO66237,15406,330,2013-09-12,2013-09-19,2013-09-24,29.0,1,29.0
SO66238,13120,12,2013-09-12,2013-09-19,2013-09-24,9.0,1,9.0
SO66238,13120,13,2013-09-12,2013-09-19,2013-09-24,9.0,1,9.0
SO66238,13120,14,2013-09-12,2013-09-19,2013-09-24,9.0,1,9.0
SO66239,216,317,2013-09-12,2013-09-19,2013-09-24,5.0,1,5.0
SO66240,3874,274,2013-09-12,2013-09-19,2013-09-24,22.0,1,22.0
SO66241,5067,388,2013-09-12,2013-09-19,2013-09-24,540.0,1,540.0
SO66242,5070,383,2013-09-12,2013-09-19,2013-09-24,565.0,1,565.0
SO66243,3853,377,2013-09-12,2013-09-19,2013-09-24,769.0,1,769.0
SO66244,4949,149,2013-09-12,2013-09-19,2013-09-24,2295.0,1,2295.0
SO66244,4949,150,2013-09-12,2013-09-19,2013-09-24,2295.0,1,2295.0
SO66245,486,366,2013-09-12,2013-09-19,2013-09-24,1215.0,1,1215.0
SO66246,494,349,2013-09-12,2013-09-19,2013-09-24,1215.0,1,1215.0
SO66247,17734,363,2013-09-12,2013-09-19,2013-09-24,2384.0,1,2384.0
SO66248,12661,370,2013-09-12,2013-09-19,2013-09-24,1701.0,1,1701.0
SO66249,4436,369,2013-09-12,2013-09-19,2013-09-24,1701.0,1,1701.0
SO66250,15143,170,2013-09-12,2013-09-19,2013-09-24,1120.0,1,1120.0
SO66250,15143,171,2013-09-12,2013-09-19,2013-09-24,1120.0,1,1120.0
SO66251,4121,141,2013-09-12,2013-09-19,2013-09-24,2320.0,1,2320.0
SO66251,4121,142,2013-09-12,2013-09-19,2013-09-24,2320.0,1,2320.0
SO66252,10556,168,2013-09-12,2013-09-19,2013-09-24,2443.0,1,2443.0
SO66252,10556,169,2013-09-12,2013-09-19,2013-09-24,2443.0,1,2443.0
SO66253,13791,351,2013-09-12,2013-09-19,2013-09-24,2384.0,1,2384.0
SO66254,6373,372,2013-09-12,2013-09-19,2013-09-24,1701.0,1,1701.0
SO66255,7089,371,2013-09-12,2013-09-19,2013-09-24,1701.0,1,1701.0
SO66256,16891,373,2013-09-12,2013-09-19,2013-09-24,540.0,1,540.0
SO66257,13078,395,2013-09-12,2013-09-19,2013-09-24,540.0,1,540.0
SO66258,15979,395,2013-09-12,2013-09-19,2013-09-24,540.0,1,540.0
SO66259,18458,357,2013-09-12,2013-09-19,2013-09-24,742.0,1,742.0
SO66260,2107,367,2013-09-12,2013-09-19,2013-09-24,1215.0,1,1215.0
SO66261,1349,364,2013-09-12,2013-09-19,2013-09-24,2384.0,1,2384.0
SO66262,1671,365,2013-09-12,2013-09-19,2013-09-24,2384.0,1,2384.0
SO66263,6240,325,2013-09-13,2013-09-20,2013-09-25,30.0,1,30.0
SO66264,10961,317,2013-09-13,2013-09-20,2013-09-25,5.0,1,5.0
SO66265,4605,266,2013-09-13,2013-09-20,2013-09-25,5.0,1,5.0
SO66266,13270,266,2013-09-13,2013-09-20,2013-09-25,5.0,1,5.0
SO66267,2048,330,2013-09-13,2013-09-20,2013-09-25,29.0,1,29.0
SO66268,6494,276,2013-09-13,2013-09-20,2013-09-25,55.0,1,55.0
SO66269,6054,280,2013-09-13,2013-09-20,2013-09-25,54.0,1,54.0
SO66270,988,253,2013-09-13,2013-09-20,2013-09-25,24.0,1,24.0
SO66270,988,254,2013-09-13,2013-09-20,2013-09-25,24.0,1,24.0
SO66271,1465,143,2013-09-13,2013-09-20,2013-09-25,2320.0,1,2320.0
SO66271,1465,144,2013-09-13,2013-09-20,2013-09-25,2320.0,1,2320.0
SO66272,8367,376,2013-09-13,2013-09-20,2013-09-25,769.0,1,769.0
SO66273,312,269,2013-09-13,2013-09-20,2013-09-25,2.0,1,2.0
SO66274,508,328,2013-09-13,2013-09-20,2013-09-25,25.0,1,25.0
SO66275,18172,328,2013-09-13,2013-09-20,2013-09-25,25.0,1,25.0
SO66276,14191,329,2013-09-13,2013-09-20,2013-09-25,33.0,1,33.0
SO66277,15089,324,2013-09-13,2013-09-20,2013-09-25,25.0,1,25.0
SO66278,12296,325,2013-09-13,2013-09-20,2013-09-25,30.0,1,30.0
SO66279,13982,329,2013-09-13,2013-09-20,2013-09-25,33.0,1,33.0
SO66280,10469,267,2013-09-13,2013-09-20,2013-09-25,10.0,1,10.0
SO66281,9295,265,2013-09-13,2013-09-20,2013-09-25,70.0,1,70.0
SO66282,7397,266,2013-09-13,2013-09-20,2013-09-25,5.0,1,5.0
SO66283,7405,266,2013-09-13,2013-09-20,2013-09-25,5.0,1,5.0
SO66284,5242,264,2013-09-13,2013-09-20,2013-09-25,70.0,1,70.0
SO66285,8167,263,2013-09-13,2013-09-20,2013-09-25,70.0,1,70.0
SO66286,16020,266,2013-09-13,2013-09-20,2013-09-25,5.0,1,5.0
SO66287,5656,266,2013-09-13,2013-09-20,2013-09-25,5.0,1,5.0
SO66288,4164,317,2013-09-13,2013-09-20,2013-09-25,5.0,1,5.0
SO66289,8939,317,2013-09-13,2013-09-20,2013-09-25,5.0,1,5.0
SO66290,10843,266,2013-09-13,2013-09-20,2013-09-25,5.0,1,5.0
SO66291,9804,318,2013-09-13,2013-09-20,2013-09-25,4.0,1,4.0
SO66292,11710,330,2013-09-13,2013-09-20,2013-09-25,29.0,1,29.0
SO66293,11802,266,2013-09-13,2013-09-20,2013-09-25,5.0,1,5.0
SO66294,12446,330,2013-09-13,2013-09-20,2013-09-25,29.0,1,29.0
SO66295,5388,319,2013-09-13,2013-09-20,2013-09-25,5.0,1,5.0
SO66296,8641,274,2013-09-13,2013-09-20,2013-09-25,22.0,1,22.0
SO66297,2040,376,2013-09-13,2013-09-20,2013-09-25,769.0,1,769.0
SO66298,3747,378,2013-09-13,2013-09-20,2013-09-25,769.0,1,769.0
SO66299,4841,151,2013-09-13,2013-09-20,2013-09-25,2295.0,1,2295.0
SO66299,4841,152,2013-09-13,2013-09-20,2013-09-25,2295.0,1,2295.0
SO66300,4981,147,2013-09-13,2013-09-20,2013-09-25,2295.0,1,2295.0
SO66300,4981,148,2013-09-13,2013-09-20,2013-09-25,2295.0,1,2295.0
SO66301,4631,374,2013-09-13,2013-09-20,2013-09-25,742.0,1,742.0
SO66302,4263,370,2013-09-13,2013-09-20,2013-09-25,1701.0,1,1701.0
SO66303,14832,176,2013-09-13,2013-09-20,2013-09-25,1120.0,1,1120.0
SO66303,14832,177,2013-09-13,2013-09-20,2013-09-25,1120.0,1,1120.0
SO66304,6915,170,2013-09-13,2013-09-20,2013-09-25,1120.0,1,1120.0
SO66304,6915,171,2013-09-13,2013-09-20,2013-09-25,1120.0,1,1120.0
SO66305,6920,178,2013-09-13,2013-09-20,2013-09-25,1120.0,1,1120.0
SO66305,6920,179,2013-09-13,2013-09-20,2013-09-25,1120.0,1,1120.0
SO66306,16690,394,2013-09-13,2013-09-20,2013-09-25,540.0,1,540.0
SO66307,10557,164,2013-09-13,2013-09-20,2013-09-25,2443.0,1,2443.0
SO66307,10557,165,2013-09-13,2013-09-20,2013-09-25,2443.0,1,2443.0
SO66308,15628,360,2013-09-13,2013-09-20,2013-09-25,742.0,1,742.0
SO66309,12142,394,2013-09-13,2013-09-20,2013-09-25,540.0,1,540.0
SO66310,12143,393,2013-09-13,2013-09-20,2013-09-25,540.0,1,540.0
SO66311,12163,395,2013-09-13,2013-09-20,2013-09-25,540.0,1,540.0
SO66312,12396,394,2013-09-13,2013-09-20,2013-09-25,540.0,1,540.0
SO66313,2721,174,2013-09-13,2013-09-20,2013-09-25,1120.0,1,1120.0
SO66313,2721,175,2013-09-13,2013-09-20,2013-09-25,1120.0,1,1120.0
SO66314,10150,170,2013-09-13,2013-09-20,2013-09-25,1120.0,1,1120.0
SO66314,10150,171,2013-09-13,2013-09-20,2013-09-25,1120.0,1,1120.0
SO66315,7050,370,2013-09-13,2013-09-20,2013-09-25,1701.0,1,1701.0
SO66316,16892,373,2013-09-13,2013-09-20,2013-09-25,540.0,1,540.0
SO66317,13019,395,2013-09-13,2013-09-20,2013-09-25,540.0,1,540.0
SO66318,4028,377,2013-09-14,2013-09-21,2013-09-26,769.0,1,769.0
SO66319,4209,379,2013-09-14,2013-09-21,2013-09-26,769.0,1,769.0
SO66320,7135,151,2013-09-14,2013-09-21,2013-09-26,2295.0,1,2295.0
SO66320,7135,152,2013-09-14,2013-09-21,2013-09-26,2295.0,1,2295.0
SO66321,10182,325,2013-09-14,2013-09-21,2013-09-26,30.0,1,30.0
SO66322,15160,264,2013-09-14,2013-09-21,2013-09-26,70.0,1,70.0
SO66323,6061,279,2013-09-14,2013-09-21,2013-09-26,54.0,1,54.0
SO66324,5618,318,2013-09-14,2013-09-21,2013-09-26,4.0,1,4.0
SO66325,140,12,2013-09-14,2013-09-21,2013-09-26,9.0,1,9.0
SO66325,140,13,2013-09-14,2013-09-21,2013-09-26,9.0,1,9.0
SO66325,140,14,2013-09-14,2013-09-21,2013-09-26,9.0,1,9.0
SO66326,3100,275,2013-09-14,2013-09-21,2013-09-26,159.0,1,159.0
SO66327,2691,145,2013-09-14,2013-09-21,2013-09-26,2320.0,1,2320.0
SO66327,2691,146,2013-09-14,2013-09-21,2013-09-26,2320.0,1,2320.0
SO66328,9865,164,2013-09-14,2013-09-21,2013-09-26,2443.0,1,2443.0
SO66328,9865,165,2013-09-14,2013-09-21,2013-09-26,2443.0,1,2443.0
SO66329,17292,319,2013-09-14,2013-09-21,2013-09-26,5.0,1,5.0
SO66330,263,318,2013-09-14,2013-09-21,2013-09-26,4.0,1,4.0
SO66331,13951,329,2013-09-14,2013-09-21,2013-09-26,33.0,1,33.0
SO66332,4311,329,2013-09-14,2013-09-21,2013-09-26,33.0,1,33.0
SO66333,9281,324,2013-09-14,2013-09-21,2013-09-26,25.0,1,25.0
SO66334,13508,329,2013-09-14,2013-09-21,2013-09-26,33.0,1,33.0
SO66335,678,317,2013-09-14,2013-09-21,2013-09-26,5.0,1,5.0
SO66336,11038,325,2013-09-14,2013-09-21,2013-09-26,30.0,1,30.0
SO66337,10695,267,2013-09-14,2013-09-21,2013-09-26,10.0,1,10.0
SO66338,10431,267,2013-09-14,2013-09-21,2013-09-26,10.0,1,10.0
SO66339,3459,266,2013-09-14,2013-09-21,2013-09-26,5.0,1,5.0
SO66340,9103,266,2013-09-14,2013-09-21,2013-09-26,5.0,1,5.0
SO66341,15181,266,2013-09-14,2013-09-21,2013-09-26,5.0,1,5.0
SO66342,6045,266,2013-09-14,2013-09-21,2013-09-26,5.0,1,5.0
SO66343,3784,265,2013-09-14,2013-09-21,2013-09-26,70.0,1,70.0
SO66344,6857,324,2013-09-14,2013-09-21,2013-09-26,25.0,1,25.0
SO66345,2531,324,2013-09-14,2013-09-21,2013-09-26,25.0,1,25.0
SO66346,9947,266,2013-09-14,2013-09-21,2013-09-26,5.0,1,5.0
SO66347,17382,330,2013-09-14,2013-09-21,2013-09-26,29.0,1,29.0
SO66348,13150,319,2013-09-14,2013-09-21,2013-09-26,5.0,1,5.0
SO66349,6580,274,2013-09-14,2013-09-21,2013-09-26,22.0,1,22.0
SO66350,10424,377,2013-09-14,2013-09-21,2013-09-26,769.0,1,769.0
SO66351,5095,385,2013-09-14,2013-09-21,2013-09-26,540.0,1,540.0
SO66352,2716,386,2013-09-14,2013-09-21,2013-09-26,540.0,1,540.0
SO66353,4843,147,2013-09-14,2013-09-21,2013-09-26,2295.0,1,2295.0
SO66353,4843,148,2013-09-14,2013-09-21,2013-09-26,2295.0,1,2295.0
SO66354,4955,141,2013-09-14,2013-09-21,2013-09-26,2320.0,1,2320.0
SO66354,4955,142,2013-09-14,2013-09-21,2013-09-26,2320.0,1,2320.0
SO66355,4962,143,2013-09-14,2013-09-21,2013-09-26,2320.0,1,2320.0
SO66355,4962,144,2013-09-14,2013-09-21,2013-09-26,2320.0,1,2320.0
SO66356,4977,141,2013-09-14,2013-09-21,2013-09-26,2320.0,1,2320.0
SO66356,4977,142,2013-09-14,2013-09-21,2013-09-26,2320.0,1,2320.0
SO66357,5427,368,2013-09-14,2013-09-21,2013-09-26,1215.0,1,1215.0
SO66358,12656,372,2013-09-14,2013-09-21,2013-09-26,1701.0,1,1701.0
SO66359,10394,160,2013-09-14,2013-09-21,2013-09-26,2443.0,1,2443.0
SO66359,10394,161,2013-09-14,2013-09-21,2013-09-26,2443.0,1,2443.0
SO66360,5165,381,2013-09-14,2013-09-21,2013-09-26,565.0,1,565.0
SO66361,3282,351,2013-09-14,2013-09-21,2013-09-26,2384.0,1,2384.0
SO66362,15610,365,2013-09-14,2013-09-21,2013-09-26,2384.0,1,2384.0
SO66363,3460,363,2013-09-14,2013-09-21,2013-09-26,2384.0,1,2384.0
SO66364,10275,176,2013-09-14,2013-09-21,2013-09-26,1120.0,1,1120.0
SO66364,10275,177,2013-09-14,2013-09-21,2013-09-26,1120.0,1,1120.0
SO66365,6860,369,2013-09-14,2013-09-21,2013-09-26,1701.0,1,1701.0
SO66366,13053,373,2013-09-14,2013-09-21,2013-09-26,540.0,1,540.0
SO66367,11674,373,2013-09-14,2013-09-21,2013-09-26,540.0,1,540.0
SO66368,434,352,2013-09-14,2013-09-21,2013-09-26,2384.0,1,2384.0
SO66369,18455,355,2013-09-14,2013-09-21,2013-09-26,742.0,1,742.0
SO66370,3260,359,2013-09-14,2013-09-21,2013-09-26,742.0,1,742.0
SO66371,18459,360,2013-09-14,2013-09-21,2013-09-26,742.0,1,742.0
SO66372,1676,353,2013-09-14,2013-09-21,2013-09-26,2384.0,1,2384.0
SO66373,14312,371,2013-09-15,2013-09-22,2013-09-27,1701.0,1,1701.0
SO66374,6942,371,2013-09-15,2013-09-22,2013-09-27,1701.0,1,1701.0
SO66375,503,268,2013-09-15,2013-09-22,2013-09-27,9.0,1,9.0
SO66376,147,317,2013-09-15,2013-09-22,2013-09-27,5.0,1,5.0
SO66377,16594,319,2013-09-15,2013-09-22,2013-09-27,5.0,1,5.0
SO66378,5180,329,2013-09-15,2013-09-22,2013-09-27,33.0,1,33.0
SO66379,7708,269,2013-09-15,2013-09-22,2013-09-27,2.0,1,2.0
SO66380,1484,141,2013-09-15,2013-09-22,2013-09-27,2320.0,1,2320.0
SO66380,1484,142,2013-09-15,2013-09-22,2013-09-27,2320.0,1,2320.0
SO66381,3539,377,2013-09-15,2013-09-22,2013-09-27,769.0,1,769.0
SO66382,5318,376,2013-09-15,2013-09-22,2013-09-27,769.0,1,769.0
SO66383,203,318,2013-09-15,2013-09-22,2013-09-27,4.0,1,4.0
SO66384,16992,269,2013-09-15,2013-09-22,2013-09-27,2.0,1,2.0
SO66385,15463,324,2013-09-15,2013-09-22,2013-09-27,25.0,1,25.0
SO66386,3329,317,2013-09-15,2013-09-22,2013-09-27,5.0,1,5.0
SO66387,4816,329,2013-09-15,2013-09-22,2013-09-27,33.0,1,33.0
SO66388,12565,317,2013-09-15,2013-09-22,2013-09-27,5.0,1,5.0
SO66389,660,271,2013-09-15,2013-09-22,2013-09-27,9.0,1,9.0
SO66390,9294,264,2013-09-15,2013-09-22,2013-09-27,70.0,1,70.0
SO66391,7829,265,2013-09-15,2013-09-22,2013-09-27,70.0,1,70.0
SO66392,13826,266,2013-09-15,2013-09-22,2013-09-27,5.0,1,5.0
SO66393,15496,266,2013-09-15,2013-09-22,2013-09-27,5.0,1,5.0
SO66394,18214,266,2013-09-15,2013-09-22,2013-09-27,5.0,1,5.0
SO66395,9190,317,2013-09-15,2013-09-22,2013-09-27,5.0,1,5.0
SO66396,2302,274,2013-09-15,2013-09-22,2013-09-27,22.0,1,22.0
SO66397,15385,330,2013-09-15,2013-09-22,2013-09-27,29.0,1,29.0
SO66398,14506,318,2013-09-15,2013-09-22,2013-09-27,4.0,1,4.0
SO66399,9955,318,2013-09-15,2013-09-22,2013-09-27,4.0,1,4.0
SO66400,15972,318,2013-09-15,2013-09-22,2013-09-27,4.0,1,4.0
SO66401,11556,327,2013-09-15,2013-09-22,2013-09-27,21.0,1,21.0
SO66402,4695,319,2013-09-15,2013-09-22,2013-09-27,5.0,1,5.0
SO66403,14663,319,2013-09-15,2013-09-22,2013-09-27,5.0,1,5.0
SO66404,7954,378,2013-09-15,2013-09-22,2013-09-27,769.0,1,769.0
SO66405,4844,145,2013-09-15,2013-09-22,2013-09-27,2320.0,1,2320.0
SO66405,4844,146,2013-09-15,2013-09-22,2013-09-27,2320.0,1,2320.0
SO66406,4846,145,2013-09-15,2013-09-22,2013-09-27,2320.0,1,2320.0
SO66406,4846,146,2013-09-15,2013-09-22,2013-09-27,2320.0,1,2320.0
SO66407,4889,145,2013-09-15,2013-09-22,2013-09-27,2320.0,1,2320.0
SO66407,4889,146,2013-09-15,2013-09-22,2013-09-27,2320.0,1,2320.0
SO66408,4781,145,2013-09-15,2013-09-22,2013-09-27,2320.0,1,2320.0
SO66408,4781,146,2013-09-15,2013-09-22,2013-09-27,2320.0,1,2320.0
SO66409,2272,141,2013-09-15,2013-09-22,2013-09-27,2320.0,1,2320.0
SO66409,2272,142,2013-09-15,2013-09-22,2013-09-27,2320.0,1,2320.0
SO66410,4079,356,2013-09-15,2013-09-22,2013-09-27,742.0,1,742.0
SO66411,16134,357,2013-09-15,2013-09-22,2013-09-27,742.0,1,742.0
SO66412,415,355,2013-09-15,2013-09-22,2013-09-27,742.0,1,742.0
SO66413,8341,368,2013-09-15,2013-09-22,2013-09-27,1215.0,1,1215.0
SO66414,250,353,2013-09-15,2013-09-22,2013-09-27,2384.0,1,2384.0
SO66415,4426,369,2013-09-15,2013-09-22,2013-09-27,1701.0,1,1701.0
SO66416,16708,393,2013-09-15,2013-09-22,2013-09-27,540.0,1,540.0
SO66417,3311,149,2013-09-15,2013-09-22,2013-09-27,2295.0,1,2295.0
SO66417,3311,150,2013-09-15,2013-09-22,2013-09-27,2295.0,1,2295.0
SO66418,10561,160,2013-09-15,2013-09-22,2013-09-27,2443.0,1,2443.0
SO66418,10561,161,2013-09-15,2013-09-22,2013-09-27,2443.0,1,2443.0
SO66419,10218,168,2013-09-15,2013-09-22,2013-09-27,2443.0,1,2443.0
SO66419,10218,169,2013-09-15,2013-09-22,2013-09-27,2443.0,1,2443.0
SO66420,10216,166,2013-09-15,2013-09-22,2013-09-27,2443.0,1,2443.0
SO66420,10216,167,2013-09-15,2013-09-22,2013-09-27,2443.0,1,2443.0
SO66421,15612,365,2013-09-15,2013-09-22,2013-09-27,2384.0,1,2384.0
SO66422,13789,363,2013-09-15,2013-09-22,2013-09-27,2384.0,1,2384.0
SO66423,15704,351,2013-09-15,2013-09-22,2013-09-27,2384.0,1,2384.0
SO66424,10623,373,2013-09-15,2013-09-22,2013-09-27,540.0,1,540.0
SO66425,10345,174,2013-09-15,2013-09-22,2013-09-27,1120.0,1,1120.0
SO66425,10345,175,2013-09-15,2013-09-22,2013-09-27,1120.0,1,1120.0
SO66426,13193,176,2013-09-15,2013-09-22,2013-09-27,1120.0,1,1120.0
SO66426,13193,177,2013-09-15,2013-09-22,2013-09-27,1120.0,1,1120.0
SO66427,17420,176,2013-09-15,2013-09-22,2013-09-27,1120.0,1,1120.0
SO66427,17420,177,2013-09-15,2013-09-22,2013-09-27,1120.0,1,1120.0
SO66428,16009,393,2013-09-15,2013-09-22,2013-09-27,540.0,1,540.0
SO66429,11676,393,2013-09-15,2013-09-22,2013-09-27,540.0,1,540.0
SO66430,11646,394,2013-09-15,2013-09-22,2013-09-27,540.0,1,540.0
SO66431,7141,364,2013-09-15,2013-09-22,2013-09-27,2384.0,1,2384.0
SO66432,426,352,2013-09-15,2013-09-22,2013-09-27,2384.0,1,2384.0
SO66433,2128,324,2013-09-16,2013-09-23,2013-09-28,25.0,1,25.0
SO66434,12529,274,2013-09-16,2013-09-23,2013-09-28,22.0,1,22.0
SO66435,9255,318,2013-09-16,2013-09-23,2013-09-28,4.0,1,4.0
SO66436,16977,319,2013-09-16,2013-09-23,2013-09-28,5.0,1,5.0
SO66437,16358,265,2013-09-16,2013-09-23,2013-09-28,70.0,1,70.0
SO66438,15969,12,2013-09-16,2013-09-23,2013-09-28,9.0,1,9.0
SO66438,15969,13,2013-09-16,2013-09-23,2013-09-28,9.0,1,9.0
SO66438,15969,14,2013-09-16,2013-09-23,2013-09-28,9.0,1,9.0
SO66439,15429,264,2013-09-16,2013-09-23,2013-09-28,70.0,1,70.0
SO66440,13484,266,2013-09-16,2013-09-23,2013-09-28,5.0,1,5.0
SO66441,4719,1,2013-09-16,2013-09-23,2013-09-28,35.0,1,35.0
SO66441,4719,2,2013-09-16,2013-09-23,2013-09-28,35.0,1,35.0
SO66441,4719,3,2013-09-16,2013-09-23,2013-09-28,35.0,1,35.0
SO66442,2847,143,2013-09-16,2013-09-23,2013-09-28,2320.0,1,2320.0
SO66442,2847,144,2013-09-16,2013-09-23,2013-09-28,2320.0,1,2320.0
SO66443,2793,141,2013-09-16,2013-09-23,2013-09-28,2320.0,1,2320.0
SO66443,2793,142,2013-09-16,2013-09-23,2013-09-28,2320.0,1,2320.0
SO66444,12620,378,2013-09-16,2013-09-23,2013-09-28,769.0,1,769.0
SO66445,4080,389,2013-09-16,2013-09-23,2013-09-28,540.0,1,540.0
SO66446,4452,385,2013-09-16,2013-09-23,2013-09-28,540.0,1,540.0
SO66447,531,1,2013-09-16,2013-09-23,2013-09-28,35.0,1,35.0
SO66447,531,2,2013-09-16,2013-09-23,2013-09-28,35.0,1,35.0
SO66447,531,3,2013-09-16,2013-09-23,2013-09-28,35.0,1,35.0
SO66448,332,319,2013-09-16,2013-09-23,2013-09-28,5.0,1,5.0
SO66449,16386,330,2013-09-16,2013-09-23,2013-09-28,29.0,1,29.0
SO66450,16751,327,2013-09-16,2013-09-23,2013-09-28,21.0,1,21.0
SO66451,653,327,2013-09-16,2013-09-23,2013-09-28,21.0,1,21.0
SO66452,15526,324,2013-09-16,2013-09-23,2013-09-28,25.0,1,25.0
SO66453,14847,324,2013-09-16,2013-09-23,2013-09-28,25.0,1,25.0
SO66454,13525,329,2013-09-16,2013-09-23,2013-09-28,33.0,1,33.0
SO66455,12299,317,2013-09-16,2013-09-23,2013-09-28,5.0,1,5.0
SO66456,10755,267,2013-09-16,2013-09-23,2013-09-28,10.0,1,10.0
SO66457,10321,267,2013-09-16,2013-09-23,2013-09-28,10.0,1,10.0
SO66458,10474,267,2013-09-16,2013-09-23,2013-09-28,10.0,1,10.0
SO66459,9186,263,2013-09-16,2013-09-23,2013-09-28,70.0,1,70.0
SO66460,2467,266,2013-09-16,2013-09-23,2013-09-28,5.0,1,5.0
SO66461,7518,264,2013-09-16,2013-09-23,2013-09-28,70.0,1,70.0
SO66462,5809,266,2013-09-16,2013-09-23,2013-09-28,5.0,1,5.0
SO66463,6607,266,2013-09-16,2013-09-23,2013-09-28,5.0,1,5.0
SO66464,3152,274,2013-09-16,2013-09-23,2013-09-28,22.0,1,22.0
SO66465,7125,274,2013-09-16,2013-09-23,2013-09-28,22.0,1,22.0
SO66466,18421,280,2013-09-16,2013-09-23,2013-09-28,54.0,1,54.0
SO66467,6819,318,2013-09-16,2013-09-23,2013-09-28,4.0,1,4.0
SO66468,11418,327,2013-09-16,2013-09-23,2013-09-28,21.0,1,21.0
SO66469,1732,319,2013-09-16,2013-09-23,2013-09-28,5.0,1,5.0
SO66470,6206,319,2013-09-16,2013-09-23,2013-09-28,5.0,1,5.0
SO66471,783,326,2013-09-16,2013-09-23,2013-09-28,35.0,1,35.0
SO66472,1141,326,2013-09-16,2013-09-23,2013-09-28,35.0,1,35.0
SO66473,954,317,2013-09-16,2013-09-23,2013-09-28,5.0,1,5.0
SO66474,585,12,2013-09-16,2013-09-23,2013-09-28,9.0,1,9.0
SO66474,585,13,2013-09-16,2013-09-23,2013-09-28,9.0,1,9.0
SO66474,585,14,2013-09-16,2013-09-23,2013-09-28,9.0,1,9.0
SO66475,1611,12,2013-09-16,2013-09-23,2013-09-28,9.0,1,9.0
SO66475,1611,13,2013-09-16,2013-09-23,2013-09-28,9.0,1,9.0
SO66475,1611,14,2013-09-16,2013-09-23,2013-09-28,9.0,1,9.0
SO66476,3740,377,2013-09-16,2013-09-23,2013-09-28,769.0,1,769.0
SO66477,1887,141,2013-09-16,2013-09-23,2013-09-28,2320.0,1,2320.0
SO66477,1887,142,2013-09-16,2013-09-23,2013-09-28,2320.0,1,2320.0
SO66478,4874,151,2013-09-16,2013-09-23,2013-09-28,2295.0,1,2295.0
SO66478,4874,152,2013-09-16,2013-09-23,2013-09-28,2295.0,1,2295.0
SO66479,1885,143,2013-09-16,2013-09-23,2013-09-28,2320.0,1,2320.0
SO66479,1885,144,2013-09-16,2013-09-23,2013-09-28,2320.0,1,2320.0
SO66480,6623,143,2013-09-16,2013-09-23,2013-09-28,2320.0,1,2320.0
SO66480,6623,144,2013-09-16,2013-09-23,2013-09-28,2320.0,1,2320.0
SO66481,4966,151,2013-09-16,2013-09-23,2013-09-28,2295.0,1,2295.0
SO66481,4966,152,2013-09-16,2013-09-23,2013-09-28,2295.0,1,2295.0
SO66482,247,351,2013-09-16,2013-09-23,2013-09-28,2384.0,1,2384.0
SO66483,576,362,2013-09-16,2013-09-23,2013-09-28,2384.0,1,2384.0
SO66484,10200,370,2013-09-16,2013-09-23,2013-09-28,1701.0,1,1701.0
SO66485,14827,174,2013-09-16,2013-09-23,2013-09-28,1120.0,1,1120.0
SO66485,14827,175,2013-09-16,2013-09-23,2013-09-28,1120.0,1,1120.0
SO66486,18186,395,2013-09-16,2013-09-23,2013-09-28,540.0,1,540.0
SO66487,13176,373,2013-09-16,2013-09-23,2013-09-28,540.0,1,540.0
SO66488,3325,151,2013-09-16,2013-09-23,2013-09-28,2295.0,1,2295.0
SO66488,3325,152,2013-09-16,2013-09-23,2013-09-28,2295.0,1,2295.0
SO66489,10403,164,2013-09-16,2013-09-23,2013-09-28,2443.0,1,2443.0
SO66489,10403,165,2013-09-16,2013-09-23,2013-09-28,2443.0,1,2443.0
SO66490,7282,160,2013-09-16,2013-09-23,2013-09-28,2443.0,1,2443.0
SO66490,7282,161,2013-09-16,2013-09-23,2013-09-28,2443.0,1,2443.0
SO66491,15605,350,2013-09-16,2013-09-23,2013-09-28,2384.0,1,2384.0
SO66492,14917,368,2013-09-16,2013-09-23,2013-09-28,1215.0,1,1215.0
SO66493,6682,370,2013-09-16,2013-09-23,2013-09-28,1701.0,1,1701.0
SO66494,7122,372,2013-09-16,2013-09-23,2013-09-28,1701.0,1,1701.0
SO66495,7080,371,2013-09-16,2013-09-23,2013-09-28,1701.0,1,1701.0
SO66496,9848,178,2013-09-16,2013-09-23,2013-09-28,1120.0,1,1120.0
SO66496,9848,179,2013-09-16,2013-09-23,2013-09-28,1120.0,1,1120.0
SO66497,9855,178,2013-09-16,2013-09-23,2013-09-28,1120.0,1,1120.0
SO66497,9855,179,2013-09-16,2013-09-23,2013-09-28,1120.0,1,1120.0
SO66498,9871,176,2013-09-16,2013-09-23,2013-09-28,1120.0,1,1120.0
SO66498,9871,177,2013-09-16,2013-09-23,2013-09-28,1120.0,1,1120.0
SO66499,11655,394,2013-09-16,2013-09-23,2013-09-28,540.0,1,540.0
SO66500,246,362,2013-09-16,2013-09-23,2013-09-28,2384.0,1,2384.0
SO66501,5823,362,2013-09-16,2013-09-23,2013-09-28,2384.0,1,2384.0
SO66502,1668,365,2013-09-16,2013-09-23,2013-09-28,2384.0,1,2384.0
SO66503,11447,369,2013-09-17,2013-09-24,2013-09-29,1701.0,1,1701.0
SO66504,13834,372,2013-09-17,2013-09-24,2013-09-29,1701.0,1,1701.0
SO66505,6208,147,2013-09-17,2013-09-24,2013-09-29,2295.0,1,2295.0
SO66505,6208,148,2013-09-17,2013-09-24,2013-09-29,2295.0,1,2295.0
SO66506,5262,149,2013-09-17,2013-09-24,2013-09-29,2295.0,1,2295.0
SO66506,5262,150,2013-09-17,2013-09-24,2013-09-29,2295.0,1,2295.0
SO66507,1469,149,2013-09-17,2013-09-24,2013-09-29,2295.0,1,2295.0
SO66507,1469,150,2013-09-17,2013-09-24,2013-09-29,2295.0,1,2295.0
SO66508,10873,325,2013-09-17,2013-09-24,2013-09-29,30.0,1,30.0
SO66509,7266,325,2013-09-17,2013-09-24,2013-09-29,30.0,1,30.0
SO66510,14133,317,2013-09-17,2013-09-24,2013-09-29,5.0,1,5.0
SO66511,952,317,2013-09-17,2013-09-24,2013-09-29,5.0,1,5.0
SO66512,12439,266,2013-09-17,2013-09-24,2013-09-29,5.0,1,5.0
SO66513,6320,325,2013-09-17,2013-09-24,2013-09-29,30.0,1,30.0
SO66514,1360,318,2013-09-17,2013-09-24,2013-09-29,4.0,1,4.0
SO66515,4593,1,2013-09-17,2013-09-24,2013-09-29,35.0,1,35.0
SO66515,4593,2,2013-09-17,2013-09-24,2013-09-29,35.0,1,35.0
SO66515,4593,3,2013-09-17,2013-09-24,2013-09-29,35.0,1,35.0
SO66516,5342,330,2013-09-17,2013-09-24,2013-09-29,29.0,1,29.0
SO66517,2010,330,2013-09-17,2013-09-24,2013-09-29,29.0,1,29.0
SO66518,7712,269,2013-09-17,2013-09-24,2013-09-29,2.0,1,2.0
SO66519,7283,12,2013-09-17,2013-09-24,2013-09-29,9.0,1,9.0
SO66519,7283,13,2013-09-17,2013-09-24,2013-09-29,9.0,1,9.0
SO66519,7283,14,2013-09-17,2013-09-24,2013-09-29,9.0,1,9.0
SO66520,2160,266,2013-09-17,2013-09-24,2013-09-29,5.0,1,5.0
SO66521,4458,383,2013-09-17,2013-09-24,2013-09-29,565.0,1,565.0
SO66522,1101,12,2013-09-17,2013-09-24,2013-09-29,9.0,1,9.0
SO66522,1101,13,2013-09-17,2013-09-24,2013-09-29,9.0,1,9.0
SO66522,1101,14,2013-09-17,2013-09-24,2013-09-29,9.0,1,9.0
SO66523,209,269,2013-09-17,2013-09-24,2013-09-29,2.0,1,2.0
SO66524,17357,319,2013-09-17,2013-09-24,2013-09-29,5.0,1,5.0
SO66525,2232,330,2013-09-17,2013-09-24,2013-09-29,29.0,1,29.0
SO66526,5718,267,2013-09-17,2013-09-24,2013-09-29,10.0,1,10.0
SO66527,7788,12,2013-09-17,2013-09-24,2013-09-29,9.0,1,9.0
SO66527,7788,13,2013-09-17,2013-09-24,2013-09-29,9.0,1,9.0
SO66527,7788,14,2013-09-17,2013-09-24,2013-09-29,9.0,1,9.0
SO66528,8997,263,2013-09-17,2013-09-24,2013-09-29,70.0,1,70.0
SO66529,6384,266,2013-09-17,2013-09-24,2013-09-29,5.0,1,5.0
SO66530,5738,266,2013-09-17,2013-09-24,2013-09-29,5.0,1,5.0
SO66531,3463,274,2013-09-17,2013-09-24,2013-09-29,22.0,1,22.0
SO66532,4054,317,2013-09-17,2013-09-24,2013-09-29,5.0,1,5.0
SO66533,1753,325,2013-09-17,2013-09-24,2013-09-29,30.0,1,30.0
SO66534,14145,327,2013-09-17,2013-09-24,2013-09-29,21.0,1,21.0
SO66535,13074,266,2013-09-17,2013-09-24,2013-09-29,5.0,1,5.0
SO66536,17474,327,2013-09-17,2013-09-24,2013-09-29,21.0,1,21.0
SO66537,13181,318,2013-09-17,2013-09-24,2013-09-29,4.0,1,4.0
SO66538,1312,330,2013-09-17,2013-09-24,2013-09-29,29.0,1,29.0
SO66539,13723,330,2013-09-17,2013-09-24,2013-09-29,29.0,1,29.0
SO66540,1947,274,2013-09-17,2013-09-24,2013-09-29,22.0,1,22.0
SO66541,9642,162,2013-09-17,2013-09-24,2013-09-29,2443.0,1,2443.0
SO66541,9642,163,2013-09-17,2013-09-24,2013-09-29,2443.0,1,2443.0
SO66542,3876,379,2013-09-17,2013-09-24,2013-09-29,769.0,1,769.0
SO66543,2218,149,2013-09-17,2013-09-24,2013-09-29,2295.0,1,2295.0
SO66543,2218,150,2013-09-17,2013-09-24,2013-09-29,2295.0,1,2295.0
SO66544,1781,145,2013-09-17,2013-09-24,2013-09-29,2320.0,1,2320.0
SO66544,1781,146,2013-09-17,2013-09-24,2013-09-29,2320.0,1,2320.0
SO66545,5590,353,2013-09-17,2013-09-24,2013-09-29,2384.0,1,2384.0
SO66546,18187,373,2013-09-17,2013-09-24,2013-09-29,540.0,1,540.0
SO66547,1992,141,2013-09-17,2013-09-24,2013-09-29,2320.0,1,2320.0
SO66547,1992,142,2013-09-17,2013-09-24,2013-09-29,2320.0,1,2320.0
SO66548,10560,166,2013-09-17,2013-09-24,2013-09-29,2443.0,1,2443.0
SO66548,10560,167,2013-09-17,2013-09-24,2013-09-29,2443.0,1,2443.0
SO66549,7270,164,2013-09-17,2013-09-24,2013-09-29,2443.0,1,2443.0
SO66549,7270,165,2013-09-17,2013-09-24,2013-09-29,2443.0,1,2443.0
SO66550,18239,360,2013-09-17,2013-09-24,2013-09-29,742.0,1,742.0
SO66551,13784,363,2013-09-17,2013-09-24,2013-09-29,2384.0,1,2384.0
SO66552,14965,367,2013-09-17,2013-09-24,2013-09-29,1215.0,1,1215.0
SO66553,13792,362,2013-09-17,2013-09-24,2013-09-29,2384.0,1,2384.0
SO66554,12161,373,2013-09-17,2013-09-24,2013-09-29,540.0,1,540.0
SO66555,12164,394,2013-09-17,2013-09-24,2013-09-29,540.0,1,540.0
SO66556,7905,394,2013-09-17,2013-09-24,2013-09-29,540.0,1,540.0
SO66557,15684,395,2013-09-17,2013-09-24,2013-09-29,540.0,1,540.0
SO66558,10157,174,2013-09-17,2013-09-24,2013-09-29,1120.0,1,1120.0
SO66558,10157,175,2013-09-17,2013-09-24,2013-09-29,1120.0,1,1120.0
SO66559,10236,174,2013-09-17,2013-09-24,2013-09-29,1120.0,1,1120.0
SO66559,10236,175,2013-09-17,2013-09-24,2013-09-29,1120.0,1,1120.0
SO66560,10247,172,2013-09-17,2013-09-24,2013-09-29,1120.0,1,1120.0
SO66560,10247,173,2013-09-17,2013-09-24,2013-09-29,1120.0,1,1120.0
SO66561,7053,371,2013-09-17,2013-09-24,2013-09-29,1701.0,1,1701.0
SO66562,6869,371,2013-09-17,2013-09-24,2013-09-29,1701.0,1,1701.0
SO66563,16803,395,2013-09-17,2013-09-24,2013-09-29,540.0,1,540.0
SO66564,1399,395,2013-09-17,2013-09-24,2013-09-29,540.0,1,540.0
SO66565,1356,362,2013-09-17,2013-09-24,2013-09-29,2384.0,1,2384.0
SO66566,1681,364,2013-09-17,2013-09-24,2013-09-29,2384.0,1,2384.0
SO66567,11452,370,2013-09-18,2013-09-25,2013-09-30,1701.0,1,1701.0
SO66568,11423,369,2013-09-18,2013-09-25,2013-09-30,1701.0,1,1701.0
SO66569,3321,328,2013-09-18,2013-09-25,2013-09-30,25.0,1,25.0
SO66570,16496,326,2013-09-18,2013-09-25,2013-09-30,35.0,1,35.0
SO66571,10882,317,2013-09-18,2013-09-25,2013-09-30,5.0,1,5.0
SO66572,11961,266,2013-09-18,2013-09-25,2013-09-30,5.0,1,5.0
SO66573,1362,318,2013-09-18,2013-09-25,2013-09-30,4.0,1,4.0
SO66574,6305,9,2013-09-18,2013-09-25,2013-09-30,35.0,1,35.0
SO66574,6305,10,2013-09-18,2013-09-25,2013-09-30,35.0,1,35.0
SO66574,6305,11,2013-09-18,2013-09-25,2013-09-30,35.0,1,35.0
SO66575,16465,318,2013-09-18,2013-09-25,2013-09-30,4.0,1,4.0
SO66576,7177,151,2013-09-18,2013-09-25,2013-09-30,2295.0,1,2295.0
SO66576,7177,152,2013-09-18,2013-09-25,2013-09-30,2295.0,1,2295.0
SO66577,2785,147,2013-09-18,2013-09-25,2013-09-30,2295.0,1,2295.0
SO66577,2785,148,2013-09-18,2013-09-25,2013-09-30,2295.0,1,2295.0
SO66578,9165,164,2013-09-18,2013-09-25,2013-09-30,2443.0,1,2443.0
SO66578,9165,165,2013-09-18,2013-09-25,2013-09-30,2443.0,1,2443.0
SO66579,5329,376,2013-09-18,2013-09-25,2013-09-30,769.0,1,769.0
SO66580,673,277,2013-09-18,2013-09-25,2013-09-30,54.0,1,54.0
SO66581,1067,24,2013-09-18,2013-09-25,2013-09-30,50.0,1,50.0
SO66581,1067,25,2013-09-18,2013-09-25,2013-09-30,50.0,1,50.0
SO66581,1067,26,2013-09-18,2013-09-25,2013-09-30,50.0,1,50.0
SO66582,842,327,2013-09-18,2013-09-25,2013-09-30,21.0,1,21.0
SO66583,16645,327,2013-09-18,2013-09-25,2013-09-30,21.0,1,21.0
SO66584,770,317,2013-09-18,2013-09-25,2013-09-30,5.0,1,5.0
SO66585,13491,329,2013-09-18,2013-09-25,2013-09-30,33.0,1,33.0
SO66586,712,318,2013-09-18,2013-09-25,2013-09-30,4.0,1,4.0
SO66587,2989,329,2013-09-18,2013-09-25,2013-09-30,33.0,1,33.0
SO66588,2761,329,2013-09-18,2013-09-25,2013-09-30,33.0,1,33.0
SO66589,14000,329,2013-09-18,2013-09-25,2013-09-30,33.0,1,33.0
SO66590,11762,325,2013-09-18,2013-09-25,2013-09-30,30.0,1,30.0
SO66591,9535,267,2013-09-18,2013-09-25,2013-09-30,10.0,1,10.0
SO66592,12249,267,2013-09-18,2013-09-25,2013-09-30,10.0,1,10.0
SO66593,10468,267,2013-09-18,2013-09-25,2013-09-30,10.0,1,10.0
SO66594,11348,267,2013-09-18,2013-09-25,2013-09-30,10.0,1,10.0
SO66595,2752,266,2013-09-18,2013-09-25,2013-09-30,5.0,1,5.0
SO66596,6267,266,2013-09-18,2013-09-25,2013-09-30,5.0,1,5.0
SO66597,14071,266,2013-09-18,2013-09-25,2013-09-30,5.0,1,5.0
SO66598,7935,265,2013-09-18,2013-09-25,2013-09-30,70.0,1,70.0
SO66599,5648,266,2013-09-18,2013-09-25,2013-09-30,5.0,1,5.0
SO66600,4976,317,2013-09-18,2013-09-25,2013-09-30,5.0,1,5.0
SO66601,6675,317,2013-09-18,2013-09-25,2013-09-30,5.0,1,5.0
SO66602,4741,317,2013-09-18,2013-09-25,2013-09-30,5.0,1,5.0
SO66603,3351,274,2013-09-18,2013-09-25,2013-09-30,22.0,1,22.0
SO66604,4097,263,2013-09-18,2013-09-25,2013-09-30,70.0,1,70.0
SO66605,6931,325,2013-09-18,2013-09-25,2013-09-30,30.0,1,30.0
SO66606,10029,317,2013-09-18,2013-09-25,2013-09-30,5.0,1,5.0
SO66607,10537,317,2013-09-18,2013-09-25,2013-09-30,5.0,1,5.0
SO66608,13075,318,2013-09-18,2013-09-25,2013-09-30,4.0,1,4.0
SO66609,12930,330,2013-09-18,2013-09-25,2013-09-30,29.0,1,29.0
SO66610,4611,319,2013-09-18,2013-09-25,2013-09-30,5.0,1,5.0
SO66611,671,326,2013-09-18,2013-09-25,2013-09-30,35.0,1,35.0
SO66612,3173,267,2013-09-18,2013-09-25,2013-09-30,10.0,1,10.0
SO66613,1536,12,2013-09-18,2013-09-25,2013-09-30,9.0,1,9.0
SO66613,1536,13,2013-09-18,2013-09-25,2013-09-30,9.0,1,9.0
SO66613,1536,14,2013-09-18,2013-09-25,2013-09-30,9.0,1,9.0
SO66614,4544,274,2013-09-18,2013-09-25,2013-09-30,22.0,1,22.0
SO66615,2717,380,2013-09-18,2013-09-25,2013-09-30,565.0,1,565.0
SO66616,5069,389,2013-09-18,2013-09-25,2013-09-30,540.0,1,540.0
SO66617,17687,359,2013-09-18,2013-09-25,2013-09-30,742.0,1,742.0
SO66618,4131,145,2013-09-18,2013-09-25,2013-09-30,2320.0,1,2320.0
SO66618,4131,146,2013-09-18,2013-09-25,2013-09-30,2320.0,1,2320.0
SO66619,13172,373,2013-09-18,2013-09-25,2013-09-30,540.0,1,540.0
SO66620,16691,393,2013-09-18,2013-09-25,2013-09-30,540.0,1,540.0
SO66621,10226,166,2013-09-18,2013-09-25,2013-09-30,2443.0,1,2443.0
SO66621,10226,167,2013-09-18,2013-09-25,2013-09-30,2443.0,1,2443.0
SO66622,15633,355,2013-09-18,2013-09-25,2013-09-30,742.0,1,742.0
SO66623,15604,364,2013-09-18,2013-09-25,2013-09-30,2384.0,1,2384.0
SO66624,3119,363,2013-09-18,2013-09-25,2013-09-30,2384.0,1,2384.0
SO66625,13786,362,2013-09-18,2013-09-25,2013-09-30,2384.0,1,2384.0
SO66626,14918,349,2013-09-18,2013-09-25,2013-09-30,1215.0,1,1215.0
SO66627,12843,368,2013-09-18,2013-09-25,2013-09-30,1215.0,1,1215.0
SO66628,12399,394,2013-09-18,2013-09-25,2013-09-30,540.0,1,540.0
SO66629,12188,393,2013-09-18,2013-09-25,2013-09-30,540.0,1,540.0
SO66630,8204,393,2013-09-18,2013-09-25,2013-09-30,540.0,1,540.0
SO66631,9788,174,2013-09-18,2013-09-25,2013-09-30,1120.0,1,1120.0
SO66631,9788,175,2013-09-18,2013-09-25,2013-09-30,1120.0,1,1120.0
SO66632,6374,369,2013-09-18,2013-09-25,2013-09-30,1701.0,1,1701.0
SO66633,9878,172,2013-09-18,2013-09-25,2013-09-30,1120.0,1,1120.0
SO66633,9878,173,2013-09-18,2013-09-25,2013-09-30,1120.0,1,1120.0
SO66634,13061,260,2013-09-18,2013-09-25,2013-09-30,64.0,1,64.0
SO66635,11642,394,2013-09-18,2013-09-25,2013-09-30,540.0,1,540.0
SO66636,15960,394,2013-09-18,2013-09-25,2013-09-30,540.0,1,540.0
SO66637,1347,352,2013-09-18,2013-09-25,2013-09-30,2384.0,1,2384.0
SO66638,1682,362,2013-09-18,2013-09-25,2013-09-30,2384.0,1,2384.0
SO66639,6947,371,2013-09-19,2013-09-26,2013-10-01,1701.0,1,1701.0
SO66640,7127,149,2013-09-19,2013-09-26,2013-10-01,2295.0,1,2295.0
SO66640,7127,150,2013-09-19,2013-09-26,2013-10-01,2295.0,1,2295.0
SO66641,5264,147,2013-09-19,2013-09-26,2013-10-01,2295.0,1,2295.0
SO66641,5264,148,2013-09-19,2013-09-26,2013-10-01,2295.0,1,2295.0
SO66642,139,318,2013-09-19,2013-09-26,2013-10-01,4.0,1,4.0
SO66643,2048,324,2013-09-19,2013-09-26,2013-10-01,25.0,1,25.0
SO66644,4234,328,2013-09-19,2013-09-26,2013-10-01,25.0,1,25.0
SO66645,5666,317,2013-09-19,2013-09-26,2013-10-01,5.0,1,5.0
SO66646,8582,327,2013-09-19,2013-09-26,2013-10-01,21.0,1,21.0
SO66647,10175,326,2013-09-19,2013-09-26,2013-10-01,35.0,1,35.0
SO66648,16362,265,2013-09-19,2013-09-26,2013-10-01,70.0,1,70.0
SO66649,4599,267,2013-09-19,2013-09-26,2013-10-01,10.0,1,10.0
SO66650,6331,12,2013-09-19,2013-09-26,2013-10-01,9.0,1,9.0
SO66650,6331,13,2013-09-19,2013-09-26,2013-10-01,9.0,1,9.0
SO66650,6331,14,2013-09-19,2013-09-26,2013-10-01,9.0,1,9.0
SO66651,3542,377,2013-09-19,2013-09-26,2013-10-01,769.0,1,769.0
SO66652,5330,376,2013-09-19,2013-09-26,2013-10-01,769.0,1,769.0
SO66653,4071,384,2013-09-19,2013-09-26,2013-10-01,565.0,1,565.0
SO66654,4072,384,2013-09-19,2013-09-26,2013-10-01,565.0,1,565.0
SO66655,922,324,2013-09-19,2013-09-26,2013-10-01,25.0,1,25.0
SO66656,67,318,2013-09-19,2013-09-26,2013-10-01,4.0,1,4.0
SO66657,6348,327,2013-09-19,2013-09-26,2013-10-01,21.0,1,21.0
SO66658,20,327,2013-09-19,2013-09-26,2013-10-01,21.0,1,21.0
SO66659,15678,317,2013-09-19,2013-09-26,2013-10-01,5.0,1,5.0
SO66660,12676,325,2013-09-19,2013-09-26,2013-10-01,30.0,1,30.0
SO66661,10635,266,2013-09-19,2013-09-26,2013-10-01,5.0,1,5.0
SO66662,8635,265,2013-09-19,2013-09-26,2013-10-01,70.0,1,70.0
SO66663,5776,266,2013-09-19,2013-09-26,2013-10-01,5.0,1,5.0
SO66664,5677,12,2013-09-19,2013-09-26,2013-10-01,9.0,1,9.0
SO66664,5677,13,2013-09-19,2013-09-26,2013-10-01,9.0,1,9.0
SO66664,5677,14,2013-09-19,2013-09-26,2013-10-01,9.0,1,9.0
SO66665,12552,317,2013-09-19,2013-09-26,2013-10-01,5.0,1,5.0
SO66666,9782,317,2013-09-19,2013-09-26,2013-10-01,5.0,1,5.0
SO66667,3906,317,2013-09-19,2013-09-26,2013-10-01,5.0,1,5.0
SO66668,6702,317,2013-09-19,2013-09-26,2013-10-01,5.0,1,5.0
SO66669,17911,266,2013-09-19,2013-09-26,2013-10-01,5.0,1,5.0
SO66670,10549,328,2013-09-19,2013-09-26,2013-10-01,25.0,1,25.0
SO66671,17442,329,2013-09-19,2013-09-26,2013-10-01,33.0,1,33.0
SO66672,1402,318,2013-09-19,2013-09-26,2013-10-01,4.0,1,4.0
SO66673,5556,318,2013-09-19,2013-09-26,2013-10-01,4.0,1,4.0
SO66674,11870,266,2013-09-19,2013-09-26,2013-10-01,5.0,1,5.0
SO66675,13839,327,2013-09-19,2013-09-26,2013-10-01,21.0,1,21.0
SO66676,17414,327,2013-09-19,2013-09-26,2013-10-01,21.0,1,21.0
SO66677,12750,330,2013-09-19,2013-09-26,2013-10-01,29.0,1,29.0
SO66678,14809,319,2013-09-19,2013-09-26,2013-10-01,5.0,1,5.0
SO66679,13722,319,2013-09-19,2013-09-26,2013-10-01,5.0,1,5.0
SO66680,710,317,2013-09-19,2013-09-26,2013-10-01,5.0,1,5.0
SO66681,235,326,2013-09-19,2013-09-26,2013-10-01,35.0,1,35.0
SO66682,2195,274,2013-09-19,2013-09-26,2013-10-01,22.0,1,22.0
SO66683,1470,21,2013-09-19,2013-09-26,2013-10-01,50.0,1,50.0
SO66683,1470,22,2013-09-19,2013-09-26,2013-10-01,50.0,1,50.0
SO66683,1470,23,2013-09-19,2013-09-26,2013-10-01,50.0,1,50.0
SO66684,3742,379,2013-09-19,2013-09-26,2013-10-01,769.0,1,769.0
SO66685,6403,149,2013-09-19,2013-09-26,2013-10-01,2295.0,1,2295.0
SO66685,6403,150,2013-09-19,2013-09-26,2013-10-01,2295.0,1,2295.0
SO66686,5078,143,2013-09-19,2013-09-26,2013-10-01,2320.0,1,2320.0
SO66686,5078,144,2013-09-19,2013-09-26,2013-10-01,2320.0,1,2320.0
SO66687,12660,369,2013-09-19,2013-09-26,2013-10-01,1701.0,1,1701.0
SO66688,15189,178,2013-09-19,2013-09-26,2013-10-01,1120.0,1,1120.0
SO66688,15189,179,2013-09-19,2013-09-26,2013-10-01,1120.0,1,1120.0
SO66689,13249,395,2013-09-19,2013-09-26,2013-10-01,540.0,1,540.0
SO66690,1577,389,2013-09-19,2013-09-26,2013-10-01,540.0,1,540.0
SO66691,14943,368,2013-09-19,2013-09-26,2013-10-01,1215.0,1,1215.0
SO66692,9769,170,2013-09-19,2013-09-26,2013-10-01,1120.0,1,1120.0
SO66692,9769,171,2013-09-19,2013-09-26,2013-10-01,1120.0,1,1120.0
SO66693,7085,370,2013-09-19,2013-09-26,2013-10-01,1701.0,1,1701.0
SO66694,13214,170,2013-09-19,2013-09-26,2013-10-01,1120.0,1,1120.0
SO66694,13214,171,2013-09-19,2013-09-26,2013-10-01,1120.0,1,1120.0
SO66695,18460,358,2013-09-19,2013-09-26,2013-10-01,742.0,1,742.0
SO66696,1357,350,2013-09-19,2013-09-26,2013-10-01,2384.0,1,2384.0
SO66697,121,351,2013-09-19,2013-09-26,2013-10-01,2384.0,1,2384.0
SO66698,1669,353,2013-09-19,2013-09-26,2013-10-01,2384.0,1,2384.0
SO66699,1670,365,2013-09-19,2013-09-26,2013-10-01,2384.0,1,2384.0
SO66700,14652,370,2013-09-20,2013-09-27,2013-10-02,1701.0,1,1701.0
SO66701,5308,149,2013-09-20,2013-09-27,2013-10-02,2295.0,1,2295.0
SO66701,5308,150,2013-09-20,2013-09-27,2013-10-02,2295.0,1,2295.0
SO66702,2773,149,2013-09-20,2013-09-27,2013-10-02,2295.0,1,2295.0
SO66702,2773,150,2013-09-20,2013-09-27,2013-10-02,2295.0,1,2295.0
SO66703,7191,274,2013-09-20,2013-09-27,2013-10-02,22.0,1,22.0
SO66704,7198,274,2013-09-20,2013-09-27,2013-10-02,22.0,1,22.0
SO66705,14056,317,2013-09-20,2013-09-27,2013-10-02,5.0,1,5.0
SO66706,12318,319,2013-09-20,2013-09-27,2013-10-02,5.0,1,5.0
SO66707,2970,24,2013-09-20,2013-09-27,2013-10-02,50.0,1,50.0
SO66707,2970,25,2013-09-20,2013-09-27,2013-10-02,50.0,1,50.0
SO66707,2970,26,2013-09-20,2013-09-27,2013-10-02,50.0,1,50.0
SO66708,8031,147,2013-09-20,2013-09-27,2013-10-02,2295.0,1,2295.0
SO66708,8031,148,2013-09-20,2013-09-27,2013-10-02,2295.0,1,2295.0
SO66709,12617,378,2013-09-20,2013-09-27,2013-10-02,769.0,1,769.0
SO66710,6830,376,2013-09-20,2013-09-27,2013-10-02,769.0,1,769.0
SO66711,233,269,2013-09-20,2013-09-27,2013-10-02,2.0,1,2.0
SO66712,17094,269,2013-09-20,2013-09-27,2013-10-02,2.0,1,2.0
SO66713,143,319,2013-09-20,2013-09-27,2013-10-02,5.0,1,5.0
SO66714,15733,330,2013-09-20,2013-09-27,2013-10-02,29.0,1,29.0
SO66715,720,324,2013-09-20,2013-09-27,2013-10-02,25.0,1,25.0
SO66716,13656,329,2013-09-20,2013-09-27,2013-10-02,33.0,1,33.0
SO66717,11048,266,2013-09-20,2013-09-27,2013-10-02,5.0,1,5.0
SO66718,12257,267,2013-09-20,2013-09-27,2013-10-02,10.0,1,10.0
SO66719,16739,12,2013-09-20,2013-09-27,2013-10-02,9.0,1,9.0
SO66719,16739,13,2013-09-20,2013-09-27,2013-10-02,9.0,1,9.0
SO66719,16739,14,2013-09-20,2013-09-27,2013-10-02,9.0,1,9.0
SO66720,7816,265,2013-09-20,2013-09-27,2013-10-02,70.0,1,70.0
SO66721,9352,263,2013-09-20,2013-09-27,2013-10-02,70.0,1,70.0
SO66722,8229,265,2013-09-20,2013-09-27,2013-10-02,70.0,1,70.0
SO66723,8146,263,2013-09-20,2013-09-27,2013-10-02,70.0,1,70.0
SO66724,12460,317,2013-09-20,2013-09-27,2013-10-02,5.0,1,5.0
SO66725,3589,317,2013-09-20,2013-09-27,2013-10-02,5.0,1,5.0
SO66726,7926,274,2013-09-20,2013-09-27,2013-10-02,22.0,1,22.0
SO66727,4169,317,2013-09-20,2013-09-27,2013-10-02,5.0,1,5.0
SO66728,11387,266,2013-09-20,2013-09-27,2013-10-02,5.0,1,5.0
SO66729,9806,325,2013-09-20,2013-09-27,2013-10-02,30.0,1,30.0
SO66730,6888,324,2013-09-20,2013-09-27,2013-10-02,25.0,1,25.0
SO66731,12969,266,2013-09-20,2013-09-27,2013-10-02,5.0,1,5.0
SO66732,12951,330,2013-09-20,2013-09-27,2013-10-02,29.0,1,29.0
SO66733,5934,319,2013-09-20,2013-09-27,2013-10-02,5.0,1,5.0
SO66734,1489,12,2013-09-20,2013-09-27,2013-10-02,9.0,1,9.0
SO66734,1489,13,2013-09-20,2013-09-27,2013-10-02,9.0,1,9.0
SO66734,1489,14,2013-09-20,2013-09-27,2013-10-02,9.0,1,9.0
SO66735,8842,383,2013-09-20,2013-09-27,2013-10-02,565.0,1,565.0
SO66736,5103,388,2013-09-20,2013-09-27,2013-10-02,540.0,1,540.0
SO66737,8838,380,2013-09-20,2013-09-27,2013-10-02,565.0,1,565.0
SO66738,3753,376,2013-09-20,2013-09-27,2013-10-02,769.0,1,769.0
SO66739,2359,149,2013-09-20,2013-09-27,2013-10-02,2295.0,1,2295.0
SO66739,2359,150,2013-09-20,2013-09-27,2013-10-02,2295.0,1,2295.0
SO66740,4991,149,2013-09-20,2013-09-27,2013-10-02,2295.0,1,2295.0
SO66740,4991,150,2013-09-20,2013-09-27,2013-10-02,2295.0,1,2295.0
SO66741,423,357,2013-09-20,2013-09-27,2013-10-02,742.0,1,742.0
SO66742,569,364,2013-09-20,2013-09-27,2013-10-02,2384.0,1,2384.0
SO66743,10230,371,2013-09-20,2013-09-27,2013-10-02,1701.0,1,1701.0
SO66744,15188,176,2013-09-20,2013-09-27,2013-10-02,1120.0,1,1120.0
SO66744,15188,177,2013-09-20,2013-09-27,2013-10-02,1120.0,1,1120.0
SO66745,13174,395,2013-09-20,2013-09-27,2013-10-02,540.0,1,540.0
SO66746,1344,151,2013-09-20,2013-09-27,2013-10-02,2295.0,1,2295.0
SO66746,1344,152,2013-09-20,2013-09-27,2013-10-02,2295.0,1,2295.0
SO66747,40,143,2013-09-20,2013-09-27,2013-10-02,2320.0,1,2320.0
SO66747,40,144,2013-09-20,2013-09-27,2013-10-02,2320.0,1,2320.0
SO66748,10404,160,2013-09-20,2013-09-27,2013-10-02,2443.0,1,2443.0
SO66748,10404,161,2013-09-20,2013-09-27,2013-10-02,2443.0,1,2443.0
SO66749,10553,168,2013-09-20,2013-09-27,2013-10-02,2443.0,1,2443.0
SO66749,10553,169,2013-09-20,2013-09-27,2013-10-02,2443.0,1,2443.0
SO66750,1575,387,2013-09-20,2013-09-27,2013-10-02,540.0,1,540.0
SO66751,1578,389,2013-09-20,2013-09-27,2013-10-02,540.0,1,540.0
SO66752,16104,351,2013-09-20,2013-09-27,2013-10-02,2384.0,1,2384.0
SO66753,15632,354,2013-09-20,2013-09-27,2013-10-02,742.0,1,742.0
SO66754,15642,353,2013-09-20,2013-09-27,2013-10-02,2384.0,1,2384.0
SO66755,15696,352,2013-09-20,2013-09-27,2013-10-02,2384.0,1,2384.0
SO66756,12866,367,2013-09-20,2013-09-27,2013-10-02,1215.0,1,1215.0
SO66757,12405,394,2013-09-20,2013-09-27,2013-10-02,540.0,1,540.0
SO66758,12516,395,2013-09-20,2013-09-27,2013-10-02,540.0,1,540.0
SO66759,7918,395,2013-09-20,2013-09-27,2013-10-02,540.0,1,540.0
SO66760,13194,178,2013-09-20,2013-09-27,2013-10-02,1120.0,1,1120.0
SO66760,13194,179,2013-09-20,2013-09-27,2013-10-02,1120.0,1,1120.0
SO66761,13037,393,2013-09-20,2013-09-27,2013-10-02,540.0,1,540.0
SO66762,1511,395,2013-09-20,2013-09-27,2013-10-02,540.0,1,540.0
SO66763,11650,373,2013-09-20,2013-09-27,2013-10-02,540.0,1,540.0
SO66764,3304,358,2013-09-20,2013-09-27,2013-10-02,742.0,1,742.0
SO66765,6204,141,2013-09-21,2013-09-28,2013-10-03,2320.0,1,2320.0
SO66765,6204,142,2013-09-21,2013-09-28,2013-10-03,2320.0,1,2320.0
SO66766,6219,149,2013-09-21,2013-09-28,2013-10-03,2295.0,1,2295.0
SO66766,6219,150,2013-09-21,2013-09-28,2013-10-03,2295.0,1,2295.0
SO66767,5310,147,2013-09-21,2013-09-28,2013-10-03,2295.0,1,2295.0
SO66767,5310,148,2013-09-21,2013-09-28,2013-10-03,2295.0,1,2295.0
SO66768,7164,147,2013-09-21,2013-09-28,2013-10-03,2295.0,1,2295.0
SO66768,7164,148,2013-09-21,2013-09-28,2013-10-03,2295.0,1,2295.0
SO66769,2044,324,2013-09-21,2013-09-28,2013-10-03,25.0,1,25.0
SO66770,4040,325,2013-09-21,2013-09-28,2013-10-03,30.0,1,30.0
SO66771,14269,318,2013-09-21,2013-09-28,2013-10-03,4.0,1,4.0
SO66772,12648,266,2013-09-21,2013-09-28,2013-10-03,5.0,1,5.0
SO66773,11966,319,2013-09-21,2013-09-28,2013-10-03,5.0,1,5.0
SO66774,5166,329,2013-09-21,2013-09-28,2013-10-03,33.0,1,33.0
SO66775,7265,9,2013-09-21,2013-09-28,2013-10-03,35.0,1,35.0
SO66775,7265,10,2013-09-21,2013-09-28,2013-10-03,35.0,1,35.0
SO66775,7265,11,2013-09-21,2013-09-28,2013-10-03,35.0,1,35.0
SO66776,8098,269,2013-09-21,2013-09-28,2013-10-03,2.0,1,2.0
SO66777,5566,149,2013-09-21,2013-09-28,2013-10-03,2295.0,1,2295.0
SO66777,5566,150,2013-09-21,2013-09-28,2013-10-03,2295.0,1,2295.0
SO66778,8035,145,2013-09-21,2013-09-28,2013-10-03,2320.0,1,2320.0
SO66778,8035,146,2013-09-21,2013-09-28,2013-10-03,2320.0,1,2320.0
SO66779,5533,166,2013-09-21,2013-09-28,2013-10-03,2443.0,1,2443.0
SO66779,5533,167,2013-09-21,2013-09-28,2013-10-03,2443.0,1,2443.0
SO66780,6813,376,2013-09-21,2013-09-28,2013-10-03,769.0,1,769.0
SO66781,8193,387,2013-09-21,2013-09-28,2013-10-03,540.0,1,540.0
SO66782,6975,381,2013-09-21,2013-09-28,2013-10-03,565.0,1,565.0
SO66783,636,269,2013-09-21,2013-09-28,2013-10-03,2.0,1,2.0
SO66784,143,21,2013-09-21,2013-09-28,2013-10-03,50.0,1,50.0
SO66784,143,22,2013-09-21,2013-09-28,2013-10-03,50.0,1,50.0
SO66784,143,23,2013-09-21,2013-09-28,2013-10-03,50.0,1,50.0
SO66785,301,318,2013-09-21,2013-09-28,2013-10-03,4.0,1,4.0
SO66786,508,319,2013-09-21,2013-09-28,2013-10-03,5.0,1,5.0
SO66787,16651,327,2013-09-21,2013-09-28,2013-10-03,21.0,1,21.0
SO66788,16643,327,2013-09-21,2013-09-28,2013-10-03,21.0,1,21.0
SO66789,678,324,2013-09-21,2013-09-28,2013-10-03,25.0,1,25.0
SO66790,8802,319,2013-09-21,2013-09-28,2013-10-03,5.0,1,5.0
SO66791,14090,329,2013-09-21,2013-09-28,2013-10-03,33.0,1,33.0
SO66792,278,325,2013-09-21,2013-09-28,2013-10-03,30.0,1,30.0
SO66793,11903,325,2013-09-21,2013-09-28,2013-10-03,30.0,1,30.0
SO66794,4943,317,2013-09-21,2013-09-28,2013-10-03,5.0,1,5.0
SO66795,5772,266,2013-09-21,2013-09-28,2013-10-03,5.0,1,5.0
SO66796,10773,267,2013-09-21,2013-09-28,2013-10-03,10.0,1,10.0
SO66797,1167,267,2013-09-21,2013-09-28,2013-10-03,10.0,1,10.0
SO66798,9487,267,2013-09-21,2013-09-28,2013-10-03,10.0,1,10.0
SO66799,3406,317,2013-09-21,2013-09-28,2013-10-03,5.0,1,5.0
SO66800,10102,325,2013-09-21,2013-09-28,2013-10-03,30.0,1,30.0
SO66801,4617,324,2013-09-21,2013-09-28,2013-10-03,25.0,1,25.0
SO66802,13844,318,2013-09-21,2013-09-28,2013-10-03,4.0,1,4.0
SO66803,7003,328,2013-09-21,2013-09-28,2013-10-03,25.0,1,25.0
SO66804,13118,318,2013-09-21,2013-09-28,2013-10-03,4.0,1,4.0
SO66805,203,326,2013-09-21,2013-09-28,2013-10-03,35.0,1,35.0
SO66806,263,326,2013-09-21,2013-09-28,2013-10-03,35.0,1,35.0
SO66807,749,326,2013-09-21,2013-09-28,2013-10-03,35.0,1,35.0
SO66808,971,326,2013-09-21,2013-09-28,2013-10-03,35.0,1,35.0
SO66809,1044,326,2013-09-21,2013-09-28,2013-10-03,35.0,1,35.0
SO66810,1388,1,2013-09-21,2013-09-28,2013-10-03,35.0,1,35.0
SO66810,1388,2,2013-09-21,2013-09-28,2013-10-03,35.0,1,35.0
SO66810,1388,3,2013-09-21,2013-09-28,2013-10-03,35.0,1,35.0
SO66811,5762,160,2013-09-21,2013-09-28,2013-10-03,2443.0,1,2443.0
SO66811,5762,161,2013-09-21,2013-09-28,2013-10-03,2443.0,1,2443.0
SO66812,3745,377,2013-09-21,2013-09-28,2013-10-03,769.0,1,769.0
SO66813,4779,141,2013-09-21,2013-09-28,2013-10-03,2320.0,1,2320.0
SO66813,4779,142,2013-09-21,2013-09-28,2013-10-03,2320.0,1,2320.0
SO66814,4965,141,2013-09-21,2013-09-28,2013-10-03,2320.0,1,2320.0
SO66814,4965,142,2013-09-21,2013-09-28,2013-10-03,2320.0,1,2320.0
SO66815,16139,354,2013-09-21,2013-09-28,2013-10-03,742.0,1,742.0
SO66816,1610,367,2013-09-21,2013-09-28,2013-10-03,1215.0,1,1215.0
SO66817,10231,371,2013-09-21,2013-09-28,2013-10-03,1701.0,1,1701.0
SO66818,15155,178,2013-09-21,2013-09-28,2013-10-03,1120.0,1,1120.0
SO66818,15155,179,2013-09-21,2013-09-28,2013-10-03,1120.0,1,1120.0
SO66819,14831,174,2013-09-21,2013-09-28,2013-10-03,1120.0,1,1120.0
SO66819,14831,175,2013-09-21,2013-09-28,2013-10-03,1120.0,1,1120.0
SO66820,3302,143,2013-09-21,2013-09-28,2013-10-03,2320.0,1,2320.0
SO66820,3302,144,2013-09-21,2013-09-28,2013-10-03,2320.0,1,2320.0
SO66821,1008,149,2013-09-21,2013-09-28,2013-10-03,2295.0,1,2295.0
SO66821,1008,150,2013-09-21,2013-09-28,2013-10-03,2295.0,1,2295.0
SO66822,12385,393,2013-09-21,2013-09-28,2013-10-03,540.0,1,540.0
SO66823,12392,373,2013-09-21,2013-09-28,2013-10-03,540.0,1,540.0
SO66824,12404,395,2013-09-21,2013-09-28,2013-10-03,540.0,1,540.0
SO66825,421,393,2013-09-21,2013-09-28,2013-10-03,540.0,1,540.0
SO66826,5586,362,2013-09-21,2013-09-28,2013-10-03,2384.0,1,2384.0
SO66827,1678,351,2013-09-21,2013-09-28,2013-10-03,2384.0,1,2384.0
SO66828,1684,362,2013-09-21,2013-09-28,2013-10-03,2384.0,1,2384.0
SO66829,11429,369,2013-09-22,2013-09-29,2013-10-04,1701.0,1,1701.0
SO66830,10965,326,2013-09-22,2013-09-29,2013-10-04,35.0,1,35.0
SO66831,10205,326,2013-09-22,2013-09-29,2013-10-04,35.0,1,35.0
SO66832,7447,327,2013-09-22,2013-09-29,2013-10-04,21.0,1,21.0
SO66833,17349,266,2013-09-22,2013-09-29,2013-10-04,5.0,1,5.0
SO66834,15757,12,2013-09-22,2013-09-29,2013-10-04,9.0,1,9.0
SO66834,15757,13,2013-09-22,2013-09-29,2013-10-04,9.0,1,9.0
SO66834,15757,14,2013-09-22,2013-09-29,2013-10-04,9.0,1,9.0
SO66835,15431,264,2013-09-22,2013-09-29,2013-10-04,70.0,1,70.0
SO66836,8093,269,2013-09-22,2013-09-29,2013-10-04,2.0,1,2.0
SO66837,5707,279,2013-09-22,2013-09-29,2013-10-04,54.0,1,54.0
SO66838,9880,164,2013-09-22,2013-09-29,2013-10-04,2443.0,1,2443.0
SO66838,9880,165,2013-09-22,2013-09-29,2013-10-04,2443.0,1,2443.0
SO66839,1959,12,2013-09-22,2013-09-29,2013-10-04,9.0,1,9.0
SO66839,1959,13,2013-09-22,2013-09-29,2013-10-04,9.0,1,9.0
SO66839,1959,14,2013-09-22,2013-09-29,2013-10-04,9.0,1,9.0
SO66840,16621,330,2013-09-22,2013-09-29,2013-10-04,29.0,1,29.0
SO66841,828,327,2013-09-22,2013-09-29,2013-10-04,21.0,1,21.0
SO66842,212,319,2013-09-22,2013-09-29,2013-10-04,5.0,1,5.0
SO66843,14835,324,2013-09-22,2013-09-29,2013-10-04,25.0,1,25.0
SO66844,531,324,2013-09-22,2013-09-29,2013-10-04,25.0,1,25.0
SO66845,14848,324,2013-09-22,2013-09-29,2013-10-04,25.0,1,25.0
SO66846,9204,263,2013-09-22,2013-09-29,2013-10-04,70.0,1,70.0
SO66847,7079,264,2013-09-22,2013-09-29,2013-10-04,70.0,1,70.0
SO66848,6604,266,2013-09-22,2013-09-29,2013-10-04,5.0,1,5.0
SO66849,7063,266,2013-09-22,2013-09-29,2013-10-04,5.0,1,5.0
SO66850,7779,266,2013-09-22,2013-09-29,2013-10-04,5.0,1,5.0
SO66851,3808,317,2013-09-22,2013-09-29,2013-10-04,5.0,1,5.0
SO66852,1735,267,2013-09-22,2013-09-29,2013-10-04,10.0,1,10.0
SO66853,8432,266,2013-09-22,2013-09-29,2013-10-04,5.0,1,5.0
SO66854,17908,327,2013-09-22,2013-09-29,2013-10-04,21.0,1,21.0
SO66855,3784,330,2013-09-22,2013-09-29,2013-10-04,29.0,1,29.0
SO66856,16854,319,2013-09-22,2013-09-29,2013-10-04,5.0,1,5.0
SO66857,6841,319,2013-09-22,2013-09-29,2013-10-04,5.0,1,5.0
SO66858,14674,319,2013-09-22,2013-09-29,2013-10-04,5.0,1,5.0
SO66859,2702,317,2013-09-22,2013-09-29,2013-10-04,5.0,1,5.0
SO66860,1940,317,2013-09-22,2013-09-29,2013-10-04,5.0,1,5.0
SO66861,2763,326,2013-09-22,2013-09-29,2013-10-04,35.0,1,35.0
SO66862,2183,274,2013-09-22,2013-09-29,2013-10-04,22.0,1,22.0
SO66863,5763,162,2013-09-22,2013-09-29,2013-10-04,2443.0,1,2443.0
SO66863,5763,163,2013-09-22,2013-09-29,2013-10-04,2443.0,1,2443.0
SO66864,3751,376,2013-09-22,2013-09-29,2013-10-04,769.0,1,769.0
SO66865,8816,381,2013-09-22,2013-09-29,2013-10-04,565.0,1,565.0
SO66866,16125,361,2013-09-22,2013-09-29,2013-10-04,742.0,1,742.0
SO66867,17733,353,2013-09-22,2013-09-29,2013-10-04,2384.0,1,2384.0
SO66868,6911,172,2013-09-22,2013-09-29,2013-10-04,1120.0,1,1120.0
SO66868,6911,173,2013-09-22,2013-09-29,2013-10-04,1120.0,1,1120.0
SO66869,13251,373,2013-09-22,2013-09-29,2013-10-04,540.0,1,540.0
SO66870,18100,395,2013-09-22,2013-09-29,2013-10-04,540.0,1,540.0
SO66871,3667,151,2013-09-22,2013-09-29,2013-10-04,2295.0,1,2295.0
SO66871,3667,152,2013-09-22,2013-09-29,2013-10-04,2295.0,1,2295.0
SO66872,10220,164,2013-09-22,2013-09-29,2013-10-04,2443.0,1,2443.0
SO66872,10220,165,2013-09-22,2013-09-29,2013-10-04,2443.0,1,2443.0
SO66873,3235,141,2013-09-22,2013-09-29,2013-10-04,2320.0,1,2320.0
SO66873,3235,142,2013-09-22,2013-09-29,2013-10-04,2320.0,1,2320.0
SO66874,18240,354,2013-09-22,2013-09-29,2013-10-04,742.0,1,742.0
SO66875,15651,352,2013-09-22,2013-09-29,2013-10-04,2384.0,1,2384.0
SO66876,15730,350,2013-09-22,2013-09-29,2013-10-04,2384.0,1,2384.0
SO66877,12139,394,2013-09-22,2013-09-29,2013-10-04,540.0,1,540.0
SO66878,12374,394,2013-09-22,2013-09-29,2013-10-04,540.0,1,540.0
SO66879,12170,394,2013-09-22,2013-09-29,2013-10-04,540.0,1,540.0
SO66880,12168,395,2013-09-22,2013-09-29,2013-10-04,540.0,1,540.0
SO66881,10162,174,2013-09-22,2013-09-29,2013-10-04,1120.0,1,1120.0
SO66881,10162,175,2013-09-22,2013-09-29,2013-10-04,1120.0,1,1120.0
SO66882,17419,176,2013-09-22,2013-09-29,2013-10-04,1120.0,1,1120.0
SO66882,17419,177,2013-09-22,2013-09-29,2013-10-04,1120.0,1,1120.0
SO66883,11652,373,2013-09-22,2013-09-29,2013-10-04,540.0,1,540.0
SO66884,1622,393,2013-09-22,2013-09-29,2013-10-04,540.0,1,540.0
SO66885,6257,378,2013-09-23,2013-09-30,2013-10-05,769.0,1,769.0
SO66886,6258,379,2013-09-23,2013-09-30,2013-10-05,769.0,1,769.0
SO66887,6958,370,2013-09-23,2013-09-30,2013-10-05,1701.0,1,1701.0
SO66888,6943,371,2013-09-23,2013-09-30,2013-10-05,1701.0,1,1701.0
SO66889,981,268,2013-09-23,2013-09-30,2013-10-05,9.0,1,9.0
SO66890,1035,317,2013-09-23,2013-09-30,2013-10-05,5.0,1,5.0
SO66891,14237,317,2013-09-23,2013-09-30,2013-10-05,5.0,1,5.0
SO66892,5333,319,2013-09-23,2013-09-30,2013-10-05,5.0,1,5.0
SO66893,1486,151,2013-09-23,2013-09-30,2013-10-05,2295.0,1,2295.0
SO66893,1486,152,2013-09-23,2013-09-30,2013-10-05,2295.0,1,2295.0
SO66894,4073,12,2013-09-23,2013-09-30,2013-10-05,9.0,1,9.0
SO66894,4073,13,2013-09-23,2013-09-30,2013-10-05,9.0,1,9.0
SO66894,4073,14,2013-09-23,2013-09-30,2013-10-05,9.0,1,9.0
SO66895,204,269,2013-09-23,2013-09-30,2013-10-05,2.0,1,2.0
SO66896,1112,272,2013-09-23,2013-09-30,2013-10-05,120.0,1,120.0
SO66897,620,318,2013-09-23,2013-09-30,2013-10-05,4.0,1,4.0
SO66898,14374,329,2013-09-23,2013-09-30,2013-10-05,33.0,1,33.0
SO66899,13949,318,2013-09-23,2013-09-30,2013-10-05,4.0,1,4.0
SO66900,14881,324,2013-09-23,2013-09-30,2013-10-05,25.0,1,25.0
SO66901,12216,325,2013-09-23,2013-09-30,2013-10-05,30.0,1,30.0
SO66902,5150,266,2013-09-23,2013-09-30,2013-10-05,5.0,1,5.0
SO66903,9540,266,2013-09-23,2013-09-30,2013-10-05,5.0,1,5.0
SO66904,9336,265,2013-09-23,2013-09-30,2013-10-05,70.0,1,70.0
SO66905,9011,263,2013-09-23,2013-09-30,2013-10-05,70.0,1,70.0
SO66906,6474,266,2013-09-23,2013-09-30,2013-10-05,5.0,1,5.0
SO66907,13221,317,2013-09-23,2013-09-30,2013-10-05,5.0,1,5.0
SO66908,5336,274,2013-09-23,2013-09-30,2013-10-05,22.0,1,22.0
SO66909,4175,274,2013-09-23,2013-09-30,2013-10-05,22.0,1,22.0
SO66910,8075,324,2013-09-23,2013-09-30,2013-10-05,25.0,1,25.0
SO66911,13870,266,2013-09-23,2013-09-30,2013-10-05,5.0,1,5.0
SO66912,6101,317,2013-09-23,2013-09-30,2013-10-05,5.0,1,5.0
SO66913,10851,266,2013-09-23,2013-09-30,2013-10-05,5.0,1,5.0
SO66914,9919,318,2013-09-23,2013-09-30,2013-10-05,4.0,1,4.0
SO66915,14651,318,2013-09-23,2013-09-30,2013-10-05,4.0,1,4.0
SO66916,834,326,2013-09-23,2013-09-30,2013-10-05,35.0,1,35.0
SO66917,3332,274,2013-09-23,2013-09-30,2013-10-05,22.0,1,22.0
SO66918,3270,260,2013-09-23,2013-09-30,2013-10-05,64.0,1,64.0
SO66919,2719,380,2013-09-23,2013-09-30,2013-10-05,565.0,1,565.0
SO66920,3754,379,2013-09-23,2013-09-30,2013-10-05,769.0,1,769.0
SO66921,1884,147,2013-09-23,2013-09-30,2013-10-05,2295.0,1,2295.0
SO66921,1884,148,2013-09-23,2013-09-30,2013-10-05,2295.0,1,2295.0
SO66922,17529,375,2013-09-23,2013-09-30,2013-10-05,742.0,1,742.0
SO66923,4625,352,2013-09-23,2013-09-30,2013-10-05,2384.0,1,2384.0
SO66924,4437,371,2013-09-23,2013-09-30,2013-10-05,1701.0,1,1701.0
SO66925,14828,170,2013-09-23,2013-09-30,2013-10-05,1120.0,1,1120.0
SO66925,14828,171,2013-09-23,2013-09-30,2013-10-05,1120.0,1,1120.0
SO66926,14950,178,2013-09-23,2013-09-30,2013-10-05,1120.0,1,1120.0
SO66926,14950,179,2013-09-23,2013-09-30,2013-10-05,1120.0,1,1120.0
SO66927,13169,393,2013-09-23,2013-09-30,2013-10-05,540.0,1,540.0
SO66928,13175,394,2013-09-23,2013-09-30,2013-10-05,540.0,1,540.0
SO66929,18182,393,2013-09-23,2013-09-30,2013-10-05,540.0,1,540.0
SO66930,3327,147,2013-09-23,2013-09-30,2013-10-05,2295.0,1,2295.0
SO66930,3327,148,2013-09-23,2013-09-30,2013-10-05,2295.0,1,2295.0
SO66931,10419,168,2013-09-23,2013-09-30,2013-10-05,2443.0,1,2443.0
SO66931,10419,169,2013-09-23,2013-09-30,2013-10-05,2443.0,1,2443.0
SO66932,10558,168,2013-09-23,2013-09-30,2013-10-05,2443.0,1,2443.0
SO66932,10558,169,2013-09-23,2013-09-30,2013-10-05,2443.0,1,2443.0
SO66933,15538,364,2013-09-23,2013-09-30,2013-10-05,2384.0,1,2384.0
SO66934,15539,352,2013-09-23,2013-09-30,2013-10-05,2384.0,1,2384.0
SO66935,12387,393,2013-09-23,2013-09-30,2013-10-05,540.0,1,540.0
SO66936,12147,262,2013-09-23,2013-09-30,2013-10-05,64.0,1,64.0
SO66937,12521,395,2013-09-23,2013-09-30,2013-10-05,540.0,1,540.0
SO66938,13034,394,2013-09-23,2013-09-30,2013-10-05,540.0,1,540.0
SO66939,4624,351,2013-09-23,2013-09-30,2013-10-05,2384.0,1,2384.0
SO66940,1341,352,2013-09-23,2013-09-30,2013-10-05,2384.0,1,2384.0
SO66941,1343,362,2013-09-23,2013-09-30,2013-10-05,2384.0,1,2384.0
SO66942,1396,145,2013-09-24,2013-10-01,2013-10-06,2320.0,1,2320.0
SO66942,1396,146,2013-09-24,2013-10-01,2013-10-06,2320.0,1,2320.0
SO66943,1522,147,2013-09-24,2013-10-01,2013-10-06,2295.0,1,2295.0
SO66943,1522,148,2013-09-24,2013-10-01,2013-10-06,2295.0,1,2295.0
SO66944,2821,151,2013-09-24,2013-10-01,2013-10-06,2295.0,1,2295.0
SO66944,2821,152,2013-09-24,2013-10-01,2013-10-06,2295.0,1,2295.0
SO66945,6193,145,2013-09-24,2013-10-01,2013-10-06,2320.0,1,2320.0
SO66945,6193,146,2013-09-24,2013-10-01,2013-10-06,2320.0,1,2320.0
SO66946,5298,147,2013-09-24,2013-10-01,2013-10-06,2295.0,1,2295.0
SO66946,5298,148,2013-09-24,2013-10-01,2013-10-06,2295.0,1,2295.0
SO66947,6302,328,2013-09-24,2013-10-01,2013-10-06,25.0,1,25.0
SO66948,10228,317,2013-09-24,2013-10-01,2013-10-06,5.0,1,5.0
SO66949,7257,9,2013-09-24,2013-10-01,2013-10-06,35.0,1,35.0
SO66949,7257,10,2013-09-24,2013-10-01,2013-10-06,35.0,1,35.0
SO66949,7257,11,2013-09-24,2013-10-01,2013-10-06,35.0,1,35.0
SO66950,363,15,2013-09-24,2013-10-01,2013-10-06,50.0,1,50.0
SO66950,363,16,2013-09-24,2013-10-01,2013-10-06,50.0,1,50.0
SO66950,363,17,2013-09-24,2013-10-01,2013-10-06,50.0,1,50.0
SO66951,3523,277,2013-09-24,2013-10-01,2013-10-06,54.0,1,54.0
SO66952,2846,147,2013-09-24,2013-10-01,2013-10-06,2295.0,1,2295.0
SO66952,2846,148,2013-09-24,2013-10-01,2013-10-06,2295.0,1,2295.0
SO66953,5534,168,2013-09-24,2013-10-01,2013-10-06,2443.0,1,2443.0
SO66953,5534,169,2013-09-24,2013-10-01,2013-10-06,2443.0,1,2443.0
SO66954,14776,164,2013-09-24,2013-10-01,2013-10-06,2443.0,1,2443.0
SO66954,14776,165,2013-09-24,2013-10-01,2013-10-06,2443.0,1,2443.0
SO66955,10667,378,2013-09-24,2013-10-01,2013-10-06,769.0,1,769.0
SO66956,4457,383,2013-09-24,2013-10-01,2013-10-06,565.0,1,565.0
SO66957,177,9,2013-09-24,2013-10-01,2013-10-06,35.0,1,35.0
SO66957,177,10,2013-09-24,2013-10-01,2013-10-06,35.0,1,35.0
SO66957,177,11,2013-09-24,2013-10-01,2013-10-06,35.0,1,35.0
SO66958,1035,324,2013-09-24,2013-10-01,2013-10-06,25.0,1,25.0
SO66959,712,24,2013-09-24,2013-10-01,2013-10-06,50.0,1,50.0
SO66959,712,25,2013-09-24,2013-10-01,2013-10-06,50.0,1,50.0
SO66959,712,26,2013-09-24,2013-10-01,2013-10-06,50.0,1,50.0
SO66960,17638,328,2013-09-24,2013-10-01,2013-10-06,25.0,1,25.0
SO66961,14177,318,2013-09-24,2013-10-01,2013-10-06,4.0,1,4.0
SO66962,4499,329,2013-09-24,2013-10-01,2013-10-06,33.0,1,33.0
SO66963,13750,324,2013-09-24,2013-10-01,2013-10-06,25.0,1,25.0
SO66964,14160,318,2013-09-24,2013-10-01,2013-10-06,4.0,1,4.0
SO66965,12502,325,2013-09-24,2013-10-01,2013-10-06,30.0,1,30.0
SO66966,11794,317,2013-09-24,2013-10-01,2013-10-06,5.0,1,5.0
SO66967,8151,325,2013-09-24,2013-10-01,2013-10-06,30.0,1,30.0
SO66968,12251,267,2013-09-24,2013-10-01,2013-10-06,10.0,1,10.0
SO66969,17780,266,2013-09-24,2013-10-01,2013-10-06,5.0,1,5.0
SO66970,9273,264,2013-09-24,2013-10-01,2013-10-06,70.0,1,70.0
SO66971,5093,317,2013-09-24,2013-10-01,2013-10-06,5.0,1,5.0
SO66972,3638,317,2013-09-24,2013-10-01,2013-10-06,5.0,1,5.0
SO66973,3392,274,2013-09-24,2013-10-01,2013-10-06,22.0,1,22.0
SO66974,5936,317,2013-09-24,2013-10-01,2013-10-06,5.0,1,5.0
SO66975,3249,274,2013-09-24,2013-10-01,2013-10-06,22.0,1,22.0
SO66976,12639,325,2013-09-24,2013-10-01,2013-10-06,30.0,1,30.0
SO66977,10513,324,2013-09-24,2013-10-01,2013-10-06,25.0,1,25.0
SO66978,8392,317,2013-09-24,2013-10-01,2013-10-06,5.0,1,5.0
SO66979,1597,330,2013-09-24,2013-10-01,2013-10-06,29.0,1,29.0
SO66980,11531,266,2013-09-24,2013-10-01,2013-10-06,5.0,1,5.0
SO66981,15901,318,2013-09-24,2013-10-01,2013-10-06,4.0,1,4.0
SO66982,12981,330,2013-09-24,2013-10-01,2013-10-06,29.0,1,29.0
SO66983,11420,318,2013-09-24,2013-10-01,2013-10-06,4.0,1,4.0
SO66984,170,317,2013-09-24,2013-10-01,2013-10-06,5.0,1,5.0
SO66985,4462,319,2013-09-24,2013-10-01,2013-10-06,5.0,1,5.0
SO66986,197,317,2013-09-24,2013-10-01,2013-10-06,5.0,1,5.0
SO66987,950,326,2013-09-24,2013-10-01,2013-10-06,35.0,1,35.0
SO66988,8555,274,2013-09-24,2013-10-01,2013-10-06,22.0,1,22.0
SO66989,877,326,2013-09-24,2013-10-01,2013-10-06,35.0,1,35.0
SO66990,1604,12,2013-09-24,2013-10-01,2013-10-06,9.0,1,9.0
SO66990,1604,13,2013-09-24,2013-10-01,2013-10-06,9.0,1,9.0
SO66990,1604,14,2013-09-24,2013-10-01,2013-10-06,9.0,1,9.0
SO66991,2334,274,2013-09-24,2013-10-01,2013-10-06,22.0,1,22.0
SO66992,8822,382,2013-09-24,2013-10-01,2013-10-06,565.0,1,565.0
SO66993,3755,376,2013-09-24,2013-10-01,2013-10-06,769.0,1,769.0
SO66994,4845,149,2013-09-24,2013-10-01,2013-10-06,2295.0,1,2295.0
SO66994,4845,150,2013-09-24,2013-10-01,2013-10-06,2295.0,1,2295.0
SO66995,1019,151,2013-09-24,2013-10-01,2013-10-06,2295.0,1,2295.0
SO66995,1019,152,2013-09-24,2013-10-01,2013-10-06,2295.0,1,2295.0
SO66996,4751,149,2013-09-24,2013-10-01,2013-10-06,2295.0,1,2295.0
SO66996,4751,150,2013-09-24,2013-10-01,2013-10-06,2295.0,1,2295.0
SO66997,4769,145,2013-09-24,2013-10-01,2013-10-06,2320.0,1,2320.0
SO66997,4769,146,2013-09-24,2013-10-01,2013-10-06,2320.0,1,2320.0
SO66998,4969,151,2013-09-24,2013-10-01,2013-10-06,2295.0,1,2295.0
SO66998,4969,152,2013-09-24,2013-10-01,2013-10-06,2295.0,1,2295.0
SO66999,4441,12,2013-09-24,2013-10-01,2013-10-06,9.0,1,9.0
SO66999,4441,13,2013-09-24,2013-10-01,2013-10-06,9.0,1,9.0
SO66999,4441,14,2013-09-24,2013-10-01,2013-10-06,9.0,1,9.0
SO67000,16143,360,2013-09-24,2013-10-01,2013-10-06,742.0,1,742.0
SO67001,6913,170,2013-09-24,2013-10-01,2013-10-06,1120.0,1,1120.0
SO67001,6913,171,2013-09-24,2013-10-01,2013-10-06,1120.0,1,1120.0
SO67002,3673,143,2013-09-24,2013-10-01,2013-10-06,2320.0,1,2320.0
SO67002,3673,144,2013-09-24,2013-10-01,2013-10-06,2320.0,1,2320.0
SO67003,3677,145,2013-09-24,2013-10-01,2013-10-06,2320.0,1,2320.0
SO67003,3677,146,2013-09-24,2013-10-01,2013-10-06,2320.0,1,2320.0
SO67004,3280,149,2013-09-24,2013-10-01,2013-10-06,2295.0,1,2295.0
SO67004,3280,150,2013-09-24,2013-10-01,2013-10-06,2295.0,1,2295.0
SO67005,15627,354,2013-09-24,2013-10-01,2013-10-06,742.0,1,742.0
SO67006,12790,366,2013-09-24,2013-10-01,2013-10-06,1215.0,1,1215.0
SO67007,12160,393,2013-09-24,2013-10-01,2013-10-06,540.0,1,540.0
SO67008,12186,394,2013-09-24,2013-10-01,2013-10-06,540.0,1,540.0
SO67009,10148,172,2013-09-24,2013-10-01,2013-10-06,1120.0,1,1120.0
SO67009,10148,173,2013-09-24,2013-10-01,2013-10-06,1120.0,1,1120.0
SO67010,10254,176,2013-09-24,2013-10-01,2013-10-06,1120.0,1,1120.0
SO67010,10254,177,2013-09-24,2013-10-01,2013-10-06,1120.0,1,1120.0
SO67011,6405,369,2013-09-24,2013-10-01,2013-10-06,1701.0,1,1701.0
SO67012,11664,395,2013-09-24,2013-10-01,2013-10-06,540.0,1,540.0
SO67013,13047,393,2013-09-24,2013-10-01,2013-10-06,540.0,1,540.0
SO67014,5824,352,2013-09-24,2013-10-01,2013-10-06,2384.0,1,2384.0
SO67015,3324,356,2013-09-24,2013-10-01,2013-10-06,742.0,1,742.0
SO67016,1348,351,2013-09-24,2013-10-01,2013-10-06,2384.0,1,2384.0
SO67017,1361,353,2013-09-24,2013-10-01,2013-10-06,2384.0,1,2384.0
SO67018,186,1,2013-09-25,2013-10-02,2013-10-07,35.0,1,35.0
SO67018,186,2,2013-09-25,2013-10-02,2013-10-07,35.0,1,35.0
SO67018,186,3,2013-09-25,2013-10-02,2013-10-07,35.0,1,35.0
SO67019,14126,262,2013-09-25,2013-10-02,2013-10-07,64.0,1,64.0
SO67020,15156,265,2013-09-25,2013-10-02,2013-10-07,70.0,1,70.0
SO67021,1370,269,2013-09-25,2013-10-02,2013-10-07,2.0,1,2.0
SO67022,7327,12,2013-09-25,2013-10-02,2013-10-07,9.0,1,9.0
SO67022,7327,13,2013-09-25,2013-10-02,2013-10-07,9.0,1,9.0
SO67022,7327,14,2013-09-25,2013-10-02,2013-10-07,9.0,1,9.0
SO67023,7176,141,2013-09-25,2013-10-02,2013-10-07,2320.0,1,2320.0
SO67023,7176,142,2013-09-25,2013-10-02,2013-10-07,2320.0,1,2320.0
SO67024,1713,141,2013-09-25,2013-10-02,2013-10-07,2320.0,1,2320.0
SO67024,1713,142,2013-09-25,2013-10-02,2013-10-07,2320.0,1,2320.0
SO67025,1481,151,2013-09-25,2013-10-02,2013-10-07,2295.0,1,2295.0
SO67025,1481,152,2013-09-25,2013-10-02,2013-10-07,2295.0,1,2295.0
SO67026,9168,162,2013-09-25,2013-10-02,2013-10-07,2443.0,1,2443.0
SO67026,9168,163,2013-09-25,2013-10-02,2013-10-07,2443.0,1,2443.0
SO67027,3425,162,2013-09-25,2013-10-02,2013-10-07,2443.0,1,2443.0
SO67027,3425,163,2013-09-25,2013-10-02,2013-10-07,2443.0,1,2443.0
SO67028,9911,385,2013-09-25,2013-10-02,2013-10-07,540.0,1,540.0
SO67029,295,269,2013-09-25,2013-10-02,2013-10-07,2.0,1,2.0
SO67030,5359,318,2013-09-25,2013-10-02,2013-10-07,4.0,1,4.0
SO67031,331,12,2013-09-25,2013-10-02,2013-10-07,9.0,1,9.0
SO67031,331,13,2013-09-25,2013-10-02,2013-10-07,9.0,1,9.0
SO67031,331,14,2013-09-25,2013-10-02,2013-10-07,9.0,1,9.0
SO67032,17865,318,2013-09-25,2013-10-02,2013-10-07,4.0,1,4.0
SO67033,14180,318,2013-09-25,2013-10-02,2013-10-07,4.0,1,4.0
SO67034,12806,329,2013-09-25,2013-10-02,2013-10-07,33.0,1,33.0
SO67035,12783,325,2013-09-25,2013-10-02,2013-10-07,30.0,1,30.0
SO67036,14167,318,2013-09-25,2013-10-02,2013-10-07,4.0,1,4.0
SO67037,11135,317,2013-09-25,2013-10-02,2013-10-07,5.0,1,5.0
SO67038,5877,267,2013-09-25,2013-10-02,2013-10-07,10.0,1,10.0
SO67039,9515,266,2013-09-25,2013-10-02,2013-10-07,5.0,1,5.0
SO67040,8650,264,2013-09-25,2013-10-02,2013-10-07,70.0,1,70.0
SO67041,6449,266,2013-09-25,2013-10-02,2013-10-07,5.0,1,5.0
SO67042,5237,317,2013-09-25,2013-10-02,2013-10-07,5.0,1,5.0
SO67043,5902,266,2013-09-25,2013-10-02,2013-10-07,5.0,1,5.0
SO67044,4259,317,2013-09-25,2013-10-02,2013-10-07,5.0,1,5.0
SO67045,9633,274,2013-09-25,2013-10-02,2013-10-07,22.0,1,22.0
SO67046,9301,274,2013-09-25,2013-10-02,2013-10-07,22.0,1,22.0
SO67047,8840,317,2013-09-25,2013-10-02,2013-10-07,5.0,1,5.0
SO67048,5935,317,2013-09-25,2013-10-02,2013-10-07,5.0,1,5.0
SO67049,1843,329,2013-09-25,2013-10-02,2013-10-07,33.0,1,33.0
SO67050,5057,324,2013-09-25,2013-10-02,2013-10-07,25.0,1,25.0
SO67051,10824,266,2013-09-25,2013-10-02,2013-10-07,5.0,1,5.0
SO67052,16805,318,2013-09-25,2013-10-02,2013-10-07,4.0,1,4.0
SO67053,13087,318,2013-09-25,2013-10-02,2013-10-07,4.0,1,4.0
SO67054,2533,319,2013-09-25,2013-10-02,2013-10-07,5.0,1,5.0
SO67055,181,326,2013-09-25,2013-10-02,2013-10-07,35.0,1,35.0
SO67056,193,317,2013-09-25,2013-10-02,2013-10-07,5.0,1,5.0
SO67057,1788,326,2013-09-25,2013-10-02,2013-10-07,35.0,1,35.0
SO67058,1020,326,2013-09-25,2013-10-02,2013-10-07,35.0,1,35.0
SO67059,1937,326,2013-09-25,2013-10-02,2013-10-07,35.0,1,35.0
SO67060,2263,12,2013-09-25,2013-10-02,2013-10-07,9.0,1,9.0
SO67060,2263,13,2013-09-25,2013-10-02,2013-10-07,9.0,1,9.0
SO67060,2263,14,2013-09-25,2013-10-02,2013-10-07,9.0,1,9.0
SO67061,478,1,2013-09-25,2013-10-02,2013-10-07,35.0,1,35.0
SO67061,478,2,2013-09-25,2013-10-02,2013-10-07,35.0,1,35.0
SO67061,478,3,2013-09-25,2013-10-02,2013-10-07,35.0,1,35.0
SO67062,1567,21,2013-09-25,2013-10-02,2013-10-07,50.0,1,50.0
SO67062,1567,22,2013-09-25,2013-10-02,2013-10-07,50.0,1,50.0
SO67062,1567,23,2013-09-25,2013-10-02,2013-10-07,50.0,1,50.0
SO67063,1504,12,2013-09-25,2013-10-02,2013-10-07,9.0,1,9.0
SO67063,1504,13,2013-09-25,2013-10-02,2013-10-07,9.0,1,9.0
SO67063,1504,14,2013-09-25,2013-10-02,2013-10-07,9.0,1,9.0
SO67064,11231,381,2013-09-25,2013-10-02,2013-10-07,565.0,1,565.0
SO67065,4919,149,2013-09-25,2013-10-02,2013-10-07,2295.0,1,2295.0
SO67065,4919,150,2013-09-25,2013-10-02,2013-10-07,2295.0,1,2295.0
SO67066,4570,147,2013-09-25,2013-10-02,2013-10-07,2295.0,1,2295.0
SO67066,4570,148,2013-09-25,2013-10-02,2013-10-07,2295.0,1,2295.0
SO67067,1886,147,2013-09-25,2013-10-02,2013-10-07,2295.0,1,2295.0
SO67067,1886,148,2013-09-25,2013-10-02,2013-10-07,2295.0,1,2295.0
SO67068,4772,141,2013-09-25,2013-10-02,2013-10-07,2320.0,1,2320.0
SO67068,4772,142,2013-09-25,2013-10-02,2013-10-07,2320.0,1,2320.0
SO67069,6614,151,2013-09-25,2013-10-02,2013-10-07,2295.0,1,2295.0
SO67069,6614,152,2013-09-25,2013-10-02,2013-10-07,2295.0,1,2295.0
SO67070,16137,12,2013-09-25,2013-10-02,2013-10-07,9.0,1,9.0
SO67070,16137,13,2013-09-25,2013-10-02,2013-10-07,9.0,1,9.0
SO67070,16137,14,2013-09-25,2013-10-02,2013-10-07,9.0,1,9.0
SO67071,1609,367,2013-09-25,2013-10-02,2013-10-07,1215.0,1,1215.0
SO67072,15224,365,2013-09-25,2013-10-02,2013-10-07,2384.0,1,2384.0
SO67073,13250,395,2013-09-25,2013-10-02,2013-10-07,540.0,1,540.0
SO67074,3326,151,2013-09-25,2013-10-02,2013-10-07,2295.0,1,2295.0
SO67074,3326,152,2013-09-25,2013-10-02,2013-10-07,2295.0,1,2295.0
SO67075,3237,147,2013-09-25,2013-10-02,2013-10-07,2295.0,1,2295.0
SO67075,3237,148,2013-09-25,2013-10-02,2013-10-07,2295.0,1,2295.0
SO67076,3437,362,2013-09-25,2013-10-02,2013-10-07,2384.0,1,2384.0
SO67077,10163,176,2013-09-25,2013-10-02,2013-10-07,1120.0,1,1120.0
SO67077,10163,177,2013-09-25,2013-10-02,2013-10-07,1120.0,1,1120.0
SO67078,9768,172,2013-09-25,2013-10-02,2013-10-07,1120.0,1,1120.0
SO67078,9768,173,2013-09-25,2013-10-02,2013-10-07,1120.0,1,1120.0
SO67079,17523,170,2013-09-25,2013-10-02,2013-10-07,1120.0,1,1120.0
SO67079,17523,171,2013-09-25,2013-10-02,2013-10-07,1120.0,1,1120.0
SO67080,1351,352,2013-09-25,2013-10-02,2013-10-07,2384.0,1,2384.0
SO67081,6250,379,2013-09-26,2013-10-03,2013-10-08,769.0,1,769.0
SO67082,6972,372,2013-09-26,2013-10-03,2013-10-08,1701.0,1,1701.0
SO67083,17788,266,2013-09-26,2013-10-03,2013-10-08,5.0,1,5.0
SO67084,11021,274,2013-09-26,2013-10-03,2013-10-08,22.0,1,22.0
SO67085,18084,318,2013-09-26,2013-10-03,2013-10-08,4.0,1,4.0
SO67086,2629,318,2013-09-26,2013-10-03,2013-10-08,4.0,1,4.0
SO67087,2117,318,2013-09-26,2013-10-03,2013-10-08,4.0,1,4.0
SO67088,1625,147,2013-09-26,2013-10-03,2013-10-08,2295.0,1,2295.0
SO67088,1625,148,2013-09-26,2013-10-03,2013-10-08,2295.0,1,2295.0
SO67089,6104,147,2013-09-26,2013-10-03,2013-10-08,2295.0,1,2295.0
SO67089,6104,148,2013-09-26,2013-10-03,2013-10-08,2295.0,1,2295.0
SO67090,7159,151,2013-09-26,2013-10-03,2013-10-08,2295.0,1,2295.0
SO67090,7159,152,2013-09-26,2013-10-03,2013-10-08,2295.0,1,2295.0
SO67091,6982,385,2013-09-26,2013-10-03,2013-10-08,540.0,1,540.0
SO67092,15464,324,2013-09-26,2013-10-03,2013-10-08,25.0,1,25.0
SO67093,263,327,2013-09-26,2013-10-03,2013-10-08,21.0,1,21.0
SO67094,1533,319,2013-09-26,2013-10-03,2013-10-08,5.0,1,5.0
SO67095,14861,324,2013-09-26,2013-10-03,2013-10-08,25.0,1,25.0
SO67096,14834,329,2013-09-26,2013-10-03,2013-10-08,33.0,1,33.0
SO67097,12672,317,2013-09-26,2013-10-03,2013-10-08,5.0,1,5.0
SO67098,825,329,2013-09-26,2013-10-03,2013-10-08,33.0,1,33.0
SO67099,12241,317,2013-09-26,2013-10-03,2013-10-08,5.0,1,5.0
SO67100,12515,325,2013-09-26,2013-10-03,2013-10-08,30.0,1,30.0
SO67101,10730,267,2013-09-26,2013-10-03,2013-10-08,10.0,1,10.0
SO67102,9432,266,2013-09-26,2013-10-03,2013-10-08,5.0,1,5.0
SO67103,16725,264,2013-09-26,2013-10-03,2013-10-08,70.0,1,70.0
SO67104,7887,263,2013-09-26,2013-10-03,2013-10-08,70.0,1,70.0
SO67105,8127,264,2013-09-26,2013-10-03,2013-10-08,70.0,1,70.0
SO67106,6530,266,2013-09-26,2013-10-03,2013-10-08,5.0,1,5.0
SO67107,7683,264,2013-09-26,2013-10-03,2013-10-08,70.0,1,70.0
SO67108,3574,317,2013-09-26,2013-10-03,2013-10-08,5.0,1,5.0
SO67109,2377,271,2013-09-26,2013-10-03,2013-10-08,9.0,1,9.0
SO67110,3557,317,2013-09-26,2013-10-03,2013-10-08,5.0,1,5.0
SO67111,2952,274,2013-09-26,2013-10-03,2013-10-08,22.0,1,22.0
SO67112,356,266,2013-09-26,2013-10-03,2013-10-08,5.0,1,5.0
SO67113,9901,325,2013-09-26,2013-10-03,2013-10-08,30.0,1,30.0
SO67114,12605,318,2013-09-26,2013-10-03,2013-10-08,4.0,1,4.0
SO67115,475,327,2013-09-26,2013-10-03,2013-10-08,21.0,1,21.0
SO67116,11564,318,2013-09-26,2013-10-03,2013-10-08,4.0,1,4.0
SO67117,13546,317,2013-09-26,2013-10-03,2013-10-08,5.0,1,5.0
SO67118,1296,318,2013-09-26,2013-10-03,2013-10-08,4.0,1,4.0
SO67119,13123,319,2013-09-26,2013-10-03,2013-10-08,5.0,1,5.0
SO67120,13157,318,2013-09-26,2013-10-03,2013-10-08,4.0,1,4.0
SO67121,3987,330,2013-09-26,2013-10-03,2013-10-08,29.0,1,29.0
SO67122,14528,319,2013-09-26,2013-10-03,2013-10-08,5.0,1,5.0
SO67123,1895,326,2013-09-26,2013-10-03,2013-10-08,35.0,1,35.0
SO67124,1029,326,2013-09-26,2013-10-03,2013-10-08,35.0,1,35.0
SO67125,2169,317,2013-09-26,2013-10-03,2013-10-08,5.0,1,5.0
SO67126,1330,18,2013-09-26,2013-10-03,2013-10-08,50.0,1,50.0
SO67126,1330,19,2013-09-26,2013-10-03,2013-10-08,50.0,1,50.0
SO67126,1330,20,2013-09-26,2013-10-03,2013-10-08,50.0,1,50.0
SO67127,4985,141,2013-09-26,2013-10-03,2013-10-08,2320.0,1,2320.0
SO67127,4985,142,2013-09-26,2013-10-03,2013-10-08,2320.0,1,2320.0
SO67128,2266,360,2013-09-26,2013-10-03,2013-10-08,742.0,1,742.0
SO67129,5599,351,2013-09-26,2013-10-03,2013-10-08,2384.0,1,2384.0
SO67130,15024,170,2013-09-26,2013-10-03,2013-10-08,1120.0,1,1120.0
SO67130,15024,171,2013-09-26,2013-10-03,2013-10-08,1120.0,1,1120.0
SO67131,14833,174,2013-09-26,2013-10-03,2013-10-08,1120.0,1,1120.0
SO67131,14833,175,2013-09-26,2013-10-03,2013-10-08,1120.0,1,1120.0
SO67132,14961,172,2013-09-26,2013-10-03,2013-10-08,1120.0,1,1120.0
SO67132,14961,173,2013-09-26,2013-10-03,2013-10-08,1120.0,1,1120.0
SO67133,3276,151,2013-09-26,2013-10-03,2013-10-08,2295.0,1,2295.0
SO67133,3276,152,2013-09-26,2013-10-03,2013-10-08,2295.0,1,2295.0
SO67134,3231,141,2013-09-26,2013-10-03,2013-10-08,2320.0,1,2320.0
SO67134,3231,142,2013-09-26,2013-10-03,2013-10-08,2320.0,1,2320.0
SO67135,16018,353,2013-09-26,2013-10-03,2013-10-08,2384.0,1,2384.0
SO67136,12517,395,2013-09-26,2013-10-03,2013-10-08,540.0,1,540.0
SO67137,10161,369,2013-09-26,2013-10-03,2013-10-08,1701.0,1,1701.0
SO67138,13198,178,2013-09-26,2013-10-03,2013-10-08,1120.0,1,1120.0
SO67138,13198,179,2013-09-26,2013-10-03,2013-10-08,1120.0,1,1120.0
SO67139,1621,393,2013-09-26,2013-10-03,2013-10-08,540.0,1,540.0
SO67140,16857,394,2013-09-26,2013-10-03,2013-10-08,540.0,1,540.0
SO67141,4922,370,2013-09-27,2013-10-04,2013-10-09,1701.0,1,1701.0
SO67142,432,369,2013-09-27,2013-10-04,2013-10-09,1701.0,1,1701.0
SO67143,7165,147,2013-09-27,2013-10-04,2013-10-09,2295.0,1,2295.0
SO67143,7165,148,2013-09-27,2013-10-04,2013-10-09,2295.0,1,2295.0
SO67144,6203,141,2013-09-27,2013-10-04,2013-10-09,2320.0,1,2320.0
SO67144,6203,142,2013-09-27,2013-10-04,2013-10-09,2320.0,1,2320.0
SO67145,6217,143,2013-09-27,2013-10-04,2013-10-09,2320.0,1,2320.0
SO67145,6217,144,2013-09-27,2013-10-04,2013-10-09,2320.0,1,2320.0
SO67146,502,9,2013-09-27,2013-10-04,2013-10-09,35.0,1,35.0
SO67146,502,10,2013-09-27,2013-10-04,2013-10-09,35.0,1,35.0
SO67146,502,11,2013-09-27,2013-10-04,2013-10-09,35.0,1,35.0
SO67147,2014,324,2013-09-27,2013-10-04,2013-10-09,25.0,1,25.0
SO67148,1666,324,2013-09-27,2013-10-04,2013-10-09,25.0,1,25.0
SO67149,4606,328,2013-09-27,2013-10-04,2013-10-09,25.0,1,25.0
SO67150,5700,325,2013-09-27,2013-10-04,2013-10-09,30.0,1,30.0
SO67151,6497,274,2013-09-27,2013-10-04,2013-10-09,22.0,1,22.0
SO67152,3684,328,2013-09-27,2013-10-04,2013-10-09,25.0,1,25.0
SO67153,15158,265,2013-09-27,2013-10-04,2013-10-09,70.0,1,70.0
SO67154,14240,317,2013-09-27,2013-10-04,2013-10-09,5.0,1,5.0
SO67155,5695,318,2013-09-27,2013-10-04,2013-10-09,4.0,1,4.0
SO67156,7142,149,2013-09-27,2013-10-04,2013-10-09,2295.0,1,2295.0
SO67156,7142,150,2013-09-27,2013-10-04,2013-10-09,2295.0,1,2295.0
SO67157,5467,162,2013-09-27,2013-10-04,2013-10-09,2443.0,1,2443.0
SO67157,5467,163,2013-09-27,2013-10-04,2013-10-09,2443.0,1,2443.0
SO67158,712,317,2013-09-27,2013-10-04,2013-10-09,5.0,1,5.0
SO67159,14294,329,2013-09-27,2013-10-04,2013-10-09,33.0,1,33.0
SO67160,11076,325,2013-09-27,2013-10-04,2013-10-09,30.0,1,30.0
SO67161,12350,325,2013-09-27,2013-10-04,2013-10-09,30.0,1,30.0
SO67162,9739,267,2013-09-27,2013-10-04,2013-10-09,10.0,1,10.0
SO67163,11224,325,2013-09-27,2013-10-04,2013-10-09,30.0,1,30.0
SO67164,301,266,2013-09-27,2013-10-04,2013-10-09,5.0,1,5.0
SO67165,10458,267,2013-09-27,2013-10-04,2013-10-09,10.0,1,10.0
SO67166,10261,267,2013-09-27,2013-10-04,2013-10-09,10.0,1,10.0
SO67167,8552,265,2013-09-27,2013-10-04,2013-10-09,70.0,1,70.0
SO67168,6378,266,2013-09-27,2013-10-04,2013-10-09,5.0,1,5.0
SO67169,13660,317,2013-09-27,2013-10-04,2013-10-09,5.0,1,5.0
SO67170,2951,274,2013-09-27,2013-10-04,2013-10-09,22.0,1,22.0
SO67171,5280,317,2013-09-27,2013-10-04,2013-10-09,5.0,1,5.0
SO67172,10540,325,2013-09-27,2013-10-04,2013-10-09,30.0,1,30.0
SO67173,9944,317,2013-09-27,2013-10-04,2013-10-09,5.0,1,5.0
SO67174,10120,327,2013-09-27,2013-10-04,2013-10-09,21.0,1,21.0
SO67175,18438,327,2013-09-27,2013-10-04,2013-10-09,21.0,1,21.0
SO67176,14582,327,2013-09-27,2013-10-04,2013-10-09,21.0,1,21.0
SO67177,16159,318,2013-09-27,2013-10-04,2013-10-09,4.0,1,4.0
SO67178,876,317,2013-09-27,2013-10-04,2013-10-09,5.0,1,5.0
SO67179,3195,267,2013-09-27,2013-10-04,2013-10-09,10.0,1,10.0
SO67180,7383,274,2013-09-27,2013-10-04,2013-10-09,22.0,1,22.0
SO67181,1394,251,2013-09-27,2013-10-04,2013-10-09,24.0,1,24.0
SO67181,1394,252,2013-09-27,2013-10-04,2013-10-09,24.0,1,24.0
SO67182,1790,149,2013-09-27,2013-10-04,2013-10-09,2295.0,1,2295.0
SO67182,1790,150,2013-09-27,2013-10-04,2013-10-09,2295.0,1,2295.0
SO67183,4566,149,2013-09-27,2013-10-04,2013-10-09,2295.0,1,2295.0
SO67183,4566,150,2013-09-27,2013-10-04,2013-10-09,2295.0,1,2295.0
SO67184,6626,145,2013-09-27,2013-10-04,2013-10-09,2320.0,1,2320.0
SO67184,6626,146,2013-09-27,2013-10-04,2013-10-09,2320.0,1,2320.0
SO67185,2271,151,2013-09-27,2013-10-04,2013-10-09,2295.0,1,2295.0
SO67185,2271,152,2013-09-27,2013-10-04,2013-10-09,2295.0,1,2295.0
SO67186,4128,151,2013-09-27,2013-10-04,2013-10-09,2295.0,1,2295.0
SO67186,4128,152,2013-09-27,2013-10-04,2013-10-09,2295.0,1,2295.0
SO67187,4130,149,2013-09-27,2013-10-04,2013-10-09,2295.0,1,2295.0
SO67187,4130,150,2013-09-27,2013-10-04,2013-10-09,2295.0,1,2295.0
SO67188,12659,372,2013-09-27,2013-10-04,2013-10-09,1701.0,1,1701.0
SO67189,1576,382,2013-09-27,2013-10-04,2013-10-09,565.0,1,565.0
SO67190,16097,364,2013-09-27,2013-10-04,2013-10-09,2384.0,1,2384.0
SO67191,18259,355,2013-09-27,2013-10-04,2013-10-09,742.0,1,742.0
SO67192,18253,359,2013-09-27,2013-10-04,2013-10-09,742.0,1,742.0
SO67193,15724,364,2013-09-27,2013-10-04,2013-10-09,2384.0,1,2384.0
SO67194,15537,365,2013-09-27,2013-10-04,2013-10-09,2384.0,1,2384.0
SO67195,12847,349,2013-09-27,2013-10-04,2013-10-09,1215.0,1,1215.0
SO67196,14952,367,2013-09-27,2013-10-04,2013-10-09,1215.0,1,1215.0
SO67197,13790,365,2013-09-27,2013-10-04,2013-10-09,2384.0,1,2384.0
SO67198,7086,372,2013-09-27,2013-10-04,2013-10-09,1701.0,1,1701.0
SO67199,13025,394,2013-09-27,2013-10-04,2013-10-09,540.0,1,540.0
SO67200,13385,351,2013-09-27,2013-10-04,2013-10-09,2384.0,1,2384.0
SO67201,18456,356,2013-09-27,2013-10-04,2013-10-09,742.0,1,742.0
SO67205,4210,378,2013-09-28,2013-10-05,2013-10-10,769.0,1,769.0
SO67206,7128,149,2013-09-28,2013-10-05,2013-10-10,2295.0,1,2295.0
SO67206,7128,150,2013-09-28,2013-10-05,2013-10-10,2295.0,1,2295.0
SO67207,1192,272,2013-09-28,2013-10-05,2013-10-10,120.0,1,120.0
SO67208,620,273,2013-09-28,2013-10-05,2013-10-10,8.0,1,8.0
SO67209,5185,328,2013-09-28,2013-10-05,2013-10-10,25.0,1,25.0
SO67210,6253,325,2013-09-28,2013-10-05,2013-10-10,30.0,1,30.0
SO67211,1353,318,2013-09-28,2013-10-05,2013-10-10,4.0,1,4.0
SO67212,4732,1,2013-09-28,2013-10-05,2013-10-10,35.0,1,35.0
SO67212,4732,2,2013-09-28,2013-10-05,2013-10-10,35.0,1,35.0
SO67212,4732,3,2013-09-28,2013-10-05,2013-10-10,35.0,1,35.0
SO67213,4466,269,2013-09-28,2013-10-05,2013-10-10,2.0,1,2.0
SO67214,3201,162,2013-09-28,2013-10-05,2013-10-10,2443.0,1,2443.0
SO67214,3201,163,2013-09-28,2013-10-05,2013-10-10,2443.0,1,2443.0
SO67215,3540,377,2013-09-28,2013-10-05,2013-10-10,769.0,1,769.0
SO67216,17583,4,2013-09-28,2013-10-05,2013-10-10,35.0,1,35.0
SO67216,17583,5,2013-09-28,2013-10-05,2013-10-10,35.0,1,35.0
SO67216,17583,6,2013-09-28,2013-10-05,2013-10-10,35.0,1,35.0
SO67217,695,277,2013-09-28,2013-10-05,2013-10-10,54.0,1,54.0
SO67218,17124,319,2013-09-28,2013-10-05,2013-10-10,5.0,1,5.0
SO67219,201,329,2013-09-28,2013-10-05,2013-10-10,33.0,1,33.0
SO67220,15335,324,2013-09-28,2013-10-05,2013-10-10,25.0,1,25.0
SO67221,11763,317,2013-09-28,2013-10-05,2013-10-10,5.0,1,5.0
SO67222,177,325,2013-09-28,2013-10-05,2013-10-10,30.0,1,30.0
SO67223,12338,325,2013-09-28,2013-10-05,2013-10-10,30.0,1,30.0
SO67224,2176,267,2013-09-28,2013-10-05,2013-10-10,10.0,1,10.0
SO67225,2199,267,2013-09-28,2013-10-05,2013-10-10,10.0,1,10.0
SO67226,8867,263,2013-09-28,2013-10-05,2013-10-10,70.0,1,70.0
SO67227,8152,265,2013-09-28,2013-10-05,2013-10-10,70.0,1,70.0
SO67228,6439,266,2013-09-28,2013-10-05,2013-10-10,5.0,1,5.0
SO67229,9274,317,2013-09-28,2013-10-05,2013-10-10,5.0,1,5.0
SO67230,10319,274,2013-09-28,2013-10-05,2013-10-10,22.0,1,22.0
SO67231,2816,318,2013-09-28,2013-10-05,2013-10-10,4.0,1,4.0
SO67232,14697,330,2013-09-28,2013-10-05,2013-10-10,29.0,1,29.0
SO67233,3939,330,2013-09-28,2013-10-05,2013-10-10,29.0,1,29.0
SO67234,142,326,2013-09-28,2013-10-05,2013-10-10,35.0,1,35.0
SO67235,5777,162,2013-09-28,2013-10-05,2013-10-10,2443.0,1,2443.0
SO67235,5777,163,2013-09-28,2013-10-05,2013-10-10,2443.0,1,2443.0
SO67236,3748,377,2013-09-28,2013-10-05,2013-10-10,769.0,1,769.0
SO67237,5094,387,2013-09-28,2013-10-05,2013-10-10,540.0,1,540.0
SO67238,3756,379,2013-09-28,2013-10-05,2013-10-10,769.0,1,769.0
SO67239,4916,145,2013-09-28,2013-10-05,2013-10-10,2320.0,1,2320.0
SO67239,4916,146,2013-09-28,2013-10-05,2013-10-10,2320.0,1,2320.0
SO67240,4569,143,2013-09-28,2013-10-05,2013-10-10,2320.0,1,2320.0
SO67240,4569,144,2013-09-28,2013-10-05,2013-10-10,2320.0,1,2320.0
SO67241,946,147,2013-09-28,2013-10-05,2013-10-10,2295.0,1,2295.0
SO67241,946,148,2013-09-28,2013-10-05,2013-10-10,2295.0,1,2295.0
SO67242,4541,143,2013-09-28,2013-10-05,2013-10-10,2320.0,1,2320.0
SO67242,4541,144,2013-09-28,2013-10-05,2013-10-10,2320.0,1,2320.0
SO67243,4938,143,2013-09-28,2013-10-05,2013-10-10,2320.0,1,2320.0
SO67243,4938,144,2013-09-28,2013-10-05,2013-10-10,2320.0,1,2320.0
SO67244,4973,151,2013-09-28,2013-10-05,2013-10-10,2295.0,1,2295.0
SO67244,4973,152,2013-09-28,2013-10-05,2013-10-10,2295.0,1,2295.0
SO67245,14829,178,2013-09-28,2013-10-05,2013-10-10,1120.0,1,1120.0
SO67245,14829,179,2013-09-28,2013-10-05,2013-10-10,1120.0,1,1120.0
SO67246,6917,170,2013-09-28,2013-10-05,2013-10-10,1120.0,1,1120.0
SO67246,6917,171,2013-09-28,2013-10-05,2013-10-10,1120.0,1,1120.0
SO67247,16598,395,2013-09-28,2013-10-05,2013-10-10,540.0,1,540.0
SO67248,3669,145,2013-09-28,2013-10-05,2013-10-10,2320.0,1,2320.0
SO67248,3669,146,2013-09-28,2013-10-05,2013-10-10,2320.0,1,2320.0
SO67249,3301,149,2013-09-28,2013-10-05,2013-10-10,2295.0,1,2295.0
SO67249,3301,150,2013-09-28,2013-10-05,2013-10-10,2295.0,1,2295.0
SO67250,15650,352,2013-09-28,2013-10-05,2013-10-10,2384.0,1,2384.0
SO67251,15706,350,2013-09-28,2013-10-05,2013-10-10,2384.0,1,2384.0
SO67252,13793,365,2013-09-28,2013-10-05,2013-10-10,2384.0,1,2384.0
SO67253,12667,353,2013-09-28,2013-10-05,2013-10-10,2384.0,1,2384.0
SO67254,12187,394,2013-09-28,2013-10-05,2013-10-10,540.0,1,540.0
SO67255,10142,176,2013-09-28,2013-10-05,2013-10-10,1120.0,1,1120.0
SO67255,10142,177,2013-09-28,2013-10-05,2013-10-10,1120.0,1,1120.0
SO67256,10144,176,2013-09-28,2013-10-05,2013-10-10,1120.0,1,1120.0
SO67256,10144,177,2013-09-28,2013-10-05,2013-10-10,1120.0,1,1120.0
SO67257,6872,371,2013-09-28,2013-10-05,2013-10-10,1701.0,1,1701.0
SO67258,16886,373,2013-09-28,2013-10-05,2013-10-10,540.0,1,540.0
SO67259,490,353,2013-09-28,2013-10-05,2013-10-10,2384.0,1,2384.0
SO67351,204,21,2013-09-29,2013-10-06,2013-10-11,50.0,1,50.0
SO67351,204,22,2013-09-29,2013-10-06,2013-10-11,50.0,1,50.0
SO67351,204,23,2013-09-29,2013-10-06,2013-10-11,50.0,1,50.0
SO67352,11215,317,2013-09-29,2013-10-06,2013-10-11,5.0,1,5.0
SO67353,6318,317,2013-09-29,2013-10-06,2013-10-11,5.0,1,5.0
SO67354,7010,372,2013-09-29,2013-10-06,2013-10-11,1701.0,1,1701.0
SO67355,14479,372,2013-09-29,2013-10-06,2013-10-11,1701.0,1,1701.0
SO67356,6988,370,2013-09-29,2013-10-06,2013-10-11,1701.0,1,1701.0
SO67357,6997,372,2013-09-29,2013-10-06,2013-10-11,1701.0,1,1701.0
SO67358,656,269,2013-09-29,2013-10-06,2013-10-11,2.0,1,2.0
SO67359,16399,327,2013-09-29,2013-10-06,2013-10-11,21.0,1,21.0
SO67360,15046,324,2013-09-29,2013-10-06,2013-10-11,25.0,1,25.0
SO67361,186,318,2013-09-29,2013-10-06,2013-10-11,4.0,1,4.0
SO67362,11724,317,2013-09-29,2013-10-06,2013-10-11,5.0,1,5.0
SO67363,508,325,2013-09-29,2013-10-06,2013-10-11,30.0,1,30.0
SO67364,12305,317,2013-09-29,2013-10-06,2013-10-11,5.0,1,5.0
SO67365,10745,267,2013-09-29,2013-10-06,2013-10-11,10.0,1,10.0
SO67366,1062,267,2013-09-29,2013-10-06,2013-10-11,10.0,1,10.0
SO67367,6410,263,2013-09-29,2013-10-06,2013-10-11,70.0,1,70.0
SO67368,7751,266,2013-09-29,2013-10-06,2013-10-11,5.0,1,5.0
SO67369,16633,317,2013-09-29,2013-10-06,2013-10-11,5.0,1,5.0
SO67370,9793,317,2013-09-29,2013-10-06,2013-10-11,5.0,1,5.0
SO67371,14622,317,2013-09-29,2013-10-06,2013-10-11,5.0,1,5.0
SO67372,3510,317,2013-09-29,2013-10-06,2013-10-11,5.0,1,5.0
SO67373,3394,274,2013-09-29,2013-10-06,2013-10-11,22.0,1,22.0
SO67374,4923,264,2013-09-29,2013-10-06,2013-10-11,70.0,1,70.0
SO67375,3768,274,2013-09-29,2013-10-06,2013-10-11,22.0,1,22.0
SO67376,13725,328,2013-09-29,2013-10-06,2013-10-11,25.0,1,25.0
SO67377,6111,319,2013-09-29,2013-10-06,2013-10-11,5.0,1,5.0
SO67378,3567,326,2013-09-29,2013-10-06,2013-10-11,35.0,1,35.0
SO67379,792,326,2013-09-29,2013-10-06,2013-10-11,35.0,1,35.0
SO67380,3898,326,2013-09-29,2013-10-06,2013-10-11,35.0,1,35.0
SO67381,3503,326,2013-09-29,2013-10-06,2013-10-11,35.0,1,35.0
SO67382,1650,12,2013-09-29,2013-10-06,2013-10-11,9.0,1,9.0
SO67382,1650,13,2013-09-29,2013-10-06,2013-10-11,9.0,1,9.0
SO67382,1650,14,2013-09-29,2013-10-06,2013-10-11,9.0,1,9.0
SO67383,1327,1,2013-09-29,2013-10-06,2013-10-11,35.0,1,35.0
SO67383,1327,2,2013-09-29,2013-10-06,2013-10-11,35.0,1,35.0
SO67383,1327,3,2013-09-29,2013-10-06,2013-10-11,35.0,1,35.0
SO67384,443,4,2013-09-29,2013-10-06,2013-10-11,35.0,1,35.0
SO67384,443,5,2013-09-29,2013-10-06,2013-10-11,35.0,1,35.0
SO67384,443,6,2013-09-29,2013-10-06,2013-10-11,35.0,1,35.0
SO67385,5127,380,2013-09-29,2013-10-06,2013-10-11,565.0,1,565.0
SO67386,2087,143,2013-09-29,2013-10-06,2013-10-11,2320.0,1,2320.0
SO67386,2087,144,2013-09-29,2013-10-06,2013-10-11,2320.0,1,2320.0
SO67387,5149,143,2013-09-29,2013-10-06,2013-10-11,2320.0,1,2320.0
SO67387,5149,144,2013-09-29,2013-10-06,2013-10-11,2320.0,1,2320.0
SO67388,5106,149,2013-09-29,2013-10-06,2013-10-11,2295.0,1,2295.0
SO67388,5106,150,2013-09-29,2013-10-06,2013-10-11,2295.0,1,2295.0
SO67389,4587,145,2013-09-29,2013-10-06,2013-10-11,2320.0,1,2320.0
SO67389,4587,146,2013-09-29,2013-10-06,2013-10-11,2320.0,1,2320.0
SO67390,4136,149,2013-09-29,2013-10-06,2013-10-11,2295.0,1,2295.0
SO67390,4136,150,2013-09-29,2013-10-06,2013-10-11,2295.0,1,2295.0
SO67391,15661,176,2013-09-29,2013-10-06,2013-10-11,1120.0,1,1120.0
SO67391,15661,177,2013-09-29,2013-10-06,2013-10-11,1120.0,1,1120.0
SO67392,15136,172,2013-09-29,2013-10-06,2013-10-11,1120.0,1,1120.0
SO67392,15136,173,2013-09-29,2013-10-06,2013-10-11,1120.0,1,1120.0
SO67393,18292,394,2013-09-29,2013-10-06,2013-10-11,540.0,1,540.0
SO67394,7201,387,2013-09-29,2013-10-06,2013-10-11,540.0,1,540.0
SO67395,16115,352,2013-09-29,2013-10-06,2013-10-11,2384.0,1,2384.0
SO67396,12371,393,2013-09-29,2013-10-06,2013-10-11,540.0,1,540.0
SO67397,12702,393,2013-09-29,2013-10-06,2013-10-11,540.0,1,540.0
SO67398,10487,170,2013-09-29,2013-10-06,2013-10-11,1120.0,1,1120.0
SO67398,10487,171,2013-09-29,2013-10-06,2013-10-11,1120.0,1,1120.0
SO67399,10358,178,2013-09-29,2013-10-06,2013-10-11,1120.0,1,1120.0
SO67399,10358,179,2013-09-29,2013-10-06,2013-10-11,1120.0,1,1120.0
SO67400,10370,170,2013-09-29,2013-10-06,2013-10-11,1120.0,1,1120.0
SO67400,10370,171,2013-09-29,2013-10-06,2013-10-11,1120.0,1,1120.0
SO67401,10483,172,2013-09-29,2013-10-06,2013-10-11,1120.0,1,1120.0
SO67401,10483,173,2013-09-29,2013-10-06,2013-10-11,1120.0,1,1120.0
SO67402,7552,370,2013-09-29,2013-10-06,2013-10-11,1701.0,1,1701.0
SO67403,7361,369,2013-09-29,2013-10-06,2013-10-11,1701.0,1,1701.0
SO67404,7410,369,2013-09-29,2013-10-06,2013-10-11,1701.0,1,1701.0
SO67405,7228,371,2013-09-29,2013-10-06,2013-10-11,1701.0,1,1701.0
SO67406,7234,371,2013-09-29,2013-10-06,2013-10-11,1701.0,1,1701.0
SO67407,9875,172,2013-09-29,2013-10-06,2013-10-11,1120.0,1,1120.0
SO67407,9875,173,2013-09-29,2013-10-06,2013-10-11,1120.0,1,1120.0
SO67408,17555,178,2013-09-29,2013-10-06,2013-10-11,1120.0,1,1120.0
SO67408,17555,179,2013-09-29,2013-10-06,2013-10-11,1120.0,1,1120.0
SO67409,17556,178,2013-09-29,2013-10-06,2013-10-11,1120.0,1,1120.0
SO67409,17556,179,2013-09-29,2013-10-06,2013-10-11,1120.0,1,1120.0
SO67410,12223,394,2013-09-29,2013-10-06,2013-10-11,540.0,1,540.0
SO67411,13717,395,2013-09-29,2013-10-06,2013-10-11,540.0,1,540.0
SO67412,17735,362,2013-09-29,2013-10-06,2013-10-11,2384.0,1,2384.0
SO67413,14635,370,2013-09-29,2013-10-06,2013-10-11,1701.0,1,1701.0
SO67414,1690,362,2013-09-29,2013-10-06,2013-10-11,2384.0,1,2384.0
SO67415,1699,362,2013-09-29,2013-10-06,2013-10-11,2384.0,1,2384.0
SO67416,2007,364,2013-09-29,2013-10-06,2013-10-11,2384.0,1,2384.0
SO67417,16869,364,2013-09-29,2013-10-06,2013-10-11,2384.0,1,2384.0
SO67418,6279,377,2013-09-30,2013-10-07,2013-10-12,769.0,1,769.0
SO67419,204,266,2013-09-30,2013-10-07,2013-10-12,5.0,1,5.0
SO67420,6303,318,2013-09-30,2013-10-07,2013-10-12,4.0,1,4.0
SO67421,5707,325,2013-09-30,2013-10-07,2013-10-12,30.0,1,30.0
SO67422,13885,327,2013-09-30,2013-10-07,2013-10-12,21.0,1,21.0
SO67423,5482,274,2013-09-30,2013-10-07,2013-10-12,22.0,1,22.0
SO67424,13601,317,2013-09-30,2013-10-07,2013-10-12,5.0,1,5.0
SO67425,2010,317,2013-09-30,2013-10-07,2013-10-12,5.0,1,5.0
SO67426,17215,319,2013-09-30,2013-10-07,2013-10-12,5.0,1,5.0
SO67427,8041,151,2013-09-30,2013-10-07,2013-10-12,2295.0,1,2295.0
SO67427,8041,152,2013-09-30,2013-10-07,2013-10-12,2295.0,1,2295.0
SO67428,3698,149,2013-09-30,2013-10-07,2013-10-12,2295.0,1,2295.0
SO67428,3698,150,2013-09-30,2013-10-07,2013-10-12,2295.0,1,2295.0
SO67429,6782,145,2013-09-30,2013-10-07,2013-10-12,2320.0,1,2320.0
SO67429,6782,146,2013-09-30,2013-10-07,2013-10-12,2320.0,1,2320.0
SO67430,13068,160,2013-09-30,2013-10-07,2013-10-12,2443.0,1,2443.0
SO67430,13068,161,2013-09-30,2013-10-07,2013-10-12,2443.0,1,2443.0
SO67431,4623,387,2013-09-30,2013-10-07,2013-10-12,540.0,1,540.0
SO67432,6990,369,2013-09-30,2013-10-07,2013-10-12,1701.0,1,1701.0
SO67433,18247,328,2013-09-30,2013-10-07,2013-10-12,25.0,1,25.0
SO67434,18023,328,2013-09-30,2013-10-07,2013-10-12,25.0,1,25.0
SO67435,15498,324,2013-09-30,2013-10-07,2013-10-12,25.0,1,25.0
SO67436,11745,317,2013-09-30,2013-10-07,2013-10-12,5.0,1,5.0
SO67437,12354,325,2013-09-30,2013-10-07,2013-10-12,30.0,1,30.0
SO67438,2989,267,2013-09-30,2013-10-07,2013-10-12,10.0,1,10.0
SO67439,7411,266,2013-09-30,2013-10-07,2013-10-12,5.0,1,5.0
SO67440,5839,266,2013-09-30,2013-10-07,2013-10-12,5.0,1,5.0
SO67441,4856,317,2013-09-30,2013-10-07,2013-10-12,5.0,1,5.0
SO67442,3619,317,2013-09-30,2013-10-07,2013-10-12,5.0,1,5.0
SO67443,1409,317,2013-09-30,2013-10-07,2013-10-12,5.0,1,5.0
SO67444,16894,329,2013-09-30,2013-10-07,2013-10-12,33.0,1,33.0
SO67445,1598,319,2013-09-30,2013-10-07,2013-10-12,5.0,1,5.0
SO67446,10547,266,2013-09-30,2013-10-07,2013-10-12,5.0,1,5.0
SO67447,16305,319,2013-09-30,2013-10-07,2013-10-12,5.0,1,5.0
SO67448,13560,318,2013-09-30,2013-10-07,2013-10-12,4.0,1,4.0
SO67449,2695,319,2013-09-30,2013-10-07,2013-10-12,5.0,1,5.0
SO67450,2600,330,2013-09-30,2013-10-07,2013-10-12,29.0,1,29.0
SO67451,1920,317,2013-09-30,2013-10-07,2013-10-12,5.0,1,5.0
SO67452,6808,319,2013-09-30,2013-10-07,2013-10-12,5.0,1,5.0
SO67453,1634,24,2013-09-30,2013-10-07,2013-10-12,50.0,1,50.0
SO67453,1634,25,2013-09-30,2013-10-07,2013-10-12,50.0,1,50.0
SO67453,1634,26,2013-09-30,2013-10-07,2013-10-12,50.0,1,50.0
SO67454,2722,386,2013-09-30,2013-10-07,2013-10-12,540.0,1,540.0
SO67455,3004,387,2013-09-30,2013-10-07,2013-10-12,540.0,1,540.0
SO67456,2065,141,2013-09-30,2013-10-07,2013-10-12,2320.0,1,2320.0
SO67456,2065,142,2013-09-30,2013-10-07,2013-10-12,2320.0,1,2320.0
SO67457,7238,149,2013-09-30,2013-10-07,2013-10-12,2295.0,1,2295.0
SO67457,7238,150,2013-09-30,2013-10-07,2013-10-12,2295.0,1,2295.0
SO67458,5786,141,2013-09-30,2013-10-07,2013-10-12,2320.0,1,2320.0
SO67458,5786,142,2013-09-30,2013-10-07,2013-10-12,2320.0,1,2320.0
SO67459,4632,360,2013-09-30,2013-10-07,2013-10-12,742.0,1,742.0
SO67460,17700,361,2013-09-30,2013-10-07,2013-10-12,742.0,1,742.0
SO67461,495,368,2013-09-30,2013-10-07,2013-10-12,1215.0,1,1215.0
SO67462,4219,151,2013-09-30,2013-10-07,2013-10-12,2295.0,1,2295.0
SO67462,4219,152,2013-09-30,2013-10-07,2013-10-12,2295.0,1,2295.0
SO67463,15034,170,2013-09-30,2013-10-07,2013-10-12,1120.0,1,1120.0
SO67463,15034,171,2013-09-30,2013-10-07,2013-10-12,1120.0,1,1120.0
SO67464,16712,373,2013-09-30,2013-10-07,2013-10-12,540.0,1,540.0
SO67465,10572,162,2013-09-30,2013-10-07,2013-10-12,2443.0,1,2443.0
SO67465,10572,163,2013-09-30,2013-10-07,2013-10-12,2443.0,1,2443.0
SO67466,18276,354,2013-09-30,2013-10-07,2013-10-12,742.0,1,742.0
SO67467,16281,363,2013-09-30,2013-10-07,2013-10-12,2384.0,1,2384.0
SO67468,14985,366,2013-09-30,2013-10-07,2013-10-12,1215.0,1,1215.0
SO67469,12583,395,2013-09-30,2013-10-07,2013-10-12,540.0,1,540.0
SO67470,9209,176,2013-09-30,2013-10-07,2013-10-12,1120.0,1,1120.0
SO67470,9209,177,2013-09-30,2013-10-07,2013-10-12,1120.0,1,1120.0
SO67471,6477,372,2013-09-30,2013-10-07,2013-10-12,1701.0,1,1701.0
SO67472,13100,395,2013-09-30,2013-10-07,2013-10-12,540.0,1,540.0
SO67473,12228,395,2013-09-30,2013-10-07,2013-10-12,540.0,1,540.0
SO67474,2262,373,2013-09-30,2013-10-07,2013-10-12,540.0,1,540.0
SO67475,12747,394,2013-09-30,2013-10-07,2013-10-12,540.0,1,540.0
SO67476,17743,363,2013-09-30,2013-10-07,2013-10-12,2384.0,1,2384.0
SO67477,5310,353,2013-09-30,2013-10-07,2013-10-12,2384.0,1,2384.0
SO67478,432,352,2013-09-30,2013-10-07,2013-10-12,2384.0,1,2384.0
SO67479,18463,374,2013-09-30,2013-10-07,2013-10-12,742.0,1,742.0
SO67480,2108,366,2013-09-30,2013-10-07,2013-10-12,1215.0,1,1215.0
SO67481,1702,362,2013-09-30,2013-10-07,2013-10-12,2384.0,1,2384.0
SO67482,6259,377,2013-10-01,2013-10-08,2013-10-13,769.0,1,769.0
SO67483,6289,377,2013-10-01,2013-10-08,2013-10-13,769.0,1,769.0
SO67484,2953,324,2013-10-01,2013-10-08,2013-10-13,25.0,1,25.0
SO67485,2624,324,2013-10-01,2013-10-08,2013-10-13,25.0,1,25.0
SO67486,10199,325,2013-10-01,2013-10-08,2013-10-13,30.0,1,30.0
SO67487,5691,325,2013-10-01,2013-10-08,2013-10-13,30.0,1,30.0
SO67488,8675,317,2013-10-01,2013-10-08,2013-10-13,5.0,1,5.0
SO67489,2014,265,2013-10-01,2013-10-08,2013-10-13,70.0,1,70.0
SO67490,1696,318,2013-10-01,2013-10-08,2013-10-13,4.0,1,4.0
SO67491,4232,4,2013-10-01,2013-10-08,2013-10-13,35.0,1,35.0
SO67491,4232,5,2013-10-01,2013-10-08,2013-10-13,35.0,1,35.0
SO67491,4232,6,2013-10-01,2013-10-08,2013-10-13,35.0,1,35.0
SO67492,371,24,2013-10-01,2013-10-08,2013-10-13,50.0,1,50.0
SO67492,371,25,2013-10-01,2013-10-08,2013-10-13,50.0,1,50.0
SO67492,371,26,2013-10-01,2013-10-08,2013-10-13,50.0,1,50.0
SO67493,2962,24,2013-10-01,2013-10-08,2013-10-13,50.0,1,50.0
SO67493,2962,25,2013-10-01,2013-10-08,2013-10-13,50.0,1,50.0
SO67493,2962,26,2013-10-01,2013-10-08,2013-10-13,50.0,1,50.0
SO67494,6067,18,2013-10-01,2013-10-08,2013-10-13,50.0,1,50.0
SO67494,6067,19,2013-10-01,2013-10-08,2013-10-13,50.0,1,50.0
SO67494,6067,20,2013-10-01,2013-10-08,2013-10-13,50.0,1,50.0
SO67495,2128,276,2013-10-01,2013-10-08,2013-10-13,55.0,1,55.0
SO67496,5548,166,2013-10-01,2013-10-08,2013-10-13,2443.0,1,2443.0
SO67496,5548,167,2013-10-01,2013-10-08,2013-10-13,2443.0,1,2443.0
SO67497,1548,145,2013-10-01,2013-10-08,2013-10-13,2320.0,1,2320.0
SO67497,1548,146,2013-10-01,2013-10-08,2013-10-13,2320.0,1,2320.0
SO67498,5393,143,2013-10-01,2013-10-08,2013-10-13,2320.0,1,2320.0
SO67498,5393,144,2013-10-01,2013-10-08,2013-10-13,2320.0,1,2320.0
SO67499,3770,379,2013-10-01,2013-10-08,2013-10-13,769.0,1,769.0
SO67500,11308,376,2013-10-01,2013-10-08,2013-10-13,769.0,1,769.0
SO67501,14443,372,2013-10-01,2013-10-08,2013-10-13,1701.0,1,1701.0
SO67502,15353,369,2013-10-01,2013-10-08,2013-10-13,1701.0,1,1701.0
SO67503,362,324,2013-10-01,2013-10-08,2013-10-13,25.0,1,25.0
SO67504,712,318,2013-10-01,2013-10-08,2013-10-13,4.0,1,4.0
SO67505,15622,330,2013-10-01,2013-10-08,2013-10-13,29.0,1,29.0
SO67506,1971,330,2013-10-01,2013-10-08,2013-10-13,29.0,1,29.0
SO67507,288,319,2013-10-01,2013-10-08,2013-10-13,5.0,1,5.0
SO67508,201,324,2013-10-01,2013-10-08,2013-10-13,25.0,1,25.0
SO67509,10703,324,2013-10-01,2013-10-08,2013-10-13,25.0,1,25.0
SO67510,12132,325,2013-10-01,2013-10-08,2013-10-13,30.0,1,30.0
SO67511,11986,317,2013-10-01,2013-10-08,2013-10-13,5.0,1,5.0
SO67512,4403,267,2013-10-01,2013-10-08,2013-10-13,10.0,1,10.0
SO67513,11343,266,2013-10-01,2013-10-08,2013-10-13,5.0,1,5.0
SO67514,9705,267,2013-10-01,2013-10-08,2013-10-13,10.0,1,10.0
SO67515,8023,263,2013-10-01,2013-10-08,2013-10-13,70.0,1,70.0
SO67516,5961,266,2013-10-01,2013-10-08,2013-10-13,5.0,1,5.0
SO67517,5337,317,2013-10-01,2013-10-08,2013-10-13,5.0,1,5.0
SO67518,4983,317,2013-10-01,2013-10-08,2013-10-13,5.0,1,5.0
SO67519,4908,317,2013-10-01,2013-10-08,2013-10-13,5.0,1,5.0
SO67520,8148,274,2013-10-01,2013-10-08,2013-10-13,22.0,1,22.0
SO67521,6758,324,2013-10-01,2013-10-08,2013-10-13,25.0,1,25.0
SO67522,6646,317,2013-10-01,2013-10-08,2013-10-13,5.0,1,5.0
SO67523,8067,274,2013-10-01,2013-10-08,2013-10-13,22.0,1,22.0
SO67524,6808,324,2013-10-01,2013-10-08,2013-10-13,25.0,1,25.0
SO67525,18403,278,2013-10-01,2013-10-08,2013-10-13,54.0,1,54.0
SO67526,2682,317,2013-10-01,2013-10-08,2013-10-13,5.0,1,5.0
SO67527,2548,267,2013-10-01,2013-10-08,2013-10-13,10.0,1,10.0
SO67528,9177,325,2013-10-01,2013-10-08,2013-10-13,30.0,1,30.0
SO67529,5424,328,2013-10-01,2013-10-08,2013-10-13,25.0,1,25.0
SO67530,7024,318,2013-10-01,2013-10-08,2013-10-13,4.0,1,4.0
SO67531,12616,325,2013-10-01,2013-10-08,2013-10-13,30.0,1,30.0
SO67532,18371,330,2013-10-01,2013-10-08,2013-10-13,29.0,1,29.0
SO67533,1289,327,2013-10-01,2013-10-08,2013-10-13,21.0,1,21.0
SO67534,9868,318,2013-10-01,2013-10-08,2013-10-13,4.0,1,4.0
SO67535,8479,327,2013-10-01,2013-10-08,2013-10-13,21.0,1,21.0
SO67536,14645,319,2013-10-01,2013-10-08,2013-10-13,5.0,1,5.0
SO67537,128,326,2013-10-01,2013-10-08,2013-10-13,35.0,1,35.0
SO67538,1364,326,2013-10-01,2013-10-08,2013-10-13,35.0,1,35.0
SO67539,1890,274,2013-10-01,2013-10-08,2013-10-13,22.0,1,22.0
SO67540,6386,274,2013-10-01,2013-10-08,2013-10-13,22.0,1,22.0
SO67541,597,267,2013-10-01,2013-10-08,2013-10-13,10.0,1,10.0
SO67542,1259,21,2013-10-01,2013-10-08,2013-10-13,50.0,1,50.0
SO67542,1259,22,2013-10-01,2013-10-08,2013-10-13,50.0,1,50.0
SO67542,1259,23,2013-10-01,2013-10-08,2013-10-13,50.0,1,50.0
SO67543,8855,386,2013-10-01,2013-10-08,2013-10-13,540.0,1,540.0
SO67544,11268,380,2013-10-01,2013-10-08,2013-10-13,565.0,1,565.0
SO67545,3903,376,2013-10-01,2013-10-08,2013-10-13,769.0,1,769.0
SO67546,5113,147,2013-10-01,2013-10-08,2013-10-13,2295.0,1,2295.0
SO67546,5113,148,2013-10-01,2013-10-08,2013-10-13,2295.0,1,2295.0
SO67547,17689,356,2013-10-01,2013-10-08,2013-10-13,742.0,1,742.0
SO67548,1527,355,2013-10-01,2013-10-08,2013-10-13,742.0,1,742.0
SO67549,4185,141,2013-10-01,2013-10-08,2013-10-13,2320.0,1,2320.0
SO67549,4185,142,2013-10-01,2013-10-08,2013-10-13,2320.0,1,2320.0
SO67550,4220,149,2013-10-01,2013-10-08,2013-10-13,2295.0,1,2295.0
SO67550,4220,150,2013-10-01,2013-10-08,2013-10-13,2295.0,1,2295.0
SO67551,4151,141,2013-10-01,2013-10-08,2013-10-13,2320.0,1,2320.0
SO67551,4151,142,2013-10-01,2013-10-08,2013-10-13,2320.0,1,2320.0
SO67552,15190,174,2013-10-01,2013-10-08,2013-10-13,1120.0,1,1120.0
SO67552,15190,175,2013-10-01,2013-10-08,2013-10-13,1120.0,1,1120.0
SO67553,12663,370,2013-10-01,2013-10-08,2013-10-13,1701.0,1,1701.0
SO67554,14559,393,2013-10-01,2013-10-08,2013-10-13,540.0,1,540.0
SO67555,14021,395,2013-10-01,2013-10-08,2013-10-13,540.0,1,540.0
SO67556,13253,373,2013-10-01,2013-10-08,2013-10-13,540.0,1,540.0
SO67557,10879,166,2013-10-01,2013-10-08,2013-10-13,2443.0,1,2443.0
SO67557,10879,167,2013-10-01,2013-10-08,2013-10-13,2443.0,1,2443.0
SO67558,13812,364,2013-10-01,2013-10-08,2013-10-13,2384.0,1,2384.0
SO67559,16454,352,2013-10-01,2013-10-08,2013-10-13,2384.0,1,2384.0
SO67560,16280,352,2013-10-01,2013-10-08,2013-10-13,2384.0,1,2384.0
SO67561,13236,366,2013-10-01,2013-10-08,2013-10-13,1215.0,1,1215.0
SO67562,12817,393,2013-10-01,2013-10-08,2013-10-13,540.0,1,540.0
SO67563,9070,394,2013-10-01,2013-10-08,2013-10-13,540.0,1,540.0
SO67564,12684,373,2013-10-01,2013-10-08,2013-10-13,540.0,1,540.0
SO67565,12705,394,2013-10-01,2013-10-08,2013-10-13,540.0,1,540.0
SO67566,12341,395,2013-10-01,2013-10-08,2013-10-13,540.0,1,540.0
SO67567,10356,176,2013-10-01,2013-10-08,2013-10-13,1120.0,1,1120.0
SO67567,10356,177,2013-10-01,2013-10-08,2013-10-13,1120.0,1,1120.0
SO67568,7319,370,2013-10-01,2013-10-08,2013-10-13,1701.0,1,1701.0
SO67569,13183,393,2013-10-01,2013-10-08,2013-10-13,540.0,1,540.0
SO67570,12902,395,2013-10-01,2013-10-08,2013-10-13,540.0,1,540.0
SO67571,5299,363,2013-10-01,2013-10-08,2013-10-13,2384.0,1,2384.0
SO67572,3307,360,2013-10-01,2013-10-08,2013-10-13,742.0,1,742.0
SO67573,1687,352,2013-10-01,2013-10-08,2013-10-13,2384.0,1,2384.0
SO67574,444,352,2013-10-01,2013-10-08,2013-10-13,2384.0,1,2384.0
SO67575,1991,353,2013-10-01,2013-10-08,2013-10-13,2384.0,1,2384.0
SO67576,751,364,2013-10-01,2013-10-08,2013-10-13,2384.0,1,2384.0
SO67577,4211,377,2013-10-02,2013-10-09,2013-10-14,769.0,1,769.0
SO67578,15743,265,2013-10-02,2013-10-09,2013-10-14,70.0,1,70.0
SO67579,14825,317,2013-10-02,2013-10-09,2013-10-14,5.0,1,5.0
SO67580,7293,269,2013-10-02,2013-10-09,2013-10-14,2.0,1,2.0
SO67581,5426,143,2013-10-02,2013-10-09,2013-10-14,2320.0,1,2320.0
SO67581,5426,144,2013-10-02,2013-10-09,2013-10-14,2320.0,1,2320.0
SO67582,8066,149,2013-10-02,2013-10-09,2013-10-14,2295.0,1,2295.0
SO67582,8066,150,2013-10-02,2013-10-09,2013-10-14,2295.0,1,2295.0
SO67583,8028,141,2013-10-02,2013-10-09,2013-10-14,2320.0,1,2320.0
SO67583,8028,142,2013-10-02,2013-10-09,2013-10-14,2320.0,1,2320.0
SO67584,8039,149,2013-10-02,2013-10-09,2013-10-14,2295.0,1,2295.0
SO67584,8039,150,2013-10-02,2013-10-09,2013-10-14,2295.0,1,2295.0
SO67585,3151,149,2013-10-02,2013-10-09,2013-10-14,2295.0,1,2295.0
SO67585,3151,150,2013-10-02,2013-10-09,2013-10-14,2295.0,1,2295.0
SO67586,10668,377,2013-10-02,2013-10-09,2013-10-14,769.0,1,769.0
SO67587,7000,370,2013-10-02,2013-10-09,2013-10-14,1701.0,1,1701.0
SO67588,213,328,2013-10-02,2013-10-09,2013-10-14,25.0,1,25.0
SO67589,2989,330,2013-10-02,2013-10-09,2013-10-14,29.0,1,29.0
SO67590,16749,327,2013-10-02,2013-10-09,2013-10-14,21.0,1,21.0
SO67591,15781,327,2013-10-02,2013-10-09,2013-10-14,21.0,1,21.0
SO67592,14275,318,2013-10-02,2013-10-09,2013-10-14,4.0,1,4.0
SO67593,14279,329,2013-10-02,2013-10-09,2013-10-14,33.0,1,33.0
SO67594,12813,325,2013-10-02,2013-10-09,2013-10-14,30.0,1,30.0
SO67595,14154,318,2013-10-02,2013-10-09,2013-10-14,4.0,1,4.0
SO67596,11866,317,2013-10-02,2013-10-09,2013-10-14,5.0,1,5.0
SO67597,9397,263,2013-10-02,2013-10-09,2013-10-14,70.0,1,70.0
SO67598,9356,271,2013-10-02,2013-10-09,2013-10-14,9.0,1,9.0
SO67599,7475,266,2013-10-02,2013-10-09,2013-10-14,5.0,1,5.0
SO67600,7766,263,2013-10-02,2013-10-09,2013-10-14,70.0,1,70.0
SO67601,7668,266,2013-10-02,2013-10-09,2013-10-14,5.0,1,5.0
SO67602,15177,266,2013-10-02,2013-10-09,2013-10-14,5.0,1,5.0
SO67603,3431,274,2013-10-02,2013-10-09,2013-10-14,22.0,1,22.0
SO67604,2387,274,2013-10-02,2013-10-09,2013-10-14,22.0,1,22.0
SO67605,6102,317,2013-10-02,2013-10-09,2013-10-14,5.0,1,5.0
SO67606,4280,274,2013-10-02,2013-10-09,2013-10-14,22.0,1,22.0
SO67607,5266,328,2013-10-02,2013-10-09,2013-10-14,25.0,1,25.0
SO67608,10835,266,2013-10-02,2013-10-09,2013-10-14,5.0,1,5.0
SO67609,11565,266,2013-10-02,2013-10-09,2013-10-14,5.0,1,5.0
SO67610,13565,318,2013-10-02,2013-10-09,2013-10-14,4.0,1,4.0
SO67611,1304,327,2013-10-02,2013-10-09,2013-10-14,21.0,1,21.0
SO67612,11532,327,2013-10-02,2013-10-09,2013-10-14,21.0,1,21.0
SO67613,17913,319,2013-10-02,2013-10-09,2013-10-14,5.0,1,5.0
SO67614,5650,274,2013-10-02,2013-10-09,2013-10-14,22.0,1,22.0
SO67615,1893,317,2013-10-02,2013-10-09,2013-10-14,5.0,1,5.0
SO67616,983,326,2013-10-02,2013-10-09,2013-10-14,35.0,1,35.0
SO67617,5010,274,2013-10-02,2013-10-09,2013-10-14,22.0,1,22.0
SO67618,4192,379,2013-10-02,2013-10-09,2013-10-14,769.0,1,769.0
SO67619,1924,149,2013-10-02,2013-10-09,2013-10-14,2295.0,1,2295.0
SO67619,1924,150,2013-10-02,2013-10-09,2013-10-14,2295.0,1,2295.0
SO67620,2392,141,2013-10-02,2013-10-09,2013-10-14,2320.0,1,2320.0
SO67620,2392,142,2013-10-02,2013-10-09,2013-10-14,2320.0,1,2320.0
SO67621,2407,358,2013-10-02,2013-10-09,2013-10-14,742.0,1,742.0
SO67622,17706,375,2013-10-02,2013-10-09,2013-10-14,742.0,1,742.0
SO67623,13701,350,2013-10-02,2013-10-09,2013-10-14,2384.0,1,2384.0
SO67624,13306,372,2013-10-02,2013-10-09,2013-10-14,1701.0,1,1701.0
SO67625,15023,176,2013-10-02,2013-10-09,2013-10-14,1120.0,1,1120.0
SO67625,15023,177,2013-10-02,2013-10-09,2013-10-14,1120.0,1,1120.0
SO67626,13273,373,2013-10-02,2013-10-09,2013-10-14,540.0,1,540.0
SO67627,13267,395,2013-10-02,2013-10-09,2013-10-14,540.0,1,540.0
SO67628,14705,394,2013-10-02,2013-10-09,2013-10-14,540.0,1,540.0
SO67629,10890,160,2013-10-02,2013-10-09,2013-10-14,2443.0,1,2443.0
SO67629,10890,161,2013-10-02,2013-10-09,2013-10-14,2443.0,1,2443.0
SO67630,4590,147,2013-10-02,2013-10-09,2013-10-14,2295.0,1,2295.0
SO67630,4590,148,2013-10-02,2013-10-09,2013-10-14,2295.0,1,2295.0
SO67631,4363,353,2013-10-02,2013-10-09,2013-10-14,2384.0,1,2384.0
SO67632,16538,352,2013-10-02,2013-10-09,2013-10-14,2384.0,1,2384.0
SO67633,16251,364,2013-10-02,2013-10-09,2013-10-14,2384.0,1,2384.0
SO67634,12795,367,2013-10-02,2013-10-09,2013-10-14,1215.0,1,1215.0
SO67635,10397,174,2013-10-02,2013-10-09,2013-10-14,1120.0,1,1120.0
SO67635,10397,175,2013-10-02,2013-10-09,2013-10-14,1120.0,1,1120.0
SO67636,7440,370,2013-10-02,2013-10-09,2013-10-14,1701.0,1,1701.0
SO67637,7502,369,2013-10-02,2013-10-09,2013-10-14,1701.0,1,1701.0
SO67638,13206,394,2013-10-02,2013-10-09,2013-10-14,540.0,1,540.0
SO67639,16893,393,2013-10-02,2013-10-09,2013-10-14,540.0,1,540.0
SO67640,2556,373,2013-10-02,2013-10-09,2013-10-14,540.0,1,540.0
SO67641,11511,369,2013-10-02,2013-10-09,2013-10-14,1701.0,1,1701.0
SO67642,7040,371,2013-10-02,2013-10-09,2013-10-14,1701.0,1,1701.0
SO67643,1689,365,2013-10-02,2013-10-09,2013-10-14,2384.0,1,2384.0
SO67644,1997,351,2013-10-02,2013-10-09,2013-10-14,2384.0,1,2384.0
SO67645,103,324,2013-10-03,2013-10-10,2013-10-15,25.0,1,25.0
SO67646,7731,274,2013-10-03,2013-10-10,2013-10-15,22.0,1,22.0
SO67647,9225,327,2013-10-03,2013-10-10,2013-10-15,21.0,1,21.0
SO67648,15771,264,2013-10-03,2013-10-10,2013-10-15,70.0,1,70.0
SO67649,8799,268,2013-10-03,2013-10-10,2013-10-15,9.0,1,9.0
SO67650,807,277,2013-10-03,2013-10-10,2013-10-15,54.0,1,54.0
SO67651,3329,318,2013-10-03,2013-10-10,2013-10-15,4.0,1,4.0
SO67652,212,318,2013-10-03,2013-10-10,2013-10-15,4.0,1,4.0
SO67653,5668,269,2013-10-03,2013-10-10,2013-10-15,2.0,1,2.0
SO67654,531,319,2013-10-03,2013-10-10,2013-10-15,5.0,1,5.0
SO67655,785,318,2013-10-03,2013-10-10,2013-10-15,4.0,1,4.0
SO67656,3078,328,2013-10-03,2013-10-10,2013-10-15,25.0,1,25.0
SO67657,16396,318,2013-10-03,2013-10-10,2013-10-15,4.0,1,4.0
SO67658,16013,319,2013-10-03,2013-10-10,2013-10-15,5.0,1,5.0
SO67659,13511,318,2013-10-03,2013-10-10,2013-10-15,4.0,1,4.0
SO67660,12877,329,2013-10-03,2013-10-10,2013-10-15,33.0,1,33.0
SO67661,4544,325,2013-10-03,2013-10-10,2013-10-15,30.0,1,30.0
SO67662,2319,329,2013-10-03,2013-10-10,2013-10-15,33.0,1,33.0
SO67663,13223,325,2013-10-03,2013-10-10,2013-10-15,30.0,1,30.0
SO67664,4762,267,2013-10-03,2013-10-10,2013-10-15,10.0,1,10.0
SO67665,1965,266,2013-10-03,2013-10-10,2013-10-15,5.0,1,5.0
SO67666,12328,267,2013-10-03,2013-10-10,2013-10-15,10.0,1,10.0
SO67667,8847,264,2013-10-03,2013-10-10,2013-10-15,70.0,1,70.0
SO67668,79,263,2013-10-03,2013-10-10,2013-10-15,70.0,1,70.0
SO67669,7589,263,2013-10-03,2013-10-10,2013-10-15,70.0,1,70.0
SO67670,7507,274,2013-10-03,2013-10-10,2013-10-15,22.0,1,22.0
SO67671,9850,325,2013-10-03,2013-10-10,2013-10-15,30.0,1,30.0
SO67672,6107,328,2013-10-03,2013-10-10,2013-10-15,25.0,1,25.0
SO67673,2507,263,2013-10-03,2013-10-10,2013-10-15,70.0,1,70.0
SO67674,5284,318,2013-10-03,2013-10-10,2013-10-15,4.0,1,4.0
SO67675,3716,318,2013-10-03,2013-10-10,2013-10-15,4.0,1,4.0
SO67676,17449,327,2013-10-03,2013-10-10,2013-10-15,21.0,1,21.0
SO67677,13846,327,2013-10-03,2013-10-10,2013-10-15,21.0,1,21.0
SO67678,10008,266,2013-10-03,2013-10-10,2013-10-15,5.0,1,5.0
SO67679,13563,318,2013-10-03,2013-10-10,2013-10-15,4.0,1,4.0
SO67680,237,326,2013-10-03,2013-10-10,2013-10-15,35.0,1,35.0
SO67681,1599,12,2013-10-03,2013-10-10,2013-10-15,9.0,1,9.0
SO67681,1599,13,2013-10-03,2013-10-10,2013-10-15,9.0,1,9.0
SO67681,1599,14,2013-10-03,2013-10-10,2013-10-15,9.0,1,9.0
SO67682,1983,326,2013-10-03,2013-10-10,2013-10-15,35.0,1,35.0
SO67683,1024,141,2013-10-03,2013-10-10,2013-10-15,2320.0,1,2320.0
SO67683,1024,142,2013-10-03,2013-10-10,2013-10-15,2320.0,1,2320.0
SO67684,17692,355,2013-10-03,2013-10-10,2013-10-15,742.0,1,742.0
SO67685,4172,145,2013-10-03,2013-10-10,2013-10-15,2320.0,1,2320.0
SO67685,4172,146,2013-10-03,2013-10-10,2013-10-15,2320.0,1,2320.0
SO67686,13304,370,2013-10-03,2013-10-10,2013-10-15,1701.0,1,1701.0
SO67687,10889,166,2013-10-03,2013-10-10,2013-10-15,2443.0,1,2443.0
SO67687,10889,167,2013-10-03,2013-10-10,2013-10-15,2443.0,1,2443.0
SO67688,10895,162,2013-10-03,2013-10-10,2013-10-15,2443.0,1,2443.0
SO67688,10895,163,2013-10-03,2013-10-10,2013-10-15,2443.0,1,2443.0
SO67689,10877,166,2013-10-03,2013-10-10,2013-10-15,2443.0,1,2443.0
SO67689,10877,167,2013-10-03,2013-10-10,2013-10-15,2443.0,1,2443.0
SO67690,18275,361,2013-10-03,2013-10-10,2013-10-15,742.0,1,742.0
SO67691,13802,351,2013-10-03,2013-10-10,2013-10-15,2384.0,1,2384.0
SO67692,13797,365,2013-10-03,2013-10-10,2013-10-15,2384.0,1,2384.0
SO67693,14994,367,2013-10-03,2013-10-10,2013-10-15,1215.0,1,1215.0
SO67694,1755,394,2013-10-03,2013-10-10,2013-10-15,540.0,1,540.0
SO67695,18358,363,2013-10-03,2013-10-10,2013-10-15,2384.0,1,2384.0
SO67696,1704,364,2013-10-03,2013-10-10,2013-10-15,2384.0,1,2384.0
SO67697,4264,317,2013-10-04,2013-10-11,2013-10-16,5.0,1,5.0
SO67698,6351,318,2013-10-04,2013-10-11,2013-10-16,4.0,1,4.0
SO67699,2955,264,2013-10-04,2013-10-11,2013-10-16,70.0,1,70.0
SO67700,15150,265,2013-10-04,2013-10-11,2013-10-16,70.0,1,70.0
SO67701,8973,268,2013-10-04,2013-10-11,2013-10-16,9.0,1,9.0
SO67702,3713,149,2013-10-04,2013-10-11,2013-10-16,2295.0,1,2295.0
SO67702,3713,150,2013-10-04,2013-10-11,2013-10-16,2295.0,1,2295.0
SO67703,8068,151,2013-10-04,2013-10-11,2013-10-16,2295.0,1,2295.0
SO67703,8068,152,2013-10-04,2013-10-11,2013-10-16,2295.0,1,2295.0
SO67704,8038,151,2013-10-04,2013-10-11,2013-10-16,2295.0,1,2295.0
SO67704,8038,152,2013-10-04,2013-10-11,2013-10-16,2295.0,1,2295.0
SO67705,707,279,2013-10-04,2013-10-11,2013-10-16,54.0,1,54.0
SO67706,698,278,2013-10-04,2013-10-11,2013-10-16,54.0,1,54.0
SO67707,15047,324,2013-10-04,2013-10-11,2013-10-16,25.0,1,25.0
SO67708,15502,324,2013-10-04,2013-10-11,2013-10-16,25.0,3,25.0
SO67709,15247,324,2013-10-04,2013-10-11,2013-10-16,25.0,1,25.0
SO67710,2861,329,2013-10-04,2013-10-11,2013-10-16,33.0,1,33.0
SO67711,1203,317,2013-10-04,2013-10-11,2013-10-16,5.0,1,5.0
SO67712,2475,318,2013-10-04,2013-10-11,2013-10-16,4.0,1,4.0
SO67713,5480,266,2013-10-04,2013-10-11,2013-10-16,5.0,1,5.0
SO67714,9693,267,2013-10-04,2013-10-11,2013-10-16,10.0,1,10.0
SO67715,9634,267,2013-10-04,2013-10-11,2013-10-16,10.0,1,10.0
SO67716,9444,267,2013-10-04,2013-10-11,2013-10-16,10.0,1,10.0
SO67717,10248,267,2013-10-04,2013-10-11,2013-10-16,10.0,1,10.0
SO67718,9021,264,2013-10-04,2013-10-11,2013-10-16,70.0,1,70.0
SO67719,9120,264,2013-10-04,2013-10-11,2013-10-16,70.0,1,70.0
SO67720,6407,266,2013-10-04,2013-10-11,2013-10-16,5.0,1,5.0
SO67721,13626,266,2013-10-04,2013-10-11,2013-10-16,5.0,1,5.0
SO67722,4293,317,2013-10-04,2013-10-11,2013-10-16,5.0,1,5.0
SO67723,2922,274,2013-10-04,2013-10-11,2013-10-16,22.0,1,22.0
SO67724,9882,325,2013-10-04,2013-10-11,2013-10-16,30.0,1,30.0
SO67725,8908,317,2013-10-04,2013-10-11,2013-10-16,5.0,1,5.0
SO67726,6637,324,2013-10-04,2013-10-11,2013-10-16,25.0,1,25.0
SO67727,7166,319,2013-10-04,2013-10-11,2013-10-16,5.0,1,5.0
SO67728,507,326,2013-10-04,2013-10-11,2013-10-16,35.0,1,35.0
SO67729,4572,274,2013-10-04,2013-10-11,2013-10-16,22.0,1,22.0
SO67730,7542,274,2013-10-04,2013-10-11,2013-10-16,22.0,1,22.0
SO67731,1639,12,2013-10-04,2013-10-11,2013-10-16,9.0,1,9.0
SO67731,1639,13,2013-10-04,2013-10-11,2013-10-16,9.0,1,9.0
SO67731,1639,14,2013-10-04,2013-10-11,2013-10-16,9.0,1,9.0
SO67732,3895,379,2013-10-04,2013-10-11,2013-10-16,769.0,1,769.0
SO67733,3894,376,2013-10-04,2013-10-11,2013-10-16,769.0,1,769.0
SO67734,5870,143,2013-10-04,2013-10-11,2013-10-16,2320.0,1,2320.0
SO67734,5870,144,2013-10-04,2013-10-11,2013-10-16,2320.0,1,2320.0
SO67735,2089,147,2013-10-04,2013-10-11,2013-10-16,2295.0,1,2295.0
SO67735,2089,148,2013-10-04,2013-10-11,2013-10-16,2295.0,1,2295.0
SO67736,5851,145,2013-10-04,2013-10-11,2013-10-16,2320.0,1,2320.0
SO67736,5851,146,2013-10-04,2013-10-11,2013-10-16,2320.0,1,2320.0
SO67737,5855,149,2013-10-04,2013-10-11,2013-10-16,2295.0,1,2295.0
SO67737,5855,150,2013-10-04,2013-10-11,2013-10-16,2295.0,1,2295.0
SO67738,5868,151,2013-10-04,2013-10-11,2013-10-16,2295.0,1,2295.0
SO67738,5868,152,2013-10-04,2013-10-11,2013-10-16,2295.0,1,2295.0
SO67739,1950,145,2013-10-04,2013-10-11,2013-10-16,2320.0,1,2320.0
SO67739,1950,146,2013-10-04,2013-10-11,2013-10-16,2320.0,1,2320.0
SO67740,5146,145,2013-10-04,2013-10-11,2013-10-16,2320.0,1,2320.0
SO67740,5146,146,2013-10-04,2013-10-11,2013-10-16,2320.0,1,2320.0
SO67741,5830,352,2013-10-04,2013-10-11,2013-10-16,2384.0,1,2384.0
SO67742,4215,145,2013-10-04,2013-10-11,2013-10-16,2320.0,1,2320.0
SO67742,4215,146,2013-10-04,2013-10-11,2013-10-16,2320.0,1,2320.0
SO67743,4135,149,2013-10-04,2013-10-11,2013-10-16,2295.0,1,2295.0
SO67743,4135,150,2013-10-04,2013-10-11,2013-10-16,2295.0,1,2295.0
SO67744,6921,174,2013-10-04,2013-10-11,2013-10-16,1120.0,1,1120.0
SO67744,6921,175,2013-10-04,2013-10-11,2013-10-16,1120.0,1,1120.0
SO67745,6922,174,2013-10-04,2013-10-11,2013-10-16,1120.0,1,1120.0
SO67745,6922,175,2013-10-04,2013-10-11,2013-10-16,1120.0,1,1120.0
SO67746,15567,176,2013-10-04,2013-10-11,2013-10-16,1120.0,1,1120.0
SO67746,15567,177,2013-10-04,2013-10-11,2013-10-16,1120.0,1,1120.0
SO67747,15746,174,2013-10-04,2013-10-11,2013-10-16,1120.0,1,1120.0
SO67747,15746,175,2013-10-04,2013-10-11,2013-10-16,1120.0,1,1120.0
SO67748,10898,168,2013-10-04,2013-10-11,2013-10-16,2443.0,1,2443.0
SO67748,10898,169,2013-10-04,2013-10-11,2013-10-16,2443.0,1,2443.0
SO67749,16107,363,2013-10-04,2013-10-11,2013-10-16,2384.0,1,2384.0
SO67750,16297,362,2013-10-04,2013-10-11,2013-10-16,2384.0,1,2384.0
SO67751,16295,363,2013-10-04,2013-10-11,2013-10-16,2384.0,1,2384.0
SO67752,14978,367,2013-10-04,2013-10-11,2013-10-16,1215.0,1,1215.0
SO67753,14987,349,2013-10-04,2013-10-11,2013-10-16,1215.0,1,1215.0
SO67754,12816,394,2013-10-04,2013-10-11,2013-10-16,540.0,1,540.0
SO67755,12455,393,2013-10-04,2013-10-11,2013-10-16,540.0,1,540.0
SO67756,12724,373,2013-10-04,2013-10-11,2013-10-16,540.0,1,540.0
SO67757,3886,174,2013-10-04,2013-10-11,2013-10-16,1120.0,1,1120.0
SO67757,3886,175,2013-10-04,2013-10-11,2013-10-16,1120.0,1,1120.0
SO67758,9187,174,2013-10-04,2013-10-11,2013-10-16,1120.0,1,1120.0
SO67758,9187,175,2013-10-04,2013-10-11,2013-10-16,1120.0,1,1120.0
SO67759,7503,370,2013-10-04,2013-10-11,2013-10-16,1701.0,1,1701.0
SO67760,7229,12,2013-10-04,2013-10-11,2013-10-16,9.0,1,9.0
SO67760,7229,13,2013-10-04,2013-10-11,2013-10-16,9.0,1,9.0
SO67760,7229,14,2013-10-04,2013-10-11,2013-10-16,9.0,1,9.0
SO67761,2771,393,2013-10-04,2013-10-11,2013-10-16,540.0,1,540.0
SO67762,16010,373,2013-10-04,2013-10-11,2013-10-16,540.0,1,540.0
SO67763,13699,394,2013-10-04,2013-10-11,2013-10-16,540.0,1,540.0
SO67764,4677,353,2013-10-04,2013-10-11,2013-10-16,2384.0,1,2384.0
SO67765,6282,328,2013-10-05,2013-10-12,2013-10-17,25.0,1,25.0
SO67766,3019,328,2013-10-05,2013-10-12,2013-10-17,25.0,1,25.0
SO67767,3316,328,2013-10-05,2013-10-12,2013-10-17,25.0,1,25.0
SO67768,5698,325,2013-10-05,2013-10-12,2013-10-17,30.0,1,30.0
SO67769,9987,317,2013-10-05,2013-10-12,2013-10-17,5.0,1,5.0
SO67770,12645,266,2013-10-05,2013-10-12,2013-10-17,5.0,1,5.0
SO67771,15672,264,2013-10-05,2013-10-12,2013-10-17,70.0,1,70.0
SO67772,4435,269,2013-10-05,2013-10-12,2013-10-17,2.0,1,2.0
SO67773,9225,268,2013-10-05,2013-10-12,2013-10-17,9.0,1,9.0
SO67774,5429,377,2013-10-05,2013-10-12,2013-10-17,769.0,1,769.0
SO67775,6966,379,2013-10-05,2013-10-12,2013-10-17,769.0,1,769.0
SO67776,5425,145,2013-10-05,2013-10-12,2013-10-17,2320.0,1,2320.0
SO67776,5425,146,2013-10-05,2013-10-12,2013-10-17,2320.0,1,2320.0
SO67777,1736,145,2013-10-05,2013-10-12,2013-10-17,2320.0,1,2320.0
SO67777,1736,146,2013-10-05,2013-10-12,2013-10-17,2320.0,1,2320.0
SO67778,3156,147,2013-10-05,2013-10-12,2013-10-17,2295.0,1,2295.0
SO67778,3156,148,2013-10-05,2013-10-12,2013-10-17,2295.0,1,2295.0
SO67779,3702,377,2013-10-05,2013-10-12,2013-10-17,769.0,1,769.0
SO67780,6999,372,2013-10-05,2013-10-12,2013-10-17,1701.0,1,1701.0
SO67781,7028,370,2013-10-05,2013-10-12,2013-10-17,1701.0,1,1701.0
SO67782,277,269,2013-10-05,2013-10-12,2013-10-17,2.0,1,2.0
SO67783,18270,318,2013-10-05,2013-10-12,2013-10-17,4.0,1,4.0
SO67784,845,18,2013-10-05,2013-10-12,2013-10-17,50.0,1,50.0
SO67784,845,19,2013-10-05,2013-10-12,2013-10-17,50.0,1,50.0
SO67784,845,20,2013-10-05,2013-10-12,2013-10-17,50.0,1,50.0
SO67785,17975,328,2013-10-05,2013-10-12,2013-10-17,25.0,1,25.0
SO67786,15495,324,2013-10-05,2013-10-12,2013-10-17,25.0,1,25.0
SO67787,15256,330,2013-10-05,2013-10-12,2013-10-17,29.0,1,29.0
SO67788,16423,327,2013-10-05,2013-10-12,2013-10-17,21.0,1,21.0
SO67789,13449,329,2013-10-05,2013-10-12,2013-10-17,33.0,1,33.0
SO67790,15285,324,2013-10-05,2013-10-12,2013-10-17,25.0,1,25.0
SO67791,660,325,2013-10-05,2013-10-12,2013-10-17,30.0,1,30.0
SO67792,10761,267,2013-10-05,2013-10-12,2013-10-17,10.0,1,10.0
SO67793,4469,267,2013-10-05,2013-10-12,2013-10-17,10.0,1,10.0
SO67794,9775,266,2013-10-05,2013-10-12,2013-10-17,5.0,1,5.0
SO67795,7914,12,2013-10-05,2013-10-12,2013-10-17,9.0,1,9.0
SO67795,7914,13,2013-10-05,2013-10-12,2013-10-17,9.0,1,9.0
SO67795,7914,14,2013-10-05,2013-10-12,2013-10-17,9.0,1,9.0
SO67796,9743,263,2013-10-05,2013-10-12,2013-10-17,70.0,1,70.0
SO67797,4574,317,2013-10-05,2013-10-12,2013-10-17,5.0,1,5.0
SO67798,4564,317,2013-10-05,2013-10-12,2013-10-17,5.0,1,5.0
SO67799,18260,12,2013-10-05,2013-10-12,2013-10-17,9.0,1,9.0
SO67799,18260,13,2013-10-05,2013-10-12,2013-10-17,9.0,1,9.0
SO67799,18260,14,2013-10-05,2013-10-12,2013-10-17,9.0,1,9.0
SO67800,4297,317,2013-10-05,2013-10-12,2013-10-17,5.0,1,5.0
SO67801,3543,264,2013-10-05,2013-10-12,2013-10-17,70.0,1,70.0
SO67802,4702,318,2013-10-05,2013-10-12,2013-10-17,4.0,1,4.0
SO67803,8051,274,2013-10-05,2013-10-12,2013-10-17,22.0,1,22.0
SO67804,5474,324,2013-10-05,2013-10-12,2013-10-17,25.0,1,25.0
SO67805,13046,266,2013-10-05,2013-10-12,2013-10-17,5.0,1,5.0
SO67806,8181,266,2013-10-05,2013-10-12,2013-10-17,5.0,1,5.0
SO67807,11497,266,2013-10-05,2013-10-12,2013-10-17,5.0,1,5.0
SO67808,15213,327,2013-10-05,2013-10-12,2013-10-17,21.0,1,21.0
SO67809,13716,319,2013-10-05,2013-10-12,2013-10-17,5.0,1,5.0
SO67810,1568,330,2013-10-05,2013-10-12,2013-10-17,29.0,1,29.0
SO67811,6724,319,2013-10-05,2013-10-12,2013-10-17,5.0,1,5.0
SO67812,10683,319,2013-10-05,2013-10-12,2013-10-17,5.0,1,5.0
SO67813,2220,274,2013-10-05,2013-10-12,2013-10-17,22.0,1,22.0
SO67814,878,326,2013-10-05,2013-10-12,2013-10-17,35.0,1,35.0
SO67815,1652,12,2013-10-05,2013-10-12,2013-10-17,9.0,1,9.0
SO67815,1652,13,2013-10-05,2013-10-12,2013-10-17,9.0,1,9.0
SO67815,1652,14,2013-10-05,2013-10-12,2013-10-17,9.0,1,9.0
SO67816,1566,267,2013-10-05,2013-10-12,2013-10-17,10.0,1,10.0
SO67817,8844,381,2013-10-05,2013-10-12,2013-10-17,565.0,1,565.0
SO67818,5846,151,2013-10-05,2013-10-12,2013-10-17,2295.0,1,2295.0
SO67818,5846,152,2013-10-05,2013-10-12,2013-10-17,2295.0,1,2295.0
SO67819,5112,149,2013-10-05,2013-10-12,2013-10-17,2295.0,1,2295.0
SO67819,5112,150,2013-10-05,2013-10-12,2013-10-17,2295.0,1,2295.0
SO67820,16764,359,2013-10-05,2013-10-12,2013-10-17,742.0,1,742.0
SO67821,16772,356,2013-10-05,2013-10-12,2013-10-17,742.0,1,742.0
SO67822,9924,357,2013-10-05,2013-10-12,2013-10-17,742.0,1,742.0
SO67823,1624,366,2013-10-05,2013-10-12,2013-10-17,1215.0,1,1215.0
SO67824,1875,367,2013-10-05,2013-10-12,2013-10-17,1215.0,1,1215.0
SO67825,6923,176,2013-10-05,2013-10-12,2013-10-17,1120.0,1,1120.0
SO67825,6923,177,2013-10-05,2013-10-12,2013-10-17,1120.0,1,1120.0
SO67826,16720,393,2013-10-05,2013-10-12,2013-10-17,540.0,1,540.0
SO67827,14564,395,2013-10-05,2013-10-12,2013-10-17,540.0,1,540.0
SO67828,10944,168,2013-10-05,2013-10-12,2013-10-17,2443.0,1,2443.0
SO67828,10944,169,2013-10-05,2013-10-12,2013-10-17,2443.0,1,2443.0
SO67829,4596,141,2013-10-05,2013-10-12,2013-10-17,2320.0,1,2320.0
SO67829,4596,142,2013-10-05,2013-10-12,2013-10-17,2320.0,1,2320.0
SO67830,18265,356,2013-10-05,2013-10-12,2013-10-17,742.0,1,742.0
SO67831,16450,352,2013-10-05,2013-10-12,2013-10-17,2384.0,1,2384.0
SO67832,12464,395,2013-10-05,2013-10-12,2013-10-17,540.0,1,540.0
SO67833,7546,372,2013-10-05,2013-10-12,2013-10-17,1701.0,1,1701.0
SO67834,7554,370,2013-10-05,2013-10-12,2013-10-17,1701.0,1,1701.0
SO67835,6587,369,2013-10-05,2013-10-12,2013-10-17,1701.0,1,1701.0
SO67836,14309,172,2013-10-05,2013-10-12,2013-10-17,1120.0,1,1120.0
SO67836,14309,173,2013-10-05,2013-10-12,2013-10-17,1120.0,1,1120.0
SO67837,3306,357,2013-10-05,2013-10-12,2013-10-17,742.0,1,742.0
SO67838,2012,350,2013-10-05,2013-10-12,2013-10-17,2384.0,1,2384.0
SO67839,866,273,2013-10-06,2013-10-13,2013-10-18,8.0,1,8.0
SO67840,858,18,2013-10-06,2013-10-13,2013-10-18,50.0,1,50.0
SO67840,858,19,2013-10-06,2013-10-13,2013-10-18,50.0,1,50.0
SO67840,858,20,2013-10-06,2013-10-13,2013-10-18,50.0,1,50.0
SO67841,949,317,2013-10-06,2013-10-13,2013-10-18,5.0,1,5.0
SO67842,5182,325,2013-10-06,2013-10-13,2013-10-18,30.0,1,30.0
SO67843,10885,326,2013-10-06,2013-10-13,2013-10-18,35.0,1,35.0
SO67844,16150,317,2013-10-06,2013-10-13,2013-10-18,5.0,1,5.0
SO67845,11919,266,2013-10-06,2013-10-13,2013-10-18,5.0,1,5.0
SO67846,16581,319,2013-10-06,2013-10-13,2013-10-18,5.0,1,5.0
SO67847,4722,1,2013-10-06,2013-10-13,2013-10-18,35.0,1,35.0
SO67847,4722,2,2013-10-06,2013-10-13,2013-10-18,35.0,1,35.0
SO67847,4722,3,2013-10-06,2013-10-13,2013-10-18,35.0,1,35.0
SO67848,1737,143,2013-10-06,2013-10-13,2013-10-18,2320.0,1,2320.0
SO67848,1737,144,2013-10-06,2013-10-13,2013-10-18,2320.0,1,2320.0
SO67849,8058,143,2013-10-06,2013-10-13,2013-10-18,2320.0,1,2320.0
SO67849,8058,144,2013-10-06,2013-10-13,2013-10-18,2320.0,1,2320.0
SO67850,3703,145,2013-10-06,2013-10-13,2013-10-18,2320.0,1,2320.0
SO67850,3703,146,2013-10-06,2013-10-13,2013-10-18,2320.0,1,2320.0
SO67851,14797,160,2013-10-06,2013-10-13,2013-10-18,2443.0,1,2443.0
SO67851,14797,161,2013-10-06,2013-10-13,2013-10-18,2443.0,1,2443.0
SO67852,8420,379,2013-10-06,2013-10-13,2013-10-18,769.0,1,769.0
SO67853,7009,371,2013-10-06,2013-10-13,2013-10-18,1701.0,1,1701.0
SO67854,18135,318,2013-10-06,2013-10-13,2013-10-18,4.0,1,4.0
SO67855,15259,330,2013-10-06,2013-10-13,2013-10-18,29.0,1,29.0
SO67856,13759,329,2013-10-06,2013-10-13,2013-10-18,33.0,1,33.0
SO67857,13766,318,2013-10-06,2013-10-13,2013-10-18,4.0,1,4.0
SO67858,13289,318,2013-10-06,2013-10-13,2013-10-18,4.0,1,4.0
SO67859,13520,329,2013-10-06,2013-10-13,2013-10-18,33.0,1,33.0
SO67860,4860,329,2013-10-06,2013-10-13,2013-10-18,33.0,1,33.0
SO67861,12801,329,2013-10-06,2013-10-13,2013-10-18,33.0,1,33.0
SO67862,11102,325,2013-10-06,2013-10-13,2013-10-18,30.0,1,30.0
SO67863,11103,325,2013-10-06,2013-10-13,2013-10-18,30.0,1,30.0
SO67864,506,325,2013-10-06,2013-10-13,2013-10-18,30.0,1,30.0
SO67865,11054,267,2013-10-06,2013-10-13,2013-10-18,10.0,1,10.0
SO67866,9306,265,2013-10-06,2013-10-13,2013-10-18,70.0,1,70.0
SO67867,8800,265,2013-10-06,2013-10-13,2013-10-18,70.0,1,70.0
SO67868,201,266,2013-10-06,2013-10-13,2013-10-18,5.0,1,5.0
SO67869,3385,317,2013-10-06,2013-10-13,2013-10-18,5.0,1,5.0
SO67870,4283,317,2013-10-06,2013-10-13,2013-10-18,5.0,1,5.0
SO67871,3694,317,2013-10-06,2013-10-13,2013-10-18,5.0,1,5.0
SO67872,9558,317,2013-10-06,2013-10-13,2013-10-18,5.0,1,5.0
SO67873,1863,329,2013-10-06,2013-10-13,2013-10-18,33.0,1,33.0
SO67874,4109,318,2013-10-06,2013-10-13,2013-10-18,4.0,1,4.0
SO67875,9572,324,2013-10-06,2013-10-13,2013-10-18,25.0,1,25.0
SO67876,10832,325,2013-10-06,2013-10-13,2013-10-18,30.0,1,30.0
SO67877,4713,319,2013-10-06,2013-10-13,2013-10-18,5.0,1,5.0
SO67878,2295,274,2013-10-06,2013-10-13,2013-10-18,22.0,1,22.0
SO67879,2173,274,2013-10-06,2013-10-13,2013-10-18,22.0,1,22.0
SO67880,1911,274,2013-10-06,2013-10-13,2013-10-18,22.0,1,22.0
SO67881,2208,274,2013-10-06,2013-10-13,2013-10-18,22.0,1,22.0
SO67882,5123,388,2013-10-06,2013-10-13,2013-10-18,540.0,1,540.0
SO67883,5909,151,2013-10-06,2013-10-13,2013-10-18,2295.0,1,2295.0
SO67883,5909,152,2013-10-06,2013-10-13,2013-10-18,2295.0,1,2295.0
SO67884,7378,145,2013-10-06,2013-10-13,2013-10-18,2320.0,1,2320.0
SO67884,7378,146,2013-10-06,2013-10-13,2013-10-18,2320.0,1,2320.0
SO67885,5101,143,2013-10-06,2013-10-13,2013-10-18,2320.0,1,2320.0
SO67885,5101,144,2013-10-06,2013-10-13,2013-10-18,2320.0,1,2320.0
SO67886,17699,354,2013-10-06,2013-10-13,2013-10-18,742.0,1,742.0
SO67887,15753,174,2013-10-06,2013-10-13,2013-10-18,1120.0,1,1120.0
SO67887,15753,175,2013-10-06,2013-10-13,2013-10-18,1120.0,1,1120.0
SO67888,10980,370,2013-10-06,2013-10-13,2013-10-18,1701.0,1,1701.0
SO67889,12664,371,2013-10-06,2013-10-13,2013-10-18,1701.0,1,1701.0
SO67890,15025,170,2013-10-06,2013-10-13,2013-10-18,1120.0,1,1120.0
SO67890,15025,171,2013-10-06,2013-10-13,2013-10-18,1120.0,1,1120.0
SO67891,14557,394,2013-10-06,2013-10-13,2013-10-18,540.0,1,540.0
SO67892,4182,143,2013-10-06,2013-10-13,2013-10-18,2320.0,1,2320.0
SO67892,4182,144,2013-10-06,2013-10-13,2013-10-18,2320.0,1,2320.0
SO67893,10887,164,2013-10-06,2013-10-13,2013-10-18,2443.0,1,2443.0
SO67893,10887,165,2013-10-06,2013-10-13,2013-10-18,2443.0,1,2443.0
SO67894,4717,145,2013-10-06,2013-10-13,2013-10-18,2320.0,1,2320.0
SO67894,4717,146,2013-10-06,2013-10-13,2013-10-18,2320.0,1,2320.0
SO67895,16522,352,2013-10-06,2013-10-13,2013-10-18,2384.0,1,2384.0
SO67896,14995,368,2013-10-06,2013-10-13,2013-10-18,1215.0,1,1215.0
SO67897,12819,394,2013-10-06,2013-10-13,2013-10-18,540.0,1,540.0
SO67898,12475,395,2013-10-06,2013-10-13,2013-10-18,540.0,1,540.0
SO67899,7549,369,2013-10-06,2013-10-13,2013-10-18,1701.0,1,1701.0
SO67900,10270,372,2013-10-06,2013-10-13,2013-10-18,1701.0,1,1701.0
SO67901,12445,395,2013-10-06,2013-10-13,2013-10-18,540.0,1,540.0
SO67902,1806,395,2013-10-06,2013-10-13,2013-10-18,540.0,1,540.0
SO67903,1990,363,2013-10-06,2013-10-13,2013-10-18,2384.0,1,2384.0
SO67904,6074,328,2013-10-07,2013-10-14,2013-10-19,25.0,1,25.0
SO67905,6908,327,2013-10-07,2013-10-14,2013-10-19,21.0,1,21.0
SO67906,8572,274,2013-10-07,2013-10-14,2013-10-19,22.0,1,22.0
SO67907,1360,253,2013-10-07,2013-10-14,2013-10-19,24.0,1,24.0
SO67907,1360,254,2013-10-07,2013-10-14,2013-10-19,24.0,1,24.0
SO67908,5539,160,2013-10-07,2013-10-14,2013-10-19,2443.0,1,2443.0
SO67908,5539,161,2013-10-07,2013-10-14,2013-10-19,2443.0,1,2443.0
SO67909,3777,151,2013-10-07,2013-10-14,2013-10-19,2295.0,1,2295.0
SO67909,3777,152,2013-10-07,2013-10-14,2013-10-19,2295.0,1,2295.0
SO67910,8911,141,2013-10-07,2013-10-14,2013-10-19,2320.0,1,2320.0
SO67910,8911,142,2013-10-07,2013-10-14,2013-10-19,2320.0,1,2320.0
SO67911,9893,164,2013-10-07,2013-10-14,2013-10-19,2443.0,1,2443.0
SO67911,9893,165,2013-10-07,2013-10-14,2013-10-19,2443.0,1,2443.0
SO67912,17336,12,2013-10-07,2013-10-14,2013-10-19,9.0,1,9.0
SO67912,17336,13,2013-10-07,2013-10-14,2013-10-19,9.0,1,9.0
SO67912,17336,14,2013-10-07,2013-10-14,2013-10-19,9.0,1,9.0
SO67913,15480,324,2013-10-07,2013-10-14,2013-10-19,25.0,1,25.0
SO67914,4008,329,2013-10-07,2013-10-14,2013-10-19,33.0,1,33.0
SO67915,1107,324,2013-10-07,2013-10-14,2013-10-19,25.0,1,25.0
SO67916,1533,317,2013-10-07,2013-10-14,2013-10-19,5.0,1,5.0
SO67917,13955,329,2013-10-07,2013-10-14,2013-10-19,33.0,1,33.0
SO67918,499,325,2013-10-07,2013-10-14,2013-10-19,30.0,1,30.0
SO67919,12002,317,2013-10-07,2013-10-14,2013-10-19,5.0,1,5.0
SO67920,8768,263,2013-10-07,2013-10-14,2013-10-19,70.0,1,70.0
SO67921,9343,12,2013-10-07,2013-10-14,2013-10-19,9.0,1,9.0
SO67921,9343,13,2013-10-07,2013-10-14,2013-10-19,9.0,1,9.0
SO67921,9343,14,2013-10-07,2013-10-14,2013-10-19,9.0,1,9.0
SO67922,9023,264,2013-10-07,2013-10-14,2013-10-19,70.0,1,70.0
SO67923,15731,266,2013-10-07,2013-10-14,2013-10-19,5.0,1,5.0
SO67924,6436,266,2013-10-07,2013-10-14,2013-10-19,5.0,1,5.0
SO67925,7662,266,2013-10-07,2013-10-14,2013-10-19,5.0,1,5.0
SO67926,2200,266,2013-10-07,2013-10-14,2013-10-19,5.0,1,5.0
SO67927,4912,317,2013-10-07,2013-10-14,2013-10-19,5.0,1,5.0
SO67928,17744,12,2013-10-07,2013-10-14,2013-10-19,9.0,1,9.0
SO67928,17744,13,2013-10-07,2013-10-14,2013-10-19,9.0,1,9.0
SO67928,17744,14,2013-10-07,2013-10-14,2013-10-19,9.0,1,9.0
SO67929,18420,279,2013-10-07,2013-10-14,2013-10-19,54.0,1,54.0
SO67930,8375,266,2013-10-07,2013-10-14,2013-10-19,5.0,1,5.0
SO67931,15395,330,2013-10-07,2013-10-14,2013-10-19,29.0,1,29.0
SO67932,17468,319,2013-10-07,2013-10-14,2013-10-19,5.0,1,5.0
SO67933,12749,330,2013-10-07,2013-10-14,2013-10-19,29.0,1,29.0
SO67934,13880,327,2013-10-07,2013-10-14,2013-10-19,21.0,1,21.0
SO67935,16189,319,2013-10-07,2013-10-14,2013-10-19,5.0,1,5.0
SO67936,3890,274,2013-10-07,2013-10-14,2013-10-19,22.0,1,22.0
SO67937,2599,267,2013-10-07,2013-10-14,2013-10-19,10.0,1,10.0
SO67938,1275,9,2013-10-07,2013-10-14,2013-10-19,35.0,1,35.0
SO67938,1275,10,2013-10-07,2013-10-14,2013-10-19,35.0,1,35.0
SO67938,1275,11,2013-10-07,2013-10-14,2013-10-19,35.0,1,35.0
SO67939,5872,151,2013-10-07,2013-10-14,2013-10-19,2295.0,1,2295.0
SO67939,5872,152,2013-10-07,2013-10-14,2013-10-19,2295.0,1,2295.0
SO67940,5819,143,2013-10-07,2013-10-14,2013-10-19,2320.0,1,2320.0
SO67940,5819,144,2013-10-07,2013-10-14,2013-10-19,2320.0,1,2320.0
SO67941,5096,151,2013-10-07,2013-10-14,2013-10-19,2295.0,1,2295.0
SO67941,5096,152,2013-10-07,2013-10-14,2013-10-19,2295.0,1,2295.0
SO67942,4171,141,2013-10-07,2013-10-14,2013-10-19,2320.0,1,2320.0
SO67942,4171,142,2013-10-07,2013-10-14,2013-10-19,2320.0,1,2320.0
SO67943,15741,174,2013-10-07,2013-10-14,2013-10-19,1120.0,1,1120.0
SO67943,15741,175,2013-10-07,2013-10-14,2013-10-19,1120.0,1,1120.0
SO67944,13258,373,2013-10-07,2013-10-14,2013-10-19,540.0,1,540.0
SO67945,10886,166,2013-10-07,2013-10-14,2013-10-19,2443.0,1,2443.0
SO67945,10886,167,2013-10-07,2013-10-14,2013-10-19,2443.0,1,2443.0
SO67946,16296,351,2013-10-07,2013-10-14,2013-10-19,2384.0,1,2384.0
SO67947,12743,395,2013-10-07,2013-10-14,2013-10-19,540.0,1,540.0
SO67948,16407,393,2013-10-07,2013-10-14,2013-10-19,540.0,1,540.0
SO67949,12479,373,2013-10-07,2013-10-14,2013-10-19,540.0,1,540.0
SO67950,15693,394,2013-10-07,2013-10-14,2013-10-19,540.0,1,540.0
SO67951,10585,174,2013-10-07,2013-10-14,2013-10-19,1120.0,1,1120.0
SO67951,10585,175,2013-10-07,2013-10-14,2013-10-19,1120.0,1,1120.0
SO67952,7362,371,2013-10-07,2013-10-14,2013-10-19,1701.0,1,1701.0
SO67953,7415,372,2013-10-07,2013-10-14,2013-10-19,1701.0,1,1701.0
SO67954,10269,370,2013-10-07,2013-10-14,2013-10-19,1701.0,1,1701.0
SO67955,7235,369,2013-10-07,2013-10-14,2013-10-19,1701.0,1,1701.0
SO67956,17371,393,2013-10-07,2013-10-14,2013-10-19,540.0,1,540.0
SO67957,2265,395,2013-10-07,2013-10-14,2013-10-19,540.0,1,540.0
SO67958,15819,353,2013-10-07,2013-10-14,2013-10-19,2384.0,1,2384.0
SO67959,4679,363,2013-10-07,2013-10-14,2013-10-19,2384.0,1,2384.0
SO67960,1125,352,2013-10-07,2013-10-14,2013-10-19,2384.0,1,2384.0
SO67961,29,358,2013-10-07,2013-10-14,2013-10-19,742.0,1,742.0
SO67962,7039,372,2013-10-07,2013-10-14,2013-10-19,1701.0,1,1701.0
SO67963,7047,371,2013-10-07,2013-10-14,2013-10-19,1701.0,1,1701.0
SO67964,1703,362,2013-10-07,2013-10-14,2013-10-19,2384.0,1,2384.0
SO67965,69,317,2013-10-08,2013-10-15,2013-10-20,5.0,1,5.0
SO67966,5342,274,2013-10-08,2013-10-15,2013-10-20,22.0,1,22.0
SO67967,10225,317,2013-10-08,2013-10-15,2013-10-20,5.0,1,5.0
SO67968,1037,317,2013-10-08,2013-10-15,2013-10-20,5.0,1,5.0
SO67969,17306,266,2013-10-08,2013-10-15,2013-10-20,5.0,1,5.0
SO67970,14228,317,2013-10-08,2013-10-15,2013-10-20,5.0,1,5.0
SO67971,14010,267,2013-10-08,2013-10-15,2013-10-20,10.0,1,10.0
SO67972,2137,1,2013-10-08,2013-10-15,2013-10-20,35.0,1,35.0
SO67972,2137,2,2013-10-08,2013-10-15,2013-10-20,35.0,1,35.0
SO67972,2137,3,2013-10-08,2013-10-15,2013-10-20,35.0,1,35.0
SO67973,6496,276,2013-10-08,2013-10-15,2013-10-20,55.0,1,55.0
SO67974,6984,149,2013-10-08,2013-10-15,2013-10-20,2295.0,1,2295.0
SO67974,6984,150,2013-10-08,2013-10-15,2013-10-20,2295.0,1,2295.0
SO67975,1614,143,2013-10-08,2013-10-15,2013-10-20,2320.0,1,2320.0
SO67975,1614,144,2013-10-08,2013-10-15,2013-10-20,2320.0,1,2320.0
SO67976,3166,149,2013-10-08,2013-10-15,2013-10-20,2295.0,1,2295.0
SO67976,3166,150,2013-10-08,2013-10-15,2013-10-20,2295.0,1,2295.0
SO67977,11665,160,2013-10-08,2013-10-15,2013-10-20,2443.0,1,2443.0
SO67977,11665,161,2013-10-08,2013-10-15,2013-10-20,2443.0,1,2443.0
SO67978,13067,162,2013-10-08,2013-10-15,2013-10-20,2443.0,1,2443.0
SO67978,13067,163,2013-10-08,2013-10-15,2013-10-20,2443.0,1,2443.0
SO67979,4827,318,2013-10-08,2013-10-15,2013-10-20,4.0,1,4.0
SO67980,206,269,2013-10-08,2013-10-15,2013-10-20,2.0,1,2.0
SO67981,15779,330,2013-10-08,2013-10-15,2013-10-20,29.0,1,29.0
SO67982,15478,324,2013-10-08,2013-10-15,2013-10-20,25.0,1,25.0
SO67983,15454,317,2013-10-08,2013-10-15,2013-10-20,5.0,1,5.0
SO67984,14358,324,2013-10-08,2013-10-15,2013-10-20,25.0,1,25.0
SO67985,13751,324,2013-10-08,2013-10-15,2013-10-20,25.0,1,25.0
SO67986,4865,329,2013-10-08,2013-10-15,2013-10-20,33.0,1,33.0
SO67987,11085,325,2013-10-08,2013-10-15,2013-10-20,30.0,1,30.0
SO67988,11158,325,2013-10-08,2013-10-15,2013-10-20,30.0,1,30.0
SO67989,1533,265,2013-10-08,2013-10-15,2013-10-20,70.0,1,70.0
SO67990,16283,263,2013-10-08,2013-10-15,2013-10-20,70.0,1,70.0
SO67991,4371,317,2013-10-08,2013-10-15,2013-10-20,5.0,1,5.0
SO67992,6703,324,2013-10-08,2013-10-15,2013-10-20,25.0,1,25.0
SO67993,6085,328,2013-10-08,2013-10-15,2013-10-20,25.0,1,25.0
SO67994,3198,329,2013-10-08,2013-10-15,2013-10-20,33.0,1,33.0
SO67995,3865,325,2013-10-08,2013-10-15,2013-10-20,30.0,1,30.0
SO67996,12230,318,2013-10-08,2013-10-15,2013-10-20,4.0,1,4.0
SO67997,16152,318,2013-10-08,2013-10-15,2013-10-20,4.0,1,4.0
SO67998,16161,327,2013-10-08,2013-10-15,2013-10-20,21.0,1,21.0
SO67999,18445,327,2013-10-08,2013-10-15,2013-10-20,21.0,1,21.0
SO68000,13071,319,2013-10-08,2013-10-15,2013-10-20,5.0,1,5.0
SO68001,13077,330,2013-10-08,2013-10-15,2013-10-20,29.0,1,29.0
SO68002,3612,326,2013-10-08,2013-10-15,2013-10-20,35.0,1,35.0
SO68003,962,326,2013-10-08,2013-10-15,2013-10-20,35.0,1,35.0
SO68004,2197,274,2013-10-08,2013-10-15,2013-10-20,22.0,1,22.0
SO68005,5783,160,2013-10-08,2013-10-15,2013-10-20,2443.0,1,2443.0
SO68005,5783,161,2013-10-08,2013-10-15,2013-10-20,2443.0,1,2443.0
SO68006,9913,359,2013-10-08,2013-10-15,2013-10-20,742.0,1,742.0
SO68007,1620,355,2013-10-08,2013-10-15,2013-10-20,742.0,1,742.0
SO68008,8421,349,2013-10-08,2013-10-15,2013-10-20,1215.0,1,1215.0
SO68009,4193,149,2013-10-08,2013-10-15,2013-10-20,2295.0,1,2295.0
SO68009,4193,150,2013-10-08,2013-10-15,2013-10-20,2295.0,1,2295.0
SO68010,4144,147,2013-10-08,2013-10-15,2013-10-20,2295.0,1,2295.0
SO68010,4144,148,2013-10-08,2013-10-15,2013-10-20,2295.0,1,2295.0
SO68011,4145,151,2013-10-08,2013-10-15,2013-10-20,2295.0,1,2295.0
SO68011,4145,152,2013-10-08,2013-10-15,2013-10-20,2295.0,1,2295.0
SO68012,14012,373,2013-10-08,2013-10-15,2013-10-20,540.0,1,540.0
SO68013,14022,395,2013-10-08,2013-10-15,2013-10-20,540.0,1,540.0
SO68014,16723,394,2013-10-08,2013-10-15,2013-10-20,540.0,1,540.0
SO68015,10945,160,2013-10-08,2013-10-15,2013-10-20,2443.0,1,2443.0
SO68015,10945,161,2013-10-08,2013-10-15,2013-10-20,2443.0,1,2443.0
SO68016,13798,362,2013-10-08,2013-10-15,2013-10-20,2384.0,1,2384.0
SO68017,16448,365,2013-10-08,2013-10-15,2013-10-20,2384.0,1,2384.0
SO68018,12734,395,2013-10-08,2013-10-15,2013-10-20,540.0,1,540.0
SO68019,12342,395,2013-10-08,2013-10-15,2013-10-20,540.0,1,540.0
SO68020,12343,394,2013-10-08,2013-10-15,2013-10-20,540.0,1,540.0
SO68021,16015,395,2013-10-08,2013-10-15,2013-10-20,540.0,1,540.0
SO68022,6126,394,2013-10-08,2013-10-15,2013-10-20,540.0,1,540.0
SO68023,17564,178,2013-10-08,2013-10-15,2013-10-20,1120.0,1,1120.0
SO68023,17564,179,2013-10-08,2013-10-15,2013-10-20,1120.0,1,1120.0
SO68024,13698,170,2013-10-08,2013-10-15,2013-10-20,1120.0,1,1120.0
SO68024,13698,171,2013-10-08,2013-10-15,2013-10-20,1120.0,1,1120.0
SO68025,14455,172,2013-10-08,2013-10-15,2013-10-20,1120.0,1,1120.0
SO68025,14455,173,2013-10-08,2013-10-15,2013-10-20,1120.0,1,1120.0
SO68026,13116,172,2013-10-08,2013-10-15,2013-10-20,1120.0,1,1120.0
SO68026,13116,173,2013-10-08,2013-10-15,2013-10-20,1120.0,1,1120.0
SO68027,4638,350,2013-10-08,2013-10-15,2013-10-20,2384.0,1,2384.0
SO68028,604,364,2013-10-08,2013-10-15,2013-10-20,2384.0,1,2384.0
SO68029,1995,363,2013-10-08,2013-10-15,2013-10-20,2384.0,1,2384.0
SO68030,185,318,2013-10-09,2013-10-16,2013-10-21,4.0,1,4.0
SO68031,7306,325,2013-10-09,2013-10-16,2013-10-21,30.0,1,30.0
SO68032,8667,326,2013-10-09,2013-10-16,2013-10-21,35.0,1,35.0
SO68033,7797,327,2013-10-09,2013-10-16,2013-10-21,21.0,1,21.0
SO68034,764,318,2013-10-09,2013-10-16,2013-10-21,4.0,1,4.0
SO68035,13254,267,2013-10-09,2013-10-16,2013-10-21,10.0,1,10.0
SO68036,2009,330,2013-10-09,2013-10-16,2013-10-21,29.0,1,29.0
SO68037,8905,151,2013-10-09,2013-10-16,2013-10-21,2295.0,1,2295.0
SO68037,8905,152,2013-10-09,2013-10-16,2013-10-21,2295.0,1,2295.0
SO68038,15716,330,2013-10-09,2013-10-16,2013-10-21,29.0,1,29.0
SO68039,143,324,2013-10-09,2013-10-16,2013-10-21,25.0,1,25.0
SO68040,15257,330,2013-10-09,2013-10-16,2013-10-21,29.0,1,29.0
SO68041,14837,329,2013-10-09,2013-10-16,2013-10-21,33.0,1,33.0
SO68042,11764,317,2013-10-09,2013-10-16,2013-10-21,5.0,1,5.0
SO68043,7329,266,2013-10-09,2013-10-16,2013-10-21,5.0,1,5.0
SO68044,6521,266,2013-10-09,2013-10-16,2013-10-21,5.0,1,5.0
SO68045,13745,266,2013-10-09,2013-10-16,2013-10-21,5.0,1,5.0
SO68046,4951,317,2013-10-09,2013-10-16,2013-10-21,5.0,1,5.0
SO68047,3629,317,2013-10-09,2013-10-16,2013-10-21,5.0,1,5.0
SO68048,3489,317,2013-10-09,2013-10-16,2013-10-21,5.0,1,5.0
SO68049,11080,274,2013-10-09,2013-10-16,2013-10-21,22.0,1,22.0
SO68050,5203,328,2013-10-09,2013-10-16,2013-10-21,25.0,1,25.0
SO68051,4715,326,2013-10-09,2013-10-16,2013-10-21,35.0,1,35.0
SO68052,6764,324,2013-10-09,2013-10-16,2013-10-21,25.0,1,25.0
SO68053,1135,278,2013-10-09,2013-10-16,2013-10-21,54.0,1,54.0
SO68054,15369,280,2013-10-09,2013-10-16,2013-10-21,54.0,1,54.0
SO68055,12946,266,2013-10-09,2013-10-16,2013-10-21,5.0,1,5.0
SO68056,13857,327,2013-10-09,2013-10-16,2013-10-21,21.0,1,21.0
SO68057,1477,327,2013-10-09,2013-10-16,2013-10-21,21.0,1,21.0
SO68058,16313,330,2013-10-09,2013-10-16,2013-10-21,29.0,1,29.0
SO68059,2243,274,2013-10-09,2013-10-16,2013-10-21,22.0,1,22.0
SO68060,1665,12,2013-10-09,2013-10-16,2013-10-21,9.0,1,9.0
SO68060,1665,13,2013-10-09,2013-10-16,2013-10-21,9.0,1,9.0
SO68060,1665,14,2013-10-09,2013-10-16,2013-10-21,9.0,1,9.0
SO68061,3896,376,2013-10-09,2013-10-16,2013-10-21,769.0,1,769.0
SO68062,4017,377,2013-10-09,2013-10-16,2013-10-21,769.0,1,769.0
SO68063,5654,151,2013-10-09,2013-10-16,2013-10-21,2295.0,1,2295.0
SO68063,5654,152,2013-10-09,2013-10-16,2013-10-21,2295.0,1,2295.0
SO68064,15231,362,2013-10-09,2013-10-16,2013-10-21,2384.0,1,2384.0
SO68065,4224,149,2013-10-09,2013-10-16,2013-10-21,2295.0,1,2295.0
SO68065,4224,150,2013-10-09,2013-10-16,2013-10-21,2295.0,1,2295.0
SO68066,15747,172,2013-10-09,2013-10-16,2013-10-21,1120.0,1,1120.0
SO68066,15747,173,2013-10-09,2013-10-16,2013-10-21,1120.0,1,1120.0
SO68067,18298,393,2013-10-09,2013-10-16,2013-10-21,540.0,1,540.0
SO68068,14568,373,2013-10-09,2013-10-16,2013-10-21,540.0,1,540.0
SO68069,10900,164,2013-10-09,2013-10-16,2013-10-21,2443.0,1,2443.0
SO68069,10900,165,2013-10-09,2013-10-16,2013-10-21,2443.0,1,2443.0
SO68070,373,379,2013-10-09,2013-10-16,2013-10-21,769.0,1,769.0
SO68071,16105,350,2013-10-09,2013-10-16,2013-10-21,2384.0,1,2384.0
SO68072,18266,356,2013-10-09,2013-10-16,2013-10-21,742.0,1,742.0
SO68073,12454,393,2013-10-09,2013-10-16,2013-10-21,540.0,1,540.0
SO68074,12360,393,2013-10-09,2013-10-16,2013-10-21,540.0,1,540.0
SO68075,8207,395,2013-10-09,2013-10-16,2013-10-21,540.0,1,540.0
SO68076,10485,174,2013-10-09,2013-10-16,2013-10-21,1120.0,1,1120.0
SO68076,10485,175,2013-10-09,2013-10-16,2013-10-21,1120.0,1,1120.0
SO68077,10283,172,2013-10-09,2013-10-16,2013-10-21,1120.0,1,1120.0
SO68077,10283,173,2013-10-09,2013-10-16,2013-10-21,1120.0,1,1120.0
SO68078,10425,176,2013-10-09,2013-10-16,2013-10-21,1120.0,1,1120.0
SO68078,10425,177,2013-10-09,2013-10-16,2013-10-21,1120.0,1,1120.0
SO68079,7544,371,2013-10-09,2013-10-16,2013-10-21,1701.0,1,1701.0
SO68080,12593,372,2013-10-09,2013-10-16,2013-10-21,1701.0,1,1701.0
SO68081,12232,373,2013-10-09,2013-10-16,2013-10-21,540.0,1,540.0
SO68082,13215,373,2013-10-09,2013-10-16,2013-10-21,540.0,1,540.0
SO68083,3161,394,2013-10-09,2013-10-16,2013-10-21,540.0,1,540.0
SO68084,422,363,2013-10-09,2013-10-16,2013-10-21,2384.0,1,2384.0
SO68085,18464,375,2013-10-09,2013-10-16,2013-10-21,742.0,1,742.0
SO68086,1686,362,2013-10-09,2013-10-16,2013-10-21,2384.0,1,2384.0
SO68087,1695,352,2013-10-09,2013-10-16,2013-10-21,2384.0,1,2384.0
SO68088,2002,351,2013-10-09,2013-10-16,2013-10-21,2384.0,1,2384.0
SO68089,6278,377,2013-10-10,2013-10-17,2013-10-22,769.0,1,769.0
SO68090,1088,24,2013-10-10,2013-10-17,2013-10-22,50.0,1,50.0
SO68090,1088,25,2013-10-10,2013-10-17,2013-10-22,50.0,1,50.0
SO68090,1088,26,2013-10-10,2013-10-17,2013-10-22,50.0,1,50.0
SO68091,224,1,2013-10-10,2013-10-17,2013-10-22,35.0,1,35.0
SO68091,224,2,2013-10-10,2013-10-17,2013-10-22,35.0,1,35.0
SO68091,224,3,2013-10-10,2013-10-17,2013-10-22,35.0,1,35.0
SO68092,1705,317,2013-10-10,2013-10-17,2013-10-22,5.0,1,5.0
SO68093,10171,326,2013-10-10,2013-10-17,2013-10-22,35.0,1,35.0
SO68094,8754,266,2013-10-10,2013-10-17,2013-10-22,5.0,1,5.0
SO68095,7721,279,2013-10-10,2013-10-17,2013-10-22,54.0,1,54.0
SO68096,5411,376,2013-10-10,2013-10-17,2013-10-22,769.0,1,769.0
SO68097,1748,145,2013-10-10,2013-10-17,2013-10-22,2320.0,1,2320.0
SO68097,1748,146,2013-10-10,2013-10-17,2013-10-22,2320.0,1,2320.0
SO68098,6826,141,2013-10-10,2013-10-17,2013-10-22,2320.0,1,2320.0
SO68098,6826,142,2013-10-10,2013-10-17,2013-10-22,2320.0,1,2320.0
SO68099,8037,141,2013-10-10,2013-10-17,2013-10-22,2320.0,1,2320.0
SO68099,8037,142,2013-10-10,2013-10-17,2013-10-22,2320.0,1,2320.0
SO68100,8042,143,2013-10-10,2013-10-17,2013-10-22,2320.0,1,2320.0
SO68100,8042,144,2013-10-10,2013-10-17,2013-10-22,2320.0,1,2320.0
SO68101,6991,383,2013-10-10,2013-10-17,2013-10-22,565.0,1,565.0
SO68102,14752,372,2013-10-10,2013-10-17,2013-10-22,1701.0,1,1701.0
SO68103,727,12,2013-10-10,2013-10-17,2013-10-22,9.0,1,9.0
SO68103,727,13,2013-10-10,2013-10-17,2013-10-22,9.0,1,9.0
SO68103,727,14,2013-10-10,2013-10-17,2013-10-22,9.0,1,9.0
SO68104,503,319,2013-10-10,2013-10-17,2013-10-22,5.0,1,5.0
SO68105,17017,269,2013-10-10,2013-10-17,2013-10-22,2.0,1,2.0
SO68106,17051,327,2013-10-10,2013-10-17,2013-10-22,21.0,1,21.0
SO68107,846,324,2013-10-10,2013-10-17,2013-10-22,25.0,1,25.0
SO68108,15710,330,2013-10-10,2013-10-17,2013-10-22,29.0,1,29.0
SO68109,4469,318,2013-10-10,2013-10-17,2013-10-22,4.0,1,4.0
SO68110,13635,329,2013-10-10,2013-10-17,2013-10-22,33.0,1,33.0
SO68111,1937,325,2013-10-10,2013-10-17,2013-10-22,30.0,1,30.0
SO68112,12498,325,2013-10-10,2013-10-17,2013-10-22,30.0,1,30.0
SO68113,7055,325,2013-10-10,2013-10-17,2013-10-22,30.0,1,30.0
SO68114,531,265,2013-10-10,2013-10-17,2013-10-22,70.0,1,70.0
SO68115,9124,264,2013-10-10,2013-10-17,2013-10-22,70.0,1,70.0
SO68116,7862,264,2013-10-10,2013-10-17,2013-10-22,70.0,1,70.0
SO68117,331,266,2013-10-10,2013-10-17,2013-10-22,5.0,1,5.0
SO68118,5905,266,2013-10-10,2013-10-17,2013-10-22,5.0,1,5.0
SO68119,4815,317,2013-10-10,2013-10-17,2013-10-22,5.0,1,5.0
SO68120,5326,317,2013-10-10,2013-10-17,2013-10-22,5.0,1,5.0
SO68121,7163,317,2013-10-10,2013-10-17,2013-10-22,5.0,1,5.0
SO68122,3711,326,2013-10-10,2013-10-17,2013-10-22,35.0,1,35.0
SO68123,15907,262,2013-10-10,2013-10-17,2013-10-22,64.0,1,64.0
SO68124,14798,327,2013-10-10,2013-10-17,2013-10-22,21.0,1,21.0
SO68125,14685,327,2013-10-10,2013-10-17,2013-10-22,21.0,1,21.0
SO68126,2605,330,2013-10-10,2013-10-17,2013-10-22,29.0,1,29.0
SO68127,14518,319,2013-10-10,2013-10-17,2013-10-22,5.0,1,5.0
SO68128,2245,274,2013-10-10,2013-10-17,2013-10-22,22.0,1,22.0
SO68129,7390,143,2013-10-10,2013-10-17,2013-10-22,2320.0,1,2320.0
SO68129,7390,144,2013-10-10,2013-10-17,2013-10-22,2320.0,1,2320.0
SO68130,5840,149,2013-10-10,2013-10-17,2013-10-22,2295.0,1,2295.0
SO68130,5840,150,2013-10-10,2013-10-17,2013-10-22,2295.0,1,2295.0
SO68131,4284,376,2013-10-10,2013-10-17,2013-10-22,769.0,1,769.0
SO68132,5646,143,2013-10-10,2013-10-17,2013-10-22,2320.0,1,2320.0
SO68132,5646,144,2013-10-10,2013-10-17,2013-10-22,2320.0,1,2320.0
SO68133,1916,147,2013-10-10,2013-10-17,2013-10-22,2295.0,1,2295.0
SO68133,1916,148,2013-10-10,2013-10-17,2013-10-22,2295.0,1,2295.0
SO68134,1132,364,2013-10-10,2013-10-17,2013-10-22,2384.0,1,2384.0
SO68135,13271,373,2013-10-10,2013-10-17,2013-10-22,540.0,1,540.0
SO68136,16711,373,2013-10-10,2013-10-17,2013-10-22,540.0,1,540.0
SO68137,1584,384,2013-10-10,2013-10-17,2013-10-22,565.0,1,565.0
SO68138,3606,365,2013-10-10,2013-10-17,2013-10-22,2384.0,1,2384.0
SO68139,11878,363,2013-10-10,2013-10-17,2013-10-22,2384.0,1,2384.0
SO68140,13799,365,2013-10-10,2013-10-17,2013-10-22,2384.0,1,2384.0
SO68141,12867,366,2013-10-10,2013-10-17,2013-10-22,1215.0,1,1215.0
SO68142,17665,349,2013-10-10,2013-10-17,2013-10-22,1215.0,1,1215.0
SO68143,9210,178,2013-10-10,2013-10-17,2013-10-22,1120.0,1,1120.0
SO68143,9210,179,2013-10-10,2013-10-17,2013-10-22,1120.0,1,1120.0
SO68144,7563,369,2013-10-10,2013-10-17,2013-10-22,1701.0,1,1701.0
SO68145,7372,370,2013-10-10,2013-10-17,2013-10-22,1701.0,1,1701.0
SO68146,16910,395,2013-10-10,2013-10-17,2013-10-22,540.0,1,540.0
SO68147,17368,395,2013-10-10,2013-10-17,2013-10-22,540.0,1,540.0
SO68148,13192,373,2013-10-10,2013-10-17,2013-10-22,540.0,1,540.0
SO68149,3667,356,2013-10-10,2013-10-17,2013-10-22,742.0,1,742.0
SO68150,7048,369,2013-10-10,2013-10-17,2013-10-22,1701.0,1,1701.0
SO68151,92,255,2013-10-11,2013-10-18,2013-10-23,24.0,1,24.0
SO68151,92,256,2013-10-11,2013-10-18,2013-10-23,24.0,1,24.0
SO68152,17611,12,2013-10-11,2013-10-18,2013-10-23,9.0,1,9.0
SO68152,17611,13,2013-10-11,2013-10-18,2013-10-23,9.0,1,9.0
SO68152,17611,14,2013-10-11,2013-10-18,2013-10-23,9.0,1,9.0
SO68153,1693,324,2013-10-11,2013-10-18,2013-10-23,25.0,1,25.0
SO68154,4823,328,2013-10-11,2013-10-18,2013-10-23,25.0,1,25.0
SO68155,8102,274,2013-10-11,2013-10-18,2013-10-23,22.0,1,22.0
SO68156,1692,318,2013-10-11,2013-10-18,2013-10-23,4.0,1,4.0
SO68157,17930,319,2013-10-11,2013-10-18,2013-10-23,5.0,1,5.0
SO68158,2973,18,2013-10-11,2013-10-18,2013-10-23,50.0,1,50.0
SO68158,2973,19,2013-10-11,2013-10-18,2013-10-23,50.0,1,50.0
SO68158,2973,20,2013-10-11,2013-10-18,2013-10-23,50.0,1,50.0
SO68159,5418,378,2013-10-11,2013-10-18,2013-10-23,769.0,1,769.0
SO68160,3771,151,2013-10-11,2013-10-18,2013-10-23,2295.0,1,2295.0
SO68160,3771,152,2013-10-11,2013-10-18,2013-10-23,2295.0,1,2295.0
SO68161,1523,151,2013-10-11,2013-10-18,2013-10-23,2295.0,1,2295.0
SO68161,1523,152,2013-10-11,2013-10-18,2013-10-23,2295.0,1,2295.0
SO68162,8300,382,2013-10-11,2013-10-18,2013-10-23,565.0,1,565.0
SO68163,6964,369,2013-10-11,2013-10-18,2013-10-23,1701.0,1,1701.0
SO68164,18213,318,2013-10-11,2013-10-18,2013-10-23,4.0,1,4.0
SO68165,18029,319,2013-10-11,2013-10-18,2013-10-23,5.0,1,5.0
SO68166,1137,319,2013-10-11,2013-10-18,2013-10-23,5.0,1,5.0
SO68167,17362,319,2013-10-11,2013-10-18,2013-10-23,5.0,1,5.0
SO68168,15519,317,2013-10-11,2013-10-18,2013-10-23,5.0,1,5.0
SO68169,16656,327,2013-10-11,2013-10-18,2013-10-23,21.0,1,21.0
SO68170,14898,329,2013-10-11,2013-10-18,2013-10-23,33.0,1,33.0
SO68171,15088,324,2013-10-11,2013-10-18,2013-10-23,25.0,1,25.0
SO68172,14083,329,2013-10-11,2013-10-18,2013-10-23,33.0,1,33.0
SO68173,10416,267,2013-10-11,2013-10-18,2013-10-23,10.0,1,10.0
SO68174,10810,267,2013-10-11,2013-10-18,2013-10-23,10.0,1,10.0
SO68175,9539,267,2013-10-11,2013-10-18,2013-10-23,10.0,1,10.0
SO68176,8854,264,2013-10-11,2013-10-18,2013-10-23,70.0,1,70.0
SO68177,9415,267,2013-10-11,2013-10-18,2013-10-23,10.0,1,10.0
SO68178,7066,263,2013-10-11,2013-10-18,2013-10-23,70.0,1,70.0
SO68179,9753,263,2013-10-11,2013-10-18,2013-10-23,70.0,1,70.0
SO68180,18352,263,2013-10-11,2013-10-18,2013-10-23,70.0,1,70.0
SO68181,17427,318,2013-10-11,2013-10-18,2013-10-23,4.0,1,4.0
SO68182,1294,327,2013-10-11,2013-10-18,2013-10-23,21.0,1,21.0
SO68183,17405,330,2013-10-11,2013-10-18,2013-10-23,29.0,1,29.0
SO68184,302,317,2013-10-11,2013-10-18,2013-10-23,5.0,1,5.0
SO68185,1514,24,2013-10-11,2013-10-18,2013-10-23,50.0,1,50.0
SO68185,1514,25,2013-10-11,2013-10-18,2013-10-23,50.0,1,50.0
SO68185,1514,26,2013-10-11,2013-10-18,2013-10-23,50.0,1,50.0
SO68186,8846,385,2013-10-11,2013-10-18,2013-10-23,540.0,1,540.0
SO68187,2057,376,2013-10-11,2013-10-18,2013-10-23,769.0,1,769.0
SO68188,16171,360,2013-10-11,2013-10-18,2013-10-23,742.0,1,742.0
SO68189,4633,356,2013-10-11,2013-10-18,2013-10-23,742.0,1,742.0
SO68190,4639,356,2013-10-11,2013-10-18,2013-10-23,742.0,1,742.0
SO68191,13302,372,2013-10-11,2013-10-18,2013-10-23,1701.0,1,1701.0
SO68192,1580,389,2013-10-11,2013-10-18,2013-10-23,540.0,1,540.0
SO68193,10330,174,2013-10-11,2013-10-18,2013-10-23,1120.0,1,1120.0
SO68193,10330,175,2013-10-11,2013-10-18,2013-10-23,1120.0,1,1120.0
SO68194,3273,370,2013-10-11,2013-10-18,2013-10-23,1701.0,1,1701.0
SO68195,9897,170,2013-10-11,2013-10-18,2013-10-23,1120.0,1,1120.0
SO68195,9897,171,2013-10-11,2013-10-18,2013-10-23,1120.0,1,1120.0
SO68196,17372,394,2013-10-11,2013-10-18,2013-10-23,540.0,1,540.0
SO68197,413,350,2013-10-11,2013-10-18,2013-10-23,2384.0,1,2384.0
SO68198,11461,372,2013-10-11,2013-10-18,2013-10-23,1701.0,1,1701.0
SO68199,1696,317,2013-10-12,2013-10-19,2013-10-24,5.0,1,5.0
SO68200,4811,325,2013-10-12,2013-10-19,2013-10-24,30.0,1,30.0
SO68201,12438,266,2013-10-12,2013-10-19,2013-10-24,5.0,1,5.0
SO68202,5421,379,2013-10-12,2013-10-19,2013-10-24,769.0,1,769.0
SO68203,1521,147,2013-10-12,2013-10-19,2013-10-24,2295.0,1,2295.0
SO68203,1521,148,2013-10-12,2013-10-19,2013-10-24,2295.0,1,2295.0
SO68204,8032,145,2013-10-12,2013-10-19,2013-10-24,2320.0,1,2320.0
SO68204,8032,146,2013-10-12,2013-10-19,2013-10-24,2320.0,1,2320.0
SO68205,14799,162,2013-10-12,2013-10-19,2013-10-24,2443.0,1,2443.0
SO68205,14799,163,2013-10-12,2013-10-19,2013-10-24,2443.0,1,2443.0
SO68206,186,328,2013-10-12,2013-10-19,2013-10-24,25.0,1,25.0
SO68207,18024,328,2013-10-12,2013-10-19,2013-10-24,25.0,1,25.0
SO68208,699,327,2013-10-12,2013-10-19,2013-10-24,21.0,1,21.0
SO68209,16214,319,2013-10-12,2013-10-19,2013-10-24,5.0,1,5.0
SO68210,204,319,2013-10-12,2013-10-19,2013-10-24,5.0,1,5.0
SO68211,288,318,2013-10-12,2013-10-19,2013-10-24,4.0,1,4.0
SO68212,15686,324,2013-10-12,2013-10-19,2013-10-24,25.0,1,25.0
SO68213,15179,324,2013-10-12,2013-10-19,2013-10-24,25.0,1,25.0
SO68214,1107,325,2013-10-12,2013-10-19,2013-10-24,30.0,1,30.0
SO68215,12704,325,2013-10-12,2013-10-19,2013-10-24,30.0,1,30.0
SO68216,12496,317,2013-10-12,2013-10-19,2013-10-24,5.0,1,5.0
SO68217,12559,325,2013-10-12,2013-10-19,2013-10-24,30.0,1,30.0
SO68218,9517,267,2013-10-12,2013-10-19,2013-10-24,10.0,1,10.0
SO68219,5073,317,2013-10-12,2013-10-19,2013-10-24,5.0,1,5.0
SO68220,6345,266,2013-10-12,2013-10-19,2013-10-24,5.0,1,5.0
SO68221,10277,317,2013-10-12,2013-10-19,2013-10-24,5.0,1,5.0
SO68222,10278,317,2013-10-12,2013-10-19,2013-10-24,5.0,1,5.0
SO68223,5486,317,2013-10-12,2013-10-19,2013-10-24,5.0,1,5.0
SO68224,16644,317,2013-10-12,2013-10-19,2013-10-24,5.0,1,5.0
SO68225,9480,274,2013-10-12,2013-10-19,2013-10-24,22.0,1,22.0
SO68226,5546,318,2013-10-12,2013-10-19,2013-10-24,4.0,1,4.0
SO68227,5451,318,2013-10-12,2013-10-19,2013-10-24,4.0,1,4.0
SO68228,2609,329,2013-10-12,2013-10-19,2013-10-24,33.0,1,33.0
SO68229,10830,328,2013-10-12,2013-10-19,2013-10-24,25.0,1,25.0
SO68230,13015,318,2013-10-12,2013-10-19,2013-10-24,4.0,1,4.0
SO68231,8445,266,2013-10-12,2013-10-19,2013-10-24,5.0,1,5.0
SO68232,18427,327,2013-10-12,2013-10-19,2013-10-24,21.0,1,21.0
SO68233,1311,330,2013-10-12,2013-10-19,2013-10-24,29.0,1,29.0
SO68234,3078,326,2013-10-12,2013-10-19,2013-10-24,35.0,1,35.0
SO68235,654,326,2013-10-12,2013-10-19,2013-10-24,35.0,1,35.0
SO68236,1970,317,2013-10-12,2013-10-19,2013-10-24,5.0,1,5.0
SO68237,5214,274,2013-10-12,2013-10-19,2013-10-24,22.0,1,22.0
SO68238,2189,274,2013-10-12,2013-10-19,2013-10-24,22.0,1,22.0
SO68239,8870,385,2013-10-12,2013-10-19,2013-10-24,540.0,1,540.0
SO68240,7434,147,2013-10-12,2013-10-19,2013-10-24,2295.0,1,2295.0
SO68240,7434,148,2013-10-12,2013-10-19,2013-10-24,2295.0,1,2295.0
SO68241,1976,149,2013-10-12,2013-10-19,2013-10-24,2295.0,1,2295.0
SO68241,1976,150,2013-10-12,2013-10-19,2013-10-24,2295.0,1,2295.0
SO68242,5836,147,2013-10-12,2013-10-19,2013-10-24,2295.0,1,2295.0
SO68242,5836,148,2013-10-12,2013-10-19,2013-10-24,2295.0,1,2295.0
SO68243,1021,376,2013-10-12,2013-10-19,2013-10-24,769.0,1,769.0
SO68244,3901,377,2013-10-12,2013-10-19,2013-10-24,769.0,1,769.0
SO68245,4006,379,2013-10-12,2013-10-19,2013-10-24,769.0,1,769.0
SO68246,4255,378,2013-10-12,2013-10-19,2013-10-24,769.0,1,769.0
SO68247,7117,141,2013-10-12,2013-10-19,2013-10-24,2320.0,1,2320.0
SO68247,7117,142,2013-10-12,2013-10-19,2013-10-24,2320.0,1,2320.0
SO68248,5479,149,2013-10-12,2013-10-19,2013-10-24,2295.0,1,2295.0
SO68248,5479,150,2013-10-12,2013-10-19,2013-10-24,2295.0,1,2295.0
SO68249,5114,147,2013-10-12,2013-10-19,2013-10-24,2295.0,1,2295.0
SO68249,5114,148,2013-10-12,2013-10-19,2013-10-24,2295.0,1,2295.0
SO68250,8366,367,2013-10-12,2013-10-19,2013-10-24,1215.0,1,1215.0
SO68251,4216,145,2013-10-12,2013-10-19,2013-10-24,2320.0,1,2320.0
SO68251,4216,146,2013-10-12,2013-10-19,2013-10-24,2320.0,1,2320.0
SO68252,2011,149,2013-10-12,2013-10-19,2013-10-24,2295.0,1,2295.0
SO68252,2011,150,2013-10-12,2013-10-19,2013-10-24,2295.0,1,2295.0
SO68253,10983,372,2013-10-12,2013-10-19,2013-10-24,1701.0,1,1701.0
SO68254,16419,353,2013-10-12,2013-10-19,2013-10-24,2384.0,1,2384.0
SO68255,16440,364,2013-10-12,2013-10-19,2013-10-24,2384.0,1,2384.0
SO68256,16451,362,2013-10-12,2013-10-19,2013-10-24,2384.0,1,2384.0
SO68257,10659,394,2013-10-12,2013-10-19,2013-10-24,540.0,1,540.0
SO68258,12375,373,2013-10-12,2013-10-19,2013-10-24,540.0,1,540.0
SO68259,12320,393,2013-10-12,2013-10-19,2013-10-24,540.0,1,540.0
SO68260,7370,372,2013-10-12,2013-10-19,2013-10-24,1701.0,1,1701.0
SO68261,3268,369,2013-10-12,2013-10-19,2013-10-24,1701.0,1,1701.0
SO68262,9946,174,2013-10-12,2013-10-19,2013-10-24,1120.0,1,1120.0
SO68262,9946,175,2013-10-12,2013-10-19,2013-10-24,1120.0,1,1120.0
SO68263,13113,176,2013-10-12,2013-10-19,2013-10-24,1120.0,1,1120.0
SO68263,13113,177,2013-10-12,2013-10-19,2013-10-24,1120.0,1,1120.0
SO68264,17367,373,2013-10-12,2013-10-19,2013-10-24,540.0,1,540.0
SO68265,2110,367,2013-10-12,2013-10-19,2013-10-24,1215.0,1,1215.0
SO68266,1562,151,2013-10-13,2013-10-20,2013-10-25,2295.0,1,2295.0
SO68266,1562,152,2013-10-13,2013-10-20,2013-10-25,2295.0,1,2295.0
SO68267,712,4,2013-10-13,2013-10-20,2013-10-25,35.0,1,35.0
SO68267,712,5,2013-10-13,2013-10-20,2013-10-25,35.0,1,35.0
SO68267,712,6,2013-10-13,2013-10-20,2013-10-25,35.0,1,35.0
SO68268,788,4,2013-10-13,2013-10-20,2013-10-25,35.0,1,35.0
SO68268,788,5,2013-10-13,2013-10-20,2013-10-25,35.0,1,35.0
SO68268,788,6,2013-10-13,2013-10-20,2013-10-25,35.0,1,35.0
SO68269,4239,328,2013-10-13,2013-10-20,2013-10-25,25.0,1,25.0
SO68270,6504,328,2013-10-13,2013-10-20,2013-10-25,25.0,1,25.0
SO68271,7292,274,2013-10-13,2013-10-20,2013-10-25,22.0,1,22.0
SO68272,12427,266,2013-10-13,2013-10-20,2013-10-25,5.0,1,5.0
SO68273,17138,319,2013-10-13,2013-10-20,2013-10-25,5.0,1,5.0
SO68274,5167,318,2013-10-13,2013-10-20,2013-10-25,4.0,1,4.0
SO68275,6322,12,2013-10-13,2013-10-20,2013-10-25,9.0,1,9.0
SO68275,6322,13,2013-10-13,2013-10-20,2013-10-25,9.0,1,9.0
SO68275,6322,14,2013-10-13,2013-10-20,2013-10-25,9.0,1,9.0
SO68276,1705,275,2013-10-13,2013-10-20,2013-10-25,159.0,1,159.0
SO68277,3796,378,2013-10-13,2013-10-20,2013-10-25,769.0,1,769.0
SO68278,8902,151,2013-10-13,2013-10-20,2013-10-25,2295.0,1,2295.0
SO68278,8902,152,2013-10-13,2013-10-20,2013-10-25,2295.0,1,2295.0
SO68279,8077,145,2013-10-13,2013-10-20,2013-10-25,2320.0,1,2320.0
SO68279,8077,146,2013-10-13,2013-10-20,2013-10-25,2320.0,1,2320.0
SO68280,8029,151,2013-10-13,2013-10-20,2013-10-25,2295.0,1,2295.0
SO68280,8029,152,2013-10-13,2013-10-20,2013-10-25,2295.0,1,2295.0
SO68281,3160,147,2013-10-13,2013-10-20,2013-10-25,2295.0,1,2295.0
SO68281,3160,148,2013-10-13,2013-10-20,2013-10-25,2295.0,1,2295.0
SO68282,4456,384,2013-10-13,2013-10-20,2013-10-25,565.0,1,565.0
SO68283,8194,388,2013-10-13,2013-10-20,2013-10-25,540.0,1,540.0
SO68284,4657,385,2013-10-13,2013-10-20,2013-10-25,540.0,1,540.0
SO68285,79,4,2013-10-13,2013-10-20,2013-10-25,35.0,1,35.0
SO68285,79,5,2013-10-13,2013-10-20,2013-10-25,35.0,1,35.0
SO68285,79,6,2013-10-13,2013-10-20,2013-10-25,35.0,1,35.0
SO68286,17359,319,2013-10-13,2013-10-20,2013-10-25,5.0,1,5.0
SO68287,17002,319,2013-10-13,2013-10-20,2013-10-25,5.0,1,5.0
SO68288,79,327,2013-10-13,2013-10-20,2013-10-25,21.0,1,21.0
SO68289,14361,324,2013-10-13,2013-10-20,2013-10-25,25.0,1,25.0
SO68290,13265,329,2013-10-13,2013-10-20,2013-10-25,33.0,1,33.0
SO68291,14069,329,2013-10-13,2013-10-20,2013-10-25,33.0,1,33.0
SO68292,3612,318,2013-10-13,2013-10-20,2013-10-25,4.0,1,4.0
SO68293,2240,317,2013-10-13,2013-10-20,2013-10-25,5.0,1,5.0
SO68294,12063,317,2013-10-13,2013-10-20,2013-10-25,5.0,1,5.0
SO68295,10759,267,2013-10-13,2013-10-20,2013-10-25,10.0,1,10.0
SO68296,12263,267,2013-10-13,2013-10-20,2013-10-25,10.0,1,10.0
SO68297,10722,267,2013-10-13,2013-10-20,2013-10-25,10.0,1,10.0
SO68298,11185,317,2013-10-13,2013-10-20,2013-10-25,5.0,1,5.0
SO68299,10317,267,2013-10-13,2013-10-20,2013-10-25,10.0,1,10.0
SO68300,8700,263,2013-10-13,2013-10-20,2013-10-25,70.0,1,70.0
SO68301,7340,266,2013-10-13,2013-10-20,2013-10-25,5.0,1,5.0
SO68302,6033,266,2013-10-13,2013-10-20,2013-10-25,5.0,1,5.0
SO68303,5818,266,2013-10-13,2013-10-20,2013-10-25,5.0,1,5.0
SO68304,4540,317,2013-10-13,2013-10-20,2013-10-25,5.0,1,5.0
SO68305,3467,317,2013-10-13,2013-10-20,2013-10-25,5.0,1,5.0
SO68306,2375,274,2013-10-13,2013-10-20,2013-10-25,22.0,1,22.0
SO68307,15852,327,2013-10-13,2013-10-20,2013-10-25,21.0,1,21.0
SO68308,10124,12,2013-10-13,2013-10-20,2013-10-25,9.0,1,9.0
SO68308,10124,13,2013-10-13,2013-10-20,2013-10-25,9.0,1,9.0
SO68308,10124,14,2013-10-13,2013-10-20,2013-10-25,9.0,1,9.0
SO68309,14319,327,2013-10-13,2013-10-20,2013-10-25,21.0,1,21.0
SO68310,17884,318,2013-10-13,2013-10-20,2013-10-25,4.0,1,4.0
SO68311,14772,318,2013-10-13,2013-10-20,2013-10-25,4.0,1,4.0
SO68312,11378,327,2013-10-13,2013-10-20,2013-10-25,21.0,1,21.0
SO68313,1591,330,2013-10-13,2013-10-20,2013-10-25,29.0,1,29.0
SO68314,4058,319,2013-10-13,2013-10-20,2013-10-25,5.0,1,5.0
SO68315,2684,319,2013-10-13,2013-10-20,2013-10-25,5.0,1,5.0
SO68316,15997,319,2013-10-13,2013-10-20,2013-10-25,5.0,1,5.0
SO68317,680,326,2013-10-13,2013-10-20,2013-10-25,35.0,1,35.0
SO68318,1889,274,2013-10-13,2013-10-20,2013-10-25,22.0,1,22.0
SO68319,1423,326,2013-10-13,2013-10-20,2013-10-25,35.0,1,35.0
SO68320,748,326,2013-10-13,2013-10-20,2013-10-25,35.0,1,35.0
SO68321,1553,12,2013-10-13,2013-10-20,2013-10-25,9.0,1,9.0
SO68321,1553,13,2013-10-13,2013-10-20,2013-10-25,9.0,1,9.0
SO68321,1553,14,2013-10-13,2013-10-20,2013-10-25,9.0,1,9.0
SO68322,3913,376,2013-10-13,2013-10-20,2013-10-25,769.0,1,769.0
SO68323,2435,141,2013-10-13,2013-10-20,2013-10-25,2320.0,1,2320.0
SO68323,2435,142,2013-10-13,2013-10-20,2013-10-25,2320.0,1,2320.0
SO68324,5867,147,2013-10-13,2013-10-20,2013-10-25,2295.0,1,2295.0
SO68324,5867,148,2013-10-13,2013-10-20,2013-10-25,2295.0,1,2295.0
SO68325,5820,151,2013-10-13,2013-10-20,2013-10-25,2295.0,1,2295.0
SO68325,5820,152,2013-10-13,2013-10-20,2013-10-25,2295.0,1,2295.0
SO68326,4229,151,2013-10-13,2013-10-20,2013-10-25,2295.0,1,2295.0
SO68326,4229,152,2013-10-13,2013-10-20,2013-10-25,2295.0,1,2295.0
SO68327,4179,145,2013-10-13,2013-10-20,2013-10-25,2320.0,1,2320.0
SO68327,4179,146,2013-10-13,2013-10-20,2013-10-25,2320.0,1,2320.0
SO68328,15748,172,2013-10-13,2013-10-20,2013-10-25,1120.0,1,1120.0
SO68328,15748,173,2013-10-13,2013-10-20,2013-10-25,1120.0,1,1120.0
SO68329,10258,371,2013-10-13,2013-10-20,2013-10-25,1701.0,1,1701.0
SO68330,3599,270,2013-10-13,2013-10-20,2013-10-25,9.0,1,9.0
SO68331,18262,357,2013-10-13,2013-10-20,2013-10-25,742.0,1,742.0
SO68332,16196,363,2013-10-13,2013-10-20,2013-10-25,2384.0,1,2384.0
SO68333,12212,394,2013-10-13,2013-10-20,2013-10-25,540.0,1,540.0
SO68334,10492,174,2013-10-13,2013-10-20,2013-10-25,1120.0,1,1120.0
SO68334,10492,175,2013-10-13,2013-10-20,2013-10-25,1120.0,1,1120.0
SO68335,10402,176,2013-10-13,2013-10-20,2013-10-25,1120.0,1,1120.0
SO68335,10402,177,2013-10-13,2013-10-20,2013-10-25,1120.0,1,1120.0
SO68336,10479,172,2013-10-13,2013-10-20,2013-10-25,1120.0,1,1120.0
SO68336,10479,173,2013-10-13,2013-10-20,2013-10-25,1120.0,1,1120.0
SO68337,7374,372,2013-10-13,2013-10-20,2013-10-25,1701.0,1,1701.0
SO68338,7449,371,2013-10-13,2013-10-20,2013-10-25,1701.0,1,1701.0
SO68339,9915,172,2013-10-13,2013-10-20,2013-10-25,1120.0,1,1120.0
SO68339,9915,173,2013-10-13,2013-10-20,2013-10-25,1120.0,1,1120.0
SO68340,17421,170,2013-10-13,2013-10-20,2013-10-25,1120.0,1,1120.0
SO68340,17421,171,2013-10-13,2013-10-20,2013-10-25,1120.0,1,1120.0
SO68341,3327,360,2013-10-13,2013-10-20,2013-10-25,742.0,1,742.0
SO68342,976,268,2013-10-14,2013-10-21,2013-10-26,9.0,1,9.0
SO68343,501,268,2013-10-14,2013-10-21,2013-10-26,9.0,1,9.0
SO68344,5017,325,2013-10-14,2013-10-21,2013-10-26,30.0,1,30.0
SO68345,10880,326,2013-10-14,2013-10-21,2013-10-26,35.0,1,35.0
SO68346,3010,4,2013-10-14,2013-10-21,2013-10-26,35.0,1,35.0
SO68346,3010,5,2013-10-14,2013-10-21,2013-10-26,35.0,1,35.0
SO68346,3010,6,2013-10-14,2013-10-21,2013-10-26,35.0,1,35.0
SO68347,5633,329,2013-10-14,2013-10-21,2013-10-26,33.0,1,33.0
SO68348,6985,143,2013-10-14,2013-10-21,2013-10-26,2320.0,1,2320.0
SO68348,6985,144,2013-10-14,2013-10-21,2013-10-26,2320.0,1,2320.0
SO68349,8070,151,2013-10-14,2013-10-21,2013-10-26,2295.0,1,2295.0
SO68349,8070,152,2013-10-14,2013-10-21,2013-10-26,2295.0,1,2295.0
SO68350,15229,371,2013-10-14,2013-10-21,2013-10-26,1701.0,1,1701.0
SO68351,167,318,2013-10-14,2013-10-21,2013-10-26,4.0,1,4.0
SO68352,662,327,2013-10-14,2013-10-21,2013-10-26,21.0,1,21.0
SO68353,17250,319,2013-10-14,2013-10-21,2013-10-26,5.0,1,5.0
SO68354,6386,324,2013-10-14,2013-10-21,2013-10-26,25.0,1,25.0
SO68355,4573,329,2013-10-14,2013-10-21,2013-10-26,33.0,1,33.0
SO68356,710,325,2013-10-14,2013-10-21,2013-10-26,30.0,1,30.0
SO68357,10503,267,2013-10-14,2013-10-21,2013-10-26,10.0,1,10.0
SO68358,4527,267,2013-10-14,2013-10-21,2013-10-26,10.0,1,10.0
SO68359,11338,267,2013-10-14,2013-10-21,2013-10-26,10.0,1,10.0
SO68360,7881,264,2013-10-14,2013-10-21,2013-10-26,70.0,1,70.0
SO68361,8686,264,2013-10-14,2013-10-21,2013-10-26,70.0,1,70.0
SO68362,8236,263,2013-10-14,2013-10-21,2013-10-26,70.0,1,70.0
SO68363,16379,265,2013-10-14,2013-10-21,2013-10-26,70.0,1,70.0
SO68364,4837,317,2013-10-14,2013-10-21,2013-10-26,5.0,1,5.0
SO68365,4417,317,2013-10-14,2013-10-21,2013-10-26,5.0,1,5.0
SO68366,10733,317,2013-10-14,2013-10-21,2013-10-26,5.0,1,5.0
SO68367,5468,317,2013-10-14,2013-10-21,2013-10-26,5.0,1,5.0
SO68368,18423,279,2013-10-14,2013-10-21,2013-10-26,54.0,1,54.0
SO68369,15844,327,2013-10-14,2013-10-21,2013-10-26,21.0,1,21.0
SO68370,8495,318,2013-10-14,2013-10-21,2013-10-26,4.0,1,4.0
SO68371,13145,266,2013-10-14,2013-10-21,2013-10-26,5.0,1,5.0
SO68372,13013,330,2013-10-14,2013-10-21,2013-10-26,29.0,1,29.0
SO68373,17907,319,2013-10-14,2013-10-21,2013-10-26,5.0,1,5.0
SO68374,178,326,2013-10-14,2013-10-21,2013-10-26,35.0,1,35.0
SO68375,2100,326,2013-10-14,2013-10-21,2013-10-26,35.0,1,35.0
SO68376,5128,389,2013-10-14,2013-10-21,2013-10-26,540.0,1,540.0
SO68377,3892,378,2013-10-14,2013-10-21,2013-10-26,769.0,1,769.0
SO68378,3893,376,2013-10-14,2013-10-21,2013-10-26,769.0,1,769.0
SO68379,5245,147,2013-10-14,2013-10-21,2013-10-26,2295.0,1,2295.0
SO68379,5245,148,2013-10-14,2013-10-21,2013-10-26,2295.0,1,2295.0
SO68380,5088,149,2013-10-14,2013-10-21,2013-10-26,2295.0,1,2295.0
SO68380,5088,150,2013-10-14,2013-10-21,2013-10-26,2295.0,1,2295.0
SO68381,5102,145,2013-10-14,2013-10-21,2013-10-26,2320.0,1,2320.0
SO68381,5102,146,2013-10-14,2013-10-21,2013-10-26,2320.0,1,2320.0
SO68382,16765,359,2013-10-14,2013-10-21,2013-10-26,742.0,1,742.0
SO68383,4586,149,2013-10-14,2013-10-21,2013-10-26,2295.0,1,2295.0
SO68383,4586,150,2013-10-14,2013-10-21,2013-10-26,2295.0,1,2295.0
SO68384,4186,141,2013-10-14,2013-10-21,2013-10-26,2320.0,1,2320.0
SO68384,4186,142,2013-10-14,2013-10-21,2013-10-26,2320.0,1,2320.0
SO68385,15752,174,2013-10-14,2013-10-21,2013-10-26,1120.0,1,1120.0
SO68385,15752,175,2013-10-14,2013-10-21,2013-10-26,1120.0,1,1120.0
SO68386,15192,178,2013-10-14,2013-10-21,2013-10-26,1120.0,1,1120.0
SO68386,15192,179,2013-10-14,2013-10-21,2013-10-26,1120.0,1,1120.0
SO68387,10259,370,2013-10-14,2013-10-21,2013-10-26,1701.0,1,1701.0
SO68388,10563,168,2013-10-14,2013-10-21,2013-10-26,2443.0,1,2443.0
SO68388,10563,169,2013-10-14,2013-10-21,2013-10-26,2443.0,1,2443.0
SO68389,18280,361,2013-10-14,2013-10-21,2013-10-26,742.0,1,742.0
SO68390,12480,393,2013-10-14,2013-10-21,2013-10-26,540.0,1,540.0
SO68391,12669,373,2013-10-14,2013-10-21,2013-10-26,540.0,1,540.0
SO68392,7371,369,2013-10-14,2013-10-21,2013-10-26,1701.0,1,1701.0
SO68393,7441,370,2013-10-14,2013-10-21,2013-10-26,1701.0,1,1701.0
SO68394,13099,373,2013-10-14,2013-10-21,2013-10-26,540.0,1,540.0
SO68395,6183,362,2013-10-14,2013-10-21,2013-10-26,2384.0,1,2384.0
SO68396,18,358,2013-10-14,2013-10-21,2013-10-26,742.0,1,742.0
SO68397,3236,367,2013-10-14,2013-10-21,2013-10-26,1215.0,1,1215.0
SO68398,11521,370,2013-10-14,2013-10-21,2013-10-26,1701.0,1,1701.0
SO68399,11462,369,2013-10-14,2013-10-21,2013-10-26,1701.0,1,1701.0
SO68400,1988,362,2013-10-14,2013-10-21,2013-10-26,2384.0,1,2384.0
SO68401,898,352,2013-10-14,2013-10-21,2013-10-26,2384.0,1,2384.0
SO68402,12658,266,2013-10-15,2013-10-22,2013-10-27,5.0,1,5.0
SO68403,2142,12,2013-10-15,2013-10-22,2013-10-27,9.0,1,9.0
SO68403,2142,13,2013-10-15,2013-10-22,2013-10-27,9.0,1,9.0
SO68403,2142,14,2013-10-15,2013-10-22,2013-10-27,9.0,1,9.0
SO68404,124,273,2013-10-15,2013-10-22,2013-10-27,8.0,1,8.0
SO68405,7290,12,2013-10-15,2013-10-22,2013-10-27,9.0,1,9.0
SO68405,7290,13,2013-10-15,2013-10-22,2013-10-27,9.0,1,9.0
SO68405,7290,14,2013-10-15,2013-10-22,2013-10-27,9.0,1,9.0
SO68406,5730,268,2013-10-15,2013-10-22,2013-10-27,9.0,1,9.0
SO68407,3701,149,2013-10-15,2013-10-22,2013-10-27,2295.0,1,2295.0
SO68407,3701,150,2013-10-15,2013-10-22,2013-10-27,2295.0,1,2295.0
SO68408,5394,141,2013-10-15,2013-10-22,2013-10-27,2320.0,1,2320.0
SO68408,5394,142,2013-10-15,2013-10-22,2013-10-27,2320.0,1,2320.0
SO68409,4650,387,2013-10-15,2013-10-22,2013-10-27,540.0,1,540.0
SO68410,7634,386,2013-10-15,2013-10-22,2013-10-27,540.0,1,540.0
SO68411,754,317,2013-10-15,2013-10-22,2013-10-27,5.0,1,5.0
SO68412,2170,272,2013-10-15,2013-10-22,2013-10-27,120.0,1,120.0
SO68413,13,318,2013-10-15,2013-10-22,2013-10-27,4.0,1,4.0
SO68414,17862,318,2013-10-15,2013-10-22,2013-10-27,4.0,1,4.0
SO68415,2097,319,2013-10-15,2013-10-22,2013-10-27,5.0,1,5.0
SO68416,16916,319,2013-10-15,2013-10-22,2013-10-27,5.0,1,5.0
SO68417,15451,327,2013-10-15,2013-10-22,2013-10-27,21.0,1,21.0
SO68418,14278,329,2013-10-15,2013-10-22,2013-10-27,33.0,1,33.0
SO68419,16457,330,2013-10-15,2013-10-22,2013-10-27,29.0,1,29.0
SO68420,842,317,2013-10-15,2013-10-22,2013-10-27,5.0,1,5.0
SO68421,8818,317,2013-10-15,2013-10-22,2013-10-27,5.0,1,5.0
SO68422,10756,267,2013-10-15,2013-10-22,2013-10-27,10.0,1,10.0
SO68423,7408,325,2013-10-15,2013-10-22,2013-10-27,30.0,1,30.0
SO68424,7785,264,2013-10-15,2013-10-22,2013-10-27,70.0,1,70.0
SO68425,7576,263,2013-10-15,2013-10-22,2013-10-27,70.0,1,70.0
SO68426,9082,266,2013-10-15,2013-10-22,2013-10-27,5.0,1,5.0
SO68427,2700,274,2013-10-15,2013-10-22,2013-10-27,22.0,1,22.0
SO68428,3845,274,2013-10-15,2013-10-22,2013-10-27,22.0,1,22.0
SO68429,8188,328,2013-10-15,2013-10-22,2013-10-27,25.0,1,25.0
SO68430,377,253,2013-10-15,2013-10-22,2013-10-27,24.0,1,24.0
SO68430,377,254,2013-10-15,2013-10-22,2013-10-27,24.0,1,24.0
SO68431,4103,318,2013-10-15,2013-10-22,2013-10-27,4.0,1,4.0
SO68432,6091,317,2013-10-15,2013-10-22,2013-10-27,5.0,1,5.0
SO68433,11388,266,2013-10-15,2013-10-22,2013-10-27,5.0,1,5.0
SO68434,13133,266,2013-10-15,2013-10-22,2013-10-27,5.0,1,5.0
SO68435,11807,318,2013-10-15,2013-10-22,2013-10-27,4.0,1,4.0
SO68436,15944,330,2013-10-15,2013-10-22,2013-10-27,29.0,1,29.0
SO68437,3360,326,2013-10-15,2013-10-22,2013-10-27,35.0,1,35.0
SO68438,3516,274,2013-10-15,2013-10-22,2013-10-27,22.0,1,22.0
SO68439,1397,21,2013-10-15,2013-10-22,2013-10-27,50.0,1,50.0
SO68439,1397,22,2013-10-15,2013-10-22,2013-10-27,50.0,1,50.0
SO68439,1397,23,2013-10-15,2013-10-22,2013-10-27,50.0,1,50.0
SO68440,5091,389,2013-10-15,2013-10-22,2013-10-27,540.0,1,540.0
SO68441,5853,141,2013-10-15,2013-10-22,2013-10-27,2320.0,1,2320.0
SO68441,5853,142,2013-10-15,2013-10-22,2013-10-27,2320.0,1,2320.0
SO68442,4189,379,2013-10-15,2013-10-22,2013-10-27,769.0,1,769.0
SO68443,4190,379,2013-10-15,2013-10-22,2013-10-27,769.0,1,769.0
SO68444,5145,143,2013-10-15,2013-10-22,2013-10-27,2320.0,1,2320.0
SO68444,5145,144,2013-10-15,2013-10-22,2013-10-27,2320.0,1,2320.0
SO68445,4205,141,2013-10-15,2013-10-22,2013-10-27,2320.0,1,2320.0
SO68445,4205,142,2013-10-15,2013-10-22,2013-10-27,2320.0,1,2320.0
SO68446,15751,172,2013-10-15,2013-10-22,2013-10-27,1120.0,1,1120.0
SO68446,15751,173,2013-10-15,2013-10-22,2013-10-27,1120.0,1,1120.0
SO68447,15563,174,2013-10-15,2013-10-22,2013-10-27,1120.0,1,1120.0
SO68447,15563,175,2013-10-15,2013-10-22,2013-10-27,1120.0,1,1120.0
SO68448,15191,178,2013-10-15,2013-10-22,2013-10-27,1120.0,1,1120.0
SO68448,15191,179,2013-10-15,2013-10-22,2013-10-27,1120.0,1,1120.0
SO68449,14560,395,2013-10-15,2013-10-22,2013-10-27,540.0,1,540.0
SO68450,16106,353,2013-10-15,2013-10-22,2013-10-27,2384.0,1,2384.0
SO68451,13794,353,2013-10-15,2013-10-22,2013-10-27,2384.0,1,2384.0
SO68452,13801,352,2013-10-15,2013-10-22,2013-10-27,2384.0,1,2384.0
SO68453,16441,365,2013-10-15,2013-10-22,2013-10-27,2384.0,1,2384.0
SO68454,16275,362,2013-10-15,2013-10-22,2013-10-27,2384.0,1,2384.0
SO68455,14970,366,2013-10-15,2013-10-22,2013-10-27,1215.0,1,1215.0
SO68456,5012,366,2013-10-15,2013-10-22,2013-10-27,1215.0,1,1215.0
SO68457,12782,394,2013-10-15,2013-10-22,2013-10-27,540.0,1,540.0
SO68458,8770,393,2013-10-15,2013-10-22,2013-10-27,540.0,1,540.0
SO68459,8205,394,2013-10-15,2013-10-22,2013-10-27,540.0,1,540.0
SO68460,10389,178,2013-10-15,2013-10-22,2013-10-27,1120.0,1,1120.0
SO68460,10389,179,2013-10-15,2013-10-22,2013-10-27,1120.0,1,1120.0
SO68461,7367,369,2013-10-15,2013-10-22,2013-10-27,1701.0,1,1701.0
SO68462,13212,174,2013-10-15,2013-10-22,2013-10-27,1120.0,1,1120.0
SO68462,13212,175,2013-10-15,2013-10-22,2013-10-27,1120.0,1,1120.0
SO68463,2772,394,2013-10-15,2013-10-22,2013-10-27,540.0,1,540.0
SO68464,2783,373,2013-10-15,2013-10-22,2013-10-27,540.0,1,540.0
SO68465,11690,395,2013-10-15,2013-10-22,2013-10-27,540.0,1,540.0
SO68466,13128,393,2013-10-15,2013-10-22,2013-10-27,540.0,1,540.0
SO68467,18465,354,2013-10-15,2013-10-22,2013-10-27,742.0,1,742.0
SO68468,27,356,2013-10-15,2013-10-22,2013-10-27,742.0,1,742.0
SO68469,365,379,2013-10-16,2013-10-23,2013-10-28,769.0,1,769.0
SO68470,366,379,2013-10-16,2013-10-23,2013-10-28,769.0,1,769.0
SO68471,17610,268,2013-10-16,2013-10-23,2013-10-28,9.0,1,9.0
SO68472,2615,324,2013-10-16,2013-10-23,2013-10-28,25.0,1,25.0
SO68473,9241,325,2013-10-16,2013-10-23,2013-10-28,30.0,1,30.0
SO68474,7729,274,2013-10-16,2013-10-23,2013-10-28,22.0,1,22.0
SO68475,99,266,2013-10-16,2013-10-23,2013-10-28,5.0,1,5.0
SO68476,13604,317,2013-10-16,2013-10-23,2013-10-28,5.0,1,5.0
SO68477,3685,319,2013-10-16,2013-10-23,2013-10-28,5.0,1,5.0
SO68478,117,273,2013-10-16,2013-10-23,2013-10-28,8.0,1,8.0
SO68479,9171,164,2013-10-16,2013-10-23,2013-10-28,2443.0,1,2443.0
SO68479,9171,165,2013-10-16,2013-10-23,2013-10-28,2443.0,1,2443.0
SO68480,3790,378,2013-10-16,2013-10-23,2013-10-28,769.0,1,769.0
SO68481,3147,149,2013-10-16,2013-10-23,2013-10-28,2295.0,1,2295.0
SO68481,3147,150,2013-10-16,2013-10-23,2013-10-28,2295.0,1,2295.0
SO68482,5408,378,2013-10-16,2013-10-23,2013-10-28,769.0,1,769.0
SO68483,3780,377,2013-10-16,2013-10-23,2013-10-28,769.0,1,769.0
SO68484,502,318,2013-10-16,2013-10-23,2013-10-28,4.0,1,4.0
SO68485,14439,329,2013-10-16,2013-10-23,2013-10-28,33.0,1,33.0
SO68486,13509,318,2013-10-16,2013-10-23,2013-10-28,4.0,1,4.0
SO68487,1075,325,2013-10-16,2013-10-23,2013-10-28,30.0,1,30.0
SO68488,11739,317,2013-10-16,2013-10-23,2013-10-28,5.0,1,5.0
SO68489,8751,317,2013-10-16,2013-10-23,2013-10-28,5.0,1,5.0
SO68490,12739,329,2013-10-16,2013-10-23,2013-10-28,33.0,1,33.0
SO68491,9398,267,2013-10-16,2013-10-23,2013-10-28,10.0,1,10.0
SO68492,254,263,2013-10-16,2013-10-23,2013-10-28,70.0,1,70.0
SO68493,8742,265,2013-10-16,2013-10-23,2013-10-28,70.0,1,70.0
SO68494,6467,262,2013-10-16,2013-10-23,2013-10-28,64.0,1,64.0
SO68495,5810,12,2013-10-16,2013-10-23,2013-10-28,9.0,1,9.0
SO68495,5810,13,2013-10-16,2013-10-23,2013-10-28,9.0,1,9.0
SO68495,5810,14,2013-10-16,2013-10-23,2013-10-28,9.0,1,9.0
SO68496,1075,266,2013-10-16,2013-10-23,2013-10-28,5.0,1,5.0
SO68497,6761,317,2013-10-16,2013-10-23,2013-10-28,5.0,1,5.0
SO68498,7185,317,2013-10-16,2013-10-23,2013-10-28,5.0,1,5.0
SO68499,2357,274,2013-10-16,2013-10-23,2013-10-28,22.0,1,22.0
SO68500,9175,325,2013-10-16,2013-10-23,2013-10-28,30.0,1,30.0
SO68501,9973,325,2013-10-16,2013-10-23,2013-10-28,30.0,1,30.0
SO68502,15880,327,2013-10-16,2013-10-23,2013-10-28,21.0,1,21.0
SO68503,13022,319,2013-10-16,2013-10-23,2013-10-28,5.0,1,5.0
SO68504,13875,327,2013-10-16,2013-10-23,2013-10-28,21.0,1,21.0
SO68505,257,326,2013-10-16,2013-10-23,2013-10-28,35.0,1,35.0
SO68506,3642,326,2013-10-16,2013-10-23,2013-10-28,35.0,1,35.0
SO68507,5856,274,2013-10-16,2013-10-23,2013-10-28,22.0,1,22.0
SO68508,9643,160,2013-10-16,2013-10-23,2013-10-28,2443.0,1,2443.0
SO68508,9643,161,2013-10-16,2013-10-23,2013-10-28,2443.0,1,2443.0
SO68509,5869,141,2013-10-16,2013-10-23,2013-10-28,2320.0,1,2320.0
SO68509,5869,142,2013-10-16,2013-10-23,2013-10-28,2320.0,1,2320.0
SO68510,5873,141,2013-10-16,2013-10-23,2013-10-28,2320.0,1,2320.0
SO68510,5873,142,2013-10-16,2013-10-23,2013-10-28,2320.0,1,2320.0
SO68511,5757,141,2013-10-16,2013-10-23,2013-10-28,2320.0,1,2320.0
SO68511,5757,142,2013-10-16,2013-10-23,2013-10-28,2320.0,1,2320.0
SO68512,1860,366,2013-10-16,2013-10-23,2013-10-28,1215.0,1,1215.0
SO68513,605,364,2013-10-16,2013-10-23,2013-10-28,2384.0,1,2384.0
SO68514,5829,351,2013-10-16,2013-10-23,2013-10-28,2384.0,1,2384.0
SO68515,15135,170,2013-10-16,2013-10-23,2013-10-28,1120.0,1,1120.0
SO68515,15135,171,2013-10-16,2013-10-23,2013-10-28,1120.0,1,1120.0
SO68516,12666,372,2013-10-16,2013-10-23,2013-10-28,1701.0,1,1701.0
SO68517,4440,371,2013-10-16,2013-10-23,2013-10-28,1701.0,1,1701.0
SO68518,13305,372,2013-10-16,2013-10-23,2013-10-28,1701.0,1,1701.0
SO68519,14567,393,2013-10-16,2013-10-23,2013-10-28,540.0,1,540.0
SO68520,15021,174,2013-10-16,2013-10-23,2013-10-28,1120.0,1,1120.0
SO68520,15021,175,2013-10-16,2013-10-23,2013-10-28,1120.0,1,1120.0
SO68521,14569,394,2013-10-16,2013-10-23,2013-10-28,540.0,1,540.0
SO68522,4592,147,2013-10-16,2013-10-23,2013-10-28,2295.0,1,2295.0
SO68522,4592,148,2013-10-16,2013-10-23,2013-10-28,2295.0,1,2295.0
SO68523,4602,147,2013-10-16,2013-10-23,2013-10-28,2295.0,1,2295.0
SO68523,4602,148,2013-10-16,2013-10-23,2013-10-28,2295.0,1,2295.0
SO68524,7202,388,2013-10-16,2013-10-23,2013-10-28,540.0,1,540.0
SO68525,16447,350,2013-10-16,2013-10-23,2013-10-28,2384.0,1,2384.0
SO68526,3607,365,2013-10-16,2013-10-23,2013-10-28,2384.0,1,2384.0
SO68527,16282,363,2013-10-16,2013-10-23,2013-10-28,2384.0,1,2384.0
SO68528,9075,394,2013-10-16,2013-10-23,2013-10-28,540.0,1,540.0
SO68529,12814,395,2013-10-16,2013-10-23,2013-10-28,540.0,1,540.0
SO68530,10484,172,2013-10-16,2013-10-23,2013-10-28,1120.0,1,1120.0
SO68530,10484,173,2013-10-16,2013-10-23,2013-10-28,1120.0,1,1120.0
SO68531,10505,172,2013-10-16,2013-10-23,2013-10-28,1120.0,1,1120.0
SO68531,10505,173,2013-10-16,2013-10-23,2013-10-28,1120.0,1,1120.0
SO68532,10584,174,2013-10-16,2013-10-23,2013-10-28,1120.0,1,1120.0
SO68532,10584,175,2013-10-16,2013-10-23,2013-10-28,1120.0,1,1120.0
SO68533,10276,174,2013-10-16,2013-10-23,2013-10-28,1120.0,1,1120.0
SO68533,10276,175,2013-10-16,2013-10-23,2013-10-28,1120.0,1,1120.0
SO68534,5449,350,2013-10-16,2013-10-23,2013-10-28,2384.0,1,2384.0
SO68535,15363,365,2013-10-16,2013-10-23,2013-10-28,2384.0,1,2384.0
SO68536,4678,362,2013-10-16,2013-10-23,2013-10-28,2384.0,1,2384.0
SO68537,11468,371,2013-10-16,2013-10-23,2013-10-28,1701.0,1,1701.0
SO68538,148,350,2013-10-16,2013-10-23,2013-10-28,2384.0,1,2384.0
SO68539,2077,362,2013-10-16,2013-10-23,2013-10-28,2384.0,1,2384.0
SO68540,1048,12,2013-10-17,2013-10-24,2013-10-29,9.0,1,9.0
SO68540,1048,13,2013-10-17,2013-10-24,2013-10-29,9.0,1,9.0
SO68540,1048,14,2013-10-17,2013-10-24,2013-10-29,9.0,1,9.0
SO68541,140,324,2013-10-17,2013-10-24,2013-10-29,25.0,1,25.0
SO68542,1412,272,2013-10-17,2013-10-24,2013-10-29,120.0,1,120.0
SO68543,12086,319,2013-10-17,2013-10-24,2013-10-29,5.0,1,5.0
SO68544,15591,265,2013-10-17,2013-10-24,2013-10-29,70.0,1,70.0
SO68545,5681,329,2013-10-17,2013-10-24,2013-10-29,33.0,1,33.0
SO68546,2842,147,2013-10-17,2013-10-24,2013-10-29,2295.0,1,2295.0
SO68546,2842,148,2013-10-17,2013-10-24,2013-10-29,2295.0,1,2295.0
SO68547,3772,141,2013-10-17,2013-10-24,2013-10-29,2320.0,1,2320.0
SO68547,3772,142,2013-10-17,2013-10-24,2013-10-29,2320.0,1,2320.0
SO68548,8047,141,2013-10-17,2013-10-24,2013-10-29,2320.0,1,2320.0
SO68548,8047,142,2013-10-17,2013-10-24,2013-10-29,2320.0,1,2320.0
SO68549,6834,149,2013-10-17,2013-10-24,2013-10-29,2295.0,1,2295.0
SO68549,6834,150,2013-10-17,2013-10-24,2013-10-29,2295.0,1,2295.0
SO68550,6115,143,2013-10-17,2013-10-24,2013-10-29,2320.0,1,2320.0
SO68550,6115,144,2013-10-17,2013-10-24,2013-10-29,2320.0,1,2320.0
SO68551,11692,164,2013-10-17,2013-10-24,2013-10-29,2443.0,1,2443.0
SO68551,11692,165,2013-10-17,2013-10-24,2013-10-29,2443.0,1,2443.0
SO68552,14777,162,2013-10-17,2013-10-24,2013-10-29,2443.0,1,2443.0
SO68552,14777,163,2013-10-17,2013-10-24,2013-10-29,2443.0,1,2443.0
SO68553,10682,379,2013-10-17,2013-10-24,2013-10-29,769.0,1,769.0
SO68554,7001,380,2013-10-17,2013-10-24,2013-10-29,565.0,1,565.0
SO68555,4463,381,2013-10-17,2013-10-24,2013-10-29,565.0,1,565.0
SO68556,11457,371,2013-10-17,2013-10-24,2013-10-29,1701.0,1,1701.0
SO68557,737,4,2013-10-17,2013-10-24,2013-10-29,35.0,1,35.0
SO68557,737,5,2013-10-17,2013-10-24,2013-10-29,35.0,1,35.0
SO68557,737,6,2013-10-17,2013-10-24,2013-10-29,35.0,1,35.0
SO68558,525,269,2013-10-17,2013-10-24,2013-10-29,2.0,1,2.0
SO68559,204,328,2013-10-17,2013-10-24,2013-10-29,25.0,1,25.0
SO68560,16204,319,2013-10-17,2013-10-24,2013-10-29,5.0,1,5.0
SO68561,16601,327,2013-10-17,2013-10-24,2013-10-29,21.0,1,21.0
SO68562,15066,324,2013-10-17,2013-10-24,2013-10-29,25.0,1,25.0
SO68563,20,325,2013-10-17,2013-10-24,2013-10-29,30.0,1,30.0
SO68564,12826,325,2013-10-17,2013-10-24,2013-10-29,30.0,1,30.0
SO68565,11184,325,2013-10-17,2013-10-24,2013-10-29,30.0,1,30.0
SO68566,4489,266,2013-10-17,2013-10-24,2013-10-29,5.0,1,5.0
SO68567,3342,266,2013-10-17,2013-10-24,2013-10-29,5.0,1,5.0
SO68568,9787,267,2013-10-17,2013-10-24,2013-10-29,10.0,1,10.0
SO68569,17603,265,2013-10-17,2013-10-24,2013-10-29,70.0,1,70.0
SO68570,9009,263,2013-10-17,2013-10-24,2013-10-29,70.0,1,70.0
SO68571,7588,265,2013-10-17,2013-10-24,2013-10-29,70.0,1,70.0
SO68572,641,264,2013-10-17,2013-10-24,2013-10-29,70.0,1,70.0
SO68573,7691,264,2013-10-17,2013-10-24,2013-10-29,70.0,1,70.0
SO68574,5770,266,2013-10-17,2013-10-24,2013-10-29,5.0,1,5.0
SO68575,6350,266,2013-10-17,2013-10-24,2013-10-29,5.0,1,5.0
SO68576,17075,317,2013-10-17,2013-10-24,2013-10-29,5.0,1,5.0
SO68577,3396,274,2013-10-17,2013-10-24,2013-10-29,22.0,1,22.0
SO68578,5051,274,2013-10-17,2013-10-24,2013-10-29,22.0,1,22.0
SO68579,1744,326,2013-10-17,2013-10-24,2013-10-29,35.0,1,35.0
SO68580,4629,328,2013-10-17,2013-10-24,2013-10-29,25.0,1,25.0
SO68581,8380,318,2013-10-17,2013-10-24,2013-10-29,4.0,1,4.0
SO68582,12626,317,2013-10-17,2013-10-24,2013-10-29,5.0,1,5.0
SO68583,8489,318,2013-10-17,2013-10-24,2013-10-29,4.0,1,4.0
SO68584,8465,266,2013-10-17,2013-10-24,2013-10-29,5.0,1,5.0
SO68585,13143,319,2013-10-17,2013-10-24,2013-10-29,5.0,1,5.0
SO68586,6839,319,2013-10-17,2013-10-24,2013-10-29,5.0,1,5.0
SO68587,222,326,2013-10-17,2013-10-24,2013-10-29,35.0,1,35.0
SO68588,319,326,2013-10-17,2013-10-24,2013-10-29,35.0,1,35.0
SO68589,200,326,2013-10-17,2013-10-24,2013-10-29,35.0,1,35.0
SO68590,722,326,2013-10-17,2013-10-24,2013-10-29,35.0,1,35.0
SO68591,2185,274,2013-10-17,2013-10-24,2013-10-29,22.0,1,22.0
SO68592,376,268,2013-10-17,2013-10-24,2013-10-29,9.0,1,9.0
SO68593,2333,274,2013-10-17,2013-10-24,2013-10-29,22.0,1,22.0
SO68594,2723,383,2013-10-17,2013-10-24,2013-10-29,565.0,1,565.0
SO68595,5894,147,2013-10-17,2013-10-24,2013-10-29,2295.0,1,2295.0
SO68595,5894,148,2013-10-17,2013-10-24,2013-10-29,2295.0,1,2295.0
SO68596,2020,141,2013-10-17,2013-10-24,2013-10-29,2320.0,1,2320.0
SO68596,2020,142,2013-10-17,2013-10-24,2013-10-29,2320.0,1,2320.0
SO68597,5860,151,2013-10-17,2013-10-24,2013-10-29,2295.0,1,2295.0
SO68597,5860,152,2013-10-17,2013-10-24,2013-10-29,2295.0,1,2295.0
SO68598,5115,143,2013-10-17,2013-10-24,2013-10-29,2320.0,1,2320.0
SO68598,5115,144,2013-10-17,2013-10-24,2013-10-29,2320.0,1,2320.0
SO68599,5147,149,2013-10-17,2013-10-24,2013-10-29,2295.0,1,2295.0
SO68599,5147,150,2013-10-17,2013-10-24,2013-10-29,2295.0,1,2295.0
SO68600,17707,358,2013-10-17,2013-10-24,2013-10-29,742.0,1,742.0
SO68601,16167,355,2013-10-17,2013-10-24,2013-10-29,742.0,1,742.0
SO68602,16769,358,2013-10-17,2013-10-24,2013-10-29,742.0,1,742.0
SO68603,1874,367,2013-10-17,2013-10-24,2013-10-29,1215.0,1,1215.0
SO68604,14640,366,2013-10-17,2013-10-24,2013-10-29,1215.0,1,1215.0
SO68605,4227,143,2013-10-17,2013-10-24,2013-10-29,2320.0,1,2320.0
SO68605,4227,144,2013-10-17,2013-10-24,2013-10-29,2320.0,1,2320.0
SO68606,10977,372,2013-10-17,2013-10-24,2013-10-29,1701.0,1,1701.0
SO68607,1582,380,2013-10-17,2013-10-24,2013-10-29,565.0,1,565.0
SO68608,5346,384,2013-10-17,2013-10-24,2013-10-29,565.0,1,565.0
SO68609,43,357,2013-10-17,2013-10-24,2013-10-29,742.0,1,742.0
SO68610,13795,362,2013-10-17,2013-10-24,2013-10-29,2384.0,1,2384.0
SO68611,13796,362,2013-10-17,2013-10-24,2013-10-29,2384.0,1,2384.0
SO68612,10643,394,2013-10-17,2013-10-24,2013-10-29,540.0,1,540.0
SO68613,12722,373,2013-10-17,2013-10-24,2013-10-29,540.0,1,540.0
SO68614,10331,172,2013-10-17,2013-10-24,2013-10-29,1120.0,1,1120.0
SO68614,10331,173,2013-10-17,2013-10-24,2013-10-29,1120.0,1,1120.0
SO68615,10427,174,2013-10-17,2013-10-24,2013-10-29,1120.0,1,1120.0
SO68615,10427,175,2013-10-17,2013-10-24,2013-10-29,1120.0,1,1120.0
SO68616,10272,371,2013-10-17,2013-10-24,2013-10-29,1701.0,1,1701.0
SO68617,7559,369,2013-10-17,2013-10-24,2013-10-29,1701.0,1,1701.0
SO68618,2823,373,2013-10-17,2013-10-24,2013-10-29,540.0,1,540.0
SO68619,5832,352,2013-10-17,2013-10-24,2013-10-29,2384.0,1,2384.0
SO68620,1133,350,2013-10-17,2013-10-24,2013-10-29,2384.0,1,2384.0
SO68621,1301,363,2013-10-17,2013-10-24,2013-10-29,2384.0,1,2384.0
SO68622,14480,372,2013-10-17,2013-10-24,2013-10-29,1701.0,1,1701.0
SO68623,7012,369,2013-10-17,2013-10-24,2013-10-29,1701.0,1,1701.0
SO68624,254,268,2013-10-18,2013-10-25,2013-10-30,9.0,1,9.0
SO68625,4584,318,2013-10-18,2013-10-25,2013-10-30,4.0,1,4.0
SO68626,7265,325,2013-10-18,2013-10-25,2013-10-30,30.0,1,30.0
SO68627,14140,327,2013-10-18,2013-10-25,2013-10-30,21.0,1,21.0
SO68628,6986,145,2013-10-18,2013-10-25,2013-10-30,2320.0,1,2320.0
SO68628,6986,146,2013-10-18,2013-10-25,2013-10-30,2320.0,1,2320.0
SO68629,3556,376,2013-10-18,2013-10-25,2013-10-30,769.0,1,769.0
SO68630,4464,386,2013-10-18,2013-10-25,2013-10-30,540.0,1,540.0
SO68631,4660,381,2013-10-18,2013-10-25,2013-10-30,565.0,1,565.0
SO68632,11435,372,2013-10-18,2013-10-25,2013-10-30,1701.0,1,1701.0
SO68633,14322,372,2013-10-18,2013-10-25,2013-10-30,1701.0,1,1701.0
SO68634,6981,372,2013-10-18,2013-10-25,2013-10-30,1701.0,1,1701.0
SO68635,187,318,2013-10-18,2013-10-25,2013-10-30,4.0,1,4.0
SO68636,208,269,2013-10-18,2013-10-25,2013-10-30,2.0,1,2.0
SO68637,224,327,2013-10-18,2013-10-25,2013-10-30,21.0,1,21.0
SO68638,652,327,2013-10-18,2013-10-25,2013-10-30,21.0,1,21.0
SO68639,15377,317,2013-10-18,2013-10-25,2013-10-30,5.0,1,5.0
SO68640,16580,330,2013-10-18,2013-10-25,2013-10-30,29.0,1,29.0
SO68641,15524,324,2013-10-18,2013-10-25,2013-10-30,25.0,1,25.0
SO68642,14171,329,2013-10-18,2013-10-25,2013-10-30,33.0,1,33.0
SO68643,11751,325,2013-10-18,2013-10-25,2013-10-30,30.0,1,30.0
SO68644,1148,317,2013-10-18,2013-10-25,2013-10-30,5.0,1,5.0
SO68645,10779,267,2013-10-18,2013-10-25,2013-10-30,10.0,1,10.0
SO68646,132,267,2013-10-18,2013-10-25,2013-10-30,10.0,1,10.0
SO68647,7939,264,2013-10-18,2013-10-25,2013-10-30,70.0,1,70.0
SO68648,13976,266,2013-10-18,2013-10-25,2013-10-30,5.0,1,5.0
SO68649,2452,274,2013-10-18,2013-10-25,2013-10-30,22.0,1,22.0
SO68650,2789,318,2013-10-18,2013-10-25,2013-10-30,4.0,1,4.0
SO68651,10138,325,2013-10-18,2013-10-25,2013-10-30,30.0,1,30.0
SO68652,16169,318,2013-10-18,2013-10-25,2013-10-30,4.0,1,4.0
SO68653,16311,330,2013-10-18,2013-10-25,2013-10-30,29.0,1,29.0
SO68654,1881,326,2013-10-18,2013-10-25,2013-10-30,35.0,1,35.0
SO68655,1910,274,2013-10-18,2013-10-25,2013-10-30,22.0,1,22.0
SO68656,1555,18,2013-10-18,2013-10-25,2013-10-30,50.0,1,50.0
SO68656,1555,19,2013-10-18,2013-10-25,2013-10-30,50.0,1,50.0
SO68656,1555,20,2013-10-18,2013-10-25,2013-10-30,50.0,1,50.0
SO68657,3897,377,2013-10-18,2013-10-25,2013-10-30,769.0,1,769.0
SO68658,3914,376,2013-10-18,2013-10-25,2013-10-30,769.0,1,769.0
SO68659,7237,147,2013-10-18,2013-10-25,2013-10-30,2295.0,1,2295.0
SO68659,7237,148,2013-10-18,2013-10-25,2013-10-30,2295.0,1,2295.0
SO68660,252,151,2013-10-18,2013-10-25,2013-10-30,2295.0,1,2295.0
SO68660,252,152,2013-10-18,2013-10-25,2013-10-30,2295.0,1,2295.0
SO68661,2039,147,2013-10-18,2013-10-25,2013-10-30,2295.0,1,2295.0
SO68661,2039,148,2013-10-18,2013-10-25,2013-10-30,2295.0,1,2295.0
SO68662,4184,147,2013-10-18,2013-10-25,2013-10-30,2295.0,1,2295.0
SO68662,4184,148,2013-10-18,2013-10-25,2013-10-30,2295.0,1,2295.0
SO68663,15141,176,2013-10-18,2013-10-25,2013-10-30,1120.0,1,1120.0
SO68663,15141,177,2013-10-18,2013-10-25,2013-10-30,1120.0,1,1120.0
SO68664,6925,172,2013-10-18,2013-10-25,2013-10-30,1120.0,1,1120.0
SO68664,6925,173,2013-10-18,2013-10-25,2013-10-30,1120.0,1,1120.0
SO68665,13284,370,2013-10-18,2013-10-25,2013-10-30,1701.0,1,1701.0
SO68666,14561,393,2013-10-18,2013-10-25,2013-10-30,540.0,1,540.0
SO68667,10892,168,2013-10-18,2013-10-25,2013-10-30,2443.0,1,2443.0
SO68667,10892,169,2013-10-18,2013-10-25,2013-10-30,2443.0,1,2443.0
SO68668,14345,358,2013-10-18,2013-10-25,2013-10-30,742.0,1,742.0
SO68669,4364,353,2013-10-18,2013-10-25,2013-10-30,2384.0,1,2384.0
SO68670,12463,394,2013-10-18,2013-10-25,2013-10-30,540.0,1,540.0
SO68671,12472,394,2013-10-18,2013-10-25,2013-10-30,540.0,1,540.0
SO68672,12719,395,2013-10-18,2013-10-25,2013-10-30,540.0,1,540.0
SO68673,13706,172,2013-10-18,2013-10-25,2013-10-30,1120.0,1,1120.0
SO68673,13706,173,2013-10-18,2013-10-25,2013-10-30,1120.0,1,1120.0
SO68674,16895,395,2013-10-18,2013-10-25,2013-10-30,540.0,1,540.0
SO68675,12444,394,2013-10-18,2013-10-25,2013-10-30,540.0,1,540.0
SO68676,5204,365,2013-10-18,2013-10-25,2013-10-30,2384.0,1,2384.0
SO68677,3326,361,2013-10-18,2013-10-25,2013-10-30,742.0,1,742.0
SO68678,2109,367,2013-10-18,2013-10-25,2013-10-30,1215.0,1,1215.0
SO68679,1706,353,2013-10-18,2013-10-25,2013-10-30,2384.0,1,2384.0
SO68680,1707,350,2013-10-18,2013-10-25,2013-10-30,2384.0,1,2384.0
SO68681,2013,362,2013-10-18,2013-10-25,2013-10-30,2384.0,1,2384.0
SO68682,2076,362,2013-10-18,2013-10-25,2013-10-30,2384.0,1,2384.0
SO68683,6260,379,2013-10-19,2013-10-26,2013-10-31,769.0,1,769.0
SO68684,3210,324,2013-10-19,2013-10-26,2013-10-31,25.0,1,25.0
SO68685,13454,327,2013-10-19,2013-10-26,2013-10-31,21.0,1,21.0
SO68686,2159,265,2013-10-19,2013-10-26,2013-10-31,70.0,1,70.0
SO68687,2795,147,2013-10-19,2013-10-26,2013-10-31,2295.0,1,2295.0
SO68687,2795,148,2013-10-19,2013-10-26,2013-10-31,2295.0,1,2295.0
SO68688,7626,389,2013-10-19,2013-10-26,2013-10-31,540.0,1,540.0
SO68689,639,269,2013-10-19,2013-10-26,2013-10-31,2.0,1,2.0
SO68690,18258,318,2013-10-19,2013-10-26,2013-10-31,4.0,1,4.0
SO68691,3078,324,2013-10-19,2013-10-26,2013-10-31,25.0,1,25.0
SO68692,16989,319,2013-10-19,2013-10-26,2013-10-31,5.0,1,5.0
SO68693,17253,319,2013-10-19,2013-10-26,2013-10-31,5.0,1,5.0
SO68694,16923,318,2013-10-19,2013-10-26,2013-10-31,4.0,1,4.0
SO68695,785,324,2013-10-19,2013-10-26,2013-10-31,25.0,1,25.0
SO68696,3364,329,2013-10-19,2013-10-26,2013-10-31,33.0,1,33.0
SO68697,12336,325,2013-10-19,2013-10-26,2013-10-31,30.0,1,30.0
SO68698,12742,329,2013-10-19,2013-10-26,2013-10-31,33.0,1,33.0
SO68699,10688,267,2013-10-19,2013-10-26,2013-10-31,10.0,1,10.0
SO68700,1937,265,2013-10-19,2013-10-26,2013-10-31,70.0,1,70.0
SO68701,11351,266,2013-10-19,2013-10-26,2013-10-31,5.0,1,5.0
SO68702,9099,266,2013-10-19,2013-10-26,2013-10-31,5.0,1,5.0
SO68703,7120,266,2013-10-19,2013-10-26,2013-10-31,5.0,1,5.0
SO68704,6680,266,2013-10-19,2013-10-26,2013-10-31,5.0,1,5.0
SO68705,3505,264,2013-10-19,2013-10-26,2013-10-31,70.0,1,70.0
SO68706,6383,266,2013-10-19,2013-10-26,2013-10-31,5.0,1,5.0
SO68707,4402,317,2013-10-19,2013-10-26,2013-10-31,5.0,1,5.0
SO68708,5720,266,2013-10-19,2013-10-26,2013-10-31,5.0,1,5.0
SO68709,14665,327,2013-10-19,2013-10-26,2013-10-31,21.0,1,21.0
SO68710,13126,319,2013-10-19,2013-10-26,2013-10-31,5.0,1,5.0
SO68711,567,319,2013-10-19,2013-10-26,2013-10-31,5.0,1,5.0
SO68712,639,317,2013-10-19,2013-10-26,2013-10-31,5.0,1,5.0
SO68713,2536,267,2013-10-19,2013-10-26,2013-10-31,10.0,1,10.0
SO68714,1518,12,2013-10-19,2013-10-26,2013-10-31,9.0,1,9.0
SO68714,1518,13,2013-10-19,2013-10-26,2013-10-31,9.0,1,9.0
SO68714,1518,14,2013-10-19,2013-10-26,2013-10-31,9.0,1,9.0
SO68715,5109,381,2013-10-19,2013-10-26,2013-10-31,565.0,1,565.0
SO68716,7393,151,2013-10-19,2013-10-26,2013-10-31,2295.0,1,2295.0
SO68716,7393,152,2013-10-19,2013-10-26,2013-10-31,2295.0,1,2295.0
SO68717,3912,376,2013-10-19,2013-10-26,2013-10-31,769.0,1,769.0
SO68718,5754,145,2013-10-19,2013-10-26,2013-10-31,2320.0,1,2320.0
SO68718,5754,146,2013-10-19,2013-10-26,2013-10-31,2320.0,1,2320.0
SO68719,5756,151,2013-10-19,2013-10-26,2013-10-31,2295.0,1,2295.0
SO68719,5756,152,2013-10-19,2013-10-26,2013-10-31,2295.0,1,2295.0
SO68720,4588,149,2013-10-19,2013-10-26,2013-10-31,2295.0,1,2295.0
SO68720,4588,150,2013-10-19,2013-10-26,2013-10-31,2295.0,1,2295.0
SO68721,15662,172,2013-10-19,2013-10-26,2013-10-31,1120.0,1,1120.0
SO68721,15662,173,2013-10-19,2013-10-26,2013-10-31,1120.0,1,1120.0
SO68722,4439,372,2013-10-19,2013-10-26,2013-10-31,1701.0,1,1701.0
SO68723,14011,395,2013-10-19,2013-10-26,2013-10-31,540.0,1,540.0
SO68724,10946,162,2013-10-19,2013-10-26,2013-10-31,2443.0,1,2443.0
SO68724,10946,163,2013-10-19,2013-10-26,2013-10-31,2443.0,1,2443.0
SO68725,18279,360,2013-10-19,2013-10-26,2013-10-31,742.0,1,742.0
SO68726,16460,363,2013-10-19,2013-10-26,2013-10-31,2384.0,1,2384.0
SO68727,16408,365,2013-10-19,2013-10-26,2013-10-31,2384.0,1,2384.0
SO68728,16428,353,2013-10-19,2013-10-26,2013-10-31,2384.0,1,2384.0
SO68729,4305,362,2013-10-19,2013-10-26,2013-10-31,2384.0,1,2384.0
SO68730,12408,394,2013-10-19,2013-10-26,2013-10-31,540.0,1,540.0
SO68731,12215,393,2013-10-19,2013-10-26,2013-10-31,540.0,1,540.0
SO68732,7345,369,2013-10-19,2013-10-26,2013-10-31,1701.0,1,1701.0
SO68733,9879,178,2013-10-19,2013-10-26,2013-10-31,1120.0,1,1120.0
SO68733,9879,179,2013-10-19,2013-10-26,2013-10-31,1120.0,1,1120.0
SO68734,18462,355,2013-10-19,2013-10-26,2013-10-31,742.0,1,742.0
SO68735,3668,374,2013-10-19,2013-10-26,2013-10-31,742.0,1,742.0
SO68736,1685,364,2013-10-19,2013-10-26,2013-10-31,2384.0,1,2384.0
SO68737,1688,351,2013-10-19,2013-10-26,2013-10-31,2384.0,1,2384.0
SO68738,2000,350,2013-10-19,2013-10-26,2013-10-31,2384.0,1,2384.0
SO68739,3518,328,2013-10-20,2013-10-27,2013-11-01,25.0,1,25.0
SO68740,4238,318,2013-10-20,2013-10-27,2013-11-01,4.0,1,4.0
SO68741,922,317,2013-10-20,2013-10-27,2013-11-01,5.0,1,5.0
SO68742,11957,266,2013-10-20,2013-10-27,2013-11-01,5.0,1,5.0
SO68743,468,267,2013-10-20,2013-10-27,2013-11-01,10.0,1,10.0
SO68744,4207,9,2013-10-20,2013-10-27,2013-11-01,35.0,1,35.0
SO68744,4207,10,2013-10-20,2013-10-27,2013-11-01,35.0,1,35.0
SO68744,4207,11,2013-10-20,2013-10-27,2013-11-01,35.0,1,35.0
SO68745,7263,4,2013-10-20,2013-10-27,2013-11-01,0.0,1,35.0
SO68745,7263,5,2013-10-20,2013-10-27,2013-11-01,0.0,1,35.0
SO68745,7263,6,2013-10-20,2013-10-27,2013-11-01,0.0,1,35.0
SO68746,6501,272,2013-10-20,2013-10-27,2013-11-01,120.0,1,120.0
SO68747,6961,379,2013-10-20,2013-10-27,2013-11-01,769.0,1,769.0
SO68748,3159,141,2013-10-20,2013-10-27,2013-11-01,2320.0,1,2320.0
SO68748,3159,142,2013-10-20,2013-10-27,2013-11-01,2320.0,1,2320.0
SO68749,8254,387,2013-10-20,2013-10-27,2013-11-01,540.0,1,540.0
SO68750,4656,386,2013-10-20,2013-10-27,2013-11-01,540.0,1,540.0
SO68751,15268,327,2013-10-20,2013-10-27,2013-11-01,21.0,1,21.0
SO68752,15613,330,2013-10-20,2013-10-27,2013-11-01,29.0,1,29.0
SO68753,1937,319,2013-10-20,2013-10-27,2013-11-01,5.0,1,5.0
SO68754,7885,317,2013-10-20,2013-10-27,2013-11-01,5.0,1,5.0
SO68755,12518,267,2013-10-20,2013-10-27,2013-11-01,10.0,1,10.0
SO68756,9536,266,2013-10-20,2013-10-27,2013-11-01,5.0,1,5.0
SO68757,9537,267,2013-10-20,2013-10-27,2013-11-01,10.0,1,10.0
SO68758,2202,267,2013-10-20,2013-10-27,2013-11-01,10.0,1,10.0
SO68759,9113,12,2013-10-20,2013-10-27,2013-11-01,9.0,1,9.0
SO68759,9113,13,2013-10-20,2013-10-27,2013-11-01,9.0,1,9.0
SO68759,9113,14,2013-10-20,2013-10-27,2013-11-01,9.0,1,9.0
SO68760,7873,264,2013-10-20,2013-10-27,2013-11-01,70.0,1,70.0
SO68761,2937,266,2013-10-20,2013-10-27,2013-11-01,5.0,1,5.0
SO68762,620,263,2013-10-20,2013-10-27,2013-11-01,70.0,1,70.0
SO68763,15687,317,2013-10-20,2013-10-27,2013-11-01,5.0,1,5.0
SO68764,5153,317,2013-10-20,2013-10-27,2013-11-01,5.0,1,5.0
SO68765,3514,317,2013-10-20,2013-10-27,2013-11-01,5.0,1,5.0
SO68766,4742,317,2013-10-20,2013-10-27,2013-11-01,5.0,1,5.0
SO68767,10857,328,2013-10-20,2013-10-27,2013-11-01,25.0,1,25.0
SO68768,9899,325,2013-10-20,2013-10-27,2013-11-01,30.0,1,30.0
SO68769,12947,318,2013-10-20,2013-10-27,2013-11-01,4.0,1,4.0
SO68770,15848,327,2013-10-20,2013-10-27,2013-11-01,21.0,1,21.0
SO68771,17545,330,2013-10-20,2013-10-27,2013-11-01,29.0,1,29.0
SO68772,9898,318,2013-10-20,2013-10-27,2013-11-01,4.0,1,4.0
SO68773,15909,330,2013-10-20,2013-10-27,2013-11-01,29.0,1,29.0
SO68774,13720,330,2013-10-20,2013-10-27,2013-11-01,29.0,1,29.0
SO68775,15841,319,2013-10-20,2013-10-27,2013-11-01,5.0,1,5.0
SO68776,7173,319,2013-10-20,2013-10-27,2013-11-01,5.0,1,5.0
SO68777,2825,319,2013-10-20,2013-10-27,2013-11-01,5.0,1,5.0
SO68778,1917,326,2013-10-20,2013-10-27,2013-11-01,35.0,1,35.0
SO68779,2237,274,2013-10-20,2013-10-27,2013-11-01,22.0,1,22.0
SO68780,1888,274,2013-10-20,2013-10-27,2013-11-01,22.0,1,22.0
SO68781,1922,143,2013-10-20,2013-10-27,2013-11-01,2320.0,1,2320.0
SO68781,1922,144,2013-10-20,2013-10-27,2013-11-01,2320.0,1,2320.0
SO68782,6781,354,2013-10-20,2013-10-27,2013-11-01,742.0,1,742.0
SO68783,1616,368,2013-10-20,2013-10-27,2013-11-01,1215.0,1,1215.0
SO68784,5567,368,2013-10-20,2013-10-27,2013-11-01,1215.0,1,1215.0
SO68785,16155,368,2013-10-20,2013-10-27,2013-11-01,1215.0,1,1215.0
SO68786,2008,149,2013-10-20,2013-10-27,2013-11-01,2295.0,1,2295.0
SO68786,2008,150,2013-10-20,2013-10-27,2013-11-01,2295.0,1,2295.0
SO68787,15564,170,2013-10-20,2013-10-27,2013-11-01,1120.0,1,1120.0
SO68787,15564,171,2013-10-20,2013-10-27,2013-11-01,1120.0,1,1120.0
SO68788,15134,176,2013-10-20,2013-10-27,2013-11-01,1120.0,1,1120.0
SO68788,15134,177,2013-10-20,2013-10-27,2013-11-01,1120.0,1,1120.0
SO68789,10232,371,2013-10-20,2013-10-27,2013-11-01,1701.0,1,1701.0
SO68790,15022,172,2013-10-20,2013-10-27,2013-11-01,1120.0,1,1120.0
SO68790,15022,173,2013-10-20,2013-10-27,2013-11-01,1120.0,1,1120.0
SO68791,4180,149,2013-10-20,2013-10-27,2013-11-01,2295.0,1,2295.0
SO68791,4180,150,2013-10-20,2013-10-27,2013-11-01,2295.0,1,2295.0
SO68792,10878,162,2013-10-20,2013-10-27,2013-11-01,2443.0,1,2443.0
SO68792,10878,163,2013-10-20,2013-10-27,2013-11-01,2443.0,1,2443.0
SO68793,1581,387,2013-10-20,2013-10-27,2013-11-01,540.0,1,540.0
SO68794,14363,356,2013-10-20,2013-10-27,2013-11-01,742.0,1,742.0
SO68795,16528,351,2013-10-20,2013-10-27,2013-11-01,2384.0,1,2384.0
SO68796,16274,352,2013-10-20,2013-10-27,2013-11-01,2384.0,1,2384.0
SO68797,10630,395,2013-10-20,2013-10-27,2013-11-01,540.0,1,540.0
SO68798,10486,176,2013-10-20,2013-10-27,2013-11-01,1120.0,1,1120.0
SO68798,10486,177,2013-10-20,2013-10-27,2013-11-01,1120.0,1,1120.0
SO68799,7560,370,2013-10-20,2013-10-27,2013-11-01,1701.0,1,1701.0
SO68800,7351,369,2013-10-20,2013-10-27,2013-11-01,1701.0,1,1701.0
SO68801,7432,372,2013-10-20,2013-10-27,2013-11-01,1701.0,1,1701.0
SO68802,7227,370,2013-10-20,2013-10-27,2013-11-01,1701.0,1,1701.0
SO68803,11713,395,2013-10-20,2013-10-27,2013-11-01,540.0,1,540.0
SO68804,13122,373,2013-10-20,2013-10-27,2013-11-01,540.0,1,540.0
SO68805,424,364,2013-10-20,2013-10-27,2013-11-01,2384.0,1,2384.0
SO68806,428,350,2013-10-20,2013-10-27,2013-11-01,2384.0,1,2384.0
SO68807,440,350,2013-10-20,2013-10-27,2013-11-01,2384.0,1,2384.0
SO68808,18466,361,2013-10-20,2013-10-27,2013-11-01,742.0,1,742.0
SO68809,3239,349,2013-10-20,2013-10-27,2013-11-01,1215.0,1,1215.0
SO68810,1700,362,2013-10-20,2013-10-27,2013-11-01,2384.0,1,2384.0
SO68811,152,350,2013-10-20,2013-10-27,2013-11-01,2384.0,1,2384.0
SO68812,2957,317,2013-10-21,2013-10-28,2013-11-02,5.0,1,5.0
SO68813,1250,317,2013-10-21,2013-10-28,2013-11-02,5.0,1,5.0
SO68814,6073,328,2013-10-21,2013-10-28,2013-11-02,25.0,1,25.0
SO68815,3074,328,2013-10-21,2013-10-28,2013-11-02,25.0,1,25.0
SO68816,14212,327,2013-10-21,2013-10-28,2013-11-02,21.0,1,21.0
SO68817,17350,266,2013-10-21,2013-10-28,2013-11-02,5.0,1,5.0
SO68818,11841,326,2013-10-21,2013-10-28,2013-11-02,35.0,1,35.0
SO68819,2159,266,2013-10-21,2013-10-28,2013-11-02,5.0,1,5.0
SO68820,1615,147,2013-10-21,2013-10-28,2013-11-02,2295.0,1,2295.0
SO68820,1615,148,2013-10-21,2013-10-28,2013-11-02,2295.0,1,2295.0
SO68821,1550,147,2013-10-21,2013-10-28,2013-11-02,2295.0,1,2295.0
SO68821,1550,148,2013-10-21,2013-10-28,2013-11-02,2295.0,1,2295.0
SO68822,8036,145,2013-10-21,2013-10-28,2013-11-02,2320.0,1,2320.0
SO68822,8036,146,2013-10-21,2013-10-28,2013-11-02,2320.0,1,2320.0
SO68823,8052,141,2013-10-21,2013-10-28,2013-11-02,2320.0,1,2320.0
SO68823,8052,142,2013-10-21,2013-10-28,2013-11-02,2320.0,1,2320.0
SO68824,7174,147,2013-10-21,2013-10-28,2013-11-02,2295.0,1,2295.0
SO68824,7174,148,2013-10-21,2013-10-28,2013-11-02,2295.0,1,2295.0
SO68825,5311,151,2013-10-21,2013-10-28,2013-11-02,2295.0,1,2295.0
SO68825,5311,152,2013-10-21,2013-10-28,2013-11-02,2295.0,1,2295.0
SO68826,14462,371,2013-10-21,2013-10-28,2013-11-02,1701.0,1,1701.0
SO68827,771,9,2013-10-21,2013-10-28,2013-11-02,35.0,1,35.0
SO68827,771,10,2013-10-21,2013-10-28,2013-11-02,35.0,1,35.0
SO68827,771,11,2013-10-21,2013-10-28,2013-11-02,35.0,1,35.0
SO68828,15791,327,2013-10-21,2013-10-28,2013-11-02,21.0,1,21.0
SO68829,17193,327,2013-10-21,2013-10-28,2013-11-02,21.0,1,21.0
SO68830,501,327,2013-10-21,2013-10-28,2013-11-02,21.0,1,21.0
SO68831,16418,327,2013-10-21,2013-10-28,2013-11-02,21.0,1,21.0
SO68832,14202,318,2013-10-21,2013-10-28,2013-11-02,4.0,1,4.0
SO68833,201,324,2013-10-21,2013-10-28,2013-11-02,25.0,1,25.0
SO68834,15204,324,2013-10-21,2013-10-28,2013-11-02,25.0,1,25.0
SO68835,15087,324,2013-10-21,2013-10-28,2013-11-02,25.0,1,25.0
SO68836,13427,329,2013-10-21,2013-10-28,2013-11-02,33.0,1,33.0
SO68837,10698,267,2013-10-21,2013-10-28,2013-11-02,10.0,1,10.0
SO68838,8743,264,2013-10-21,2013-10-28,2013-11-02,70.0,1,70.0
SO68839,8755,265,2013-10-21,2013-10-28,2013-11-02,70.0,1,70.0
SO68840,9468,266,2013-10-21,2013-10-28,2013-11-02,5.0,1,5.0
SO68841,16403,263,2013-10-21,2013-10-28,2013-11-02,70.0,1,70.0
SO68842,9339,265,2013-10-21,2013-10-28,2013-11-02,70.0,1,70.0
SO68843,6395,266,2013-10-21,2013-10-28,2013-11-02,5.0,1,5.0
SO68844,16216,266,2013-10-21,2013-10-28,2013-11-02,5.0,1,5.0
SO68845,6873,266,2013-10-21,2013-10-28,2013-11-02,5.0,1,5.0
SO68846,11486,327,2013-10-21,2013-10-28,2013-11-02,21.0,1,21.0
SO68847,15379,318,2013-10-21,2013-10-28,2013-11-02,4.0,1,4.0
SO68848,12755,330,2013-10-21,2013-10-28,2013-11-02,29.0,1,29.0
SO68849,5192,319,2013-10-21,2013-10-28,2013-11-02,5.0,1,5.0
SO68850,13151,318,2013-10-21,2013-10-28,2013-11-02,4.0,1,4.0
SO68851,17879,318,2013-10-21,2013-10-28,2013-11-02,4.0,1,4.0
SO68852,4691,319,2013-10-21,2013-10-28,2013-11-02,5.0,1,5.0
SO68853,13076,319,2013-10-21,2013-10-28,2013-11-02,5.0,1,5.0
SO68854,5935,319,2013-10-21,2013-10-28,2013-11-02,5.0,1,5.0
SO68855,2475,326,2013-10-21,2013-10-28,2013-11-02,35.0,1,35.0
SO68856,3880,377,2013-10-21,2013-10-28,2013-11-02,769.0,1,769.0
SO68857,2063,149,2013-10-21,2013-10-28,2013-11-02,2295.0,1,2295.0
SO68857,2063,150,2013-10-21,2013-10-28,2013-11-02,2295.0,1,2295.0
SO68858,5119,145,2013-10-21,2013-10-28,2013-11-02,2320.0,1,2320.0
SO68858,5119,146,2013-10-21,2013-10-28,2013-11-02,2320.0,1,2320.0
SO68859,5345,149,2013-10-21,2013-10-28,2013-11-02,2295.0,1,2295.0
SO68859,5345,150,2013-10-21,2013-10-28,2013-11-02,2295.0,1,2295.0
SO68860,5308,363,2013-10-21,2013-10-28,2013-11-02,2384.0,1,2384.0
SO68861,4577,149,2013-10-21,2013-10-28,2013-11-02,2295.0,1,2295.0
SO68861,4577,150,2013-10-21,2013-10-28,2013-11-02,2295.0,1,2295.0
SO68862,4153,149,2013-10-21,2013-10-28,2013-11-02,2295.0,1,2295.0
SO68862,4153,150,2013-10-21,2013-10-28,2013-11-02,2295.0,1,2295.0
SO68863,15030,176,2013-10-21,2013-10-28,2013-11-02,1120.0,1,1120.0
SO68863,15030,177,2013-10-21,2013-10-28,2013-11-02,1120.0,1,1120.0
SO68864,10257,372,2013-10-21,2013-10-28,2013-11-02,1701.0,1,1701.0
SO68865,4643,369,2013-10-21,2013-10-28,2013-11-02,1701.0,1,1701.0
SO68866,10981,370,2013-10-21,2013-10-28,2013-11-02,1701.0,1,1701.0
SO68867,14566,373,2013-10-21,2013-10-28,2013-11-02,540.0,1,540.0
SO68868,13274,395,2013-10-21,2013-10-28,2013-11-02,540.0,1,540.0
SO68869,10570,164,2013-10-21,2013-10-28,2013-11-02,2443.0,1,2443.0
SO68869,10570,165,2013-10-21,2013-10-28,2013-11-02,2443.0,1,2443.0
SO68870,4598,143,2013-10-21,2013-10-28,2013-11-02,2320.0,1,2320.0
SO68870,4598,144,2013-10-21,2013-10-28,2013-11-02,2320.0,1,2320.0
SO68871,3598,351,2013-10-21,2013-10-28,2013-11-02,2384.0,1,2384.0
SO68872,18277,12,2013-10-21,2013-10-28,2013-11-02,9.0,1,9.0
SO68872,18277,13,2013-10-21,2013-10-28,2013-11-02,9.0,1,9.0
SO68872,18277,14,2013-10-21,2013-10-28,2013-11-02,9.0,1,9.0
SO68873,16200,363,2013-10-21,2013-10-28,2013-11-02,2384.0,1,2384.0
SO68874,12378,393,2013-10-21,2013-10-28,2013-11-02,540.0,1,540.0
SO68875,10417,178,2013-10-21,2013-10-28,2013-11-02,1120.0,1,1120.0
SO68875,10417,179,2013-10-21,2013-10-28,2013-11-02,1120.0,1,1120.0
SO68876,10418,170,2013-10-21,2013-10-28,2013-11-02,1120.0,1,1120.0
SO68876,10418,171,2013-10-21,2013-10-28,2013-11-02,1120.0,1,1120.0
SO68877,14454,178,2013-10-21,2013-10-28,2013-11-02,1120.0,1,1120.0
SO68877,14454,179,2013-10-21,2013-10-28,2013-11-02,1120.0,1,1120.0
SO68878,9877,172,2013-10-21,2013-10-28,2013-11-02,1120.0,1,1120.0
SO68878,9877,173,2013-10-21,2013-10-28,2013-11-02,1120.0,1,1120.0
SO68879,1299,170,2013-10-21,2013-10-28,2013-11-02,1120.0,1,1120.0
SO68879,1299,171,2013-10-21,2013-10-28,2013-11-02,1120.0,1,1120.0
SO68880,13200,178,2013-10-21,2013-10-28,2013-11-02,1120.0,1,1120.0
SO68880,13200,179,2013-10-21,2013-10-28,2013-11-02,1120.0,1,1120.0
SO68881,16907,393,2013-10-21,2013-10-28,2013-11-02,540.0,1,540.0
SO68882,12745,394,2013-10-21,2013-10-28,2013-11-02,540.0,1,540.0
SO68883,16132,393,2013-10-21,2013-10-28,2013-11-02,540.0,1,540.0
SO68884,13708,365,2013-10-21,2013-10-28,2013-11-02,2384.0,1,2384.0
SO68885,3305,354,2013-10-21,2013-10-28,2013-11-02,742.0,1,742.0
SO68886,1989,352,2013-10-21,2013-10-28,2013-11-02,2384.0,1,2384.0
SO68887,503,273,2013-10-22,2013-10-29,2013-11-03,8.0,1,8.0
SO68888,331,24,2013-10-22,2013-10-29,2013-11-03,50.0,1,50.0
SO68888,331,25,2013-10-22,2013-10-29,2013-11-03,50.0,1,50.0
SO68888,331,26,2013-10-22,2013-10-29,2013-11-03,50.0,1,50.0
SO68889,3087,328,2013-10-22,2013-10-29,2013-11-03,25.0,1,25.0
SO68890,2999,328,2013-10-22,2013-10-29,2013-11-03,25.0,1,25.0
SO68891,8673,317,2013-10-22,2013-10-29,2013-11-03,5.0,1,5.0
SO68892,3686,319,2013-10-22,2013-10-29,2013-11-03,5.0,1,5.0
SO68893,17942,267,2013-10-22,2013-10-29,2013-11-03,10.0,1,10.0
SO68894,17934,251,2013-10-22,2013-10-29,2013-11-03,24.0,1,24.0
SO68894,17934,252,2013-10-22,2013-10-29,2013-11-03,24.0,1,24.0
SO68895,2043,4,2013-10-22,2013-10-29,2013-11-03,35.0,1,35.0
SO68895,2043,5,2013-10-22,2013-10-29,2013-11-03,35.0,1,35.0
SO68895,2043,6,2013-10-22,2013-10-29,2013-11-03,35.0,1,35.0
SO68896,5635,329,2013-10-22,2013-10-29,2013-11-03,33.0,1,33.0
SO68897,5535,164,2013-10-22,2013-10-29,2013-11-03,2443.0,1,2443.0
SO68897,5535,165,2013-10-22,2013-10-29,2013-11-03,2443.0,1,2443.0
SO68898,8925,151,2013-10-22,2013-10-29,2013-11-03,2295.0,1,2295.0
SO68898,8925,152,2013-10-22,2013-10-29,2013-11-03,2295.0,1,2295.0
SO68899,3794,147,2013-10-22,2013-10-29,2013-11-03,2295.0,1,2295.0
SO68899,3794,148,2013-10-22,2013-10-29,2013-11-03,2295.0,1,2295.0
SO68900,1495,141,2013-10-22,2013-10-29,2013-11-03,2320.0,1,2320.0
SO68900,1495,142,2013-10-22,2013-10-29,2013-11-03,2320.0,1,2320.0
SO68901,507,319,2013-10-22,2013-10-29,2013-11-03,5.0,1,5.0
SO68902,15734,330,2013-10-22,2013-10-29,2013-11-03,29.0,1,29.0
SO68903,15348,324,2013-10-22,2013-10-29,2013-11-03,25.0,1,25.0
SO68904,14265,329,2013-10-22,2013-10-29,2013-11-03,33.0,1,33.0
SO68905,16445,330,2013-10-22,2013-10-29,2013-11-03,29.0,1,29.0
SO68906,15110,324,2013-10-22,2013-10-29,2013-11-03,25.0,1,25.0
SO68907,632,317,2013-10-22,2013-10-29,2013-11-03,5.0,1,5.0
SO68908,11191,317,2013-10-22,2013-10-29,2013-11-03,5.0,1,5.0
SO68909,1183,267,2013-10-22,2013-10-29,2013-11-03,10.0,1,10.0
SO68910,1971,266,2013-10-22,2013-10-29,2013-11-03,5.0,1,5.0
SO68911,10708,266,2013-10-22,2013-10-29,2013-11-03,5.0,1,5.0
SO68912,7772,263,2013-10-22,2013-10-29,2013-11-03,70.0,1,70.0
SO68913,3620,317,2013-10-22,2013-10-29,2013-11-03,5.0,1,5.0
SO68914,3570,317,2013-10-22,2013-10-29,2013-11-03,5.0,1,5.0
SO68915,5316,318,2013-10-22,2013-10-29,2013-11-03,4.0,1,4.0
SO68916,14538,318,2013-10-22,2013-10-29,2013-11-03,4.0,1,4.0
SO68917,17914,327,2013-10-22,2013-10-29,2013-11-03,21.0,1,21.0
SO68918,3553,330,2013-10-22,2013-10-29,2013-11-03,29.0,1,29.0
SO68919,15414,330,2013-10-22,2013-10-29,2013-11-03,29.0,1,29.0
SO68920,15413,330,2013-10-22,2013-10-29,2013-11-03,29.0,1,29.0
SO68921,196,317,2013-10-22,2013-10-29,2013-11-03,5.0,1,5.0
SO68922,2410,267,2013-10-22,2013-10-29,2013-11-03,10.0,1,10.0
SO68923,1311,1,2013-10-22,2013-10-29,2013-11-03,35.0,1,35.0
SO68923,1311,2,2013-10-22,2013-10-29,2013-11-03,35.0,1,35.0
SO68923,1311,3,2013-10-22,2013-10-29,2013-11-03,35.0,1,35.0
SO68924,2088,141,2013-10-22,2013-10-29,2013-11-03,2320.0,1,2320.0
SO68924,2088,142,2013-10-22,2013-10-29,2013-11-03,2320.0,1,2320.0
SO68925,2143,145,2013-10-22,2013-10-29,2013-11-03,2320.0,1,2320.0
SO68925,2143,146,2013-10-22,2013-10-29,2013-11-03,2320.0,1,2320.0
SO68926,5845,147,2013-10-22,2013-10-29,2013-11-03,2295.0,1,2295.0
SO68926,5845,148,2013-10-22,2013-10-29,2013-11-03,2295.0,1,2295.0
SO68927,5866,141,2013-10-22,2013-10-29,2013-11-03,2320.0,1,2320.0
SO68927,5866,142,2013-10-22,2013-10-29,2013-11-03,2320.0,1,2320.0
SO68928,1951,147,2013-10-22,2013-10-29,2013-11-03,2295.0,1,2295.0
SO68928,1951,148,2013-10-22,2013-10-29,2013-11-03,2295.0,1,2295.0
SO68929,5833,141,2013-10-22,2013-10-29,2013-11-03,2320.0,1,2320.0
SO68929,5833,142,2013-10-22,2013-10-29,2013-11-03,2320.0,1,2320.0
SO68930,5828,350,2013-10-22,2013-10-29,2013-11-03,2384.0,1,2384.0
SO68931,4222,151,2013-10-22,2013-10-29,2013-11-03,2295.0,1,2295.0
SO68931,4222,152,2013-10-22,2013-10-29,2013-11-03,2295.0,1,2295.0
SO68932,4152,151,2013-10-22,2013-10-29,2013-11-03,2295.0,1,2295.0
SO68932,4152,152,2013-10-22,2013-10-29,2013-11-03,2295.0,1,2295.0
SO68933,15193,178,2013-10-22,2013-10-29,2013-11-03,1120.0,1,1120.0
SO68933,15193,179,2013-10-22,2013-10-29,2013-11-03,1120.0,1,1120.0
SO68934,15026,170,2013-10-22,2013-10-29,2013-11-03,1120.0,1,1120.0
SO68934,15026,171,2013-10-22,2013-10-29,2013-11-03,1120.0,1,1120.0
SO68935,10260,370,2013-10-22,2013-10-29,2013-11-03,1701.0,1,1701.0
SO68936,4181,141,2013-10-22,2013-10-29,2013-11-03,2320.0,1,2320.0
SO68936,4181,142,2013-10-22,2013-10-29,2013-11-03,2320.0,1,2320.0
SO68937,369,378,2013-10-22,2013-10-29,2013-11-03,769.0,1,769.0
SO68938,6294,377,2013-10-22,2013-10-29,2013-11-03,769.0,1,769.0
SO68939,16108,364,2013-10-22,2013-10-29,2013-11-03,2384.0,1,2384.0
SO68940,12561,393,2013-10-22,2013-10-29,2013-11-03,540.0,1,540.0
SO68941,12214,373,2013-10-22,2013-10-29,2013-11-03,540.0,1,540.0
SO68942,12211,373,2013-10-22,2013-10-29,2013-11-03,540.0,1,540.0
SO68943,10480,172,2013-10-22,2013-10-29,2013-11-03,1120.0,1,1120.0
SO68943,10480,173,2013-10-22,2013-10-29,2013-11-03,1120.0,1,1120.0
SO68944,7431,370,2013-10-22,2013-10-29,2013-11-03,1701.0,1,1701.0
SO68945,14302,172,2013-10-22,2013-10-29,2013-11-03,1120.0,1,1120.0
SO68945,14302,173,2013-10-22,2013-10-29,2013-11-03,1120.0,1,1120.0
SO68946,1315,172,2013-10-22,2013-10-29,2013-11-03,1120.0,1,1120.0
SO68946,1315,173,2013-10-22,2013-10-29,2013-11-03,1120.0,1,1120.0
SO68947,13690,178,2013-10-22,2013-10-29,2013-11-03,1120.0,1,1120.0
SO68947,13690,179,2013-10-22,2013-10-29,2013-11-03,1120.0,1,1120.0
SO68948,13139,174,2013-10-22,2013-10-29,2013-11-03,1120.0,1,1120.0
SO68948,13139,175,2013-10-22,2013-10-29,2013-11-03,1120.0,1,1120.0
SO68949,429,362,2013-10-22,2013-10-29,2013-11-03,2384.0,1,2384.0
SO68950,6193,364,2013-10-22,2013-10-29,2013-11-03,2384.0,1,2384.0
SO68951,9918,164,2013-10-23,2013-10-30,2013-11-04,2443.0,1,2443.0
SO68951,9918,165,2013-10-23,2013-10-30,2013-11-04,2443.0,1,2443.0
SO68952,1941,12,2013-10-23,2013-10-30,2013-11-04,9.0,1,9.0
SO68952,1941,13,2013-10-23,2013-10-30,2013-11-04,9.0,1,9.0
SO68952,1941,14,2013-10-23,2013-10-30,2013-11-04,9.0,1,9.0
SO68953,868,273,2013-10-23,2013-10-30,2013-11-04,8.0,1,8.0
SO68954,507,273,2013-10-23,2013-10-30,2013-11-04,8.0,1,8.0
SO68955,2616,324,2013-10-23,2013-10-30,2013-11-04,25.0,1,25.0
SO68956,2003,324,2013-10-23,2013-10-30,2013-11-04,25.0,1,25.0
SO68957,4784,328,2013-10-23,2013-10-30,2013-11-04,25.0,1,25.0
SO68958,7248,274,2013-10-23,2013-10-30,2013-11-04,22.0,1,22.0
SO68959,9269,327,2013-10-23,2013-10-30,2013-11-04,21.0,1,21.0
SO68960,15422,327,2013-10-23,2013-10-30,2013-11-04,21.0,1,21.0
SO68961,16722,319,2013-10-23,2013-10-30,2013-11-04,5.0,1,5.0
SO68962,3016,4,2013-10-23,2013-10-30,2013-11-04,35.0,1,35.0
SO68962,3016,5,2013-10-23,2013-10-30,2013-11-04,35.0,1,35.0
SO68962,3016,6,2013-10-23,2013-10-30,2013-11-04,35.0,1,35.0
SO68963,5173,329,2013-10-23,2013-10-30,2013-11-04,33.0,1,33.0
SO68964,6055,278,2013-10-23,2013-10-30,2013-11-04,54.0,1,54.0
SO68965,3778,147,2013-10-23,2013-10-30,2013-11-04,2295.0,1,2295.0
SO68965,3778,148,2013-10-23,2013-10-30,2013-11-04,2295.0,1,2295.0
SO68966,7178,141,2013-10-23,2013-10-30,2013-11-04,2320.0,1,2320.0
SO68966,7178,142,2013-10-23,2013-10-30,2013-11-04,2320.0,1,2320.0
SO68967,502,318,2013-10-23,2013-10-30,2013-11-04,4.0,1,4.0
SO68968,18234,318,2013-10-23,2013-10-30,2013-11-04,4.0,1,4.0
SO68969,803,324,2013-10-23,2013-10-30,2013-11-04,25.0,1,25.0
SO68970,13770,329,2013-10-23,2013-10-30,2013-11-04,33.0,1,33.0
SO68971,12678,325,2013-10-23,2013-10-30,2013-11-04,30.0,1,30.0
SO68972,12520,267,2013-10-23,2013-10-30,2013-11-04,10.0,1,10.0
SO68973,12261,267,2013-10-23,2013-10-30,2013-11-04,10.0,1,10.0
SO68974,923,266,2013-10-23,2013-10-30,2013-11-04,5.0,1,5.0
SO68975,9330,263,2013-10-23,2013-10-30,2013-11-04,70.0,1,70.0
SO68976,18013,265,2013-10-23,2013-10-30,2013-11-04,70.0,1,70.0
SO68977,5760,266,2013-10-23,2013-10-30,2013-11-04,5.0,1,5.0
SO68978,263,266,2013-10-23,2013-10-30,2013-11-04,5.0,1,5.0
SO68979,4858,317,2013-10-23,2013-10-30,2013-11-04,5.0,1,5.0
SO68980,4513,317,2013-10-23,2013-10-30,2013-11-04,5.0,1,5.0
SO68981,7147,274,2013-10-23,2013-10-30,2013-11-04,22.0,1,22.0
SO68982,2693,328,2013-10-23,2013-10-30,2013-11-04,25.0,1,25.0
SO68983,10867,266,2013-10-23,2013-10-30,2013-11-04,5.0,1,5.0
SO68984,6989,325,2013-10-23,2013-10-30,2013-11-04,30.0,1,30.0
SO68985,16318,318,2013-10-23,2013-10-30,2013-11-04,4.0,1,4.0
SO68986,11316,266,2013-10-23,2013-10-30,2013-11-04,5.0,1,5.0
SO68987,12952,330,2013-10-23,2013-10-30,2013-11-04,29.0,1,29.0
SO68988,11834,266,2013-10-23,2013-10-30,2013-11-04,5.0,1,5.0
SO68989,10134,327,2013-10-23,2013-10-30,2013-11-04,21.0,1,21.0
SO68990,5307,319,2013-10-23,2013-10-30,2013-11-04,5.0,1,5.0
SO68991,16924,330,2013-10-23,2013-10-30,2013-11-04,29.0,1,29.0
SO68992,567,255,2013-10-23,2013-10-30,2013-11-04,24.0,1,24.0
SO68992,567,256,2013-10-23,2013-10-30,2013-11-04,24.0,1,24.0
SO68993,3627,317,2013-10-23,2013-10-30,2013-11-04,5.0,1,5.0
SO68994,863,317,2013-10-23,2013-10-30,2013-11-04,5.0,1,5.0
SO68995,8884,389,2013-10-23,2013-10-30,2013-11-04,540.0,1,540.0
SO68996,5852,141,2013-10-23,2013-10-30,2013-11-04,2320.0,1,2320.0
SO68996,5852,142,2013-10-23,2013-10-30,2013-11-04,2320.0,1,2320.0
SO68997,16770,358,2013-10-23,2013-10-30,2013-11-04,742.0,1,742.0
SO68998,6926,174,2013-10-23,2013-10-30,2013-11-04,1120.0,1,1120.0
SO68998,6926,175,2013-10-23,2013-10-30,2013-11-04,1120.0,1,1120.0
SO68999,15029,176,2013-10-23,2013-10-30,2013-11-04,1120.0,1,1120.0
SO68999,15029,177,2013-10-23,2013-10-30,2013-11-04,1120.0,1,1120.0
SO69000,15139,170,2013-10-23,2013-10-30,2013-11-04,1120.0,1,1120.0
SO69000,15139,171,2013-10-23,2013-10-30,2013-11-04,1120.0,1,1120.0
SO69001,14562,394,2013-10-23,2013-10-30,2013-11-04,540.0,1,540.0
SO69002,13272,394,2013-10-23,2013-10-30,2013-11-04,540.0,1,540.0
SO69003,14556,394,2013-10-23,2013-10-30,2013-11-04,540.0,1,540.0
SO69004,18188,393,2013-10-23,2013-10-30,2013-11-04,540.0,1,540.0
SO69005,10573,168,2013-10-23,2013-10-30,2013-11-04,2443.0,1,2443.0
SO69005,10573,169,2013-10-23,2013-10-30,2013-11-04,2443.0,1,2443.0
SO69006,10875,160,2013-10-23,2013-10-30,2013-11-04,2443.0,1,2443.0
SO69006,10875,161,2013-10-23,2013-10-30,2013-11-04,2443.0,1,2443.0
SO69007,10883,168,2013-10-23,2013-10-30,2013-11-04,2443.0,1,2443.0
SO69007,10883,169,2013-10-23,2013-10-30,2013-11-04,2443.0,1,2443.0
SO69008,1579,381,2013-10-23,2013-10-30,2013-11-04,565.0,1,565.0
SO69009,4177,352,2013-10-23,2013-10-30,2013-11-04,2384.0,1,2384.0
SO69010,16453,352,2013-10-23,2013-10-30,2013-11-04,2384.0,1,2384.0
SO69011,12869,349,2013-10-23,2013-10-30,2013-11-04,1215.0,1,1215.0
SO69012,12461,394,2013-10-23,2013-10-30,2013-11-04,540.0,1,540.0
SO69013,12681,393,2013-10-23,2013-10-30,2013-11-04,540.0,1,540.0
SO69014,12376,395,2013-10-23,2013-10-30,2013-11-04,540.0,1,540.0
SO69015,3882,174,2013-10-23,2013-10-30,2013-11-04,1120.0,1,1120.0
SO69015,3882,175,2013-10-23,2013-10-30,2013-11-04,1120.0,1,1120.0
SO69016,10587,178,2013-10-23,2013-10-30,2013-11-04,1120.0,1,1120.0
SO69016,10587,179,2013-10-23,2013-10-30,2013-11-04,1120.0,1,1120.0
SO69017,10477,176,2013-10-23,2013-10-30,2013-11-04,1120.0,1,1120.0
SO69017,10477,177,2013-10-23,2013-10-30,2013-11-04,1120.0,1,1120.0
SO69018,7439,369,2013-10-23,2013-10-30,2013-11-04,1701.0,1,1701.0
SO69019,13205,395,2013-10-23,2013-10-30,2013-11-04,540.0,1,540.0
SO69020,13156,394,2013-10-23,2013-10-30,2013-11-04,540.0,1,540.0
SO69021,12779,393,2013-10-23,2013-10-30,2013-11-04,540.0,1,540.0
SO69022,13691,393,2013-10-23,2013-10-30,2013-11-04,540.0,1,540.0
SO69023,7011,372,2013-10-23,2013-10-30,2013-11-04,1701.0,1,1701.0
SO69024,1694,351,2013-10-23,2013-10-30,2013-11-04,2384.0,1,2384.0
SO69025,2001,365,2013-10-23,2013-10-30,2013-11-04,2384.0,1,2384.0
SO69026,16870,353,2013-10-23,2013-10-30,2013-11-04,2384.0,1,2384.0
SO69027,3061,324,2013-10-24,2013-10-31,2013-11-05,25.0,1,25.0
SO69028,8580,279,2013-10-24,2013-10-31,2013-11-05,54.0,1,54.0
SO69029,3773,376,2013-10-24,2013-10-31,2013-11-05,769.0,1,769.0
SO69030,8903,147,2013-10-24,2013-10-31,2013-11-05,2295.0,1,2295.0
SO69030,8903,148,2013-10-24,2013-10-31,2013-11-05,2295.0,1,2295.0
SO69031,7169,141,2013-10-24,2013-10-31,2013-11-05,2320.0,1,2320.0
SO69031,7169,142,2013-10-24,2013-10-31,2013-11-05,2320.0,1,2320.0
SO69032,4461,382,2013-10-24,2013-10-31,2013-11-05,565.0,1,565.0
SO69033,263,318,2013-10-24,2013-10-31,2013-11-05,4.0,1,4.0
SO69034,16042,319,2013-10-24,2013-10-31,2013-11-05,5.0,1,5.0
SO69035,2096,330,2013-10-24,2013-10-31,2013-11-05,29.0,1,29.0
SO69036,17681,328,2013-10-24,2013-10-31,2013-11-05,25.0,1,25.0
SO69037,15527,324,2013-10-24,2013-10-31,2013-11-05,25.0,1,25.0
SO69038,16302,330,2013-10-24,2013-10-31,2013-11-05,29.0,1,29.0
SO69039,1167,317,2013-10-24,2013-10-31,2013-11-05,5.0,1,5.0
SO69040,12204,325,2013-10-24,2013-10-31,2013-11-05,30.0,1,30.0
SO69041,12304,325,2013-10-24,2013-10-31,2013-11-05,30.0,1,30.0
SO69042,4379,267,2013-10-24,2013-10-31,2013-11-05,10.0,1,10.0
SO69043,8820,264,2013-10-24,2013-10-31,2013-11-05,70.0,1,70.0
SO69044,7996,263,2013-10-24,2013-10-31,2013-11-05,70.0,1,70.0
SO69045,16726,264,2013-10-24,2013-10-31,2013-11-05,70.0,1,70.0
SO69046,13683,266,2013-10-24,2013-10-31,2013-11-05,5.0,1,5.0
SO69047,3361,274,2013-10-24,2013-10-31,2013-11-05,22.0,1,22.0
SO69048,5402,317,2013-10-24,2013-10-31,2013-11-05,5.0,1,5.0
SO69049,6904,324,2013-10-24,2013-10-31,2013-11-05,25.0,1,25.0
SO69050,11426,318,2013-10-24,2013-10-31,2013-11-05,4.0,1,4.0
SO69051,11543,327,2013-10-24,2013-10-31,2013-11-05,21.0,1,21.0
SO69052,13837,319,2013-10-24,2013-10-31,2013-11-05,5.0,1,5.0
SO69053,1974,317,2013-10-24,2013-10-31,2013-11-05,5.0,1,5.0
SO69054,7330,274,2013-10-24,2013-10-31,2013-11-05,22.0,1,22.0
SO69055,1477,24,2013-10-24,2013-10-31,2013-11-05,50.0,1,50.0
SO69055,1477,25,2013-10-24,2013-10-31,2013-11-05,50.0,1,50.0
SO69055,1477,26,2013-10-24,2013-10-31,2013-11-05,50.0,1,50.0
SO69056,5111,380,2013-10-24,2013-10-31,2013-11-05,565.0,1,565.0
SO69057,8890,387,2013-10-24,2013-10-31,2013-11-05,540.0,1,540.0
SO69058,3915,378,2013-10-24,2013-10-31,2013-11-05,769.0,1,769.0
SO69059,5881,141,2013-10-24,2013-10-31,2013-11-05,2320.0,1,2320.0
SO69059,5881,142,2013-10-24,2013-10-31,2013-11-05,2320.0,1,2320.0
SO69060,5780,149,2013-10-24,2013-10-31,2013-11-05,2295.0,1,2295.0
SO69060,5780,150,2013-10-24,2013-10-31,2013-11-05,2295.0,1,2295.0
SO69061,1913,143,2013-10-24,2013-10-31,2013-11-05,2320.0,1,2320.0
SO69061,1913,144,2013-10-24,2013-10-31,2013-11-05,2320.0,1,2320.0
SO69062,1914,143,2013-10-24,2013-10-31,2013-11-05,2320.0,1,2320.0
SO69062,1914,144,2013-10-24,2013-10-31,2013-11-05,2320.0,1,2320.0
SO69063,4653,361,2013-10-24,2013-10-31,2013-11-05,742.0,1,742.0
SO69064,4221,149,2013-10-24,2013-10-31,2013-11-05,2295.0,1,2295.0
SO69064,4221,150,2013-10-24,2013-10-31,2013-11-05,2295.0,1,2295.0
SO69065,4226,151,2013-10-24,2013-10-31,2013-11-05,2295.0,1,2295.0
SO69065,4226,152,2013-10-24,2013-10-31,2013-11-05,2295.0,1,2295.0
SO69066,6924,176,2013-10-24,2013-10-31,2013-11-05,1120.0,1,1120.0
SO69066,6924,177,2013-10-24,2013-10-31,2013-11-05,1120.0,1,1120.0
SO69067,15745,178,2013-10-24,2013-10-31,2013-11-05,1120.0,1,1120.0
SO69067,15745,179,2013-10-24,2013-10-31,2013-11-05,1120.0,1,1120.0
SO69068,13303,372,2013-10-24,2013-10-31,2013-11-05,1701.0,1,1701.0
SO69069,12665,370,2013-10-24,2013-10-31,2013-11-05,1701.0,1,1701.0
SO69070,14558,393,2013-10-24,2013-10-31,2013-11-05,540.0,1,540.0
SO69071,18299,373,2013-10-24,2013-10-31,2013-11-05,540.0,1,540.0
SO69072,4597,141,2013-10-24,2013-10-31,2013-11-05,2320.0,1,2320.0
SO69072,4597,142,2013-10-24,2013-10-31,2013-11-05,2320.0,1,2320.0
SO69073,7199,386,2013-10-24,2013-10-31,2013-11-05,540.0,1,540.0
SO69074,16118,363,2013-10-24,2013-10-31,2013-11-05,2384.0,1,2384.0
SO69075,16288,350,2013-10-24,2013-10-31,2013-11-05,2384.0,1,2384.0
SO69076,14971,349,2013-10-24,2013-10-31,2013-11-05,1215.0,1,1215.0
SO69077,14986,366,2013-10-24,2013-10-31,2013-11-05,1215.0,1,1215.0
SO69078,14988,349,2013-10-24,2013-10-31,2013-11-05,1215.0,1,1215.0
SO69079,8210,395,2013-10-24,2013-10-31,2013-11-05,540.0,1,540.0
SO69080,8804,373,2013-10-24,2013-10-31,2013-11-05,540.0,1,540.0
SO69081,10357,176,2013-10-24,2013-10-31,2013-11-05,1120.0,1,1120.0
SO69081,10357,177,2013-10-24,2013-10-31,2013-11-05,1120.0,1,1120.0
SO69082,6559,369,2013-10-24,2013-10-31,2013-11-05,1701.0,1,1701.0
SO69083,1303,178,2013-10-24,2013-10-31,2013-11-05,1120.0,1,1120.0
SO69083,1303,179,2013-10-24,2013-10-31,2013-11-05,1120.0,1,1120.0
SO69084,17557,176,2013-10-24,2013-10-31,2013-11-05,1120.0,1,1120.0
SO69084,17557,177,2013-10-24,2013-10-31,2013-11-05,1120.0,1,1120.0
SO69085,16908,395,2013-10-24,2013-10-31,2013-11-05,540.0,1,540.0
SO69086,5298,353,2013-10-24,2013-10-31,2013-11-05,2384.0,1,2384.0
SO69087,19,358,2013-10-24,2013-10-31,2013-11-05,742.0,1,742.0
SO69088,28,360,2013-10-24,2013-10-31,2013-11-05,742.0,1,742.0
SO69089,1701,353,2013-10-24,2013-10-31,2013-11-05,2384.0,1,2384.0
SO69090,1413,272,2013-10-25,2013-11-01,2013-11-06,120.0,1,120.0
SO69091,7275,274,2013-10-25,2013-11-01,2013-11-06,22.0,1,22.0
SO69092,3019,329,2013-10-25,2013-11-01,2013-11-06,33.0,1,33.0
SO69093,1698,318,2013-10-25,2013-11-01,2013-11-06,4.0,1,4.0
SO69094,13069,164,2013-10-25,2013-11-01,2013-11-06,2443.0,1,2443.0
SO69094,13069,165,2013-10-25,2013-11-01,2013-11-06,2443.0,1,2443.0
SO69095,3798,379,2013-10-25,2013-11-01,2013-11-06,769.0,1,769.0
SO69096,1524,145,2013-10-25,2013-11-01,2013-11-06,2320.0,1,2320.0
SO69096,1524,146,2013-10-25,2013-11-01,2013-11-06,2320.0,1,2320.0
SO69097,3721,143,2013-10-25,2013-11-01,2013-11-06,2320.0,1,2320.0
SO69097,3721,144,2013-10-25,2013-11-01,2013-11-06,2320.0,1,2320.0
SO69098,8034,141,2013-10-25,2013-11-01,2013-11-06,2320.0,1,2320.0
SO69098,8034,142,2013-10-25,2013-11-01,2013-11-06,2320.0,1,2320.0
SO69099,1714,143,2013-10-25,2013-11-01,2013-11-06,2320.0,1,2320.0
SO69099,1714,144,2013-10-25,2013-11-01,2013-11-06,2320.0,1,2320.0
SO69100,11691,162,2013-10-25,2013-11-01,2013-11-06,2443.0,1,2443.0
SO69100,11691,163,2013-10-25,2013-11-01,2013-11-06,2443.0,1,2443.0
SO69101,7046,370,2013-10-25,2013-11-01,2013-11-06,1701.0,1,1701.0
SO69102,6953,372,2013-10-25,2013-11-01,2013-11-06,1701.0,1,1701.0
SO69103,1963,12,2013-10-25,2013-11-01,2013-11-06,9.0,1,9.0
SO69103,1963,13,2013-10-25,2013-11-01,2013-11-06,9.0,1,9.0
SO69103,1963,14,2013-10-25,2013-11-01,2013-11-06,9.0,1,9.0
SO69104,278,318,2013-10-25,2013-11-01,2013-11-06,4.0,1,4.0
SO69105,18244,318,2013-10-25,2013-11-01,2013-11-06,4.0,1,4.0
SO69106,229,269,2013-10-25,2013-11-01,2013-11-06,2.0,1,2.0
SO69107,16413,319,2013-10-25,2013-11-01,2013-11-06,5.0,1,5.0
SO69108,5090,329,2013-10-25,2013-11-01,2013-11-06,33.0,1,33.0
SO69109,5097,267,2013-10-25,2013-11-01,2013-11-06,10.0,1,10.0
SO69110,9688,267,2013-10-25,2013-11-01,2013-11-06,10.0,1,10.0
SO69111,186,264,2013-10-25,2013-11-01,2013-11-06,70.0,1,70.0
SO69112,6452,266,2013-10-25,2013-11-01,2013-11-06,5.0,1,5.0
SO69113,5843,266,2013-10-25,2013-11-01,2013-11-06,5.0,1,5.0
SO69114,7317,317,2013-10-25,2013-11-01,2013-11-06,5.0,1,5.0
SO69115,4939,317,2013-10-25,2013-11-01,2013-11-06,5.0,1,5.0
SO69116,5454,317,2013-10-25,2013-11-01,2013-11-06,5.0,1,5.0
SO69117,3145,274,2013-10-25,2013-11-01,2013-11-06,22.0,1,22.0
SO69118,5605,274,2013-10-25,2013-11-01,2013-11-06,22.0,1,22.0
SO69119,5582,317,2013-10-25,2013-11-01,2013-11-06,5.0,1,5.0
SO69120,16890,329,2013-10-25,2013-11-01,2013-11-06,33.0,1,33.0
SO69121,12973,330,2013-10-25,2013-11-01,2013-11-06,29.0,1,29.0
SO69122,1812,319,2013-10-25,2013-11-01,2013-11-06,5.0,1,5.0
SO69123,809,317,2013-10-25,2013-11-01,2013-11-06,5.0,1,5.0
SO69124,2945,326,2013-10-25,2013-11-01,2013-11-06,35.0,1,35.0
SO69125,5773,274,2013-10-25,2013-11-01,2013-11-06,22.0,1,22.0
SO69126,2224,274,2013-10-25,2013-11-01,2013-11-06,22.0,1,22.0
SO69127,6412,274,2013-10-25,2013-11-01,2013-11-06,22.0,1,22.0
SO69128,5110,387,2013-10-25,2013-11-01,2013-11-06,540.0,1,540.0
SO69129,5883,151,2013-10-25,2013-11-01,2013-11-06,2295.0,1,2295.0
SO69129,5883,152,2013-10-25,2013-11-01,2013-11-06,2295.0,1,2295.0
SO69130,5893,141,2013-10-25,2013-11-01,2013-11-06,2320.0,1,2320.0
SO69130,5893,142,2013-10-25,2013-11-01,2013-11-06,2320.0,1,2320.0
SO69131,5908,141,2013-10-25,2013-11-01,2013-11-06,2320.0,1,2320.0
SO69131,5908,142,2013-10-25,2013-11-01,2013-11-06,2320.0,1,2320.0
SO69132,7380,145,2013-10-25,2013-11-01,2013-11-06,2320.0,1,2320.0
SO69132,7380,146,2013-10-25,2013-11-01,2013-11-06,2320.0,1,2320.0
SO69133,5117,141,2013-10-25,2013-11-01,2013-11-06,2320.0,1,2320.0
SO69133,5117,142,2013-10-25,2013-11-01,2013-11-06,2320.0,1,2320.0
SO69134,7123,141,2013-10-25,2013-11-01,2013-11-06,2320.0,1,2320.0
SO69134,7123,142,2013-10-25,2013-11-01,2013-11-06,2320.0,1,2320.0
SO69135,4579,145,2013-10-25,2013-11-01,2013-11-06,2320.0,1,2320.0
SO69135,4579,146,2013-10-25,2013-11-01,2013-11-06,2320.0,1,2320.0
SO69136,4589,147,2013-10-25,2013-11-01,2013-11-06,2295.0,1,2295.0
SO69136,4589,148,2013-10-25,2013-11-01,2013-11-06,2295.0,1,2295.0
SO69137,13301,369,2013-10-25,2013-11-01,2013-11-06,1701.0,1,1701.0
SO69138,13308,372,2013-10-25,2013-11-01,2013-11-06,1701.0,1,1701.0
SO69139,4644,371,2013-10-25,2013-11-01,2013-11-06,1701.0,1,1701.0
SO69140,14023,395,2013-10-25,2013-11-01,2013-11-06,540.0,1,540.0
SO69141,10896,164,2013-10-25,2013-11-01,2013-11-06,2443.0,1,2443.0
SO69141,10896,165,2013-10-25,2013-11-01,2013-11-06,2443.0,1,2443.0
SO69142,10874,160,2013-10-25,2013-11-01,2013-11-06,2443.0,1,2443.0
SO69142,10874,161,2013-10-25,2013-11-01,2013-11-06,2443.0,1,2443.0
SO69143,4601,143,2013-10-25,2013-11-01,2013-11-06,2320.0,1,2320.0
SO69143,4601,144,2013-10-25,2013-11-01,2013-11-06,2320.0,1,2320.0
SO69144,16461,362,2013-10-25,2013-11-01,2013-11-06,2384.0,1,2384.0
SO69145,13800,364,2013-10-25,2013-11-01,2013-11-06,2384.0,1,2384.0
SO69146,16456,350,2013-10-25,2013-11-01,2013-11-06,2384.0,1,2384.0
SO69147,16117,362,2013-10-25,2013-11-01,2013-11-06,2384.0,1,2384.0
SO69148,4176,364,2013-10-25,2013-11-01,2013-11-06,2384.0,1,2384.0
SO69149,16202,363,2013-10-25,2013-11-01,2013-11-06,2384.0,1,2384.0
SO69150,16292,362,2013-10-25,2013-11-01,2013-11-06,2384.0,1,2384.0
SO69151,12812,393,2013-10-25,2013-11-01,2013-11-06,540.0,1,540.0
SO69152,12727,395,2013-10-25,2013-11-01,2013-11-06,540.0,1,540.0
SO69153,12569,395,2013-10-25,2013-11-01,2013-11-06,540.0,1,540.0
SO69154,9914,170,2013-10-25,2013-11-01,2013-11-06,1120.0,1,1120.0
SO69154,9914,171,2013-10-25,2013-11-01,2013-11-06,1120.0,1,1120.0
SO69155,13707,394,2013-10-25,2013-11-01,2013-11-06,540.0,1,540.0
SO69156,1297,351,2013-10-25,2013-11-01,2013-11-06,2384.0,1,2384.0
SO69157,26,354,2013-10-25,2013-11-01,2013-11-06,742.0,1,742.0
SO69158,3317,358,2013-10-25,2013-11-01,2013-11-06,742.0,1,742.0
SO69159,757,12,2013-10-25,2013-11-01,2013-11-06,9.0,1,9.0
SO69159,757,13,2013-10-25,2013-11-01,2013-11-06,9.0,1,9.0
SO69159,757,14,2013-10-25,2013-11-01,2013-11-06,9.0,1,9.0
SO69160,2052,365,2013-10-25,2013-11-01,2013-11-06,2384.0,1,2384.0
SO69161,1206,266,2013-10-26,2013-11-02,2013-11-07,5.0,1,5.0
SO69162,150,324,2013-10-26,2013-11-02,2013-11-07,25.0,1,25.0
SO69163,4223,328,2013-10-26,2013-11-02,2013-11-07,25.0,1,25.0
SO69164,4139,328,2013-10-26,2013-11-02,2013-11-07,25.0,1,25.0
SO69165,7291,274,2013-10-26,2013-11-02,2013-11-07,22.0,1,22.0
SO69166,6326,274,2013-10-26,2013-11-02,2013-11-07,22.0,1,22.0
SO69167,10214,326,2013-10-26,2013-11-02,2013-11-07,35.0,1,35.0
SO69168,15673,264,2013-10-26,2013-11-02,2013-11-07,70.0,1,70.0
SO69169,18124,267,2013-10-26,2013-11-02,2013-11-07,10.0,1,10.0
SO69170,5740,18,2013-10-26,2013-11-02,2013-11-07,50.0,1,50.0
SO69170,5740,19,2013-10-26,2013-11-02,2013-11-07,50.0,1,50.0
SO69170,5740,20,2013-10-26,2013-11-02,2013-11-07,50.0,1,50.0
SO69171,7275,12,2013-10-26,2013-11-02,2013-11-07,9.0,1,9.0
SO69171,7275,13,2013-10-26,2013-11-02,2013-11-07,9.0,1,9.0
SO69171,7275,14,2013-10-26,2013-11-02,2013-11-07,9.0,1,9.0
SO69172,10818,379,2013-10-26,2013-11-02,2013-11-07,769.0,1,769.0
SO69173,6977,143,2013-10-26,2013-11-02,2013-11-07,2320.0,1,2320.0
SO69173,6977,144,2013-10-26,2013-11-02,2013-11-07,2320.0,1,2320.0
SO69174,3526,151,2013-10-26,2013-11-02,2013-11-07,2295.0,1,2295.0
SO69174,3526,152,2013-10-26,2013-11-02,2013-11-07,2295.0,1,2295.0
SO69175,8196,384,2013-10-26,2013-11-02,2013-11-07,565.0,1,565.0
SO69176,11440,371,2013-10-26,2013-11-02,2013-11-07,1701.0,1,1701.0
SO69177,20,1,2013-10-26,2013-11-02,2013-11-07,35.0,1,35.0
SO69177,20,2,2013-10-26,2013-11-02,2013-11-07,35.0,1,35.0
SO69177,20,3,2013-10-26,2013-11-02,2013-11-07,35.0,1,35.0
SO69178,3283,278,2013-10-26,2013-11-02,2013-11-07,54.0,1,54.0
SO69179,1957,12,2013-10-26,2013-11-02,2013-11-07,9.0,1,9.0
SO69179,1957,13,2013-10-26,2013-11-02,2013-11-07,9.0,1,9.0
SO69179,1957,14,2013-10-26,2013-11-02,2013-11-07,9.0,1,9.0
SO69180,286,269,2013-10-26,2013-11-02,2013-11-07,2.0,1,2.0
SO69181,712,319,2013-10-26,2013-11-02,2013-11-07,5.0,1,5.0
SO69182,301,319,2013-10-26,2013-11-02,2013-11-07,5.0,1,5.0
SO69183,16446,330,2013-10-26,2013-11-02,2013-11-07,29.0,1,29.0
SO69184,4009,318,2013-10-26,2013-11-02,2013-11-07,4.0,1,4.0
SO69185,7638,325,2013-10-26,2013-11-02,2013-11-07,30.0,1,30.0
SO69186,4867,267,2013-10-26,2013-11-02,2013-11-07,10.0,1,10.0
SO69187,2286,267,2013-10-26,2013-11-02,2013-11-07,10.0,1,10.0
SO69188,9384,265,2013-10-26,2013-11-02,2013-11-07,70.0,1,70.0
SO69189,8756,265,2013-10-26,2013-11-02,2013-11-07,70.0,1,70.0
SO69190,7422,266,2013-10-26,2013-11-02,2013-11-07,5.0,1,5.0
SO69191,8216,266,2013-10-26,2013-11-02,2013-11-07,5.0,1,5.0
SO69192,5076,317,2013-10-26,2013-11-02,2013-11-07,5.0,1,5.0
SO69193,6167,266,2013-10-26,2013-11-02,2013-11-07,5.0,1,5.0
SO69194,4989,317,2013-10-26,2013-11-02,2013-11-07,5.0,1,5.0
SO69195,10804,317,2013-10-26,2013-11-02,2013-11-07,5.0,1,5.0
SO69196,1408,317,2013-10-26,2013-11-02,2013-11-07,5.0,1,5.0
SO69197,10026,317,2013-10-26,2013-11-02,2013-11-07,5.0,1,5.0
SO69198,10097,266,2013-10-26,2013-11-02,2013-11-07,5.0,1,5.0
SO69199,392,330,2013-10-26,2013-11-02,2013-11-07,29.0,1,29.0
SO69200,397,330,2013-10-26,2013-11-02,2013-11-07,29.0,1,29.0
SO69201,14483,318,2013-10-26,2013-11-02,2013-11-07,4.0,1,4.0
SO69202,17470,318,2013-10-26,2013-11-02,2013-11-07,4.0,1,4.0
SO69203,16173,327,2013-10-26,2013-11-02,2013-11-07,21.0,1,21.0
SO69204,16334,330,2013-10-26,2013-11-02,2013-11-07,29.0,1,29.0
SO69205,2665,330,2013-10-26,2013-11-02,2013-11-07,29.0,1,29.0
SO69206,1816,319,2013-10-26,2013-11-02,2013-11-07,5.0,1,5.0
SO69207,1321,330,2013-10-26,2013-11-02,2013-11-07,29.0,1,29.0
SO69208,6706,319,2013-10-26,2013-11-02,2013-11-07,5.0,1,5.0
SO69209,1075,317,2013-10-26,2013-11-02,2013-11-07,5.0,1,5.0
SO69210,1429,326,2013-10-26,2013-11-02,2013-11-07,35.0,1,35.0
SO69211,1433,326,2013-10-26,2013-11-02,2013-11-07,35.0,1,35.0
SO69212,496,266,2013-10-26,2013-11-02,2013-11-07,5.0,1,5.0
SO69213,2369,274,2013-10-26,2013-11-02,2013-11-07,22.0,1,22.0
SO69214,7596,147,2013-10-26,2013-11-02,2013-11-07,2295.0,1,2295.0
SO69214,7596,148,2013-10-26,2013-11-02,2013-11-07,2295.0,1,2295.0
SO69215,5865,151,2013-10-26,2013-11-02,2013-11-07,2295.0,1,2295.0
SO69215,5865,152,2013-10-26,2013-11-02,2013-11-07,2295.0,1,2295.0
SO69216,5787,149,2013-10-26,2013-11-02,2013-11-07,2295.0,1,2295.0
SO69216,5787,150,2013-10-26,2013-11-02,2013-11-07,2295.0,1,2295.0
SO69217,5148,149,2013-10-26,2013-11-02,2013-11-07,2295.0,1,2295.0
SO69217,5148,150,2013-10-26,2013-11-02,2013-11-07,2295.0,1,2295.0
SO69218,5642,147,2013-10-26,2013-11-02,2013-11-07,2295.0,1,2295.0
SO69218,5642,148,2013-10-26,2013-11-02,2013-11-07,2295.0,1,2295.0
SO69219,1948,147,2013-10-26,2013-11-02,2013-11-07,2295.0,1,2295.0
SO69219,1948,148,2013-10-26,2013-11-02,2013-11-07,2295.0,1,2295.0
SO69220,5082,141,2013-10-26,2013-11-02,2013-11-07,2320.0,1,2320.0
SO69220,5082,142,2013-10-26,2013-11-02,2013-11-07,2320.0,1,2320.0
SO69221,16140,368,2013-10-26,2013-11-02,2013-11-07,1215.0,1,1215.0
SO69222,4146,147,2013-10-26,2013-11-02,2013-11-07,2295.0,1,2295.0
SO69222,4146,148,2013-10-26,2013-11-02,2013-11-07,2295.0,1,2295.0
SO69223,15664,176,2013-10-26,2013-11-02,2013-11-07,1120.0,1,1120.0
SO69223,15664,177,2013-10-26,2013-11-02,2013-11-07,1120.0,1,1120.0
SO69224,13283,370,2013-10-26,2013-11-02,2013-11-07,1701.0,1,1701.0
SO69225,14563,393,2013-10-26,2013-11-02,2013-11-07,540.0,1,540.0
SO69226,10568,166,2013-10-26,2013-11-02,2013-11-07,2443.0,1,2443.0
SO69226,10568,167,2013-10-26,2013-11-02,2013-11-07,2443.0,1,2443.0
SO69227,15634,360,2013-10-26,2013-11-02,2013-11-07,742.0,1,742.0
SO69228,13811,363,2013-10-26,2013-11-02,2013-11-07,2384.0,1,2384.0
SO69229,4188,350,2013-10-26,2013-11-02,2013-11-07,2384.0,1,2384.0
SO69230,16289,365,2013-10-26,2013-11-02,2013-11-07,2384.0,1,2384.0
SO69231,14998,366,2013-10-26,2013-11-02,2013-11-07,1215.0,1,1215.0
SO69232,12808,394,2013-10-26,2013-11-02,2013-11-07,540.0,1,540.0
SO69233,16076,373,2013-10-26,2013-11-02,2013-11-07,540.0,1,540.0
SO69234,10586,170,2013-10-26,2013-11-02,2013-11-07,1120.0,1,1120.0
SO69234,10586,171,2013-10-26,2013-11-02,2013-11-07,1120.0,1,1120.0
SO69235,9189,172,2013-10-26,2013-11-02,2013-11-07,1120.0,1,1120.0
SO69235,9189,173,2013-10-26,2013-11-02,2013-11-07,1120.0,1,1120.0
SO69236,7230,372,2013-10-26,2013-11-02,2013-11-07,1701.0,1,1701.0
SO69237,16131,373,2013-10-26,2013-11-02,2013-11-07,540.0,1,540.0
SO69238,13718,395,2013-10-26,2013-11-02,2013-11-07,540.0,1,540.0
SO69239,6186,364,2013-10-26,2013-11-02,2013-11-07,2384.0,1,2384.0
SO69240,15230,353,2013-10-26,2013-11-02,2013-11-07,2384.0,1,2384.0
SO69241,3669,354,2013-10-26,2013-11-02,2013-11-07,742.0,1,742.0
SO69242,3237,349,2013-10-26,2013-11-02,2013-11-07,1215.0,1,1215.0
SO69243,473,353,2013-10-26,2013-11-02,2013-11-07,2384.0,1,2384.0
SO69244,1996,350,2013-10-26,2013-11-02,2013-11-07,2384.0,1,2384.0
SO69245,1933,12,2013-10-27,2013-11-03,2013-11-08,9.0,1,9.0
SO69245,1933,13,2013-10-27,2013-11-03,2013-11-08,9.0,1,9.0
SO69245,1933,14,2013-10-27,2013-11-03,2013-11-08,9.0,1,9.0
SO69246,7714,274,2013-10-27,2013-11-03,2013-11-08,22.0,1,22.0
SO69247,6325,274,2013-10-27,2013-11-03,2013-11-08,22.0,1,22.0
SO69248,14059,317,2013-10-27,2013-11-03,2013-11-08,5.0,1,5.0
SO69249,12316,319,2013-10-27,2013-11-03,2013-11-08,5.0,1,5.0
SO69250,16346,264,2013-10-27,2013-11-03,2013-11-08,70.0,1,70.0
SO69251,5405,143,2013-10-27,2013-11-03,2013-11-08,2320.0,1,2320.0
SO69251,5405,144,2013-10-27,2013-11-03,2013-11-08,2320.0,1,2320.0
SO69252,8053,143,2013-10-27,2013-11-03,2013-11-08,2320.0,1,2320.0
SO69252,8053,144,2013-10-27,2013-11-03,2013-11-08,2320.0,1,2320.0
SO69253,8900,149,2013-10-27,2013-11-03,2013-11-08,2295.0,1,2295.0
SO69253,8900,150,2013-10-27,2013-11-03,2013-11-08,2295.0,1,2295.0
SO69254,8033,147,2013-10-27,2013-11-03,2013-11-08,2295.0,1,2295.0
SO69254,8033,148,2013-10-27,2013-11-03,2013-11-08,2295.0,1,2295.0
SO69255,6812,147,2013-10-27,2013-11-03,2013-11-08,2295.0,1,2295.0
SO69255,6812,148,2013-10-27,2013-11-03,2013-11-08,2295.0,1,2295.0
SO69256,3709,379,2013-10-27,2013-11-03,2013-11-08,769.0,1,769.0
SO69257,11443,12,2013-10-27,2013-11-03,2013-11-08,9.0,1,9.0
SO69257,11443,13,2013-10-27,2013-11-03,2013-11-08,9.0,1,9.0
SO69257,11443,14,2013-10-27,2013-11-03,2013-11-08,9.0,1,9.0
SO69258,519,269,2013-10-27,2013-11-03,2013-11-08,2.0,1,2.0
SO69259,520,318,2013-10-27,2013-11-03,2013-11-08,4.0,1,4.0
SO69260,16511,327,2013-10-27,2013-11-03,2013-11-08,21.0,1,21.0
SO69261,14916,330,2013-10-27,2013-11-03,2013-11-08,29.0,1,29.0
SO69262,177,324,2013-10-27,2013-11-03,2013-11-08,25.0,1,25.0
SO69263,13621,329,2013-10-27,2013-11-03,2013-11-08,33.0,1,33.0
SO69264,11297,325,2013-10-27,2013-11-03,2013-11-08,30.0,1,30.0
SO69265,7346,325,2013-10-27,2013-11-03,2013-11-08,30.0,1,30.0
SO69266,10352,267,2013-10-27,2013-11-03,2013-11-08,10.0,1,10.0
SO69267,4245,267,2013-10-27,2013-11-03,2013-11-08,10.0,1,10.0
SO69268,10593,266,2013-10-27,2013-11-03,2013-11-08,5.0,1,5.0
SO69269,9114,265,2013-10-27,2013-11-03,2013-11-08,70.0,1,70.0
SO69270,8869,264,2013-10-27,2013-11-03,2013-11-08,70.0,1,70.0
SO69271,8735,265,2013-10-27,2013-11-03,2013-11-08,70.0,1,70.0
SO69272,8230,264,2013-10-27,2013-11-03,2013-11-08,70.0,1,70.0
SO69273,7586,264,2013-10-27,2013-11-03,2013-11-08,70.0,1,70.0
SO69274,5844,266,2013-10-27,2013-11-03,2013-11-08,5.0,1,5.0
SO69275,6676,317,2013-10-27,2013-11-03,2013-11-08,5.0,1,5.0
SO69276,7969,274,2013-10-27,2013-11-03,2013-11-08,22.0,1,22.0
SO69277,3490,317,2013-10-27,2013-11-03,2013-11-08,5.0,1,5.0
SO69278,8837,317,2013-10-27,2013-11-03,2013-11-08,5.0,1,5.0
SO69279,3924,317,2013-10-27,2013-11-03,2013-11-08,5.0,1,5.0
SO69280,3781,317,2013-10-27,2013-11-03,2013-11-08,5.0,1,5.0
SO69281,8308,318,2013-10-27,2013-11-03,2013-11-08,4.0,1,4.0
SO69282,11814,325,2013-10-27,2013-11-03,2013-11-08,30.0,1,30.0
SO69283,10079,327,2013-10-27,2013-11-03,2013-11-08,21.0,1,21.0
SO69284,8446,318,2013-10-27,2013-11-03,2013-11-08,4.0,1,4.0
SO69285,12958,318,2013-10-27,2013-11-03,2013-11-08,4.0,1,4.0
SO69286,5779,168,2013-10-27,2013-11-03,2013-11-08,2443.0,1,2443.0
SO69286,5779,169,2013-10-27,2013-11-03,2013-11-08,2443.0,1,2443.0
SO69287,3869,379,2013-10-27,2013-11-03,2013-11-08,769.0,1,769.0
SO69288,2064,151,2013-10-27,2013-11-03,2013-11-08,2295.0,1,2295.0
SO69288,2064,152,2013-10-27,2013-11-03,2013-11-08,2295.0,1,2295.0
SO69289,7402,147,2013-10-27,2013-11-03,2013-11-08,2295.0,1,2295.0
SO69289,7402,148,2013-10-27,2013-11-03,2013-11-08,2295.0,1,2295.0
SO69290,5910,145,2013-10-27,2013-11-03,2013-11-08,2320.0,1,2320.0
SO69290,5910,146,2013-10-27,2013-11-03,2013-11-08,2320.0,1,2320.0
SO69291,3911,377,2013-10-27,2013-11-03,2013-11-08,769.0,1,769.0
SO69292,4253,379,2013-10-27,2013-11-03,2013-11-08,769.0,1,769.0
SO69293,1923,147,2013-10-27,2013-11-03,2013-11-08,2295.0,1,2295.0
SO69293,1923,148,2013-10-27,2013-11-03,2013-11-08,2295.0,1,2295.0
SO69294,4206,143,2013-10-27,2013-11-03,2013-11-08,2320.0,1,2320.0
SO69294,4206,144,2013-10-27,2013-11-03,2013-11-08,2320.0,1,2320.0
SO69295,4208,145,2013-10-27,2013-11-03,2013-11-08,2320.0,1,2320.0
SO69295,4208,146,2013-10-27,2013-11-03,2013-11-08,2320.0,1,2320.0
SO69296,15663,170,2013-10-27,2013-11-03,2013-11-08,1120.0,1,1120.0
SO69296,15663,171,2013-10-27,2013-11-03,2013-11-08,1120.0,1,1120.0
SO69297,14565,395,2013-10-27,2013-11-03,2013-11-08,540.0,1,540.0
SO69298,4183,143,2013-10-27,2013-11-03,2013-11-08,2320.0,1,2320.0
SO69298,4183,144,2013-10-27,2013-11-03,2013-11-08,2320.0,1,2320.0
SO69299,10894,166,2013-10-27,2013-11-03,2013-11-08,2443.0,1,2443.0
SO69299,10894,167,2013-10-27,2013-11-03,2013-11-08,2443.0,1,2443.0
SO69300,10571,160,2013-10-27,2013-11-03,2013-11-08,2443.0,1,2443.0
SO69300,10571,161,2013-10-27,2013-11-03,2013-11-08,2443.0,1,2443.0
SO69301,4202,351,2013-10-27,2013-11-03,2013-11-08,2384.0,1,2384.0
SO69302,9207,172,2013-10-27,2013-11-03,2013-11-08,1120.0,1,1120.0
SO69302,9207,173,2013-10-27,2013-11-03,2013-11-08,1120.0,1,1120.0
SO69303,9319,174,2013-10-27,2013-11-03,2013-11-08,1120.0,1,1120.0
SO69303,9319,175,2013-10-27,2013-11-03,2013-11-08,1120.0,1,1120.0
SO69304,3269,371,2013-10-27,2013-11-03,2013-11-08,1701.0,1,1701.0
SO69305,16897,395,2013-10-27,2013-11-03,2013-11-08,540.0,1,540.0
SO69306,12900,394,2013-10-27,2013-11-03,2013-11-08,540.0,1,540.0
SO69307,17373,393,2013-10-27,2013-11-03,2013-11-08,540.0,1,540.0
SO69308,7635,369,2013-10-27,2013-11-03,2013-11-08,1701.0,1,1701.0
SO69311,4127,328,2013-10-28,2013-11-04,2013-11-09,25.0,1,25.0
SO69312,6502,274,2013-10-28,2013-11-04,2013-11-09,22.0,1,22.0
SO69313,13370,266,2013-10-28,2013-11-04,2013-11-09,5.0,1,5.0
SO69314,9270,266,2013-10-28,2013-11-04,2013-11-09,5.0,1,5.0
SO69315,4731,9,2013-10-28,2013-11-04,2013-11-09,35.0,1,35.0
SO69315,4731,10,2013-10-28,2013-11-04,2013-11-09,35.0,1,35.0
SO69315,4731,11,2013-10-28,2013-11-04,2013-11-09,35.0,1,35.0
SO69316,4141,4,2013-10-28,2013-11-04,2013-11-09,35.0,1,35.0
SO69316,4141,5,2013-10-28,2013-11-04,2013-11-09,35.0,1,35.0
SO69316,4141,6,2013-10-28,2013-11-04,2013-11-09,35.0,1,35.0
SO69317,3793,141,2013-10-28,2013-11-04,2013-11-09,2320.0,1,2320.0
SO69317,3793,142,2013-10-28,2013-11-04,2013-11-09,2320.0,1,2320.0
SO69318,3706,147,2013-10-28,2013-11-04,2013-11-09,2295.0,1,2295.0
SO69318,3706,148,2013-10-28,2013-11-04,2013-11-09,2295.0,1,2295.0
SO69319,6965,149,2013-10-28,2013-11-04,2013-11-09,2295.0,1,2295.0
SO69319,6965,150,2013-10-28,2013-11-04,2013-11-09,2295.0,1,2295.0
SO69320,3158,147,2013-10-28,2013-11-04,2013-11-09,2295.0,1,2295.0
SO69320,3158,148,2013-10-28,2013-11-04,2013-11-09,2295.0,1,2295.0
SO69321,14779,166,2013-10-28,2013-11-04,2013-11-09,2443.0,1,2443.0
SO69321,14779,167,2013-10-28,2013-11-04,2013-11-09,2443.0,1,2443.0
SO69322,9922,162,2013-10-28,2013-11-04,2013-11-09,2443.0,1,2443.0
SO69322,9922,163,2013-10-28,2013-11-04,2013-11-09,2443.0,1,2443.0
SO69323,8187,387,2013-10-28,2013-11-04,2013-11-09,540.0,1,540.0
SO69324,7022,386,2013-10-28,2013-11-04,2013-11-09,540.0,1,540.0
SO69325,15228,370,2013-10-28,2013-11-04,2013-11-09,1701.0,1,1701.0
SO69326,17974,328,2013-10-28,2013-11-04,2013-11-09,25.0,1,25.0
SO69327,186,319,2013-10-28,2013-11-04,2013-11-09,5.0,1,5.0
SO69328,5668,327,2013-10-28,2013-11-04,2013-11-09,21.0,1,21.0
SO69329,15465,324,2013-10-28,2013-11-04,2013-11-09,25.0,1,25.0
SO69330,15579,319,2013-10-28,2013-11-04,2013-11-09,5.0,1,5.0
SO69331,12054,325,2013-10-28,2013-11-04,2013-11-09,30.0,1,30.0
SO69332,92,318,2013-10-28,2013-11-04,2013-11-09,4.0,1,4.0
SO69333,11011,266,2013-10-28,2013-11-04,2013-11-09,5.0,1,5.0
SO69334,9393,267,2013-10-28,2013-11-04,2013-11-09,10.0,1,10.0
SO69335,1896,263,2013-10-28,2013-11-04,2013-11-09,70.0,1,70.0
SO69336,7580,263,2013-10-28,2013-11-04,2013-11-09,70.0,1,70.0
SO69337,3447,265,2013-10-28,2013-11-04,2013-11-09,70.0,1,70.0
SO69338,4978,317,2013-10-28,2013-11-04,2013-11-09,5.0,1,5.0
SO69339,12280,317,2013-10-28,2013-11-04,2013-11-09,5.0,1,5.0
SO69340,17262,317,2013-10-28,2013-11-04,2013-11-09,5.0,1,5.0
SO69341,4422,317,2013-10-28,2013-11-04,2013-11-09,5.0,1,5.0
SO69342,5368,266,2013-10-28,2013-11-04,2013-11-09,5.0,1,5.0
SO69343,3625,317,2013-10-28,2013-11-04,2013-11-09,5.0,1,5.0
SO69344,2931,274,2013-10-28,2013-11-04,2013-11-09,22.0,1,22.0
SO69345,4244,274,2013-10-28,2013-11-04,2013-11-09,22.0,1,22.0
SO69346,7143,274,2013-10-28,2013-11-04,2013-11-09,22.0,1,22.0
SO69347,4611,317,2013-10-28,2013-11-04,2013-11-09,5.0,1,5.0
SO69348,10117,317,2013-10-28,2013-11-04,2013-11-09,5.0,1,5.0
SO69349,10675,266,2013-10-28,2013-11-04,2013-11-09,5.0,1,5.0
SO69350,16849,318,2013-10-28,2013-11-04,2013-11-09,4.0,1,4.0
SO69351,13582,266,2013-10-28,2013-11-04,2013-11-09,5.0,1,5.0
SO69352,14510,327,2013-10-28,2013-11-04,2013-11-09,21.0,1,21.0
SO69353,9929,325,2013-10-28,2013-11-04,2013-11-09,30.0,1,30.0
SO69354,13862,327,2013-10-28,2013-11-04,2013-11-09,21.0,1,21.0
SO69355,12971,319,2013-10-28,2013-11-04,2013-11-09,5.0,1,5.0
SO69356,16948,319,2013-10-28,2013-11-04,2013-11-09,5.0,1,5.0
SO69357,567,319,2013-10-28,2013-11-04,2013-11-09,5.0,1,5.0
SO69358,3120,326,2013-10-28,2013-11-04,2013-11-09,35.0,1,35.0
SO69359,3907,326,2013-10-28,2013-11-04,2013-11-09,35.0,1,35.0
SO69360,2588,266,2013-10-28,2013-11-04,2013-11-09,5.0,1,5.0
SO69361,1313,1,2013-10-28,2013-11-04,2013-11-09,35.0,1,35.0
SO69361,1313,2,2013-10-28,2013-11-04,2013-11-09,35.0,1,35.0
SO69361,1313,3,2013-10-28,2013-11-04,2013-11-09,35.0,1,35.0
SO69362,587,12,2013-10-28,2013-11-04,2013-11-09,9.0,1,9.0
SO69362,587,13,2013-10-28,2013-11-04,2013-11-09,9.0,1,9.0
SO69362,587,14,2013-10-28,2013-11-04,2013-11-09,9.0,1,9.0
SO69363,1591,12,2013-10-28,2013-11-04,2013-11-09,9.0,1,9.0
SO69363,1591,13,2013-10-28,2013-11-04,2013-11-09,9.0,1,9.0
SO69363,1591,14,2013-10-28,2013-11-04,2013-11-09,9.0,1,9.0
SO69364,8843,389,2013-10-28,2013-11-04,2013-11-09,540.0,1,540.0
SO69365,11300,388,2013-10-28,2013-11-04,2013-11-09,540.0,1,540.0
SO69366,3916,378,2013-10-28,2013-11-04,2013-11-09,769.0,1,769.0
SO69367,5882,143,2013-10-28,2013-11-04,2013-11-09,2320.0,1,2320.0
SO69367,5882,144,2013-10-28,2013-11-04,2013-11-09,2320.0,1,2320.0
SO69368,5834,145,2013-10-28,2013-11-04,2013-11-09,2320.0,1,2320.0
SO69368,5834,146,2013-10-28,2013-11-04,2013-11-09,2320.0,1,2320.0
SO69369,5087,141,2013-10-28,2013-11-04,2013-11-09,2320.0,1,2320.0
SO69369,5087,142,2013-10-28,2013-11-04,2013-11-09,2320.0,1,2320.0
SO69370,5105,143,2013-10-28,2013-11-04,2013-11-09,2320.0,1,2320.0
SO69370,5105,144,2013-10-28,2013-11-04,2013-11-09,2320.0,1,2320.0
SO69371,4228,147,2013-10-28,2013-11-04,2013-11-09,2295.0,1,2295.0
SO69371,4228,148,2013-10-28,2013-11-04,2013-11-09,2295.0,1,2295.0
SO69372,15028,176,2013-10-28,2013-11-04,2013-11-09,1120.0,1,1120.0
SO69372,15028,177,2013-10-28,2013-11-04,2013-11-09,1120.0,1,1120.0
SO69373,18295,395,2013-10-28,2013-11-04,2013-11-09,540.0,1,540.0
SO69374,13275,393,2013-10-28,2013-11-04,2013-11-09,540.0,1,540.0
SO69375,10893,166,2013-10-28,2013-11-04,2013-11-09,2443.0,1,2443.0
SO69375,10893,167,2013-10-28,2013-11-04,2013-11-09,2443.0,1,2443.0
SO69376,10569,164,2013-10-28,2013-11-04,2013-11-09,2443.0,1,2443.0
SO69376,10569,165,2013-10-28,2013-11-04,2013-11-09,2443.0,1,2443.0
SO69377,10876,168,2013-10-28,2013-11-04,2013-11-09,2443.0,1,2443.0
SO69377,10876,169,2013-10-28,2013-11-04,2013-11-09,2443.0,1,2443.0
SO69378,4591,141,2013-10-28,2013-11-04,2013-11-09,2320.0,1,2320.0
SO69378,4591,142,2013-10-28,2013-11-04,2013-11-09,2320.0,1,2320.0
SO69379,14997,367,2013-10-28,2013-11-04,2013-11-09,1215.0,1,1215.0
SO69380,12868,12,2013-10-28,2013-11-04,2013-11-09,9.0,1,9.0
SO69380,12868,13,2013-10-28,2013-11-04,2013-11-09,9.0,1,9.0
SO69380,12868,14,2013-10-28,2013-11-04,2013-11-09,9.0,1,9.0
SO69381,10588,178,2013-10-28,2013-11-04,2013-11-09,1120.0,1,1120.0
SO69381,10588,179,2013-10-28,2013-11-04,2013-11-09,1120.0,1,1120.0
SO69382,10282,172,2013-10-28,2013-11-04,2013-11-09,1120.0,1,1120.0
SO69382,10282,173,2013-10-28,2013-11-04,2013-11-09,1120.0,1,1120.0
SO69383,10476,172,2013-10-28,2013-11-04,2013-11-09,1120.0,1,1120.0
SO69383,10476,173,2013-10-28,2013-11-04,2013-11-09,1120.0,1,1120.0
SO69384,7557,370,2013-10-28,2013-11-04,2013-11-09,1701.0,1,1701.0
SO69385,13201,170,2013-10-28,2013-11-04,2013-11-09,1120.0,1,1120.0
SO69385,13201,171,2013-10-28,2013-11-04,2013-11-09,1120.0,1,1120.0
SO69386,17507,174,2013-10-28,2013-11-04,2013-11-09,1120.0,1,1120.0
SO69386,17507,175,2013-10-28,2013-11-04,2013-11-09,1120.0,1,1120.0
SO69387,1751,394,2013-10-28,2013-11-04,2013-11-09,540.0,1,540.0
SO69566,1709,268,2013-10-29,2013-11-05,2013-11-10,9.0,1,9.0
SO69567,3101,324,2013-10-29,2013-11-05,2013-11-10,25.0,1,25.0
SO69568,1358,317,2013-10-29,2013-11-05,2013-11-10,5.0,1,5.0
SO69569,5031,325,2013-10-29,2013-11-05,2013-11-10,30.0,1,30.0
SO69570,7451,327,2013-10-29,2013-11-05,2013-11-10,21.0,1,21.0
SO69571,12420,266,2013-10-29,2013-11-05,2013-11-10,5.0,1,5.0
SO69572,46,15,2013-10-29,2013-11-05,2013-11-10,50.0,1,50.0
SO69572,46,16,2013-10-29,2013-11-05,2013-11-10,50.0,1,50.0
SO69572,46,17,2013-10-29,2013-11-05,2013-11-10,50.0,1,50.0
SO69573,7744,269,2013-10-29,2013-11-05,2013-11-10,2.0,1,2.0
SO69574,7259,12,2013-10-29,2013-11-05,2013-11-10,9.0,1,9.0
SO69574,7259,13,2013-10-29,2013-11-05,2013-11-10,9.0,1,9.0
SO69574,7259,14,2013-10-29,2013-11-05,2013-11-10,9.0,1,9.0
SO69575,11451,377,2013-10-29,2013-11-05,2013-11-10,769.0,1,769.0
SO69576,3801,379,2013-10-29,2013-11-05,2013-11-10,769.0,1,769.0
SO69577,1851,145,2013-10-29,2013-11-05,2013-11-10,2320.0,1,2320.0
SO69577,1851,146,2013-10-29,2013-11-05,2013-11-10,2320.0,1,2320.0
SO69578,1821,143,2013-10-29,2013-11-05,2013-11-10,2320.0,1,2320.0
SO69578,1821,144,2013-10-29,2013-11-05,2013-11-10,2320.0,1,2320.0
SO69579,1820,143,2013-10-29,2013-11-05,2013-11-10,2320.0,1,2320.0
SO69579,1820,144,2013-10-29,2013-11-05,2013-11-10,2320.0,1,2320.0
SO69580,9550,141,2013-10-29,2013-11-05,2013-11-10,2320.0,1,2320.0
SO69580,9550,142,2013-10-29,2013-11-05,2013-11-10,2320.0,1,2320.0
SO69581,4666,380,2013-10-29,2013-11-05,2013-11-10,565.0,1,565.0
SO69582,15828,371,2013-10-29,2013-11-05,2013-11-10,1701.0,1,1701.0
SO69583,50,318,2013-10-29,2013-11-05,2013-11-10,4.0,1,4.0
SO69584,18162,318,2013-10-29,2013-11-05,2013-11-10,4.0,1,4.0
SO69585,18040,319,2013-10-29,2013-11-05,2013-11-10,5.0,1,5.0
SO69586,17577,319,2013-10-29,2013-11-05,2013-11-10,5.0,1,5.0
SO69587,177,319,2013-10-29,2013-11-05,2013-11-10,5.0,1,5.0
SO69588,1985,319,2013-10-29,2013-11-05,2013-11-10,5.0,1,5.0
SO69589,212,327,2013-10-29,2013-11-05,2013-11-10,21.0,1,21.0
SO69590,2921,330,2013-10-29,2013-11-05,2013-11-10,29.0,1,29.0
SO69591,15064,324,2013-10-29,2013-11-05,2013-11-10,25.0,1,25.0
SO69592,14425,318,2013-10-29,2013-11-05,2013-11-10,4.0,1,4.0
SO69593,13950,329,2013-10-29,2013-11-05,2013-11-10,33.0,1,33.0
SO69594,15044,324,2013-10-29,2013-11-05,2013-11-10,25.0,1,25.0
SO69595,713,325,2013-10-29,2013-11-05,2013-11-10,30.0,1,30.0
SO69596,11774,317,2013-10-29,2013-11-05,2013-11-10,5.0,1,5.0
SO69597,1960,267,2013-10-29,2013-11-05,2013-11-10,10.0,1,10.0
SO69598,10400,267,2013-10-29,2013-11-05,2013-11-10,10.0,1,10.0
SO69599,1141,266,2013-10-29,2013-11-05,2013-11-10,5.0,1,5.0
SO69600,10455,267,2013-10-29,2013-11-05,2013-11-10,10.0,1,10.0
SO69601,7077,266,2013-10-29,2013-11-05,2013-11-10,5.0,1,5.0
SO69602,6528,266,2013-10-29,2013-11-05,2013-11-10,5.0,1,5.0
SO69603,10451,317,2013-10-29,2013-11-05,2013-11-10,5.0,1,5.0
SO69604,3626,317,2013-10-29,2013-11-05,2013-11-10,5.0,1,5.0
SO69605,2889,274,2013-10-29,2013-11-05,2013-11-10,22.0,1,22.0
SO69606,5420,324,2013-10-29,2013-11-05,2013-11-10,25.0,1,25.0
SO69607,12596,266,2013-10-29,2013-11-05,2013-11-10,5.0,1,5.0
SO69608,11552,318,2013-10-29,2013-11-05,2013-11-10,4.0,1,4.0
SO69609,10678,327,2013-10-29,2013-11-05,2013-11-10,21.0,1,21.0
SO69610,1546,327,2013-10-29,2013-11-05,2013-11-10,21.0,1,21.0
SO69611,2540,330,2013-10-29,2013-11-05,2013-11-10,29.0,1,29.0
SO69612,17433,330,2013-10-29,2013-11-05,2013-11-10,29.0,1,29.0
SO69613,3143,319,2013-10-29,2013-11-05,2013-11-10,5.0,1,5.0
SO69614,220,326,2013-10-29,2013-11-05,2013-11-10,35.0,1,35.0
SO69615,2273,274,2013-10-29,2013-11-05,2013-11-10,22.0,1,22.0
SO69616,9645,164,2013-10-29,2013-11-05,2013-11-10,2443.0,1,2443.0
SO69616,9645,165,2013-10-29,2013-11-05,2013-11-10,2443.0,1,2443.0
SO69617,6556,143,2013-10-29,2013-11-05,2013-11-10,2320.0,1,2320.0
SO69617,6556,144,2013-10-29,2013-11-05,2013-11-10,2320.0,1,2320.0
SO69618,6440,145,2013-10-29,2013-11-05,2013-11-10,2320.0,1,2320.0
SO69618,6440,146,2013-10-29,2013-11-05,2013-11-10,2320.0,1,2320.0
SO69619,2403,149,2013-10-29,2013-11-05,2013-11-10,2295.0,1,2295.0
SO69619,2403,150,2013-10-29,2013-11-05,2013-11-10,2295.0,1,2295.0
SO69620,6416,149,2013-10-29,2013-11-05,2013-11-10,2295.0,1,2295.0
SO69620,6416,150,2013-10-29,2013-11-05,2013-11-10,2295.0,1,2295.0
SO69621,6417,147,2013-10-29,2013-11-05,2013-11-10,2295.0,1,2295.0
SO69621,6417,148,2013-10-29,2013-11-05,2013-11-10,2295.0,1,2295.0
SO69622,6004,145,2013-10-29,2013-11-05,2013-11-10,2320.0,1,2320.0
SO69622,6004,146,2013-10-29,2013-11-05,2013-11-10,2320.0,1,2320.0
SO69623,6158,149,2013-10-29,2013-11-05,2013-11-10,2295.0,1,2295.0
SO69623,6158,150,2013-10-29,2013-11-05,2013-11-10,2295.0,1,2295.0
SO69624,242,352,2013-10-29,2013-11-05,2013-11-10,2384.0,1,2384.0
SO69625,15434,172,2013-10-29,2013-11-05,2013-11-10,1120.0,1,1120.0
SO69625,15434,173,2013-10-29,2013-11-05,2013-11-10,1120.0,1,1120.0
SO69626,7335,172,2013-10-29,2013-11-05,2013-11-10,1120.0,1,1120.0
SO69626,7335,173,2013-10-29,2013-11-05,2013-11-10,1120.0,1,1120.0
SO69627,11000,162,2013-10-29,2013-11-05,2013-11-10,2443.0,1,2443.0
SO69627,11000,163,2013-10-29,2013-11-05,2013-11-10,2443.0,1,2443.0
SO69628,13464,369,2013-10-29,2013-11-05,2013-11-10,1701.0,1,1701.0
SO69629,11005,370,2013-10-29,2013-11-05,2013-11-10,1701.0,1,1701.0
SO69630,4648,372,2013-10-29,2013-11-05,2013-11-10,1701.0,1,1701.0
SO69631,16495,172,2013-10-29,2013-11-05,2013-11-10,1120.0,1,1120.0
SO69631,16495,173,2013-10-29,2013-11-05,2013-11-10,1120.0,1,1120.0
SO69632,14708,395,2013-10-29,2013-11-05,2013-11-10,540.0,1,540.0
SO69633,6296,379,2013-10-29,2013-11-05,2013-11-10,769.0,1,769.0
SO69634,4266,379,2013-10-29,2013-11-05,2013-11-10,769.0,1,769.0
SO69635,5811,374,2013-10-29,2013-11-05,2013-11-10,742.0,1,742.0
SO69636,15016,367,2013-10-29,2013-11-05,2013-11-10,1215.0,1,1215.0
SO69637,16542,364,2013-10-29,2013-11-05,2013-11-10,2384.0,1,2384.0
SO69638,13943,362,2013-10-29,2013-11-05,2013-11-10,2384.0,1,2384.0
SO69639,16642,352,2013-10-29,2013-11-05,2013-11-10,2384.0,1,2384.0
SO69640,17073,395,2013-10-29,2013-11-05,2013-11-10,540.0,1,540.0
SO69641,7565,370,2013-10-29,2013-11-05,2013-11-10,1701.0,1,1701.0
SO69642,1331,178,2013-10-29,2013-11-05,2013-11-10,1120.0,1,1120.0
SO69642,1331,179,2013-10-29,2013-11-05,2013-11-10,1120.0,1,1120.0
SO69643,10017,178,2013-10-29,2013-11-05,2013-11-10,1120.0,1,1120.0
SO69643,10017,179,2013-10-29,2013-11-05,2013-11-10,1120.0,1,1120.0
SO69644,14547,178,2013-10-29,2013-11-05,2013-11-10,1120.0,1,1120.0
SO69644,14547,179,2013-10-29,2013-11-05,2013-11-10,1120.0,1,1120.0
SO69645,10043,176,2013-10-29,2013-11-05,2013-11-10,1120.0,1,1120.0
SO69645,10043,177,2013-10-29,2013-11-05,2013-11-10,1120.0,1,1120.0
SO69646,17701,176,2013-10-29,2013-11-05,2013-11-10,1120.0,1,1120.0
SO69646,17701,177,2013-10-29,2013-11-05,2013-11-10,1120.0,1,1120.0
SO69647,17400,395,2013-10-29,2013-11-05,2013-11-10,540.0,1,540.0
SO69648,12992,373,2013-10-29,2013-11-05,2013-11-10,540.0,1,540.0
SO69649,1306,394,2013-10-29,2013-11-05,2013-11-10,540.0,1,540.0
SO69650,13024,394,2013-10-29,2013-11-05,2013-11-10,540.0,1,540.0
SO69651,14450,373,2013-10-29,2013-11-05,2013-11-10,540.0,1,540.0
SO69652,8285,370,2013-10-29,2013-11-05,2013-11-10,1701.0,1,1701.0
SO69653,47,360,2013-10-29,2013-11-05,2013-11-10,742.0,1,742.0
SO69654,358,375,2013-10-29,2013-11-05,2013-11-10,742.0,1,742.0
SO69655,2124,352,2013-10-29,2013-11-05,2013-11-10,2384.0,1,2384.0
SO69656,2134,351,2013-10-29,2013-11-05,2013-11-10,2384.0,1,2384.0
SO69657,8258,372,2013-10-29,2013-11-05,2013-11-10,1701.0,1,1701.0
SO69658,2626,365,2013-10-29,2013-11-05,2013-11-10,2384.0,1,2384.0
SO69659,975,268,2013-10-30,2013-11-06,2013-11-11,9.0,1,9.0
SO69660,288,273,2013-10-30,2013-11-06,2013-11-11,8.0,1,8.0
SO69661,2125,324,2013-10-30,2013-11-06,2013-11-11,25.0,1,25.0
SO69662,17722,266,2013-10-30,2013-11-06,2013-11-11,5.0,1,5.0
SO69663,16972,319,2013-10-30,2013-11-06,2013-11-11,5.0,1,5.0
SO69664,7266,9,2013-10-30,2013-11-06,2013-11-11,35.0,1,35.0
SO69664,7266,10,2013-10-30,2013-11-06,2013-11-11,35.0,1,35.0
SO69664,7266,11,2013-10-30,2013-11-06,2013-11-11,35.0,1,35.0
SO69665,5493,318,2013-10-30,2013-11-06,2013-11-11,4.0,1,4.0
SO69666,2126,318,2013-10-30,2013-11-06,2013-11-11,4.0,1,4.0
SO69667,5696,318,2013-10-30,2013-11-06,2013-11-11,4.0,1,4.0
SO69668,5666,318,2013-10-30,2013-11-06,2013-11-11,4.0,1,4.0
SO69669,3804,376,2013-10-30,2013-11-06,2013-11-11,769.0,1,769.0
SO69670,216,269,2013-10-30,2013-11-06,2013-11-11,2.0,1,2.0
SO69671,186,317,2013-10-30,2013-11-06,2013-11-11,5.0,1,5.0
SO69672,17034,327,2013-10-30,2013-11-06,2013-11-11,21.0,1,21.0
SO69673,13984,329,2013-10-30,2013-11-06,2013-11-11,33.0,1,33.0
SO69674,331,318,2013-10-30,2013-11-06,2013-11-11,4.0,1,4.0
SO69675,12005,325,2013-10-30,2013-11-06,2013-11-11,30.0,1,30.0
SO69676,12551,325,2013-10-30,2013-11-06,2013-11-11,30.0,1,30.0
SO69677,869,329,2013-10-30,2013-11-06,2013-11-11,33.0,1,33.0
SO69678,6492,317,2013-10-30,2013-11-06,2013-11-11,5.0,1,5.0
SO69679,10421,267,2013-10-30,2013-11-06,2013-11-11,10.0,1,10.0
SO69680,12007,267,2013-10-30,2013-11-06,2013-11-11,10.0,1,10.0
SO69681,9382,265,2013-10-30,2013-11-06,2013-11-11,70.0,1,70.0
SO69682,9293,264,2013-10-30,2013-11-06,2013-11-11,70.0,1,70.0
SO69683,4163,264,2013-10-30,2013-11-06,2013-11-11,70.0,1,70.0
SO69684,9744,263,2013-10-30,2013-11-06,2013-11-11,70.0,1,70.0
SO69685,12011,317,2013-10-30,2013-11-06,2013-11-11,5.0,1,5.0
SO69686,5121,317,2013-10-30,2013-11-06,2013-11-11,5.0,1,5.0
SO69687,4317,317,2013-10-30,2013-11-06,2013-11-11,5.0,1,5.0
SO69688,3616,317,2013-10-30,2013-11-06,2013-11-11,5.0,1,5.0
SO69689,6710,317,2013-10-30,2013-11-06,2013-11-11,5.0,1,5.0
SO69690,3390,317,2013-10-30,2013-11-06,2013-11-11,5.0,1,5.0
SO69691,3500,317,2013-10-30,2013-11-06,2013-11-11,5.0,1,5.0
SO69692,3596,317,2013-10-30,2013-11-06,2013-11-11,5.0,1,5.0
SO69693,10462,274,2013-10-30,2013-11-06,2013-11-11,22.0,1,22.0
SO69694,7884,274,2013-10-30,2013-11-06,2013-11-11,22.0,1,22.0
SO69695,10855,328,2013-10-30,2013-11-06,2013-11-11,25.0,1,25.0
SO69696,5422,328,2013-10-30,2013-11-06,2013-11-11,25.0,1,25.0
SO69697,13042,318,2013-10-30,2013-11-06,2013-11-11,4.0,1,4.0
SO69698,1747,330,2013-10-30,2013-11-06,2013-11-11,29.0,1,29.0
SO69699,11380,318,2013-10-30,2013-11-06,2013-11-11,4.0,1,4.0
SO69700,622,326,2013-10-30,2013-11-06,2013-11-11,35.0,1,35.0
SO69701,5142,388,2013-10-30,2013-11-06,2013-11-11,540.0,1,540.0
SO69702,8998,141,2013-10-30,2013-11-06,2013-11-11,2320.0,1,2320.0
SO69702,8998,142,2013-10-30,2013-11-06,2013-11-11,2320.0,1,2320.0
SO69703,6605,151,2013-10-30,2013-11-06,2013-11-11,2295.0,1,2295.0
SO69703,6605,152,2013-10-30,2013-11-06,2013-11-11,2295.0,1,2295.0
SO69704,5962,151,2013-10-30,2013-11-06,2013-11-11,2295.0,1,2295.0
SO69704,5962,152,2013-10-30,2013-11-06,2013-11-11,2295.0,1,2295.0
SO69705,4290,379,2013-10-30,2013-11-06,2013-11-11,769.0,1,769.0
SO69706,2711,149,2013-10-30,2013-11-06,2013-11-11,2295.0,1,2295.0
SO69706,2711,150,2013-10-30,2013-11-06,2013-11-11,2295.0,1,2295.0
SO69707,15440,174,2013-10-30,2013-11-06,2013-11-11,1120.0,1,1120.0
SO69707,15440,175,2013-10-30,2013-11-06,2013-11-11,1120.0,1,1120.0
SO69708,6327,377,2013-10-30,2013-11-06,2013-11-11,769.0,1,769.0
SO69709,4786,145,2013-10-30,2013-11-06,2013-11-11,2320.0,1,2320.0
SO69709,4786,146,2013-10-30,2013-11-06,2013-11-11,2320.0,1,2320.0
SO69710,4720,151,2013-10-30,2013-11-06,2013-11-11,2295.0,1,2295.0
SO69710,4720,152,2013-10-30,2013-11-06,2013-11-11,2295.0,1,2295.0
SO69711,12740,395,2013-10-30,2013-11-06,2013-11-11,540.0,1,540.0
SO69712,12875,373,2013-10-30,2013-11-06,2013-11-11,540.0,1,540.0
SO69713,10700,170,2013-10-30,2013-11-06,2013-11-11,1120.0,1,1120.0
SO69713,10700,171,2013-10-30,2013-11-06,2013-11-11,1120.0,1,1120.0
SO69714,10701,174,2013-10-30,2013-11-06,2013-11-11,1120.0,1,1120.0
SO69714,10701,175,2013-10-30,2013-11-06,2013-11-11,1120.0,1,1120.0
SO69715,7802,372,2013-10-30,2013-11-06,2013-11-11,1701.0,1,1701.0
SO69716,3355,370,2013-10-30,2013-11-06,2013-11-11,1701.0,1,1701.0
SO69717,17554,174,2013-10-30,2013-11-06,2013-11-11,1120.0,1,1120.0
SO69717,17554,175,2013-10-30,2013-11-06,2013-11-11,1120.0,1,1120.0
SO69718,17702,170,2013-10-30,2013-11-06,2013-11-11,1120.0,1,1120.0
SO69718,17702,171,2013-10-30,2013-11-06,2013-11-11,1120.0,1,1120.0
SO69719,14448,172,2013-10-30,2013-11-06,2013-11-11,1120.0,1,1120.0
SO69719,14448,173,2013-10-30,2013-11-06,2013-11-11,1120.0,1,1120.0
SO69720,9971,174,2013-10-30,2013-11-06,2013-11-11,1120.0,1,1120.0
SO69720,9971,175,2013-10-30,2013-11-06,2013-11-11,1120.0,1,1120.0
SO69721,2129,365,2013-10-30,2013-11-06,2013-11-11,2384.0,1,2384.0
SO69722,7216,274,2013-10-31,2013-11-07,2013-11-12,22.0,1,22.0
SO69723,5344,274,2013-10-31,2013-11-07,2013-11-12,22.0,1,22.0
SO69724,18102,266,2013-10-31,2013-11-07,2013-11-12,5.0,1,5.0
SO69725,10384,264,2013-10-31,2013-11-07,2013-11-12,70.0,1,70.0
SO69726,15183,318,2013-10-31,2013-11-07,2013-11-12,4.0,1,4.0
SO69727,1358,318,2013-10-31,2013-11-07,2013-11-12,4.0,1,4.0
SO69728,18120,266,2013-10-31,2013-11-07,2013-11-12,5.0,1,5.0
SO69729,4025,12,2013-10-31,2013-11-07,2013-11-12,9.0,1,9.0
SO69729,4025,13,2013-10-31,2013-11-07,2013-11-12,9.0,1,9.0
SO69729,4025,14,2013-10-31,2013-11-07,2013-11-12,9.0,1,9.0
SO69730,7216,12,2013-10-31,2013-11-07,2013-11-12,9.0,1,9.0
SO69730,7216,13,2013-10-31,2013-11-07,2013-11-12,9.0,1,9.0
SO69730,7216,14,2013-10-31,2013-11-07,2013-11-12,9.0,1,9.0
SO69731,9719,166,2013-10-31,2013-11-07,2013-11-12,2443.0,1,2443.0
SO69731,9719,167,2013-10-31,2013-11-07,2013-11-12,2443.0,1,2443.0
SO69732,6978,376,2013-10-31,2013-11-07,2013-11-12,769.0,1,769.0
SO69733,8442,378,2013-10-31,2013-11-07,2013-11-12,769.0,1,769.0
SO69734,11520,378,2013-10-31,2013-11-07,2013-11-12,769.0,1,769.0
SO69735,3929,143,2013-10-31,2013-11-07,2013-11-12,2320.0,1,2320.0
SO69735,3929,144,2013-10-31,2013-11-07,2013-11-12,2320.0,1,2320.0
SO69736,7627,145,2013-10-31,2013-11-07,2013-11-12,2320.0,1,2320.0
SO69736,7627,146,2013-10-31,2013-11-07,2013-11-12,2320.0,1,2320.0
SO69737,5198,388,2013-10-31,2013-11-07,2013-11-12,540.0,1,540.0
SO69738,10020,382,2013-10-31,2013-11-07,2013-11-12,565.0,1,565.0
SO69739,633,1,2013-10-31,2013-11-07,2013-11-12,35.0,1,35.0
SO69739,633,2,2013-10-31,2013-11-07,2013-11-12,35.0,1,35.0
SO69739,633,3,2013-10-31,2013-11-07,2013-11-12,35.0,1,35.0
SO69740,301,330,2013-10-31,2013-11-07,2013-11-12,29.0,1,29.0
SO69741,16246,330,2013-10-31,2013-11-07,2013-11-12,29.0,1,29.0
SO69742,14206,324,2013-10-31,2013-11-07,2013-11-12,25.0,1,25.0
SO69743,17049,327,2013-10-31,2013-11-07,2013-11-12,21.0,1,21.0
SO69744,13972,329,2013-10-31,2013-11-07,2013-11-12,33.0,1,33.0
SO69745,10720,267,2013-10-31,2013-11-07,2013-11-12,10.0,1,10.0
SO69746,11229,317,2013-10-31,2013-11-07,2013-11-12,5.0,1,5.0
SO69747,8233,325,2013-10-31,2013-11-07,2013-11-12,30.0,1,30.0
SO69748,10146,267,2013-10-31,2013-11-07,2013-11-12,10.0,1,10.0
SO69749,9326,12,2013-10-31,2013-11-07,2013-11-12,9.0,1,9.0
SO69749,9326,13,2013-10-31,2013-11-07,2013-11-12,9.0,1,9.0
SO69749,9326,14,2013-10-31,2013-11-07,2013-11-12,9.0,1,9.0
SO69750,7346,274,2013-10-31,2013-11-07,2013-11-12,22.0,1,22.0
SO69751,2414,274,2013-10-31,2013-11-07,2013-11-12,22.0,1,22.0
SO69752,7150,326,2013-10-31,2013-11-07,2013-11-12,35.0,1,35.0
SO69753,10521,324,2013-10-31,2013-11-07,2013-11-12,25.0,1,25.0
SO69754,17568,263,2013-10-31,2013-11-07,2013-11-12,70.0,1,70.0
SO69755,8372,325,2013-10-31,2013-11-07,2013-11-12,30.0,1,30.0
SO69756,11662,330,2013-10-31,2013-11-07,2013-11-12,29.0,1,29.0
SO69757,2829,319,2013-10-31,2013-11-07,2013-11-12,5.0,1,5.0
SO69758,3634,326,2013-10-31,2013-11-07,2013-11-12,35.0,1,35.0
SO69759,6338,274,2013-10-31,2013-11-07,2013-11-12,22.0,1,22.0
SO69760,1325,21,2013-10-31,2013-11-07,2013-11-12,50.0,1,50.0
SO69760,1325,22,2013-10-31,2013-11-07,2013-11-12,50.0,1,50.0
SO69760,1325,23,2013-10-31,2013-11-07,2013-11-12,50.0,1,50.0
SO69761,7069,141,2013-10-31,2013-11-07,2013-11-12,2320.0,1,2320.0
SO69761,7069,142,2013-10-31,2013-11-07,2013-11-12,2320.0,1,2320.0
SO69762,4310,377,2013-10-31,2013-11-07,2013-11-12,769.0,1,769.0
SO69763,4313,377,2013-10-31,2013-11-07,2013-11-12,769.0,1,769.0
SO69764,4334,376,2013-10-31,2013-11-07,2013-11-12,769.0,1,769.0
SO69765,4309,376,2013-10-31,2013-11-07,2013-11-12,769.0,1,769.0
SO69766,7358,147,2013-10-31,2013-11-07,2013-11-12,2295.0,1,2295.0
SO69766,7358,148,2013-10-31,2013-11-07,2013-11-12,2295.0,1,2295.0
SO69767,2354,143,2013-10-31,2013-11-07,2013-11-12,2320.0,1,2320.0
SO69767,2354,144,2013-10-31,2013-11-07,2013-11-12,2320.0,1,2320.0
SO69768,6400,149,2013-10-31,2013-11-07,2013-11-12,2295.0,1,2295.0
SO69768,6400,150,2013-10-31,2013-11-07,2013-11-12,2295.0,1,2295.0
SO69769,2552,367,2013-10-31,2013-11-07,2013-11-12,1215.0,1,1215.0
SO69770,8440,349,2013-10-31,2013-11-07,2013-11-12,1215.0,1,1215.0
SO69771,18372,358,2013-10-31,2013-11-07,2013-11-12,742.0,1,742.0
SO69772,6782,362,2013-10-31,2013-11-07,2013-11-12,2384.0,1,2384.0
SO69773,6215,270,2013-10-31,2013-11-07,2013-11-12,9.0,1,9.0
SO69774,6226,351,2013-10-31,2013-11-07,2013-11-12,2384.0,1,2384.0
SO69775,15166,176,2013-10-31,2013-11-07,2013-11-12,1120.0,1,1120.0
SO69775,15166,177,2013-10-31,2013-11-07,2013-11-12,1120.0,1,1120.0
SO69776,11194,164,2013-10-31,2013-11-07,2013-11-12,2443.0,1,2443.0
SO69776,11194,165,2013-10-31,2013-11-07,2013-11-12,2443.0,1,2443.0
SO69777,13372,370,2013-10-31,2013-11-07,2013-11-12,1701.0,1,1701.0
SO69778,15445,174,2013-10-31,2013-11-07,2013-11-12,1120.0,1,1120.0
SO69778,15445,175,2013-10-31,2013-11-07,2013-11-12,1120.0,1,1120.0
SO69779,15443,172,2013-10-31,2013-11-07,2013-11-12,1120.0,1,1120.0
SO69779,15443,173,2013-10-31,2013-11-07,2013-11-12,1120.0,1,1120.0
SO69780,14922,393,2013-10-31,2013-11-07,2013-11-12,540.0,1,540.0
SO69781,16984,373,2013-10-31,2013-11-07,2013-11-12,540.0,1,540.0
SO69782,13997,363,2013-10-31,2013-11-07,2013-11-12,2384.0,1,2384.0
SO69783,16920,362,2013-10-31,2013-11-07,2013-11-12,2384.0,1,2384.0
SO69784,12508,395,2013-10-31,2013-11-07,2013-11-12,540.0,1,540.0
SO69785,12707,393,2013-10-31,2013-11-07,2013-11-12,540.0,1,540.0
SO69786,3885,174,2013-10-31,2013-11-07,2013-11-12,1120.0,1,1120.0
SO69786,3885,175,2013-10-31,2013-11-07,2013-11-12,1120.0,1,1120.0
SO69787,10729,170,2013-10-31,2013-11-07,2013-11-12,1120.0,1,1120.0
SO69787,10729,171,2013-10-31,2013-11-07,2013-11-12,1120.0,1,1120.0
SO69788,7799,369,2013-10-31,2013-11-07,2013-11-12,1701.0,1,1701.0
SO69789,17437,395,2013-10-31,2013-11-07,2013-11-12,540.0,1,540.0
SO69790,18359,363,2013-10-31,2013-11-07,2013-11-12,2384.0,1,2384.0
SO69791,357,358,2013-10-31,2013-11-07,2013-11-12,742.0,1,742.0
SO69792,11506,372,2013-10-31,2013-11-07,2013-11-12,1701.0,1,1701.0
SO69793,11571,371,2013-11-01,2013-11-08,2013-11-13,1701.0,1,1701.0
SO69794,11597,371,2013-11-01,2013-11-08,2013-11-13,1701.0,1,1701.0
SO69795,1353,324,2013-11-01,2013-11-08,2013-11-13,25.0,1,25.0
SO69796,967,324,2013-11-01,2013-11-08,2013-11-13,25.0,1,25.0
SO69797,9631,317,2013-11-01,2013-11-08,2013-11-13,5.0,1,5.0
SO69798,4716,266,2013-11-01,2013-11-08,2013-11-13,5.0,1,5.0
SO69799,13093,166,2013-11-01,2013-11-08,2013-11-13,2443.0,1,2443.0
SO69799,13093,167,2013-11-01,2013-11-08,2013-11-13,2443.0,1,2443.0
SO69800,11445,377,2013-11-01,2013-11-08,2013-11-13,769.0,1,769.0
SO69801,5466,378,2013-11-01,2013-11-08,2013-11-13,769.0,1,769.0
SO69802,8050,151,2013-11-01,2013-11-08,2013-11-13,2295.0,1,2295.0
SO69802,8050,152,2013-11-01,2013-11-08,2013-11-13,2295.0,1,2295.0
SO69803,6648,149,2013-11-01,2013-11-08,2013-11-13,2295.0,1,2295.0
SO69803,6648,150,2013-11-01,2013-11-08,2013-11-13,2295.0,1,2295.0
SO69804,9582,141,2013-11-01,2013-11-08,2013-11-13,2320.0,1,2320.0
SO69804,9582,142,2013-11-01,2013-11-08,2013-11-13,2320.0,1,2320.0
SO69805,223,318,2013-11-01,2013-11-08,2013-11-13,4.0,1,4.0
SO69806,17769,319,2013-11-01,2013-11-08,2013-11-13,5.0,1,5.0
SO69807,8225,327,2013-11-01,2013-11-08,2013-11-13,21.0,1,21.0
SO69808,15266,319,2013-11-01,2013-11-08,2013-11-13,5.0,1,5.0
SO69809,16998,319,2013-11-01,2013-11-08,2013-11-13,5.0,1,5.0
SO69810,15555,330,2013-11-01,2013-11-08,2013-11-13,29.0,1,29.0
SO69811,13317,318,2013-11-01,2013-11-08,2013-11-13,4.0,1,4.0
SO69812,749,12,2013-11-01,2013-11-08,2013-11-13,9.0,1,9.0
SO69812,749,13,2013-11-01,2013-11-08,2013-11-13,9.0,1,9.0
SO69812,749,14,2013-11-01,2013-11-08,2013-11-13,9.0,1,9.0
SO69813,824,318,2013-11-01,2013-11-08,2013-11-13,4.0,1,4.0
SO69814,7989,263,2013-11-01,2013-11-08,2013-11-13,70.0,1,70.0
SO69815,4377,265,2013-11-01,2013-11-08,2013-11-13,70.0,1,70.0
SO69816,8541,264,2013-11-01,2013-11-08,2013-11-13,70.0,1,70.0
SO69817,14434,266,2013-11-01,2013-11-08,2013-11-13,5.0,1,5.0
SO69818,3481,265,2013-11-01,2013-11-08,2013-11-13,70.0,1,70.0
SO69819,13648,266,2013-11-01,2013-11-08,2013-11-13,5.0,1,5.0
SO69820,4937,317,2013-11-01,2013-11-08,2013-11-13,5.0,1,5.0
SO69821,4408,317,2013-11-01,2013-11-08,2013-11-13,5.0,1,5.0
SO69822,8906,317,2013-11-01,2013-11-08,2013-11-13,5.0,1,5.0
SO69823,3549,317,2013-11-01,2013-11-08,2013-11-13,5.0,1,5.0
SO69824,17381,329,2013-11-01,2013-11-08,2013-11-13,33.0,1,33.0
SO69825,6902,328,2013-11-01,2013-11-08,2013-11-13,25.0,1,25.0
SO69826,5473,328,2013-11-01,2013-11-08,2013-11-13,25.0,1,25.0
SO69827,6880,324,2013-11-01,2013-11-08,2013-11-13,25.0,1,25.0
SO69828,9795,318,2013-11-01,2013-11-08,2013-11-13,4.0,1,4.0
SO69829,2797,319,2013-11-01,2013-11-08,2013-11-13,5.0,1,5.0
SO69830,189,317,2013-11-01,2013-11-08,2013-11-13,5.0,1,5.0
SO69831,528,326,2013-11-01,2013-11-08,2013-11-13,35.0,1,35.0
SO69832,2724,317,2013-11-01,2013-11-08,2013-11-13,5.0,1,5.0
SO69833,477,279,2013-11-01,2013-11-08,2013-11-13,54.0,1,54.0
SO69834,1925,274,2013-11-01,2013-11-08,2013-11-13,22.0,1,22.0
SO69835,8995,386,2013-11-01,2013-11-08,2013-11-13,540.0,1,540.0
SO69836,5152,383,2013-11-01,2013-11-08,2013-11-13,565.0,1,565.0
SO69837,8831,149,2013-11-01,2013-11-08,2013-11-13,2295.0,1,2295.0
SO69837,8831,150,2013-11-01,2013-11-08,2013-11-13,2295.0,1,2295.0
SO69838,6005,145,2013-11-01,2013-11-08,2013-11-13,2320.0,1,2320.0
SO69838,6005,146,2013-11-01,2013-11-08,2013-11-13,2320.0,1,2320.0
SO69839,1623,359,2013-11-01,2013-11-08,2013-11-13,742.0,1,742.0
SO69840,17745,359,2013-11-01,2013-11-08,2013-11-13,742.0,1,742.0
SO69841,418,374,2013-11-01,2013-11-08,2013-11-13,742.0,1,742.0
SO69842,16825,354,2013-11-01,2013-11-08,2013-11-13,742.0,1,742.0
SO69843,18366,360,2013-11-01,2013-11-08,2013-11-13,742.0,1,742.0
SO69844,611,362,2013-11-01,2013-11-08,2013-11-13,2384.0,1,2384.0
SO69845,15430,178,2013-11-01,2013-11-08,2013-11-13,1120.0,1,1120.0
SO69845,15430,179,2013-11-01,2013-11-08,2013-11-13,1120.0,1,1120.0
SO69846,4646,369,2013-11-01,2013-11-08,2013-11-13,1701.0,1,1701.0
SO69847,11033,372,2013-11-01,2013-11-08,2013-11-13,1701.0,1,1701.0
SO69848,13378,370,2013-11-01,2013-11-08,2013-11-13,1701.0,1,1701.0
SO69849,2092,353,2013-11-01,2013-11-08,2013-11-13,2384.0,1,2384.0
SO69850,2106,151,2013-11-01,2013-11-08,2013-11-13,2295.0,1,2295.0
SO69850,2106,152,2013-11-01,2013-11-08,2013-11-13,2295.0,1,2295.0
SO69851,15636,356,2013-11-01,2013-11-08,2013-11-13,742.0,1,742.0
SO69852,17062,352,2013-11-01,2013-11-08,2013-11-13,2384.0,1,2384.0
SO69853,17064,350,2013-11-01,2013-11-08,2013-11-13,2384.0,1,2384.0
SO69854,12510,393,2013-11-01,2013-11-08,2013-11-13,540.0,1,540.0
SO69855,9078,395,2013-11-01,2013-11-08,2013-11-13,540.0,1,540.0
SO69856,12506,395,2013-11-01,2013-11-08,2013-11-13,540.0,1,540.0
SO69857,12857,373,2013-11-01,2013-11-08,2013-11-13,540.0,1,540.0
SO69858,12849,395,2013-11-01,2013-11-08,2013-11-13,540.0,1,540.0
SO69859,10795,176,2013-11-01,2013-11-08,2013-11-13,1120.0,1,1120.0
SO69859,10795,177,2013-11-01,2013-11-08,2013-11-13,1120.0,1,1120.0
SO69860,10809,176,2013-11-01,2013-11-08,2013-11-13,1120.0,1,1120.0
SO69860,10809,177,2013-11-01,2013-11-08,2013-11-13,1120.0,1,1120.0
SO69861,17426,395,2013-11-01,2013-11-08,2013-11-13,540.0,1,540.0
SO69862,14523,395,2013-11-01,2013-11-08,2013-11-13,540.0,1,540.0
SO69863,2080,353,2013-11-01,2013-11-08,2013-11-13,2384.0,1,2384.0
SO69864,2623,362,2013-11-01,2013-11-08,2013-11-13,2384.0,1,2384.0
SO69865,15856,369,2013-11-02,2013-11-09,2013-11-14,1701.0,1,1701.0
SO69866,1046,12,2013-11-02,2013-11-09,2013-11-14,9.0,1,9.0
SO69866,1046,13,2013-11-02,2013-11-09,2013-11-14,9.0,1,9.0
SO69866,1046,14,2013-11-02,2013-11-09,2013-11-14,9.0,1,9.0
SO69867,942,268,2013-11-02,2013-11-09,2013-11-14,9.0,1,9.0
SO69868,3015,328,2013-11-02,2013-11-09,2013-11-14,25.0,1,25.0
SO69869,10899,326,2013-11-02,2013-11-09,2013-11-14,35.0,1,35.0
SO69870,1372,317,2013-11-02,2013-11-09,2013-11-14,5.0,1,5.0
SO69871,1583,18,2013-11-02,2013-11-09,2013-11-14,50.0,1,50.0
SO69871,1583,19,2013-11-02,2013-11-09,2013-11-14,50.0,1,50.0
SO69871,1583,20,2013-11-02,2013-11-09,2013-11-14,50.0,1,50.0
SO69872,6290,278,2013-11-02,2013-11-09,2013-11-14,54.0,1,54.0
SO69873,3859,12,2013-11-02,2013-11-09,2013-11-14,9.0,1,9.0
SO69873,3859,13,2013-11-02,2013-11-09,2013-11-14,9.0,1,9.0
SO69873,3859,14,2013-11-02,2013-11-09,2013-11-14,9.0,1,9.0
SO69874,5550,168,2013-11-02,2013-11-09,2013-11-14,2443.0,1,2443.0
SO69874,5550,169,2013-11-02,2013-11-09,2013-11-14,2443.0,1,2443.0
SO69875,5427,149,2013-11-02,2013-11-09,2013-11-14,2295.0,1,2295.0
SO69875,5427,150,2013-11-02,2013-11-09,2013-11-14,2295.0,1,2295.0
SO69876,9588,141,2013-11-02,2013-11-09,2013-11-14,2320.0,1,2320.0
SO69876,9588,142,2013-11-02,2013-11-09,2013-11-14,2320.0,1,2320.0
SO69877,1834,149,2013-11-02,2013-11-09,2013-11-14,2295.0,1,2295.0
SO69877,1834,150,2013-11-02,2013-11-09,2013-11-14,2295.0,1,2295.0
SO69878,9557,141,2013-11-02,2013-11-09,2013-11-14,2320.0,1,2320.0
SO69878,9557,142,2013-11-02,2013-11-09,2013-11-14,2320.0,1,2320.0
SO69879,3862,143,2013-11-02,2013-11-09,2013-11-14,2320.0,1,2320.0
SO69879,3862,144,2013-11-02,2013-11-09,2013-11-14,2320.0,1,2320.0
SO69880,5253,380,2013-11-02,2013-11-09,2013-11-14,565.0,1,565.0
SO69881,12580,317,2013-11-02,2013-11-09,2013-11-14,5.0,1,5.0
SO69882,14152,318,2013-11-02,2013-11-09,2013-11-14,4.0,1,4.0
SO69883,11787,317,2013-11-02,2013-11-09,2013-11-14,5.0,1,5.0
SO69884,5090,267,2013-11-02,2013-11-09,2013-11-14,10.0,1,10.0
SO69885,10903,267,2013-11-02,2013-11-09,2013-11-14,10.0,1,10.0
SO69886,4873,267,2013-11-02,2013-11-09,2013-11-14,10.0,1,10.0
SO69887,9028,263,2013-11-02,2013-11-09,2013-11-14,70.0,1,70.0
SO69888,11022,266,2013-11-02,2013-11-09,2013-11-14,5.0,1,5.0
SO69889,7391,264,2013-11-02,2013-11-09,2013-11-14,70.0,1,70.0
SO69890,13987,266,2013-11-02,2013-11-09,2013-11-14,5.0,1,5.0
SO69891,5377,317,2013-11-02,2013-11-09,2013-11-14,5.0,1,5.0
SO69892,5670,266,2013-11-02,2013-11-09,2013-11-14,5.0,1,5.0
SO69893,3631,317,2013-11-02,2013-11-09,2013-11-14,5.0,1,5.0
SO69894,2992,274,2013-11-02,2013-11-09,2013-11-14,22.0,1,22.0
SO69895,5725,317,2013-11-02,2013-11-09,2013-11-14,5.0,1,5.0
SO69896,2870,274,2013-11-02,2013-11-09,2013-11-14,22.0,1,22.0
SO69897,12913,318,2013-11-02,2013-11-09,2013-11-14,4.0,1,4.0
SO69898,7013,327,2013-11-02,2013-11-09,2013-11-14,21.0,1,21.0
SO69899,8510,325,2013-11-02,2013-11-09,2013-11-14,30.0,1,30.0
SO69900,387,330,2013-11-02,2013-11-09,2013-11-14,29.0,1,29.0
SO69901,9972,318,2013-11-02,2013-11-09,2013-11-14,4.0,1,4.0
SO69902,9960,318,2013-11-02,2013-11-09,2013-11-14,4.0,1,4.0
SO69903,13108,318,2013-11-02,2013-11-09,2013-11-14,4.0,1,4.0
SO69904,16856,327,2013-11-02,2013-11-09,2013-11-14,21.0,1,21.0
SO69905,1639,319,2013-11-02,2013-11-09,2013-11-14,5.0,1,5.0
SO69906,632,326,2013-11-02,2013-11-09,2013-11-14,35.0,1,35.0
SO69907,880,326,2013-11-02,2013-11-09,2013-11-14,35.0,1,35.0
SO69908,5647,274,2013-11-02,2013-11-09,2013-11-14,22.0,1,22.0
SO69909,2182,274,2013-11-02,2013-11-09,2013-11-14,22.0,1,22.0
SO69910,2219,274,2013-11-02,2013-11-09,2013-11-14,22.0,1,22.0
SO69911,2388,149,2013-11-02,2013-11-09,2013-11-14,2295.0,1,2295.0
SO69911,2388,150,2013-11-02,2013-11-09,2013-11-14,2295.0,1,2295.0
SO69912,6547,147,2013-11-02,2013-11-09,2013-11-14,2295.0,1,2295.0
SO69912,6547,148,2013-11-02,2013-11-09,2013-11-14,2295.0,1,2295.0
SO69913,6039,145,2013-11-02,2013-11-09,2013-11-14,2320.0,1,2320.0
SO69913,6039,146,2013-11-02,2013-11-09,2013-11-14,2320.0,1,2320.0
SO69914,6134,141,2013-11-02,2013-11-09,2013-11-14,2320.0,1,2320.0
SO69914,6134,142,2013-11-02,2013-11-09,2013-11-14,2320.0,1,2320.0
SO69915,6399,145,2013-11-02,2013-11-09,2013-11-14,2320.0,1,2320.0
SO69915,6399,146,2013-11-02,2013-11-09,2013-11-14,2320.0,1,2320.0
SO69916,7973,147,2013-11-02,2013-11-09,2013-11-14,2295.0,1,2295.0
SO69916,7973,148,2013-11-02,2013-11-09,2013-11-14,2295.0,1,2295.0
SO69917,2518,349,2013-11-02,2013-11-09,2013-11-14,1215.0,1,1215.0
SO69918,2555,367,2013-11-02,2013-11-09,2013-11-14,1215.0,1,1215.0
SO69919,16846,356,2013-11-02,2013-11-09,2013-11-14,742.0,1,742.0
SO69920,18361,350,2013-11-02,2013-11-09,2013-11-14,2384.0,1,2384.0
SO69921,11001,168,2013-11-02,2013-11-09,2013-11-14,2443.0,1,2443.0
SO69921,11001,169,2013-11-02,2013-11-09,2013-11-14,2443.0,1,2443.0
SO69922,10985,369,2013-11-02,2013-11-09,2013-11-14,1701.0,1,1701.0
SO69923,14718,393,2013-11-02,2013-11-09,2013-11-14,540.0,1,540.0
SO69924,16983,373,2013-11-02,2013-11-09,2013-11-14,540.0,1,540.0
SO69925,14939,394,2013-11-02,2013-11-09,2013-11-14,540.0,1,540.0
SO69926,5485,383,2013-11-02,2013-11-09,2013-11-14,565.0,1,565.0
SO69927,4789,151,2013-11-02,2013-11-09,2013-11-14,2295.0,1,2295.0
SO69927,4789,152,2013-11-02,2013-11-09,2013-11-14,2295.0,1,2295.0
SO69928,15095,368,2013-11-02,2013-11-09,2013-11-14,1215.0,1,1215.0
SO69929,16541,365,2013-11-02,2013-11-09,2013-11-14,2384.0,1,2384.0
SO69930,4392,352,2013-11-02,2013-11-09,2013-11-14,2384.0,1,2384.0
SO69931,14999,367,2013-11-02,2013-11-09,2013-11-14,1215.0,1,1215.0
SO69932,16663,364,2013-11-02,2013-11-09,2013-11-14,2384.0,1,2384.0
SO69933,12848,395,2013-11-02,2013-11-09,2013-11-14,540.0,1,540.0
SO69934,12833,393,2013-11-02,2013-11-09,2013-11-14,540.0,1,540.0
SO69935,9081,12,2013-11-02,2013-11-09,2013-11-14,9.0,1,9.0
SO69935,9081,13,2013-11-02,2013-11-09,2013-11-14,9.0,1,9.0
SO69935,9081,14,2013-11-02,2013-11-09,2013-11-14,9.0,1,9.0
SO69936,12852,394,2013-11-02,2013-11-09,2013-11-14,540.0,1,540.0
SO69937,10423,172,2013-11-02,2013-11-09,2013-11-14,1120.0,1,1120.0
SO69937,10423,173,2013-11-02,2013-11-09,2013-11-14,1120.0,1,1120.0
SO69938,7795,372,2013-11-02,2013-11-09,2013-11-14,1701.0,1,1701.0
SO69939,13703,172,2013-11-02,2013-11-09,2013-11-14,1120.0,1,1120.0
SO69939,13703,173,2013-11-02,2013-11-09,2013-11-14,1120.0,1,1120.0
SO69940,13713,174,2013-11-02,2013-11-09,2013-11-14,1120.0,1,1120.0
SO69940,13713,175,2013-11-02,2013-11-09,2013-11-14,1120.0,1,1120.0
SO69941,14946,395,2013-11-02,2013-11-09,2013-11-14,540.0,1,540.0
SO69942,2112,367,2013-11-02,2013-11-09,2013-11-14,1215.0,1,1215.0
SO69943,11471,370,2013-11-02,2013-11-09,2013-11-14,1701.0,1,1701.0
SO69944,2081,353,2013-11-02,2013-11-09,2013-11-14,2384.0,1,2384.0
SO69945,10949,166,2013-11-03,2013-11-10,2013-11-15,2443.0,1,2443.0
SO69945,10949,167,2013-11-03,2013-11-10,2013-11-15,2443.0,1,2443.0
SO69946,1588,324,2013-11-03,2013-11-10,2013-11-15,25.0,1,25.0
SO69947,10998,326,2013-11-03,2013-11-10,2013-11-15,35.0,1,35.0
SO69948,12124,266,2013-11-03,2013-11-10,2013-11-15,5.0,1,5.0
SO69949,1667,317,2013-11-03,2013-11-10,2013-11-15,5.0,1,5.0
SO69950,5185,318,2013-11-03,2013-11-10,2013-11-15,4.0,1,4.0
SO69951,17939,267,2013-11-03,2013-11-10,2013-11-15,10.0,1,10.0
SO69952,4729,9,2013-11-03,2013-11-10,2013-11-15,35.0,1,35.0
SO69952,4729,10,2013-11-03,2013-11-10,2013-11-15,35.0,1,35.0
SO69952,4729,11,2013-11-03,2013-11-10,2013-11-15,35.0,1,35.0
SO69953,2014,330,2013-11-03,2013-11-10,2013-11-15,29.0,1,29.0
SO69954,4813,269,2013-11-03,2013-11-10,2013-11-15,2.0,1,2.0
SO69955,1750,151,2013-11-03,2013-11-10,2013-11-15,2295.0,1,2295.0
SO69955,1750,152,2013-11-03,2013-11-10,2013-11-15,2295.0,1,2295.0
SO69956,5447,379,2013-11-03,2013-11-10,2013-11-15,769.0,1,769.0
SO69957,4675,382,2013-11-03,2013-11-10,2013-11-15,565.0,1,565.0
SO69958,8279,385,2013-11-03,2013-11-10,2013-11-15,540.0,1,540.0
SO69959,332,24,2013-11-03,2013-11-10,2013-11-15,50.0,1,50.0
SO69959,332,25,2013-11-03,2013-11-10,2013-11-15,50.0,1,50.0
SO69959,332,26,2013-11-03,2013-11-10,2013-11-15,50.0,1,50.0
SO69960,16743,327,2013-11-03,2013-11-10,2013-11-15,21.0,1,21.0
SO69961,17682,328,2013-11-03,2013-11-10,2013-11-15,25.0,1,25.0
SO69962,16116,319,2013-11-03,2013-11-10,2013-11-15,5.0,1,5.0
SO69963,14432,318,2013-11-03,2013-11-10,2013-11-15,4.0,1,4.0
SO69964,10500,267,2013-11-03,2013-11-10,2013-11-15,10.0,1,10.0
SO69965,277,267,2013-11-03,2013-11-10,2013-11-15,10.0,1,10.0
SO69966,278,266,2013-11-03,2013-11-10,2013-11-15,5.0,1,5.0
SO69967,6666,317,2013-11-03,2013-11-10,2013-11-15,5.0,1,5.0
SO69968,7780,266,2013-11-03,2013-11-10,2013-11-15,5.0,1,5.0
SO69969,3391,317,2013-11-03,2013-11-10,2013-11-15,5.0,1,5.0
SO69970,14874,317,2013-11-03,2013-11-10,2013-11-15,5.0,1,5.0
SO69971,3696,317,2013-11-03,2013-11-10,2013-11-15,5.0,1,5.0
SO69972,4356,326,2013-11-03,2013-11-10,2013-11-15,35.0,1,35.0
SO69973,13533,318,2013-11-03,2013-11-10,2013-11-15,4.0,1,4.0
SO69974,14795,327,2013-11-03,2013-11-10,2013-11-15,21.0,1,21.0
SO69975,10738,327,2013-11-03,2013-11-10,2013-11-15,21.0,1,21.0
SO69976,10665,327,2013-11-03,2013-11-10,2013-11-15,21.0,1,21.0
SO69977,881,326,2013-11-03,2013-11-10,2013-11-15,35.0,1,35.0
SO69978,932,317,2013-11-03,2013-11-10,2013-11-15,5.0,1,5.0
SO69979,4875,274,2013-11-03,2013-11-10,2013-11-15,22.0,1,22.0
SO69980,1929,317,2013-11-03,2013-11-10,2013-11-15,5.0,1,5.0
SO69981,4527,326,2013-11-03,2013-11-10,2013-11-15,35.0,1,35.0
SO69982,2384,141,2013-11-03,2013-11-10,2013-11-15,2320.0,1,2320.0
SO69982,2384,142,2013-11-03,2013-11-10,2013-11-15,2320.0,1,2320.0
SO69983,4343,376,2013-11-03,2013-11-10,2013-11-15,769.0,1,769.0
SO69984,6172,143,2013-11-03,2013-11-10,2013-11-15,2320.0,1,2320.0
SO69984,6172,144,2013-11-03,2013-11-10,2013-11-15,2320.0,1,2320.0
SO69985,2234,147,2013-11-03,2013-11-10,2013-11-15,2295.0,1,2295.0
SO69985,2234,148,2013-11-03,2013-11-10,2013-11-15,2295.0,1,2295.0
SO69986,7960,149,2013-11-03,2013-11-10,2013-11-15,2295.0,1,2295.0
SO69986,7960,150,2013-11-03,2013-11-10,2013-11-15,2295.0,1,2295.0
SO69987,5205,363,2013-11-03,2013-11-10,2013-11-15,2384.0,1,2384.0
SO69988,14707,373,2013-11-03,2013-11-10,2013-11-15,540.0,1,540.0
SO69989,1589,384,2013-11-03,2013-11-10,2013-11-15,565.0,1,565.0
SO69990,4768,147,2013-11-03,2013-11-10,2013-11-15,2295.0,1,2295.0
SO69990,4768,148,2013-11-03,2013-11-10,2013-11-15,2295.0,1,2295.0
SO69991,4798,141,2013-11-03,2013-11-10,2013-11-15,2320.0,1,2320.0
SO69991,4798,142,2013-11-03,2013-11-10,2013-11-15,2320.0,1,2320.0
SO69992,5158,141,2013-11-03,2013-11-10,2013-11-15,2320.0,1,2320.0
SO69992,5158,142,2013-11-03,2013-11-10,2013-11-15,2320.0,1,2320.0
SO69993,176,374,2013-11-03,2013-11-10,2013-11-15,742.0,1,742.0
SO69994,15003,368,2013-11-03,2013-11-10,2013-11-15,1215.0,1,1215.0
SO69995,15005,349,2013-11-03,2013-11-10,2013-11-15,1215.0,1,1215.0
SO69996,13815,352,2013-11-03,2013-11-10,2013-11-15,2384.0,1,2384.0
SO69997,13973,353,2013-11-03,2013-11-10,2013-11-15,2384.0,1,2384.0
SO69998,16671,365,2013-11-03,2013-11-10,2013-11-15,2384.0,1,2384.0
SO69999,12586,394,2013-11-03,2013-11-10,2013-11-15,540.0,1,540.0
SO70000,17154,393,2013-11-03,2013-11-10,2013-11-15,540.0,1,540.0
SO70001,10798,172,2013-11-03,2013-11-10,2013-11-15,1120.0,1,1120.0
SO70001,10798,173,2013-11-03,2013-11-10,2013-11-15,1120.0,1,1120.0
SO70002,10710,172,2013-11-03,2013-11-10,2013-11-15,1120.0,1,1120.0
SO70002,10710,173,2013-11-03,2013-11-10,2013-11-15,1120.0,1,1120.0
SO70003,7681,371,2013-11-03,2013-11-10,2013-11-15,1701.0,1,1701.0
SO70004,7606,371,2013-11-03,2013-11-10,2013-11-15,1701.0,1,1701.0
SO70005,14532,170,2013-11-03,2013-11-10,2013-11-15,1120.0,1,1120.0
SO70005,14532,171,2013-11-03,2013-11-10,2013-11-15,1120.0,1,1120.0
SO70006,14574,178,2013-11-03,2013-11-10,2013-11-15,1120.0,1,1120.0
SO70006,14574,179,2013-11-03,2013-11-10,2013-11-15,1120.0,1,1120.0
SO70007,10048,174,2013-11-03,2013-11-10,2013-11-15,1120.0,1,1120.0
SO70007,10048,175,2013-11-03,2013-11-10,2013-11-15,1120.0,1,1120.0
SO70008,10009,178,2013-11-03,2013-11-10,2013-11-15,1120.0,1,1120.0
SO70008,10009,179,2013-11-03,2013-11-10,2013-11-15,1120.0,1,1120.0
SO70009,3162,395,2013-11-03,2013-11-10,2013-11-15,540.0,1,540.0
SO70010,17387,394,2013-11-03,2013-11-10,2013-11-15,540.0,1,540.0
SO70011,14509,395,2013-11-03,2013-11-10,2013-11-15,540.0,1,540.0
SO70012,17376,395,2013-11-03,2013-11-10,2013-11-15,540.0,1,540.0
SO70013,423,373,2013-11-03,2013-11-10,2013-11-15,540.0,1,540.0
SO70014,127,354,2013-11-03,2013-11-10,2013-11-15,742.0,1,742.0
SO70015,135,359,2013-11-03,2013-11-10,2013-11-15,742.0,1,742.0
SO70016,15829,370,2013-11-04,2013-11-11,2013-11-16,1701.0,1,1701.0
SO70017,15855,371,2013-11-04,2013-11-11,2013-11-16,1701.0,1,1701.0
SO70018,11595,371,2013-11-04,2013-11-11,2013-11-16,1701.0,1,1701.0
SO70019,8289,372,2013-11-04,2013-11-11,2013-11-16,1701.0,1,1701.0
SO70020,3010,328,2013-11-04,2013-11-11,2013-11-16,25.0,1,25.0
SO70021,3310,328,2013-11-04,2013-11-11,2013-11-16,25.0,1,25.0
SO70022,7718,274,2013-11-04,2013-11-11,2013-11-16,22.0,1,22.0
SO70023,7217,274,2013-11-04,2013-11-11,2013-11-16,22.0,1,22.0
SO70024,15037,318,2013-11-04,2013-11-11,2013-11-16,4.0,1,4.0
SO70025,122,266,2013-11-04,2013-11-11,2013-11-16,5.0,1,5.0
SO70026,6317,4,2013-11-04,2013-11-11,2013-11-16,35.0,1,35.0
SO70026,6317,5,2013-11-04,2013-11-11,2013-11-16,35.0,1,35.0
SO70026,6317,6,2013-11-04,2013-11-11,2013-11-16,35.0,1,35.0
SO70027,3803,376,2013-11-04,2013-11-11,2013-11-16,769.0,1,769.0
SO70028,10058,145,2013-11-04,2013-11-11,2013-11-16,2320.0,1,2320.0
SO70028,10058,146,2013-11-04,2013-11-11,2013-11-16,2320.0,1,2320.0
SO70029,1853,145,2013-11-04,2013-11-11,2013-11-16,2320.0,1,2320.0
SO70029,1853,146,2013-11-04,2013-11-11,2013-11-16,2320.0,1,2320.0
SO70030,3976,141,2013-11-04,2013-11-11,2013-11-16,2320.0,1,2320.0
SO70030,3976,142,2013-11-04,2013-11-11,2013-11-16,2320.0,1,2320.0
SO70031,3930,147,2013-11-04,2013-11-11,2013-11-16,2295.0,1,2295.0
SO70031,3930,148,2013-11-04,2013-11-11,2013-11-16,2295.0,1,2295.0
SO70032,8923,143,2013-11-04,2013-11-11,2013-11-16,2320.0,1,2320.0
SO70032,8923,144,2013-11-04,2013-11-11,2013-11-16,2320.0,1,2320.0
SO70033,1712,149,2013-11-04,2013-11-11,2013-11-16,2295.0,1,2295.0
SO70033,1712,150,2013-11-04,2013-11-11,2013-11-16,2295.0,1,2295.0
SO70034,1962,12,2013-11-04,2013-11-11,2013-11-16,9.0,1,9.0
SO70034,1962,13,2013-11-04,2013-11-11,2013-11-16,9.0,1,9.0
SO70034,1962,14,2013-11-04,2013-11-11,2013-11-16,9.0,1,9.0
SO70035,17053,319,2013-11-04,2013-11-11,2013-11-16,5.0,1,5.0
SO70036,16016,319,2013-11-04,2013-11-11,2013-11-16,5.0,1,5.0
SO70037,16609,330,2013-11-04,2013-11-11,2013-11-16,29.0,1,29.0
SO70038,15069,324,2013-11-04,2013-11-11,2013-11-16,25.0,1,25.0
SO70039,15814,319,2013-11-04,2013-11-11,2013-11-16,5.0,1,5.0
SO70040,8647,318,2013-11-04,2013-11-11,2013-11-16,4.0,1,4.0
SO70041,12203,325,2013-11-04,2013-11-11,2013-11-16,30.0,1,30.0
SO70042,13639,329,2013-11-04,2013-11-11,2013-11-16,33.0,1,33.0
SO70043,2096,267,2013-11-04,2013-11-11,2013-11-16,10.0,1,10.0
SO70044,9390,267,2013-11-04,2013-11-11,2013-11-16,10.0,1,10.0
SO70045,7454,266,2013-11-04,2013-11-11,2013-11-16,5.0,1,5.0
SO70046,7457,266,2013-11-04,2013-11-11,2013-11-16,5.0,1,5.0
SO70047,6588,266,2013-11-04,2013-11-11,2013-11-16,5.0,1,5.0
SO70048,9084,266,2013-11-04,2013-11-11,2013-11-16,5.0,1,5.0
SO70049,5767,266,2013-11-04,2013-11-11,2013-11-16,5.0,1,5.0
SO70050,9761,317,2013-11-04,2013-11-11,2013-11-16,5.0,1,5.0
SO70051,17477,264,2013-11-04,2013-11-11,2013-11-16,70.0,1,70.0
SO70052,5281,317,2013-11-04,2013-11-11,2013-11-16,5.0,1,5.0
SO70053,3535,274,2013-11-04,2013-11-11,2013-11-16,22.0,1,22.0
SO70054,5580,264,2013-11-04,2013-11-11,2013-11-16,70.0,1,70.0
SO70055,6962,317,2013-11-04,2013-11-11,2013-11-16,5.0,1,5.0
SO70056,13850,327,2013-11-04,2013-11-11,2013-11-16,21.0,1,21.0
SO70057,14520,319,2013-11-04,2013-11-11,2013-11-16,5.0,1,5.0
SO70058,2205,274,2013-11-04,2013-11-11,2013-11-16,22.0,1,22.0
SO70059,498,1,2013-11-04,2013-11-11,2013-11-16,35.0,1,35.0
SO70059,498,2,2013-11-04,2013-11-11,2013-11-16,35.0,1,35.0
SO70059,498,3,2013-11-04,2013-11-11,2013-11-16,35.0,1,35.0
SO70060,5136,381,2013-11-04,2013-11-11,2013-11-16,565.0,1,565.0
SO70061,6594,147,2013-11-04,2013-11-11,2013-11-16,2295.0,1,2295.0
SO70061,6594,148,2013-11-04,2013-11-11,2013-11-16,2295.0,1,2295.0
SO70062,6625,145,2013-11-04,2013-11-11,2013-11-16,2320.0,1,2320.0
SO70062,6625,146,2013-11-04,2013-11-11,2013-11-16,2320.0,1,2320.0
SO70063,6582,149,2013-11-04,2013-11-11,2013-11-16,2295.0,1,2295.0
SO70063,6582,150,2013-11-04,2013-11-11,2013-11-16,2295.0,1,2295.0
SO70064,2146,149,2013-11-04,2013-11-11,2013-11-16,2295.0,1,2295.0
SO70064,2146,150,2013-11-04,2013-11-11,2013-11-16,2295.0,1,2295.0
SO70065,4312,379,2013-11-04,2013-11-11,2013-11-16,769.0,1,769.0
SO70066,8439,368,2013-11-04,2013-11-11,2013-11-16,1215.0,1,1215.0
SO70067,18364,359,2013-11-04,2013-11-11,2013-11-16,742.0,1,742.0
SO70068,15764,170,2013-11-04,2013-11-11,2013-11-16,1120.0,1,1120.0
SO70068,15764,171,2013-11-04,2013-11-11,2013-11-16,1120.0,1,1120.0
SO70069,13459,370,2013-11-04,2013-11-11,2013-11-16,1701.0,1,1701.0
SO70070,4645,369,2013-11-04,2013-11-11,2013-11-16,1701.0,1,1701.0
SO70071,2114,362,2013-11-04,2013-11-11,2013-11-16,2384.0,1,2384.0
SO70072,2116,364,2013-11-04,2013-11-11,2013-11-16,2384.0,1,2384.0
SO70073,14929,394,2013-11-04,2013-11-11,2013-11-16,540.0,1,540.0
SO70074,45,151,2013-11-04,2013-11-11,2013-11-16,2295.0,1,2295.0
SO70074,45,152,2013-11-04,2013-11-11,2013-11-16,2295.0,1,2295.0
SO70075,4726,151,2013-11-04,2013-11-11,2013-11-16,2295.0,1,2295.0
SO70075,4726,152,2013-11-04,2013-11-11,2013-11-16,2295.0,1,2295.0
SO70076,2050,149,2013-11-04,2013-11-11,2013-11-16,2295.0,1,2295.0
SO70076,2050,150,2013-11-04,2013-11-11,2013-11-16,2295.0,1,2295.0
SO70077,15004,367,2013-11-04,2013-11-11,2013-11-16,1215.0,1,1215.0
SO70078,10660,373,2013-11-04,2013-11-11,2013-11-16,540.0,1,540.0
SO70079,10782,176,2013-11-04,2013-11-11,2013-11-16,1120.0,1,1120.0
SO70079,10782,177,2013-11-04,2013-11-11,2013-11-16,1120.0,1,1120.0
SO70080,10606,174,2013-11-04,2013-11-11,2013-11-16,1120.0,1,1120.0
SO70080,10606,175,2013-11-04,2013-11-11,2013-11-16,1120.0,1,1120.0
SO70081,10616,176,2013-11-04,2013-11-11,2013-11-16,1120.0,1,1120.0
SO70081,10616,177,2013-11-04,2013-11-11,2013-11-16,1120.0,1,1120.0
SO70082,7781,370,2013-11-04,2013-11-11,2013-11-16,1701.0,1,1701.0
SO70083,10036,172,2013-11-04,2013-11-11,2013-11-16,1120.0,1,1120.0
SO70083,10036,173,2013-11-04,2013-11-11,2013-11-16,1120.0,1,1120.0
SO70084,9980,172,2013-11-04,2013-11-11,2013-11-16,1120.0,1,1120.0
SO70084,9980,173,2013-11-04,2013-11-11,2013-11-16,1120.0,1,1120.0
SO70085,5568,351,2013-11-04,2013-11-11,2013-11-16,2384.0,1,2384.0
SO70086,1130,353,2013-11-04,2013-11-11,2013-11-16,2384.0,1,2384.0
SO70087,48,356,2013-11-04,2013-11-11,2013-11-16,742.0,1,742.0
SO70088,15354,372,2013-11-04,2013-11-11,2013-11-16,1701.0,1,1701.0
SO70089,10948,166,2013-11-05,2013-11-12,2013-11-17,2443.0,1,2443.0
SO70089,10948,167,2013-11-05,2013-11-12,2013-11-17,2443.0,1,2443.0
SO70090,1145,273,2013-11-05,2013-11-12,2013-11-17,8.0,1,8.0
SO70091,6229,328,2013-11-05,2013-11-12,2013-11-17,25.0,1,25.0
SO70092,2983,324,2013-11-05,2013-11-12,2013-11-17,25.0,1,25.0
SO70093,8089,274,2013-11-05,2013-11-12,2013-11-17,22.0,1,22.0
SO70094,9620,317,2013-11-05,2013-11-12,2013-11-17,5.0,1,5.0
SO70095,9224,318,2013-11-05,2013-11-12,2013-11-17,4.0,1,4.0
SO70096,16148,263,2013-11-05,2013-11-12,2013-11-17,70.0,1,70.0
SO70097,18297,267,2013-11-05,2013-11-12,2013-11-17,10.0,1,10.0
SO70098,8313,388,2013-11-05,2013-11-12,2013-11-17,540.0,1,540.0
SO70099,806,280,2013-11-05,2013-11-12,2013-11-17,54.0,1,54.0
SO70100,1100,12,2013-11-05,2013-11-12,2013-11-17,9.0,1,9.0
SO70100,1100,13,2013-11-05,2013-11-12,2013-11-17,9.0,1,9.0
SO70100,1100,14,2013-11-05,2013-11-12,2013-11-17,9.0,1,9.0
SO70101,17966,328,2013-11-05,2013-11-12,2013-11-17,25.0,1,25.0
SO70102,17971,318,2013-11-05,2013-11-12,2013-11-17,4.0,1,4.0
SO70103,224,269,2013-11-05,2013-11-12,2013-11-17,2.0,1,2.0
SO70104,332,319,2013-11-05,2013-11-12,2013-11-17,5.0,1,5.0
SO70105,4762,330,2013-11-05,2013-11-12,2013-11-17,29.0,1,29.0
SO70106,16463,327,2013-11-05,2013-11-12,2013-11-17,21.0,1,21.0
SO70107,15040,324,2013-11-05,2013-11-12,2013-11-17,25.0,1,25.0
SO70108,15649,324,2013-11-05,2013-11-12,2013-11-17,25.0,1,25.0
SO70109,14875,329,2013-11-05,2013-11-12,2013-11-17,33.0,1,33.0
SO70110,12195,325,2013-11-05,2013-11-12,2013-11-17,30.0,1,30.0
SO70111,1973,325,2013-11-05,2013-11-12,2013-11-17,30.0,1,30.0
SO70112,8201,317,2013-11-05,2013-11-12,2013-11-17,5.0,1,5.0
SO70113,3659,267,2013-11-05,2013-11-12,2013-11-17,10.0,1,10.0
SO70114,8018,265,2013-11-05,2013-11-12,2013-11-17,70.0,1,70.0
SO70115,7880,265,2013-11-05,2013-11-12,2013-11-17,70.0,1,70.0
SO70116,6491,266,2013-11-05,2013-11-12,2013-11-17,5.0,1,5.0
SO70117,6470,266,2013-11-05,2013-11-12,2013-11-17,5.0,1,5.0
SO70118,6147,266,2013-11-05,2013-11-12,2013-11-17,5.0,1,5.0
SO70119,5132,317,2013-11-05,2013-11-12,2013-11-17,5.0,1,5.0
SO70120,4899,317,2013-11-05,2013-11-12,2013-11-17,5.0,1,5.0
SO70121,5592,263,2013-11-05,2013-11-12,2013-11-17,70.0,1,70.0
SO70122,5579,326,2013-11-05,2013-11-12,2013-11-17,35.0,1,35.0
SO70123,17452,12,2013-11-05,2013-11-12,2013-11-17,9.0,1,9.0
SO70123,17452,13,2013-11-05,2013-11-12,2013-11-17,9.0,1,9.0
SO70123,17452,14,2013-11-05,2013-11-12,2013-11-17,9.0,1,9.0
SO70124,10095,327,2013-11-05,2013-11-12,2013-11-17,21.0,1,21.0
SO70125,15367,318,2013-11-05,2013-11-12,2013-11-17,4.0,1,4.0
SO70126,788,326,2013-11-05,2013-11-12,2013-11-17,35.0,1,35.0
SO70127,1094,326,2013-11-05,2013-11-12,2013-11-17,35.0,1,35.0
SO70128,1120,326,2013-11-05,2013-11-12,2013-11-17,35.0,1,35.0
SO70129,1427,326,2013-11-05,2013-11-12,2013-11-17,35.0,1,35.0
SO70130,3023,387,2013-11-05,2013-11-12,2013-11-17,540.0,1,540.0
SO70131,5139,380,2013-11-05,2013-11-12,2013-11-17,565.0,1,565.0
SO70132,5124,381,2013-11-05,2013-11-12,2013-11-17,565.0,1,565.0
SO70133,9183,143,2013-11-05,2013-11-12,2013-11-17,2320.0,1,2320.0
SO70133,9183,144,2013-11-05,2013-11-12,2013-11-17,2320.0,1,2320.0
SO70134,7076,141,2013-11-05,2013-11-12,2013-11-17,2320.0,1,2320.0
SO70134,7076,142,2013-11-05,2013-11-12,2013-11-17,2320.0,1,2320.0
SO70135,6624,151,2013-11-05,2013-11-12,2013-11-17,2295.0,1,2295.0
SO70135,6624,152,2013-11-05,2013-11-12,2013-11-17,2295.0,1,2295.0
SO70136,6544,147,2013-11-05,2013-11-12,2013-11-17,2295.0,1,2295.0
SO70136,6544,148,2013-11-05,2013-11-12,2013-11-17,2295.0,1,2295.0
SO70137,6545,143,2013-11-05,2013-11-12,2013-11-17,2320.0,1,2320.0
SO70137,6545,144,2013-11-05,2013-11-12,2013-11-17,2320.0,1,2320.0
SO70138,4291,379,2013-11-05,2013-11-12,2013-11-17,769.0,1,769.0
SO70139,2058,376,2013-11-05,2013-11-12,2013-11-17,769.0,1,769.0
SO70140,7225,141,2013-11-05,2013-11-12,2013-11-17,2320.0,1,2320.0
SO70140,7225,142,2013-11-05,2013-11-12,2013-11-17,2320.0,1,2320.0
SO70141,7226,151,2013-11-05,2013-11-12,2013-11-17,2295.0,1,2295.0
SO70141,7226,152,2013-11-05,2013-11-12,2013-11-17,2295.0,1,2295.0
SO70142,9376,149,2013-11-05,2013-11-12,2013-11-17,2295.0,1,2295.0
SO70142,9376,150,2013-11-05,2013-11-12,2013-11-17,2295.0,1,2295.0
SO70143,8706,141,2013-11-05,2013-11-12,2013-11-17,2320.0,1,2320.0
SO70143,8706,142,2013-11-05,2013-11-12,2013-11-17,2320.0,1,2320.0
SO70144,2155,151,2013-11-05,2013-11-12,2013-11-17,2295.0,1,2295.0
SO70144,2155,152,2013-11-05,2013-11-12,2013-11-17,2295.0,1,2295.0
SO70145,6177,145,2013-11-05,2013-11-12,2013-11-17,2320.0,1,2320.0
SO70145,6177,146,2013-11-05,2013-11-12,2013-11-17,2320.0,1,2320.0
SO70146,497,366,2013-11-05,2013-11-12,2013-11-17,1215.0,1,1215.0
SO70147,6835,374,2013-11-05,2013-11-12,2013-11-17,742.0,1,742.0
SO70148,11181,164,2013-11-05,2013-11-12,2013-11-17,2443.0,1,2443.0
SO70148,11181,165,2013-11-05,2013-11-12,2013-11-17,2443.0,1,2443.0
SO70149,11910,371,2013-11-05,2013-11-12,2013-11-17,1701.0,1,1701.0
SO70150,14919,394,2013-11-05,2013-11-12,2013-11-17,540.0,1,540.0
SO70151,6295,378,2013-11-05,2013-11-12,2013-11-17,769.0,1,769.0
SO70152,5159,141,2013-11-05,2013-11-12,2013-11-17,2320.0,1,2320.0
SO70152,5159,142,2013-11-05,2013-11-12,2013-11-17,2320.0,1,2320.0
SO70153,4723,145,2013-11-05,2013-11-12,2013-11-17,2320.0,1,2320.0
SO70153,4723,146,2013-11-05,2013-11-12,2013-11-17,2320.0,1,2320.0
SO70154,15235,349,2013-11-05,2013-11-12,2013-11-17,1215.0,1,1215.0
SO70155,12861,12,2013-11-05,2013-11-12,2013-11-17,9.0,1,9.0
SO70155,12861,13,2013-11-05,2013-11-12,2013-11-17,9.0,1,9.0
SO70155,12861,14,2013-11-05,2013-11-12,2013-11-17,9.0,1,9.0
SO70156,12585,393,2013-11-05,2013-11-12,2013-11-17,540.0,1,540.0
SO70157,12507,373,2013-11-05,2013-11-12,2013-11-17,540.0,1,540.0
SO70158,10712,176,2013-11-05,2013-11-12,2013-11-17,1120.0,1,1120.0
SO70158,10712,177,2013-11-05,2013-11-12,2013-11-17,1120.0,1,1120.0
SO70159,10600,174,2013-11-05,2013-11-12,2013-11-17,1120.0,1,1120.0
SO70159,10600,175,2013-11-05,2013-11-12,2013-11-17,1120.0,1,1120.0
SO70160,14468,172,2013-11-05,2013-11-12,2013-11-17,1120.0,1,1120.0
SO70160,14468,173,2013-11-05,2013-11-12,2013-11-17,1120.0,1,1120.0
SO70161,2266,373,2013-11-05,2013-11-12,2013-11-17,540.0,1,540.0
SO70162,5566,364,2013-11-05,2013-11-12,2013-11-17,2384.0,1,2384.0
SO70163,34,374,2013-11-05,2013-11-12,2013-11-17,742.0,1,742.0
SO70164,3682,375,2013-11-05,2013-11-12,2013-11-17,742.0,1,742.0
SO70165,14945,395,2013-11-05,2013-11-12,2013-11-17,540.0,1,540.0
SO70166,1667,324,2013-11-06,2013-11-13,2013-11-18,25.0,1,25.0
SO70167,3230,328,2013-11-06,2013-11-13,2013-11-18,25.0,1,25.0
SO70168,2049,264,2013-11-06,2013-11-13,2013-11-18,70.0,1,70.0
SO70169,2641,318,2013-11-06,2013-11-13,2013-11-18,4.0,1,4.0
SO70170,8576,319,2013-11-06,2013-11-13,2013-11-18,5.0,1,5.0
SO70171,9561,141,2013-11-06,2013-11-13,2013-11-18,2320.0,1,2320.0
SO70171,9561,142,2013-11-06,2013-11-13,2013-11-18,2320.0,1,2320.0
SO70172,1718,151,2013-11-06,2013-11-13,2013-11-18,2295.0,1,2295.0
SO70172,1718,152,2013-11-06,2013-11-13,2013-11-18,2295.0,1,2295.0
SO70173,8944,145,2013-11-06,2013-11-13,2013-11-18,2320.0,1,2320.0
SO70173,8944,146,2013-11-06,2013-11-13,2013-11-18,2320.0,1,2320.0
SO70174,17976,318,2013-11-06,2013-11-13,2013-11-18,4.0,1,4.0
SO70175,620,319,2013-11-06,2013-11-13,2013-11-18,5.0,1,5.0
SO70176,278,329,2013-11-06,2013-11-13,2013-11-18,33.0,1,33.0
SO70177,12153,317,2013-11-06,2013-11-13,2013-11-18,5.0,1,5.0
SO70178,8001,325,2013-11-06,2013-11-13,2013-11-18,30.0,1,30.0
SO70179,11327,325,2013-11-06,2013-11-13,2013-11-18,30.0,1,30.0
SO70180,11980,267,2013-11-06,2013-11-13,2013-11-18,10.0,1,10.0
SO70181,12276,266,2013-11-06,2013-11-13,2013-11-18,5.0,1,5.0
SO70182,7822,264,2013-11-06,2013-11-13,2013-11-18,70.0,1,70.0
SO70183,17122,265,2013-11-06,2013-11-13,2013-11-18,70.0,1,70.0
SO70184,7409,266,2013-11-06,2013-11-13,2013-11-18,5.0,1,5.0
SO70185,18105,265,2013-11-06,2013-11-13,2013-11-18,70.0,1,70.0
SO70186,8116,264,2013-11-06,2013-11-13,2013-11-18,70.0,1,70.0
SO70187,7995,264,2013-11-06,2013-11-13,2013-11-18,70.0,1,70.0
SO70188,14197,266,2013-11-06,2013-11-13,2013-11-18,5.0,1,5.0
SO70189,5651,266,2013-11-06,2013-11-13,2013-11-18,5.0,1,5.0
SO70190,18232,266,2013-11-06,2013-11-13,2013-11-18,5.0,1,5.0
SO70191,12489,317,2013-11-06,2013-11-13,2013-11-18,5.0,1,5.0
SO70192,3252,274,2013-11-06,2013-11-13,2013-11-18,22.0,1,22.0
SO70193,2933,274,2013-11-06,2013-11-13,2013-11-18,22.0,1,22.0
SO70194,5059,274,2013-11-06,2013-11-13,2013-11-18,22.0,1,22.0
SO70195,2656,274,2013-11-06,2013-11-13,2013-11-18,22.0,1,22.0
SO70196,8082,324,2013-11-06,2013-11-13,2013-11-18,25.0,1,25.0
SO70197,13579,327,2013-11-06,2013-11-13,2013-11-18,21.0,1,21.0
SO70198,8180,266,2013-11-06,2013-11-13,2013-11-18,5.0,1,5.0
SO70199,9957,318,2013-11-06,2013-11-13,2013-11-18,4.0,1,4.0
SO70200,11659,330,2013-11-06,2013-11-13,2013-11-18,29.0,1,29.0
SO70201,16887,319,2013-11-06,2013-11-13,2013-11-18,5.0,1,5.0
SO70202,16951,319,2013-11-06,2013-11-13,2013-11-18,5.0,1,5.0
SO70203,92,326,2013-11-06,2013-11-13,2013-11-18,35.0,1,35.0
SO70204,2827,319,2013-11-06,2013-11-13,2013-11-18,5.0,1,5.0
SO70205,729,317,2013-11-06,2013-11-13,2013-11-18,5.0,1,5.0
SO70206,842,317,2013-11-06,2013-11-13,2013-11-18,5.0,1,5.0
SO70207,2168,326,2013-11-06,2013-11-13,2013-11-18,35.0,1,35.0
SO70208,2074,274,2013-11-06,2013-11-13,2013-11-18,22.0,1,22.0
SO70209,2223,317,2013-11-06,2013-11-13,2013-11-18,5.0,1,5.0
SO70210,5143,389,2013-11-06,2013-11-13,2013-11-18,540.0,1,540.0
SO70211,6461,151,2013-11-06,2013-11-13,2013-11-18,2295.0,1,2295.0
SO70211,6461,152,2013-11-06,2013-11-13,2013-11-18,2295.0,1,2295.0
SO70212,6475,143,2013-11-06,2013-11-13,2013-11-18,2320.0,1,2320.0
SO70212,6475,144,2013-11-06,2013-11-13,2013-11-18,2320.0,1,2320.0
SO70213,6500,147,2013-11-06,2013-11-13,2013-11-18,2295.0,1,2295.0
SO70213,6500,148,2013-11-06,2013-11-13,2013-11-18,2295.0,1,2295.0
SO70214,6536,143,2013-11-06,2013-11-13,2013-11-18,2320.0,1,2320.0
SO70214,6536,144,2013-11-06,2013-11-13,2013-11-18,2320.0,1,2320.0
SO70215,4256,376,2013-11-06,2013-11-13,2013-11-18,769.0,1,769.0
SO70216,1032,378,2013-11-06,2013-11-13,2013-11-18,769.0,1,769.0
SO70217,2249,149,2013-11-06,2013-11-13,2013-11-18,2295.0,1,2295.0
SO70217,2249,150,2013-11-06,2013-11-13,2013-11-18,2295.0,1,2295.0
SO70218,1419,149,2013-11-06,2013-11-13,2013-11-18,2295.0,1,2295.0
SO70218,1419,150,2013-11-06,2013-11-13,2013-11-18,2295.0,1,2295.0
SO70219,7951,149,2013-11-06,2013-11-13,2013-11-18,2295.0,1,2295.0
SO70219,7951,150,2013-11-06,2013-11-13,2013-11-18,2295.0,1,2295.0
SO70220,6137,147,2013-11-06,2013-11-13,2013-11-18,2295.0,1,2295.0
SO70220,6137,148,2013-11-06,2013-11-13,2013-11-18,2295.0,1,2295.0
SO70221,6157,151,2013-11-06,2013-11-13,2013-11-18,2295.0,1,2295.0
SO70221,6157,152,2013-11-06,2013-11-13,2013-11-18,2295.0,1,2295.0
SO70222,2691,368,2013-11-06,2013-11-13,2013-11-18,1215.0,1,1215.0
SO70223,18369,350,2013-11-06,2013-11-13,2013-11-18,2384.0,1,2384.0
SO70224,15439,176,2013-11-06,2013-11-13,2013-11-18,1120.0,1,1120.0
SO70224,15439,177,2013-11-06,2013-11-13,2013-11-18,1120.0,1,1120.0
SO70225,14938,395,2013-11-06,2013-11-13,2013-11-18,540.0,1,540.0
SO70226,1586,383,2013-11-06,2013-11-13,2013-11-18,565.0,1,565.0
SO70227,4757,149,2013-11-06,2013-11-13,2013-11-18,2295.0,1,2295.0
SO70227,4757,150,2013-11-06,2013-11-13,2013-11-18,2295.0,1,2295.0
SO70228,2051,149,2013-11-06,2013-11-13,2013-11-18,2295.0,1,2295.0
SO70228,2051,150,2013-11-06,2013-11-13,2013-11-18,2295.0,1,2295.0
SO70229,192,356,2013-11-06,2013-11-13,2013-11-18,742.0,1,742.0
SO70230,15242,367,2013-11-06,2013-11-13,2013-11-18,1215.0,1,1215.0
SO70231,83,356,2013-11-06,2013-11-13,2013-11-18,742.0,1,742.0
SO70232,16569,350,2013-11-06,2013-11-13,2013-11-18,2384.0,1,2384.0
SO70233,17065,352,2013-11-06,2013-11-13,2013-11-18,2384.0,1,2384.0
SO70234,16624,363,2013-11-06,2013-11-13,2013-11-18,2384.0,1,2384.0
SO70235,16670,365,2013-11-06,2013-11-13,2013-11-18,2384.0,1,2384.0
SO70236,11902,351,2013-11-06,2013-11-13,2013-11-18,2384.0,1,2384.0
SO70237,12836,395,2013-11-06,2013-11-13,2013-11-18,540.0,1,540.0
SO70238,10923,172,2013-11-06,2013-11-13,2013-11-18,1120.0,1,1120.0
SO70238,10923,173,2013-11-06,2013-11-13,2013-11-18,1120.0,1,1120.0
SO70239,9652,174,2013-11-06,2013-11-13,2013-11-18,1120.0,1,1120.0
SO70239,9652,175,2013-11-06,2013-11-13,2013-11-18,1120.0,1,1120.0
SO70240,10607,174,2013-11-06,2013-11-13,2013-11-18,1120.0,1,1120.0
SO70240,10607,175,2013-11-06,2013-11-13,2013-11-18,1120.0,1,1120.0
SO70241,7801,371,2013-11-06,2013-11-13,2013-11-18,1701.0,1,1701.0
SO70242,10594,176,2013-11-06,2013-11-13,2013-11-18,1120.0,1,1120.0
SO70242,10594,177,2013-11-06,2013-11-13,2013-11-18,1120.0,1,1120.0
SO70243,10595,178,2013-11-06,2013-11-13,2013-11-18,1120.0,1,1120.0
SO70243,10595,179,2013-11-06,2013-11-13,2013-11-18,1120.0,1,1120.0
SO70244,14489,174,2013-11-06,2013-11-13,2013-11-18,1120.0,1,1120.0
SO70244,14489,175,2013-11-06,2013-11-13,2013-11-18,1120.0,1,1120.0
SO70245,16763,393,2013-11-06,2013-11-13,2013-11-18,540.0,1,540.0
SO70246,4121,375,2013-11-06,2013-11-13,2013-11-18,742.0,1,742.0
SO70247,18300,373,2013-11-06,2013-11-13,2013-11-18,540.0,1,540.0
SO70248,8290,371,2013-11-07,2013-11-14,2013-11-19,1701.0,1,1701.0
SO70249,1410,272,2013-11-07,2013-11-14,2013-11-19,120.0,1,120.0
SO70250,951,9,2013-11-07,2013-11-14,2013-11-19,35.0,1,35.0
SO70250,951,10,2013-11-07,2013-11-14,2013-11-19,35.0,1,35.0
SO70250,951,11,2013-11-07,2013-11-14,2013-11-19,35.0,1,35.0
SO70251,149,317,2013-11-07,2013-11-14,2013-11-19,5.0,1,5.0
SO70252,7764,279,2013-11-07,2013-11-14,2013-11-19,54.0,1,54.0
SO70253,17311,319,2013-11-07,2013-11-14,2013-11-19,5.0,1,5.0
SO70254,372,24,2013-11-07,2013-11-14,2013-11-19,50.0,1,50.0
SO70254,372,25,2013-11-07,2013-11-14,2013-11-19,50.0,1,50.0
SO70254,372,26,2013-11-07,2013-11-14,2013-11-19,50.0,1,50.0
SO70255,5446,379,2013-11-07,2013-11-14,2013-11-19,769.0,1,769.0
SO70256,5510,379,2013-11-07,2013-11-14,2013-11-19,769.0,1,769.0
SO70257,3948,149,2013-11-07,2013-11-14,2013-11-19,2295.0,1,2295.0
SO70257,3948,150,2013-11-07,2013-11-14,2013-11-19,2295.0,1,2295.0
SO70258,8299,145,2013-11-07,2013-11-14,2013-11-19,2320.0,1,2320.0
SO70258,8299,146,2013-11-07,2013-11-14,2013-11-19,2320.0,1,2320.0
SO70259,8912,141,2013-11-07,2013-11-14,2013-11-19,2320.0,1,2320.0
SO70259,8912,142,2013-11-07,2013-11-14,2013-11-19,2320.0,1,2320.0
SO70260,9556,151,2013-11-07,2013-11-14,2013-11-19,2295.0,1,2295.0
SO70260,9556,152,2013-11-07,2013-11-14,2013-11-19,2295.0,1,2295.0
SO70261,17801,328,2013-11-07,2013-11-14,2013-11-19,25.0,1,25.0
SO70262,18078,318,2013-11-07,2013-11-14,2013-11-19,4.0,1,4.0
SO70263,16032,319,2013-11-07,2013-11-14,2013-11-19,5.0,1,5.0
SO70264,92,329,2013-11-07,2013-11-14,2013-11-19,33.0,1,33.0
SO70265,13510,329,2013-11-07,2013-11-14,2013-11-19,33.0,1,33.0
SO70266,1432,325,2013-11-07,2013-11-14,2013-11-19,30.0,1,30.0
SO70267,11741,325,2013-11-07,2013-11-14,2013-11-19,30.0,1,30.0
SO70268,9433,267,2013-11-07,2013-11-14,2013-11-19,10.0,1,10.0
SO70269,1920,267,2013-11-07,2013-11-14,2013-11-19,10.0,1,10.0
SO70270,6540,265,2013-11-07,2013-11-14,2013-11-19,70.0,1,70.0
SO70271,7941,12,2013-11-07,2013-11-14,2013-11-19,9.0,1,9.0
SO70271,7941,13,2013-11-07,2013-11-14,2013-11-19,9.0,1,9.0
SO70271,7941,14,2013-11-07,2013-11-14,2013-11-19,9.0,1,9.0
SO70272,17028,263,2013-11-07,2013-11-14,2013-11-19,70.0,1,70.0
SO70273,7398,266,2013-11-07,2013-11-14,2013-11-19,5.0,1,5.0
SO70274,6529,266,2013-11-07,2013-11-14,2013-11-19,5.0,1,5.0
SO70275,4737,317,2013-11-07,2013-11-14,2013-11-19,5.0,1,5.0
SO70276,12363,317,2013-11-07,2013-11-14,2013-11-19,5.0,1,5.0
SO70277,10545,324,2013-11-07,2013-11-14,2013-11-19,25.0,1,25.0
SO70278,6644,317,2013-11-07,2013-11-14,2013-11-19,5.0,1,5.0
SO70279,6879,325,2013-11-07,2013-11-14,2013-11-19,30.0,1,30.0
SO70280,16828,318,2013-11-07,2013-11-14,2013-11-19,4.0,1,4.0
SO70281,11455,266,2013-11-07,2013-11-14,2013-11-19,5.0,1,5.0
SO70282,16850,319,2013-11-07,2013-11-14,2013-11-19,5.0,1,5.0
SO70283,17921,319,2013-11-07,2013-11-14,2013-11-19,5.0,1,5.0
SO70284,511,326,2013-11-07,2013-11-14,2013-11-19,35.0,1,35.0
SO70285,160,317,2013-11-07,2013-11-14,2013-11-19,5.0,1,5.0
SO70286,1959,326,2013-11-07,2013-11-14,2013-11-19,35.0,1,35.0
SO70287,522,317,2013-11-07,2013-11-14,2013-11-19,5.0,1,5.0
SO70288,2343,274,2013-11-07,2013-11-14,2013-11-19,22.0,1,22.0
SO70289,391,268,2013-11-07,2013-11-14,2013-11-19,9.0,1,9.0
SO70290,4288,376,2013-11-07,2013-11-14,2013-11-19,769.0,1,769.0
SO70291,7114,145,2013-11-07,2013-11-14,2013-11-19,2320.0,1,2320.0
SO70291,7114,146,2013-11-07,2013-11-14,2013-11-19,2320.0,1,2320.0
SO70292,2401,151,2013-11-07,2013-11-14,2013-11-19,2295.0,1,2295.0
SO70292,2401,152,2013-11-07,2013-11-14,2013-11-19,2295.0,1,2295.0
SO70293,7354,149,2013-11-07,2013-11-14,2013-11-19,2295.0,1,2295.0
SO70293,7354,150,2013-11-07,2013-11-14,2013-11-19,2295.0,1,2295.0
SO70294,6002,143,2013-11-07,2013-11-14,2013-11-19,2320.0,1,2320.0
SO70294,6002,144,2013-11-07,2013-11-14,2013-11-19,2320.0,1,2320.0
SO70295,2360,151,2013-11-07,2013-11-14,2013-11-19,2295.0,1,2295.0
SO70295,2360,152,2013-11-07,2013-11-14,2013-11-19,2295.0,1,2295.0
SO70296,2744,151,2013-11-07,2013-11-14,2013-11-19,2295.0,1,2295.0
SO70296,2744,152,2013-11-07,2013-11-14,2013-11-19,2295.0,1,2295.0
SO70297,6140,149,2013-11-07,2013-11-14,2013-11-19,2295.0,1,2295.0
SO70297,6140,150,2013-11-07,2013-11-14,2013-11-19,2295.0,1,2295.0
SO70298,15153,172,2013-11-07,2013-11-14,2013-11-19,1120.0,1,1120.0
SO70298,15153,173,2013-11-07,2013-11-14,2013-11-19,1120.0,1,1120.0
SO70299,172,359,2013-11-07,2013-11-14,2013-11-19,742.0,1,742.0
SO70300,13285,367,2013-11-07,2013-11-14,2013-11-19,1215.0,1,1215.0
SO70301,16575,353,2013-11-07,2013-11-14,2013-11-19,2384.0,1,2384.0
SO70302,15002,367,2013-11-07,2013-11-14,2013-11-19,1215.0,1,1215.0
SO70303,16921,364,2013-11-07,2013-11-14,2013-11-19,2384.0,1,2384.0
SO70304,10639,178,2013-11-07,2013-11-14,2013-11-19,1120.0,1,1120.0
SO70304,10639,179,2013-11-07,2013-11-14,2013-11-19,1120.0,1,1120.0
SO70305,3884,174,2013-11-07,2013-11-14,2013-11-19,1120.0,1,1120.0
SO70305,3884,175,2013-11-07,2013-11-14,2013-11-19,1120.0,1,1120.0
SO70306,7646,369,2013-11-07,2013-11-14,2013-11-19,1701.0,1,1701.0
SO70307,14554,170,2013-11-07,2013-11-14,2013-11-19,1120.0,1,1120.0
SO70307,14554,171,2013-11-07,2013-11-14,2013-11-19,1120.0,1,1120.0
SO70308,1293,394,2013-11-07,2013-11-14,2013-11-19,540.0,1,540.0
SO70309,2617,353,2013-11-07,2013-11-14,2013-11-19,2384.0,1,2384.0
SO70310,14940,395,2013-11-07,2013-11-14,2013-11-19,540.0,1,540.0
SO70311,18314,393,2013-11-07,2013-11-14,2013-11-19,540.0,1,540.0
SO70312,1147,273,2013-11-08,2013-11-15,2013-11-20,8.0,1,8.0
SO70313,1998,324,2013-11-08,2013-11-15,2013-11-20,25.0,1,25.0
SO70314,3318,328,2013-11-08,2013-11-15,2013-11-20,25.0,1,25.0
SO70315,7192,262,2013-11-08,2013-11-15,2013-11-20,64.0,1,64.0
SO70316,1998,330,2013-11-08,2013-11-15,2013-11-20,29.0,1,29.0
SO70317,9923,166,2013-11-08,2013-11-15,2013-11-20,2443.0,1,2443.0
SO70317,9923,167,2013-11-08,2013-11-15,2013-11-20,2443.0,1,2443.0
SO70318,11448,379,2013-11-08,2013-11-15,2013-11-20,769.0,1,769.0
SO70319,5453,376,2013-11-08,2013-11-15,2013-11-20,769.0,1,769.0
SO70320,8932,145,2013-11-08,2013-11-15,2013-11-20,2320.0,1,2320.0
SO70320,8932,146,2013-11-08,2013-11-15,2013-11-20,2320.0,1,2320.0
SO70321,8918,141,2013-11-08,2013-11-15,2013-11-20,2320.0,1,2320.0
SO70321,8918,142,2013-11-08,2013-11-15,2013-11-20,2320.0,1,2320.0
SO70322,1818,145,2013-11-08,2013-11-15,2013-11-20,2320.0,1,2320.0
SO70322,1818,146,2013-11-08,2013-11-15,2013-11-20,2320.0,1,2320.0
SO70323,3834,149,2013-11-08,2013-11-15,2013-11-20,2295.0,1,2295.0
SO70323,3834,150,2013-11-08,2013-11-15,2013-11-20,2295.0,1,2295.0
SO70324,8259,12,2013-11-08,2013-11-15,2013-11-20,9.0,1,9.0
SO70324,8259,13,2013-11-08,2013-11-15,2013-11-20,9.0,1,9.0
SO70324,8259,14,2013-11-08,2013-11-15,2013-11-20,9.0,1,9.0
SO70325,319,269,2013-11-08,2013-11-15,2013-11-20,2.0,1,2.0
SO70326,2268,324,2013-11-08,2013-11-15,2013-11-20,25.0,1,25.0
SO70327,277,319,2013-11-08,2013-11-15,2013-11-20,5.0,1,5.0
SO70328,13411,329,2013-11-08,2013-11-15,2013-11-20,33.0,1,33.0
SO70329,201,329,2013-11-08,2013-11-15,2013-11-20,33.0,1,33.0
SO70330,14084,329,2013-11-08,2013-11-15,2013-11-20,33.0,1,33.0
SO70331,2937,266,2013-11-08,2013-11-15,2013-11-20,5.0,1,5.0
SO70332,1159,325,2013-11-08,2013-11-15,2013-11-20,30.0,1,30.0
SO70333,6348,325,2013-11-08,2013-11-15,2013-11-20,30.0,1,30.0
SO70334,7537,266,2013-11-08,2013-11-15,2013-11-20,5.0,1,5.0
SO70335,8666,264,2013-11-08,2013-11-15,2013-11-20,70.0,1,70.0
SO70336,7083,266,2013-11-08,2013-11-15,2013-11-20,5.0,1,5.0
SO70337,7341,266,2013-11-08,2013-11-15,2013-11-20,5.0,1,5.0
SO70338,4336,317,2013-11-08,2013-11-15,2013-11-20,5.0,1,5.0
SO70339,9772,253,2013-11-08,2013-11-15,2013-11-20,24.0,1,24.0
SO70339,9772,254,2013-11-08,2013-11-15,2013-11-20,24.0,1,24.0
SO70340,10296,274,2013-11-08,2013-11-15,2013-11-20,22.0,1,22.0
SO70341,4714,329,2013-11-08,2013-11-15,2013-11-20,33.0,1,33.0
SO70342,9142,318,2013-11-08,2013-11-15,2013-11-20,4.0,1,4.0
SO70343,15398,266,2013-11-08,2013-11-15,2013-11-20,5.0,1,5.0
SO70344,1627,330,2013-11-08,2013-11-15,2013-11-20,29.0,1,29.0
SO70345,16831,318,2013-11-08,2013-11-15,2013-11-20,4.0,1,4.0
SO70346,2676,330,2013-11-08,2013-11-15,2013-11-20,29.0,1,29.0
SO70347,5402,319,2013-11-08,2013-11-15,2013-11-20,5.0,1,5.0
SO70348,4873,274,2013-11-08,2013-11-15,2013-11-20,22.0,1,22.0
SO70349,2400,149,2013-11-08,2013-11-15,2013-11-20,2295.0,1,2295.0
SO70349,2400,150,2013-11-08,2013-11-15,2013-11-20,2295.0,1,2295.0
SO70350,8845,143,2013-11-08,2013-11-15,2013-11-20,2320.0,1,2320.0
SO70350,8845,144,2013-11-08,2013-11-15,2013-11-20,2320.0,1,2320.0
SO70351,7233,147,2013-11-08,2013-11-15,2013-11-20,2295.0,1,2295.0
SO70351,7233,148,2013-11-08,2013-11-15,2013-11-20,2295.0,1,2295.0
SO70352,6010,147,2013-11-08,2013-11-15,2013-11-20,2295.0,1,2295.0
SO70352,6010,148,2013-11-08,2013-11-15,2013-11-20,2295.0,1,2295.0
SO70353,2213,145,2013-11-08,2013-11-15,2013-11-20,2320.0,1,2320.0
SO70353,2213,146,2013-11-08,2013-11-15,2013-11-20,2320.0,1,2320.0
SO70354,2362,143,2013-11-08,2013-11-15,2013-11-20,2320.0,1,2320.0
SO70354,2362,144,2013-11-08,2013-11-15,2013-11-20,2320.0,1,2320.0
SO70355,2215,143,2013-11-08,2013-11-15,2013-11-20,2320.0,1,2320.0
SO70355,2215,144,2013-11-08,2013-11-15,2013-11-20,2320.0,1,2320.0
SO70356,10988,160,2013-11-08,2013-11-15,2013-11-20,2443.0,1,2443.0
SO70356,10988,161,2013-11-08,2013-11-15,2013-11-20,2443.0,1,2443.0
SO70357,11182,162,2013-11-08,2013-11-15,2013-11-20,2443.0,1,2443.0
SO70357,11182,163,2013-11-08,2013-11-15,2013-11-20,2443.0,1,2443.0
SO70358,4647,372,2013-11-08,2013-11-15,2013-11-20,1701.0,1,1701.0
SO70359,1590,385,2013-11-08,2013-11-15,2013-11-20,540.0,1,540.0
SO70360,4756,143,2013-11-08,2013-11-15,2013-11-20,2320.0,1,2320.0
SO70360,4756,144,2013-11-08,2013-11-15,2013-11-20,2320.0,1,2320.0
SO70361,4718,141,2013-11-08,2013-11-15,2013-11-20,2320.0,1,2320.0
SO70361,4718,142,2013-11-08,2013-11-15,2013-11-20,2320.0,1,2320.0
SO70362,84,361,2013-11-08,2013-11-15,2013-11-20,742.0,1,742.0
SO70363,15239,349,2013-11-08,2013-11-15,2013-11-20,1215.0,1,1215.0
SO70364,16616,353,2013-11-08,2013-11-15,2013-11-20,2384.0,1,2384.0
SO70365,16571,352,2013-11-08,2013-11-15,2013-11-20,2384.0,1,2384.0
SO70366,9351,172,2013-11-08,2013-11-15,2013-11-20,1120.0,1,1120.0
SO70366,9351,173,2013-11-08,2013-11-15,2013-11-20,1120.0,1,1120.0
SO70367,9374,174,2013-11-08,2013-11-15,2013-11-20,1120.0,1,1120.0
SO70367,9374,175,2013-11-08,2013-11-15,2013-11-20,1120.0,1,1120.0
SO70368,10030,170,2013-11-08,2013-11-15,2013-11-20,1120.0,1,1120.0
SO70368,10030,171,2013-11-08,2013-11-15,2013-11-20,1120.0,1,1120.0
SO70369,17563,174,2013-11-08,2013-11-15,2013-11-20,1120.0,1,1120.0
SO70369,17563,175,2013-11-08,2013-11-15,2013-11-20,1120.0,1,1120.0
SO70370,9885,176,2013-11-08,2013-11-15,2013-11-20,1120.0,1,1120.0
SO70370,9885,177,2013-11-08,2013-11-15,2013-11-20,1120.0,1,1120.0
SO70371,12991,373,2013-11-08,2013-11-15,2013-11-20,540.0,1,540.0
SO70372,16186,394,2013-11-08,2013-11-15,2013-11-20,540.0,1,540.0
SO70373,33,359,2013-11-08,2013-11-15,2013-11-20,742.0,1,742.0
SO70374,45,361,2013-11-08,2013-11-15,2013-11-20,742.0,1,742.0
SO70375,14714,395,2013-11-08,2013-11-15,2013-11-20,540.0,1,540.0
SO70376,10957,168,2013-11-09,2013-11-16,2013-11-21,2443.0,1,2443.0
SO70376,10957,169,2013-11-09,2013-11-16,2013-11-21,2443.0,1,2443.0
SO70377,10960,162,2013-11-09,2013-11-16,2013-11-21,2443.0,1,2443.0
SO70377,10960,163,2013-11-09,2013-11-16,2013-11-21,2443.0,1,2443.0
SO70378,1050,18,2013-11-09,2013-11-16,2013-11-21,50.0,1,50.0
SO70378,1050,19,2013-11-09,2013-11-16,2013-11-21,50.0,1,50.0
SO70378,1050,20,2013-11-09,2013-11-16,2013-11-21,50.0,1,50.0
SO70379,5683,325,2013-11-09,2013-11-16,2013-11-21,30.0,1,30.0
SO70380,6906,318,2013-11-09,2013-11-16,2013-11-21,4.0,1,4.0
SO70381,14247,318,2013-11-09,2013-11-16,2013-11-21,4.0,1,4.0
SO70382,2125,276,2013-11-09,2013-11-16,2013-11-21,55.0,1,55.0
SO70383,3687,276,2013-11-09,2013-11-16,2013-11-21,55.0,1,55.0
SO70384,3825,379,2013-11-09,2013-11-16,2013-11-21,769.0,1,769.0
SO70385,11510,379,2013-11-09,2013-11-16,2013-11-21,769.0,1,769.0
SO70386,3938,149,2013-11-09,2013-11-16,2013-11-21,2295.0,1,2295.0
SO70386,3938,150,2013-11-09,2013-11-16,2013-11-21,2295.0,1,2295.0
SO70387,8197,143,2013-11-09,2013-11-16,2013-11-21,2320.0,1,2320.0
SO70387,8197,144,2013-11-09,2013-11-16,2013-11-21,2320.0,1,2320.0
SO70388,747,1,2013-11-09,2013-11-16,2013-11-21,35.0,1,35.0
SO70388,747,2,2013-11-09,2013-11-16,2013-11-21,35.0,1,35.0
SO70388,747,3,2013-11-09,2013-11-16,2013-11-21,35.0,1,35.0
SO70389,16039,319,2013-11-09,2013-11-16,2013-11-21,5.0,1,5.0
SO70390,16733,327,2013-11-09,2013-11-16,2013-11-21,21.0,1,21.0
SO70391,16237,330,2013-11-09,2013-11-16,2013-11-21,29.0,1,29.0
SO70392,15240,317,2013-11-09,2013-11-16,2013-11-21,5.0,1,5.0
SO70393,6339,324,2013-11-09,2013-11-16,2013-11-21,25.0,1,25.0
SO70394,11891,317,2013-11-09,2013-11-16,2013-11-21,5.0,1,5.0
SO70395,5072,267,2013-11-09,2013-11-16,2013-11-21,10.0,1,10.0
SO70396,502,264,2013-11-09,2013-11-16,2013-11-21,70.0,1,70.0
SO70397,9289,265,2013-11-09,2013-11-16,2013-11-21,70.0,1,70.0
SO70398,8399,264,2013-11-09,2013-11-16,2013-11-21,70.0,1,70.0
SO70399,7811,264,2013-11-09,2013-11-16,2013-11-21,70.0,1,70.0
SO70400,13638,266,2013-11-09,2013-11-16,2013-11-21,5.0,1,5.0
SO70401,6118,266,2013-11-09,2013-11-16,2013-11-21,5.0,1,5.0
SO70402,7663,266,2013-11-09,2013-11-16,2013-11-21,5.0,1,5.0
SO70403,12135,317,2013-11-09,2013-11-16,2013-11-21,5.0,1,5.0
SO70404,4249,317,2013-11-09,2013-11-16,2013-11-21,5.0,1,5.0
SO70405,2835,274,2013-11-09,2013-11-16,2013-11-21,22.0,1,22.0
SO70406,6206,326,2013-11-09,2013-11-16,2013-11-21,35.0,1,35.0
SO70407,6205,317,2013-11-09,2013-11-16,2013-11-21,5.0,1,5.0
SO70408,3964,266,2013-11-09,2013-11-16,2013-11-21,5.0,1,5.0
SO70409,6651,318,2013-11-09,2013-11-16,2013-11-21,4.0,1,4.0
SO70410,11660,318,2013-11-09,2013-11-16,2013-11-21,4.0,1,4.0
SO70411,13140,318,2013-11-09,2013-11-16,2013-11-21,4.0,1,4.0
SO70412,3809,319,2013-11-09,2013-11-16,2013-11-21,5.0,1,5.0
SO70413,15836,330,2013-11-09,2013-11-16,2013-11-21,29.0,1,29.0
SO70414,14516,319,2013-11-09,2013-11-16,2013-11-21,5.0,1,5.0
SO70415,628,326,2013-11-09,2013-11-16,2013-11-21,35.0,1,35.0
SO70416,723,317,2013-11-09,2013-11-16,2013-11-21,5.0,1,5.0
SO70417,640,326,2013-11-09,2013-11-16,2013-11-21,35.0,1,35.0
SO70418,973,317,2013-11-09,2013-11-16,2013-11-21,5.0,1,5.0
SO70419,2193,274,2013-11-09,2013-11-16,2013-11-21,22.0,1,22.0
SO70420,2393,274,2013-11-09,2013-11-16,2013-11-21,22.0,1,22.0
SO70421,1872,267,2013-11-09,2013-11-16,2013-11-21,10.0,1,10.0
SO70422,5138,387,2013-11-09,2013-11-16,2013-11-21,540.0,1,540.0
SO70423,5140,387,2013-11-09,2013-11-16,2013-11-21,540.0,1,540.0
SO70424,6459,149,2013-11-09,2013-11-16,2013-11-21,2295.0,1,2295.0
SO70424,6459,150,2013-11-09,2013-11-16,2013-11-21,2295.0,1,2295.0
SO70425,6462,141,2013-11-09,2013-11-16,2013-11-21,2320.0,1,2320.0
SO70425,6462,142,2013-11-09,2013-11-16,2013-11-21,2320.0,1,2320.0
SO70426,2153,143,2013-11-09,2013-11-16,2013-11-21,2320.0,1,2320.0
SO70426,2153,144,2013-11-09,2013-11-16,2013-11-21,2320.0,1,2320.0
SO70427,4339,378,2013-11-09,2013-11-16,2013-11-21,769.0,1,769.0
SO70428,7353,147,2013-11-09,2013-11-16,2013-11-21,2295.0,1,2295.0
SO70428,7353,148,2013-11-09,2013-11-16,2013-11-21,2295.0,1,2295.0
SO70429,6415,151,2013-11-09,2013-11-16,2013-11-21,2295.0,1,2295.0
SO70429,6415,152,2013-11-09,2013-11-16,2013-11-21,2295.0,1,2295.0
SO70430,6268,143,2013-11-09,2013-11-16,2013-11-21,2320.0,1,2320.0
SO70430,6268,144,2013-11-09,2013-11-16,2013-11-21,2320.0,1,2320.0
SO70431,6115,351,2013-11-09,2013-11-16,2013-11-21,2384.0,1,2384.0
SO70432,1298,365,2013-11-09,2013-11-16,2013-11-21,2384.0,1,2384.0
SO70433,15424,178,2013-11-09,2013-11-16,2013-11-21,1120.0,1,1120.0
SO70433,15424,179,2013-11-09,2013-11-16,2013-11-21,1120.0,1,1120.0
SO70434,7453,176,2013-11-09,2013-11-16,2013-11-21,1120.0,1,1120.0
SO70434,7453,177,2013-11-09,2013-11-16,2013-11-21,1120.0,1,1120.0
SO70435,2118,351,2013-11-09,2013-11-16,2013-11-21,2384.0,1,2384.0
SO70436,4230,376,2013-11-09,2013-11-16,2013-11-21,769.0,1,769.0
SO70437,4765,145,2013-11-09,2013-11-16,2013-11-21,2320.0,1,2320.0
SO70437,4765,146,2013-11-09,2013-11-16,2013-11-21,2320.0,1,2320.0
SO70438,16626,364,2013-11-09,2013-11-16,2013-11-21,2384.0,1,2384.0
SO70439,16617,352,2013-11-09,2013-11-16,2013-11-21,2384.0,1,2384.0
SO70440,12835,394,2013-11-09,2013-11-16,2013-11-21,540.0,1,540.0
SO70441,10711,393,2013-11-09,2013-11-16,2013-11-21,540.0,1,540.0
SO70442,12587,395,2013-11-09,2013-11-16,2013-11-21,540.0,1,540.0
SO70443,12850,395,2013-11-09,2013-11-16,2013-11-21,540.0,1,540.0
SO70444,6692,371,2013-11-09,2013-11-16,2013-11-21,1701.0,1,1701.0
SO70445,14313,170,2013-11-09,2013-11-16,2013-11-21,1120.0,1,1120.0
SO70445,14313,171,2013-11-09,2013-11-16,2013-11-21,1120.0,1,1120.0
SO70446,16187,393,2013-11-09,2013-11-16,2013-11-21,540.0,1,540.0
SO70447,2769,394,2013-11-09,2013-11-16,2013-11-21,540.0,1,540.0
SO70448,1300,12,2013-11-09,2013-11-16,2013-11-21,9.0,1,9.0
SO70448,1300,13,2013-11-09,2013-11-16,2013-11-21,9.0,1,9.0
SO70448,1300,14,2013-11-09,2013-11-16,2013-11-21,9.0,1,9.0
SO70449,31,355,2013-11-09,2013-11-16,2013-11-21,742.0,1,742.0
SO70450,902,362,2013-11-09,2013-11-16,2013-11-21,2384.0,1,2384.0
SO70451,2133,350,2013-11-09,2013-11-16,2013-11-21,2384.0,1,2384.0
SO70452,16978,394,2013-11-09,2013-11-16,2013-11-21,540.0,1,540.0
SO70453,959,9,2013-11-10,2013-11-17,2013-11-22,35.0,1,35.0
SO70453,959,10,2013-11-10,2013-11-17,2013-11-22,35.0,1,35.0
SO70453,959,11,2013-11-10,2013-11-17,2013-11-22,35.0,1,35.0
SO70454,2038,324,2013-11-10,2013-11-17,2013-11-22,25.0,1,25.0
SO70455,1362,324,2013-11-10,2013-11-17,2013-11-22,25.0,1,25.0
SO70456,988,324,2013-11-10,2013-11-17,2013-11-22,25.0,1,25.0
SO70457,119,317,2013-11-10,2013-11-17,2013-11-22,5.0,1,5.0
SO70458,10982,274,2013-11-10,2013-11-17,2013-11-22,22.0,1,22.0
SO70459,6523,274,2013-11-10,2013-11-17,2013-11-22,22.0,1,22.0
SO70460,14014,266,2013-11-10,2013-11-17,2013-11-22,5.0,1,5.0
SO70461,3210,275,2013-11-10,2013-11-17,2013-11-22,159.0,1,159.0
SO70462,2006,275,2013-11-10,2013-11-17,2013-11-22,159.0,1,159.0
SO70463,5706,12,2013-11-10,2013-11-17,2013-11-22,9.0,1,9.0
SO70463,5706,13,2013-11-10,2013-11-17,2013-11-22,9.0,1,9.0
SO70463,5706,14,2013-11-10,2013-11-17,2013-11-22,9.0,1,9.0
SO70464,4094,162,2013-11-10,2013-11-17,2013-11-22,2443.0,1,2443.0
SO70464,4094,163,2013-11-10,2013-11-17,2013-11-22,2443.0,1,2443.0
SO70465,3802,377,2013-11-10,2013-11-17,2013-11-22,769.0,1,769.0
SO70466,9590,147,2013-11-10,2013-11-17,2013-11-22,2295.0,1,2295.0
SO70466,9590,148,2013-11-10,2013-11-17,2013-11-22,2295.0,1,2295.0
SO70467,3847,143,2013-11-10,2013-11-17,2013-11-22,2320.0,1,2320.0
SO70467,3847,144,2013-11-10,2013-11-17,2013-11-22,2320.0,1,2320.0
SO70468,3833,147,2013-11-10,2013-11-17,2013-11-22,2295.0,1,2295.0
SO70468,3833,148,2013-11-10,2013-11-17,2013-11-22,2295.0,1,2295.0
SO70469,646,279,2013-11-10,2013-11-17,2013-11-22,54.0,1,54.0
SO70470,18032,319,2013-11-10,2013-11-17,2013-11-22,5.0,1,5.0
SO70471,16568,327,2013-11-10,2013-11-17,2013-11-22,21.0,1,21.0
SO70472,7750,327,2013-11-10,2013-11-17,2013-11-22,21.0,1,21.0
SO70473,17000,319,2013-11-10,2013-11-17,2013-11-22,5.0,1,5.0
SO70474,13937,318,2013-11-10,2013-11-17,2013-11-22,4.0,1,4.0
SO70475,15575,330,2013-11-10,2013-11-17,2013-11-22,29.0,1,29.0
SO70476,212,317,2013-11-10,2013-11-17,2013-11-22,5.0,1,5.0
SO70477,6469,325,2013-11-10,2013-11-17,2013-11-22,30.0,1,30.0
SO70478,10723,267,2013-11-10,2013-11-17,2013-11-22,10.0,1,10.0
SO70479,12260,267,2013-11-10,2013-11-17,2013-11-22,10.0,1,10.0
SO70480,9026,263,2013-11-10,2013-11-17,2013-11-22,70.0,1,70.0
SO70481,9771,267,2013-11-10,2013-11-17,2013-11-22,10.0,1,10.0
SO70482,2097,267,2013-11-10,2013-11-17,2013-11-22,10.0,1,10.0
SO70483,6181,266,2013-11-10,2013-11-17,2013-11-22,5.0,1,5.0
SO70484,6341,317,2013-11-10,2013-11-17,2013-11-22,5.0,1,5.0
SO70485,11096,274,2013-11-10,2013-11-17,2013-11-22,22.0,1,22.0
SO70486,3608,317,2013-11-10,2013-11-17,2013-11-22,5.0,1,5.0
SO70487,8045,274,2013-11-10,2013-11-17,2013-11-22,22.0,1,22.0
SO70488,14754,318,2013-11-10,2013-11-17,2013-11-22,4.0,1,4.0
SO70489,9928,325,2013-11-10,2013-11-17,2013-11-22,30.0,1,30.0
SO70490,1368,318,2013-11-10,2013-11-17,2013-11-22,4.0,1,4.0
SO70491,17446,319,2013-11-10,2013-11-17,2013-11-22,5.0,1,5.0
SO70492,3935,319,2013-11-10,2013-11-17,2013-11-22,5.0,1,5.0
SO70493,3528,319,2013-11-10,2013-11-17,2013-11-22,5.0,1,5.0
SO70494,620,326,2013-11-10,2013-11-17,2013-11-22,35.0,1,35.0
SO70495,205,326,2013-11-10,2013-11-17,2013-11-22,35.0,1,35.0
SO70496,508,326,2013-11-10,2013-11-17,2013-11-22,35.0,1,35.0
SO70497,2198,326,2013-11-10,2013-11-17,2013-11-22,35.0,1,35.0
SO70498,960,326,2013-11-10,2013-11-17,2013-11-22,35.0,1,35.0
SO70499,2201,274,2013-11-10,2013-11-17,2013-11-22,22.0,1,22.0
SO70500,1128,1,2013-11-10,2013-11-17,2013-11-22,35.0,1,35.0
SO70500,1128,2,2013-11-10,2013-11-17,2013-11-22,35.0,1,35.0
SO70500,1128,3,2013-11-10,2013-11-17,2013-11-22,35.0,1,35.0
SO70501,9036,145,2013-11-10,2013-11-17,2013-11-22,2320.0,1,2320.0
SO70501,9036,146,2013-11-10,2013-11-17,2013-11-22,2320.0,1,2320.0
SO70502,5968,147,2013-11-10,2013-11-17,2013-11-22,2295.0,1,2295.0
SO70502,5968,148,2013-11-10,2013-11-17,2013-11-22,2295.0,1,2295.0
SO70503,8747,147,2013-11-10,2013-11-17,2013-11-22,2295.0,1,2295.0
SO70503,8747,148,2013-11-10,2013-11-17,2013-11-22,2295.0,1,2295.0
SO70504,2166,145,2013-11-10,2013-11-17,2013-11-22,2320.0,1,2320.0
SO70504,2166,146,2013-11-10,2013-11-17,2013-11-22,2320.0,1,2320.0
SO70505,2211,143,2013-11-10,2013-11-17,2013-11-22,2320.0,1,2320.0
SO70505,2211,144,2013-11-10,2013-11-17,2013-11-22,2320.0,1,2320.0
SO70506,7840,145,2013-11-10,2013-11-17,2013-11-22,2320.0,1,2320.0
SO70506,7840,146,2013-11-10,2013-11-17,2013-11-22,2320.0,1,2320.0
SO70507,421,356,2013-11-10,2013-11-17,2013-11-22,742.0,1,742.0
SO70508,15796,176,2013-11-10,2013-11-17,2013-11-22,1120.0,1,1120.0
SO70508,15796,177,2013-11-10,2013-11-17,2013-11-22,1120.0,1,1120.0
SO70509,10986,369,2013-11-10,2013-11-17,2013-11-22,1701.0,1,1701.0
SO70510,15798,174,2013-11-10,2013-11-17,2013-11-22,1120.0,1,1120.0
SO70510,15798,175,2013-11-10,2013-11-17,2013-11-22,1120.0,1,1120.0
SO70511,12485,395,2013-11-10,2013-11-17,2013-11-22,540.0,1,540.0
SO70512,12855,395,2013-11-10,2013-11-17,2013-11-22,540.0,1,540.0
SO70513,10589,178,2013-11-10,2013-11-17,2013-11-22,1120.0,1,1120.0
SO70513,10589,179,2013-11-10,2013-11-17,2013-11-22,1120.0,1,1120.0
SO70514,10591,174,2013-11-10,2013-11-17,2013-11-22,1120.0,1,1120.0
SO70514,10591,175,2013-11-10,2013-11-17,2013-11-22,1120.0,1,1120.0
SO70515,7671,372,2013-11-10,2013-11-17,2013-11-22,1701.0,1,1701.0
SO70516,9888,176,2013-11-10,2013-11-17,2013-11-22,1120.0,1,1120.0
SO70516,9888,177,2013-11-10,2013-11-17,2013-11-22,1120.0,1,1120.0
SO70517,13836,178,2013-11-10,2013-11-17,2013-11-22,1120.0,1,1120.0
SO70517,13836,179,2013-11-10,2013-11-17,2013-11-22,1120.0,1,1120.0
SO70518,14505,395,2013-11-10,2013-11-17,2013-11-22,540.0,1,540.0
SO70519,14551,394,2013-11-10,2013-11-17,2013-11-22,540.0,1,540.0
SO70520,14662,371,2013-11-10,2013-11-17,2013-11-22,1701.0,1,1701.0
SO70521,35,356,2013-11-10,2013-11-17,2013-11-22,742.0,1,742.0
SO70522,2078,352,2013-11-10,2013-11-17,2013-11-22,2384.0,1,2384.0
SO70523,11600,371,2013-11-11,2013-11-18,2013-11-23,1701.0,1,1701.0
SO70524,1126,372,2013-11-11,2013-11-18,2013-11-23,1701.0,1,1701.0
SO70525,288,1,2013-11-11,2013-11-18,2013-11-23,35.0,1,35.0
SO70525,288,2,2013-11-11,2013-11-18,2013-11-23,35.0,1,35.0
SO70525,288,3,2013-11-11,2013-11-18,2013-11-23,35.0,1,35.0
SO70526,3214,324,2013-11-11,2013-11-18,2013-11-23,25.0,1,25.0
SO70527,13229,319,2013-11-11,2013-11-18,2013-11-23,5.0,1,5.0
SO70528,4427,12,2013-11-11,2013-11-18,2013-11-23,9.0,1,9.0
SO70528,4427,13,2013-11-11,2013-11-18,2013-11-23,9.0,1,9.0
SO70528,4427,14,2013-11-11,2013-11-18,2013-11-23,9.0,1,9.0
SO70529,7467,280,2013-11-11,2013-11-18,2013-11-23,54.0,1,54.0
SO70530,4667,383,2013-11-11,2013-11-18,2013-11-23,565.0,1,565.0
SO70531,8287,370,2013-11-11,2013-11-18,2013-11-23,1701.0,1,1701.0
SO70532,162,318,2013-11-11,2013-11-18,2013-11-23,4.0,1,4.0
SO70533,18126,318,2013-11-11,2013-11-18,2013-11-23,4.0,1,4.0
SO70534,332,317,2013-11-11,2013-11-18,2013-11-23,5.0,1,5.0
SO70535,224,324,2013-11-11,2013-11-18,2013-11-23,25.0,1,25.0
SO70536,3562,329,2013-11-11,2013-11-18,2013-11-23,33.0,1,33.0
SO70537,12248,325,2013-11-11,2013-11-18,2013-11-23,30.0,1,30.0
SO70538,870,329,2013-11-11,2013-11-18,2013-11-23,33.0,1,33.0
SO70539,12069,317,2013-11-11,2013-11-18,2013-11-23,5.0,1,5.0
SO70540,8542,325,2013-11-11,2013-11-18,2013-11-23,30.0,1,30.0
SO70541,9364,263,2013-11-11,2013-11-18,2013-11-23,70.0,1,70.0
SO70542,9363,265,2013-11-11,2013-11-18,2013-11-23,70.0,1,70.0
SO70543,8811,265,2013-11-11,2013-11-18,2013-11-23,70.0,1,70.0
SO70544,6589,12,2013-11-11,2013-11-18,2013-11-23,9.0,1,9.0
SO70544,6589,13,2013-11-11,2013-11-18,2013-11-23,9.0,1,9.0
SO70544,6589,14,2013-11-11,2013-11-18,2013-11-23,9.0,1,9.0
SO70545,1167,266,2013-11-11,2013-11-18,2013-11-23,5.0,1,5.0
SO70546,7911,266,2013-11-11,2013-11-18,2013-11-23,5.0,1,5.0
SO70547,4287,317,2013-11-11,2013-11-18,2013-11-23,5.0,1,5.0
SO70548,2460,274,2013-11-11,2013-11-18,2013-11-23,22.0,1,22.0
SO70549,12488,317,2013-11-11,2013-11-18,2013-11-23,5.0,1,5.0
SO70550,4699,326,2013-11-11,2013-11-18,2013-11-23,35.0,1,35.0
SO70551,17551,265,2013-11-11,2013-11-18,2013-11-23,70.0,1,70.0
SO70552,18379,326,2013-11-11,2013-11-18,2013-11-23,35.0,1,35.0
SO70553,10110,266,2013-11-11,2013-11-18,2013-11-23,5.0,1,5.0
SO70554,7002,328,2013-11-11,2013-11-18,2013-11-23,25.0,1,25.0
SO70555,567,327,2013-11-11,2013-11-18,2013-11-23,21.0,1,21.0
SO70556,9936,318,2013-11-11,2013-11-18,2013-11-23,4.0,1,4.0
SO70557,3693,330,2013-11-11,2013-11-18,2013-11-23,29.0,1,29.0
SO70558,16806,319,2013-11-11,2013-11-18,2013-11-23,5.0,1,5.0
SO70559,499,317,2013-11-11,2013-11-18,2013-11-23,5.0,1,5.0
SO70560,519,326,2013-11-11,2013-11-18,2013-11-23,35.0,1,35.0
SO70561,2176,326,2013-11-11,2013-11-18,2013-11-23,35.0,1,35.0
SO70562,1413,326,2013-11-11,2013-11-18,2013-11-23,35.0,1,35.0
SO70563,1787,274,2013-11-11,2013-11-18,2013-11-23,22.0,1,22.0
SO70564,8983,387,2013-11-11,2013-11-18,2013-11-23,540.0,1,540.0
SO70565,8991,387,2013-11-11,2013-11-18,2013-11-23,540.0,1,540.0
SO70566,5151,380,2013-11-11,2013-11-18,2013-11-23,565.0,1,565.0
SO70567,5367,168,2013-11-11,2013-11-18,2013-11-23,2443.0,1,2443.0
SO70567,5367,169,2013-11-11,2013-11-18,2013-11-23,2443.0,1,2443.0
SO70568,2852,149,2013-11-11,2013-11-18,2013-11-23,2295.0,1,2295.0
SO70568,2852,150,2013-11-11,2013-11-18,2013-11-23,2295.0,1,2295.0
SO70569,6008,151,2013-11-11,2013-11-18,2013-11-23,2295.0,1,2295.0
SO70569,6008,152,2013-11-11,2013-11-18,2013-11-23,2295.0,1,2295.0
SO70570,8662,145,2013-11-11,2013-11-18,2013-11-23,2320.0,1,2320.0
SO70570,8662,146,2013-11-11,2013-11-18,2013-11-23,2320.0,1,2320.0
SO70571,2710,149,2013-11-11,2013-11-18,2013-11-23,2295.0,1,2295.0
SO70571,2710,150,2013-11-11,2013-11-18,2013-11-23,2295.0,1,2295.0
SO70572,549,349,2013-11-11,2013-11-18,2013-11-23,1215.0,1,1215.0
SO70573,18363,358,2013-11-11,2013-11-18,2013-11-23,742.0,1,742.0
SO70574,5206,353,2013-11-11,2013-11-18,2013-11-23,2384.0,1,2384.0
SO70575,1211,364,2013-11-11,2013-11-18,2013-11-23,2384.0,1,2384.0
SO70576,15437,176,2013-11-11,2013-11-18,2013-11-23,1120.0,1,1120.0
SO70576,15437,177,2013-11-11,2013-11-18,2013-11-23,1120.0,1,1120.0
SO70577,15149,170,2013-11-11,2013-11-18,2013-11-23,1120.0,1,1120.0
SO70577,15149,171,2013-11-11,2013-11-18,2013-11-23,1120.0,1,1120.0
SO70578,15754,170,2013-11-11,2013-11-18,2013-11-23,1120.0,1,1120.0
SO70578,15754,171,2013-11-11,2013-11-18,2013-11-23,1120.0,1,1120.0
SO70579,10984,371,2013-11-11,2013-11-18,2013-11-23,1701.0,1,1701.0
SO70580,14719,394,2013-11-11,2013-11-18,2013-11-23,540.0,1,540.0
SO70581,4734,141,2013-11-11,2013-11-18,2013-11-23,2320.0,1,2320.0
SO70581,4734,142,2013-11-11,2013-11-18,2013-11-23,2320.0,1,2320.0
SO70582,15017,366,2013-11-11,2013-11-18,2013-11-23,1215.0,1,1215.0
SO70583,16574,351,2013-11-11,2013-11-18,2013-11-23,2384.0,1,2384.0
SO70584,13980,365,2013-11-11,2013-11-18,2013-11-23,2384.0,1,2384.0
SO70585,16669,364,2013-11-11,2013-11-18,2013-11-23,2384.0,1,2384.0
SO70586,10799,178,2013-11-11,2013-11-18,2013-11-23,1120.0,1,1120.0
SO70586,10799,179,2013-11-11,2013-11-18,2013-11-23,1120.0,1,1120.0
SO70587,7655,371,2013-11-11,2013-11-18,2013-11-23,1701.0,1,1701.0
SO70588,7607,372,2013-11-11,2013-11-18,2013-11-23,1701.0,1,1701.0
SO70589,10016,170,2013-11-11,2013-11-18,2013-11-23,1120.0,1,1120.0
SO70589,10016,171,2013-11-11,2013-11-18,2013-11-23,1120.0,1,1120.0
SO70590,14487,395,2013-11-11,2013-11-18,2013-11-23,540.0,1,540.0
SO70591,17428,393,2013-11-11,2013-11-18,2013-11-23,540.0,1,540.0
SO70592,16163,393,2013-11-11,2013-11-18,2013-11-23,540.0,1,540.0
SO70593,30,358,2013-11-11,2013-11-18,2013-11-23,742.0,1,742.0
SO70594,40,361,2013-11-11,2013-11-18,2013-11-23,742.0,1,742.0
SO70595,17099,368,2013-11-11,2013-11-18,2013-11-23,1215.0,1,1215.0
SO70596,8256,369,2013-11-11,2013-11-18,2013-11-23,1701.0,1,1701.0
SO70597,2083,363,2013-11-11,2013-11-18,2013-11-23,2384.0,1,2384.0
SO70598,764,317,2013-11-12,2013-11-19,2013-11-24,5.0,1,5.0
SO70599,12538,266,2013-11-12,2013-11-19,2013-11-24,5.0,1,5.0
SO70600,952,12,2013-11-12,2013-11-19,2013-11-24,9.0,1,9.0
SO70600,952,13,2013-11-12,2013-11-19,2013-11-24,9.0,1,9.0
SO70600,952,14,2013-11-12,2013-11-19,2013-11-24,9.0,1,9.0
SO70601,11509,379,2013-11-12,2013-11-19,2013-11-24,769.0,1,769.0
SO70602,3795,147,2013-11-12,2013-11-19,2013-11-24,2295.0,1,2295.0
SO70602,3795,148,2013-11-12,2013-11-19,2013-11-24,2295.0,1,2295.0
SO70603,1828,141,2013-11-12,2013-11-19,2013-11-24,2320.0,1,2320.0
SO70603,1828,142,2013-11-12,2013-11-19,2013-11-24,2320.0,1,2320.0
SO70604,9912,388,2013-11-12,2013-11-19,2013-11-24,540.0,1,540.0
SO70605,861,9,2013-11-12,2013-11-19,2013-11-24,35.0,1,35.0
SO70605,861,10,2013-11-12,2013-11-19,2013-11-24,35.0,1,35.0
SO70605,861,11,2013-11-12,2013-11-19,2013-11-24,35.0,1,35.0
SO70606,177,279,2013-11-12,2013-11-19,2013-11-24,54.0,1,54.0
SO70607,232,269,2013-11-12,2013-11-19,2013-11-24,2.0,1,2.0
SO70608,18228,318,2013-11-12,2013-11-19,2013-11-24,4.0,1,4.0
SO70609,263,324,2013-11-12,2013-11-19,2013-11-24,25.0,1,25.0
SO70610,16279,330,2013-11-12,2013-11-19,2013-11-24,29.0,1,29.0
SO70611,15705,330,2013-11-12,2013-11-19,2013-11-24,29.0,1,29.0
SO70612,16433,327,2013-11-12,2013-11-19,2013-11-24,21.0,1,21.0
SO70613,4537,329,2013-11-12,2013-11-19,2013-11-24,33.0,1,33.0
SO70614,13320,318,2013-11-12,2013-11-19,2013-11-24,4.0,1,4.0
SO70615,277,329,2013-11-12,2013-11-19,2013-11-24,33.0,1,33.0
SO70616,633,324,2013-11-12,2013-11-19,2013-11-24,25.0,1,25.0
SO70617,13629,329,2013-11-12,2013-11-19,2013-11-24,33.0,1,33.0
SO70618,11125,325,2013-11-12,2013-11-19,2013-11-24,30.0,1,30.0
SO70619,3283,267,2013-11-12,2013-11-19,2013-11-24,10.0,1,10.0
SO70620,11023,267,2013-11-12,2013-11-19,2013-11-24,10.0,1,10.0
SO70621,17609,12,2013-11-12,2013-11-19,2013-11-24,9.0,1,9.0
SO70621,17609,13,2013-11-12,2013-11-19,2013-11-24,9.0,1,9.0
SO70621,17609,14,2013-11-12,2013-11-19,2013-11-24,9.0,1,9.0
SO70622,9123,263,2013-11-12,2013-11-19,2013-11-24,70.0,1,70.0
SO70623,18198,264,2013-11-12,2013-11-19,2013-11-24,70.0,1,70.0
SO70624,6174,266,2013-11-12,2013-11-19,2013-11-24,5.0,1,5.0
SO70625,6161,266,2013-11-12,2013-11-19,2013-11-24,5.0,1,5.0
SO70626,17273,317,2013-11-12,2013-11-19,2013-11-24,5.0,1,5.0
SO70627,5904,266,2013-11-12,2013-11-19,2013-11-24,5.0,1,5.0
SO70628,4636,274,2013-11-12,2013-11-19,2013-11-24,22.0,1,22.0
SO70629,11477,266,2013-11-12,2013-11-19,2013-11-24,5.0,1,5.0
SO70630,10033,266,2013-11-12,2013-11-19,2013-11-24,5.0,1,5.0
SO70631,567,327,2013-11-12,2013-11-19,2013-11-24,21.0,1,21.0
SO70632,11678,318,2013-11-12,2013-11-19,2013-11-24,4.0,1,4.0
SO70633,9933,318,2013-11-12,2013-11-19,2013-11-24,4.0,1,4.0
SO70634,2838,319,2013-11-12,2013-11-19,2013-11-24,5.0,1,5.0
SO70635,6646,319,2013-11-12,2013-11-19,2013-11-24,5.0,1,5.0
SO70636,1719,266,2013-11-12,2013-11-19,2013-11-24,5.0,1,5.0
SO70637,5130,384,2013-11-12,2013-11-19,2013-11-24,565.0,1,565.0
SO70638,2398,145,2013-11-12,2013-11-19,2013-11-24,2320.0,1,2320.0
SO70638,2398,146,2013-11-12,2013-11-19,2013-11-24,2320.0,1,2320.0
SO70639,7067,147,2013-11-12,2013-11-19,2013-11-24,2295.0,1,2295.0
SO70639,7067,148,2013-11-12,2013-11-19,2013-11-24,2295.0,1,2295.0
SO70640,6434,147,2013-11-12,2013-11-19,2013-11-24,2295.0,1,2295.0
SO70640,6434,148,2013-11-12,2013-11-19,2013-11-24,2295.0,1,2295.0
SO70641,4348,377,2013-11-12,2013-11-19,2013-11-24,769.0,1,769.0
SO70642,9471,151,2013-11-12,2013-11-19,2013-11-24,2295.0,1,2295.0
SO70642,9471,152,2013-11-12,2013-11-19,2013-11-24,2295.0,1,2295.0
SO70643,6001,149,2013-11-12,2013-11-19,2013-11-24,2295.0,1,2295.0
SO70643,6001,150,2013-11-12,2013-11-19,2013-11-24,2295.0,1,2295.0
SO70644,6366,143,2013-11-12,2013-11-19,2013-11-24,2320.0,1,2320.0
SO70644,6366,144,2013-11-12,2013-11-19,2013-11-24,2320.0,1,2320.0
SO70645,2580,359,2013-11-12,2013-11-19,2013-11-24,742.0,1,742.0
SO70646,5262,352,2013-11-12,2013-11-19,2013-11-24,2384.0,1,2384.0
SO70647,15765,178,2013-11-12,2013-11-19,2013-11-24,1120.0,1,1120.0
SO70647,15765,179,2013-11-12,2013-11-19,2013-11-24,1120.0,1,1120.0
SO70648,13369,369,2013-11-12,2013-11-19,2013-11-24,1701.0,1,1701.0
SO70649,15797,174,2013-11-12,2013-11-19,2013-11-24,1120.0,1,1120.0
SO70649,15797,175,2013-11-12,2013-11-19,2013-11-24,1120.0,1,1120.0
SO70650,6313,378,2013-11-12,2013-11-19,2013-11-24,769.0,1,769.0
SO70651,47,141,2013-11-12,2013-11-19,2013-11-24,2320.0,1,2320.0
SO70651,47,142,2013-11-12,2013-11-19,2013-11-24,2320.0,1,2320.0
SO70652,4785,151,2013-11-12,2013-11-19,2013-11-24,2295.0,1,2295.0
SO70652,4785,152,2013-11-12,2013-11-19,2013-11-24,2295.0,1,2295.0
SO70653,4787,151,2013-11-12,2013-11-19,2013-11-24,2295.0,1,2295.0
SO70653,4787,152,2013-11-12,2013-11-19,2013-11-24,2295.0,1,2295.0
SO70654,89,358,2013-11-12,2013-11-19,2013-11-24,742.0,1,742.0
SO70655,15015,349,2013-11-12,2013-11-19,2013-11-24,1215.0,1,1215.0
SO70656,13832,364,2013-11-12,2013-11-19,2013-11-24,2384.0,1,2384.0
SO70657,13988,364,2013-11-12,2013-11-19,2013-11-24,2384.0,1,2384.0
SO70658,12829,394,2013-11-12,2013-11-19,2013-11-24,540.0,1,540.0
SO70659,12851,395,2013-11-12,2013-11-19,2013-11-24,540.0,1,540.0
SO70660,10705,174,2013-11-12,2013-11-19,2013-11-24,1120.0,1,1120.0
SO70660,10705,175,2013-11-12,2013-11-19,2013-11-24,1120.0,1,1120.0
SO70661,10608,178,2013-11-12,2013-11-19,2013-11-24,1120.0,1,1120.0
SO70661,10608,179,2013-11-12,2013-11-19,2013-11-24,1120.0,1,1120.0
SO70662,10646,172,2013-11-12,2013-11-19,2013-11-24,1120.0,1,1120.0
SO70662,10646,173,2013-11-12,2013-11-19,2013-11-24,1120.0,1,1120.0
SO70663,10290,369,2013-11-12,2013-11-19,2013-11-24,1701.0,1,1701.0
SO70664,14577,174,2013-11-12,2013-11-19,2013-11-24,1120.0,1,1120.0
SO70664,14577,175,2013-11-12,2013-11-19,2013-11-24,1120.0,1,1120.0
SO70665,17570,170,2013-11-12,2013-11-19,2013-11-24,1120.0,1,1120.0
SO70665,17570,171,2013-11-12,2013-11-19,2013-11-24,1120.0,1,1120.0
SO70666,14507,176,2013-11-12,2013-11-19,2013-11-24,1120.0,1,1120.0
SO70666,14507,177,2013-11-12,2013-11-19,2013-11-24,1120.0,1,1120.0
SO70667,9883,170,2013-11-12,2013-11-19,2013-11-24,1120.0,1,1120.0
SO70667,9883,171,2013-11-12,2013-11-19,2013-11-24,1120.0,1,1120.0
SO70668,14529,395,2013-11-12,2013-11-19,2013-11-24,540.0,1,540.0
SO70669,14549,395,2013-11-12,2013-11-19,2013-11-24,540.0,1,540.0
SO70670,12910,12,2013-11-12,2013-11-19,2013-11-24,9.0,1,9.0
SO70670,12910,13,2013-11-12,2013-11-19,2013-11-24,9.0,1,9.0
SO70670,12910,14,2013-11-12,2013-11-19,2013-11-24,9.0,1,9.0
SO70671,39,355,2013-11-12,2013-11-19,2013-11-24,742.0,1,742.0
SO70672,2090,350,2013-11-12,2013-11-19,2013-11-24,2384.0,1,2384.0
SO70673,16871,365,2013-11-12,2013-11-19,2013-11-24,2384.0,1,2384.0
SO70674,6315,325,2013-11-13,2013-11-20,2013-11-25,30.0,1,30.0
SO70675,15767,12,2013-11-13,2013-11-20,2013-11-25,9.0,1,9.0
SO70675,15767,13,2013-11-13,2013-11-20,2013-11-25,9.0,1,9.0
SO70675,15767,14,2013-11-13,2013-11-20,2013-11-25,9.0,1,9.0
SO70676,10382,265,2013-11-13,2013-11-20,2013-11-25,70.0,1,70.0
SO70677,14907,318,2013-11-13,2013-11-20,2013-11-25,4.0,1,4.0
SO70678,3522,277,2013-11-13,2013-11-20,2013-11-25,54.0,1,54.0
SO70679,17927,319,2013-11-13,2013-11-20,2013-11-25,5.0,1,5.0
SO70680,4829,269,2013-11-13,2013-11-20,2013-11-25,2.0,1,2.0
SO70681,4438,269,2013-11-13,2013-11-20,2013-11-25,2.0,1,2.0
SO70682,9599,151,2013-11-13,2013-11-20,2013-11-25,2295.0,1,2295.0
SO70682,9599,152,2013-11-13,2013-11-20,2013-11-25,2295.0,1,2295.0
SO70683,3832,147,2013-11-13,2013-11-20,2013-11-25,2295.0,1,2295.0
SO70683,3832,148,2013-11-13,2013-11-20,2013-11-25,2295.0,1,2295.0
SO70684,634,269,2013-11-13,2013-11-20,2013-11-25,2.0,1,2.0
SO70685,212,269,2013-11-13,2013-11-20,2013-11-25,2.0,1,2.0
SO70686,16377,318,2013-11-13,2013-11-20,2013-11-25,4.0,1,4.0
SO70687,288,330,2013-11-13,2013-11-20,2013-11-25,29.0,1,29.0
SO70688,16049,330,2013-11-13,2013-11-20,2013-11-25,29.0,1,29.0
SO70689,13408,329,2013-11-13,2013-11-20,2013-11-25,33.0,1,33.0
SO70690,10690,267,2013-11-13,2013-11-20,2013-11-25,10.0,1,10.0
SO70691,4173,266,2013-11-13,2013-11-20,2013-11-25,5.0,1,5.0
SO70692,9102,266,2013-11-13,2013-11-20,2013-11-25,5.0,1,5.0
SO70693,6146,266,2013-11-13,2013-11-20,2013-11-25,5.0,1,5.0
SO70694,3507,317,2013-11-13,2013-11-20,2013-11-25,5.0,1,5.0
SO70695,2464,274,2013-11-13,2013-11-20,2013-11-25,22.0,1,22.0
SO70696,10536,317,2013-11-13,2013-11-20,2013-11-25,5.0,1,5.0
SO70697,15214,279,2013-11-13,2013-11-20,2013-11-25,54.0,1,54.0
SO70698,16926,318,2013-11-13,2013-11-20,2013-11-25,4.0,1,4.0
SO70699,16000,318,2013-11-13,2013-11-20,2013-11-25,4.0,1,4.0
SO70700,11703,330,2013-11-13,2013-11-20,2013-11-25,29.0,1,29.0
SO70701,6709,319,2013-11-13,2013-11-20,2013-11-25,5.0,1,5.0
SO70702,233,326,2013-11-13,2013-11-20,2013-11-25,35.0,1,35.0
SO70703,979,326,2013-11-13,2013-11-20,2013-11-25,35.0,1,35.0
SO70704,1148,326,2013-11-13,2013-11-20,2013-11-25,35.0,1,35.0
SO70705,1796,326,2013-11-13,2013-11-20,2013-11-25,35.0,1,35.0
SO70706,1200,317,2013-11-13,2013-11-20,2013-11-25,5.0,1,5.0
SO70707,3456,326,2013-11-13,2013-11-20,2013-11-25,35.0,1,35.0
SO70708,1064,326,2013-11-13,2013-11-20,2013-11-25,35.0,1,35.0
SO70709,4008,317,2013-11-13,2013-11-20,2013-11-25,5.0,1,5.0
SO70710,1390,18,2013-11-13,2013-11-20,2013-11-25,50.0,1,50.0
SO70710,1390,19,2013-11-13,2013-11-20,2013-11-25,50.0,1,50.0
SO70710,1390,20,2013-11-13,2013-11-20,2013-11-25,50.0,1,50.0
SO70711,2386,147,2013-11-13,2013-11-20,2013-11-25,2295.0,1,2295.0
SO70711,2386,148,2013-11-13,2013-11-20,2013-11-25,2295.0,1,2295.0
SO70712,6463,151,2013-11-13,2013-11-20,2013-11-25,2295.0,1,2295.0
SO70712,6463,152,2013-11-13,2013-11-20,2013-11-25,2295.0,1,2295.0
SO70713,6426,147,2013-11-13,2013-11-20,2013-11-25,2295.0,1,2295.0
SO70713,6426,148,2013-11-13,2013-11-20,2013-11-25,2295.0,1,2295.0
SO70714,5917,147,2013-11-13,2013-11-20,2013-11-25,2295.0,1,2295.0
SO70714,5917,148,2013-11-13,2013-11-20,2013-11-25,2295.0,1,2295.0
SO70715,4326,376,2013-11-13,2013-11-20,2013-11-25,769.0,1,769.0
SO70716,4340,378,2013-11-13,2013-11-20,2013-11-25,769.0,1,769.0
SO70717,6424,147,2013-11-13,2013-11-20,2013-11-25,2295.0,1,2295.0
SO70717,6424,148,2013-11-13,2013-11-20,2013-11-25,2295.0,1,2295.0
SO70718,6135,145,2013-11-13,2013-11-20,2013-11-25,2320.0,1,2320.0
SO70718,6135,146,2013-11-13,2013-11-20,2013-11-25,2320.0,1,2320.0
SO70719,5980,145,2013-11-13,2013-11-20,2013-11-25,2320.0,1,2320.0
SO70719,5980,146,2013-11-13,2013-11-20,2013-11-25,2320.0,1,2320.0
SO70720,6413,149,2013-11-13,2013-11-20,2013-11-25,2295.0,1,2295.0
SO70720,6413,150,2013-11-13,2013-11-20,2013-11-25,2295.0,1,2295.0
SO70721,6414,145,2013-11-13,2013-11-20,2013-11-25,2320.0,1,2320.0
SO70721,6414,146,2013-11-13,2013-11-20,2013-11-25,2320.0,1,2320.0
SO70722,16777,357,2013-11-13,2013-11-20,2013-11-25,742.0,1,742.0
SO70723,16809,358,2013-11-13,2013-11-20,2013-11-25,742.0,1,742.0
SO70724,1124,355,2013-11-13,2013-11-20,2013-11-25,742.0,1,742.0
SO70725,18360,353,2013-11-13,2013-11-20,2013-11-25,2384.0,1,2384.0
SO70726,13368,372,2013-11-13,2013-11-20,2013-11-25,1701.0,1,1701.0
SO70727,11179,370,2013-11-13,2013-11-20,2013-11-25,1701.0,1,1701.0
SO70728,14923,395,2013-11-13,2013-11-20,2013-11-25,540.0,1,540.0
SO70729,7205,388,2013-11-13,2013-11-20,2013-11-25,540.0,1,540.0
SO70730,2107,141,2013-11-13,2013-11-20,2013-11-25,2320.0,1,2320.0
SO70730,2107,142,2013-11-13,2013-11-20,2013-11-25,2320.0,1,2320.0
SO70731,4800,143,2013-11-13,2013-11-20,2013-11-25,2320.0,1,2320.0
SO70731,4800,144,2013-11-13,2013-11-20,2013-11-25,2320.0,1,2320.0
SO70732,14365,358,2013-11-13,2013-11-20,2013-11-25,742.0,1,742.0
SO70733,16544,362,2013-11-13,2013-11-20,2013-11-25,2384.0,1,2384.0
SO70734,4396,352,2013-11-13,2013-11-20,2013-11-25,2384.0,1,2384.0
SO70735,16672,362,2013-11-13,2013-11-20,2013-11-25,2384.0,1,2384.0
SO70736,12709,393,2013-11-13,2013-11-20,2013-11-25,540.0,1,540.0
SO70737,12853,394,2013-11-13,2013-11-20,2013-11-25,540.0,1,540.0
SO70738,10808,170,2013-11-13,2013-11-20,2013-11-25,1120.0,1,1120.0
SO70738,10808,171,2013-11-13,2013-11-20,2013-11-25,1120.0,1,1120.0
SO70739,10813,178,2013-11-13,2013-11-20,2013-11-25,1120.0,1,1120.0
SO70739,10813,179,2013-11-13,2013-11-20,2013-11-25,1120.0,1,1120.0
SO70740,10638,170,2013-11-13,2013-11-20,2013-11-25,1120.0,1,1120.0
SO70740,10638,171,2013-11-13,2013-11-20,2013-11-25,1120.0,1,1120.0
SO70741,7685,371,2013-11-13,2013-11-20,2013-11-25,1701.0,1,1701.0
SO70742,10052,172,2013-11-13,2013-11-20,2013-11-25,1120.0,1,1120.0
SO70742,10052,173,2013-11-13,2013-11-20,2013-11-25,1120.0,1,1120.0
SO70743,17521,172,2013-11-13,2013-11-20,2013-11-25,1120.0,1,1120.0
SO70743,17521,173,2013-11-13,2013-11-20,2013-11-25,1120.0,1,1120.0
SO70744,9981,176,2013-11-13,2013-11-20,2013-11-25,1120.0,1,1120.0
SO70744,9981,177,2013-11-13,2013-11-20,2013-11-25,1120.0,1,1120.0
SO70745,2559,393,2013-11-13,2013-11-20,2013-11-25,540.0,1,540.0
SO70746,17425,373,2013-11-13,2013-11-20,2013-11-25,540.0,1,540.0
SO70747,14456,393,2013-11-13,2013-11-20,2013-11-25,540.0,1,540.0
SO70748,32,357,2013-11-13,2013-11-20,2013-11-25,742.0,1,742.0
SO70749,3677,359,2013-11-13,2013-11-20,2013-11-25,742.0,1,742.0
SO70750,2621,362,2013-11-13,2013-11-20,2013-11-25,2384.0,1,2384.0
SO70751,2627,362,2013-11-13,2013-11-20,2013-11-25,2384.0,1,2384.0
SO70752,10952,162,2013-11-14,2013-11-21,2013-11-26,2443.0,1,2443.0
SO70752,10952,163,2013-11-14,2013-11-21,2013-11-26,2443.0,1,2443.0
SO70753,3322,328,2013-11-14,2013-11-21,2013-11-26,25.0,1,25.0
SO70754,3125,328,2013-11-14,2013-11-21,2013-11-26,25.0,1,25.0
SO70755,8580,325,2013-11-14,2013-11-21,2013-11-26,30.0,1,30.0
SO70756,8091,274,2013-11-14,2013-11-21,2013-11-26,22.0,1,22.0
SO70757,14914,318,2013-11-14,2013-11-21,2013-11-26,4.0,1,4.0
SO70758,4824,318,2013-11-14,2013-11-21,2013-11-26,4.0,1,4.0
SO70759,2045,1,2013-11-14,2013-11-21,2013-11-26,35.0,1,35.0
SO70759,2045,2,2013-11-14,2013-11-21,2013-11-26,35.0,1,35.0
SO70759,2045,3,2013-11-14,2013-11-21,2013-11-26,35.0,1,35.0
SO70760,8583,330,2013-11-14,2013-11-21,2013-11-26,29.0,1,29.0
SO70761,8326,141,2013-11-14,2013-11-21,2013-11-26,2320.0,1,2320.0
SO70761,8326,142,2013-11-14,2013-11-21,2013-11-26,2320.0,1,2320.0
SO70762,8904,149,2013-11-14,2013-11-21,2013-11-26,2295.0,1,2295.0
SO70762,8904,150,2013-11-14,2013-11-21,2013-11-26,2295.0,1,2295.0
SO70763,1619,151,2013-11-14,2013-11-21,2013-11-26,2295.0,1,2295.0
SO70763,1619,152,2013-11-14,2013-11-21,2013-11-26,2295.0,1,2295.0
SO70764,8340,147,2013-11-14,2013-11-21,2013-11-26,2295.0,1,2295.0
SO70764,8340,148,2013-11-14,2013-11-21,2013-11-26,2295.0,1,2295.0
SO70765,1817,151,2013-11-14,2013-11-21,2013-11-26,2295.0,1,2295.0
SO70765,1817,152,2013-11-14,2013-11-21,2013-11-26,2295.0,1,2295.0
SO70766,4668,388,2013-11-14,2013-11-21,2013-11-26,540.0,1,540.0
SO70767,301,255,2013-11-14,2013-11-21,2013-11-26,24.0,1,24.0
SO70767,301,256,2013-11-14,2013-11-21,2013-11-26,24.0,1,24.0
SO70768,884,1,2013-11-14,2013-11-21,2013-11-26,35.0,1,35.0
SO70768,884,2,2013-11-14,2013-11-21,2013-11-26,35.0,1,35.0
SO70768,884,3,2013-11-14,2013-11-21,2013-11-26,35.0,1,35.0
SO70769,16239,330,2013-11-14,2013-11-21,2013-11-26,29.0,1,29.0
SO70770,15800,330,2013-11-14,2013-11-21,2013-11-26,29.0,1,29.0
SO70771,12465,325,2013-11-14,2013-11-21,2013-11-26,30.0,1,30.0
SO70772,12148,317,2013-11-14,2013-11-21,2013-11-26,5.0,1,5.0
SO70773,5732,325,2013-11-14,2013-11-21,2013-11-26,30.0,1,30.0
SO70774,3360,267,2013-11-14,2013-11-21,2013-11-26,10.0,1,10.0
SO70775,1159,267,2013-11-14,2013-11-21,2013-11-26,10.0,1,10.0
SO70776,10764,267,2013-11-14,2013-11-21,2013-11-26,10.0,1,10.0
SO70777,10499,267,2013-11-14,2013-11-21,2013-11-26,10.0,1,10.0
SO70778,9494,267,2013-11-14,2013-11-21,2013-11-26,10.0,1,10.0
SO70779,16111,317,2013-11-14,2013-11-21,2013-11-26,5.0,1,5.0
SO70780,2923,274,2013-11-14,2013-11-21,2013-11-26,22.0,1,22.0
SO70781,2446,274,2013-11-14,2013-11-21,2013-11-26,22.0,1,22.0
SO70782,9801,328,2013-11-14,2013-11-21,2013-11-26,25.0,1,25.0
SO70783,3202,329,2013-11-14,2013-11-21,2013-11-26,33.0,1,33.0
SO70784,3157,329,2013-11-14,2013-11-21,2013-11-26,33.0,1,33.0
SO70785,6956,328,2013-11-14,2013-11-21,2013-11-26,25.0,1,25.0
SO70786,10827,266,2013-11-14,2013-11-21,2013-11-26,5.0,1,5.0
SO70787,8369,325,2013-11-14,2013-11-21,2013-11-26,30.0,1,30.0
SO70788,10871,328,2013-11-14,2013-11-21,2013-11-26,25.0,1,25.0
SO70789,7016,325,2013-11-14,2013-11-21,2013-11-26,30.0,1,30.0
SO70790,7017,317,2013-11-14,2013-11-21,2013-11-26,5.0,1,5.0
SO70791,3816,328,2013-11-14,2013-11-21,2013-11-26,25.0,1,25.0
SO70792,3531,319,2013-11-14,2013-11-21,2013-11-26,5.0,1,5.0
SO70793,1325,319,2013-11-14,2013-11-21,2013-11-26,5.0,1,5.0
SO70794,703,326,2013-11-14,2013-11-21,2013-11-26,35.0,1,35.0
SO70795,1963,326,2013-11-14,2013-11-21,2013-11-26,35.0,1,35.0
SO70796,7357,274,2013-11-14,2013-11-21,2013-11-26,22.0,1,22.0
SO70797,6543,141,2013-11-14,2013-11-21,2013-11-26,2320.0,1,2320.0
SO70797,6543,142,2013-11-14,2013-11-21,2013-11-26,2320.0,1,2320.0
SO70798,6553,143,2013-11-14,2013-11-21,2013-11-26,2320.0,1,2320.0
SO70798,6553,144,2013-11-14,2013-11-21,2013-11-26,2320.0,1,2320.0
SO70799,16781,357,2013-11-14,2013-11-21,2013-11-26,742.0,1,742.0
SO70800,1131,353,2013-11-14,2013-11-21,2013-11-26,2384.0,1,2384.0
SO70801,6928,178,2013-11-14,2013-11-21,2013-11-26,1120.0,1,1120.0
SO70801,6928,179,2013-11-14,2013-11-21,2013-11-26,1120.0,1,1120.0
SO70802,10987,371,2013-11-14,2013-11-21,2013-11-26,1701.0,1,1701.0
SO70803,11034,372,2013-11-14,2013-11-21,2013-11-26,1701.0,1,1701.0
SO70804,2019,387,2013-11-14,2013-11-21,2013-11-26,540.0,1,540.0
SO70805,6300,378,2013-11-14,2013-11-21,2013-11-26,769.0,1,769.0
SO70806,5157,151,2013-11-14,2013-11-21,2013-11-26,2295.0,1,2295.0
SO70806,5157,152,2013-11-14,2013-11-21,2013-11-26,2295.0,1,2295.0
SO70807,4766,145,2013-11-14,2013-11-21,2013-11-26,2320.0,1,2320.0
SO70807,4766,146,2013-11-14,2013-11-21,2013-11-26,2320.0,1,2320.0
SO70808,4491,362,2013-11-14,2013-11-21,2013-11-26,2384.0,1,2384.0
SO70809,12858,395,2013-11-14,2013-11-21,2013-11-26,540.0,1,540.0
SO70810,12493,373,2013-11-14,2013-11-21,2013-11-26,540.0,1,540.0
SO70811,9547,174,2013-11-14,2013-11-21,2013-11-26,1120.0,1,1120.0
SO70811,9547,175,2013-11-14,2013-11-21,2013-11-26,1120.0,1,1120.0
SO70812,9657,176,2013-11-14,2013-11-21,2013-11-26,1120.0,1,1120.0
SO70812,9657,177,2013-11-14,2013-11-21,2013-11-26,1120.0,1,1120.0
SO70813,3883,170,2013-11-14,2013-11-21,2013-11-26,1120.0,1,1120.0
SO70813,3883,171,2013-11-14,2013-11-21,2013-11-26,1120.0,1,1120.0
SO70814,10605,172,2013-11-14,2013-11-21,2013-11-26,1120.0,1,1120.0
SO70814,10605,173,2013-11-14,2013-11-21,2013-11-26,1120.0,1,1120.0
SO70815,10411,178,2013-11-14,2013-11-21,2013-11-26,1120.0,1,1120.0
SO70815,10411,179,2013-11-14,2013-11-21,2013-11-26,1120.0,1,1120.0
SO70816,10599,174,2013-11-14,2013-11-21,2013-11-26,1120.0,1,1120.0
SO70816,10599,175,2013-11-14,2013-11-21,2013-11-26,1120.0,1,1120.0
SO70817,9889,178,2013-11-14,2013-11-21,2013-11-26,1120.0,1,1120.0
SO70817,9889,179,2013-11-14,2013-11-21,2013-11-26,1120.0,1,1120.0
SO70818,2824,393,2013-11-14,2013-11-21,2013-11-26,540.0,1,540.0
SO70819,6203,363,2013-11-14,2013-11-21,2013-11-26,2384.0,1,2384.0
SO70820,49,374,2013-11-14,2013-11-21,2013-11-26,742.0,1,742.0
SO70821,359,357,2013-11-14,2013-11-21,2013-11-26,742.0,1,742.0
SO70822,2079,365,2013-11-14,2013-11-21,2013-11-26,2384.0,1,2384.0
SO70823,1698,324,2013-11-15,2013-11-22,2013-11-27,25.0,1,25.0
SO70824,5163,317,2013-11-15,2013-11-22,2013-11-27,5.0,1,5.0
SO70825,10971,325,2013-11-15,2013-11-22,2013-11-27,30.0,1,30.0
SO70826,14213,327,2013-11-15,2013-11-22,2013-11-27,21.0,1,21.0
SO70827,11693,160,2013-11-15,2013-11-22,2013-11-27,2443.0,1,2443.0
SO70827,11693,161,2013-11-15,2013-11-22,2013-11-27,2443.0,1,2443.0
SO70828,8198,145,2013-11-15,2013-11-22,2013-11-27,2320.0,1,2320.0
SO70828,8198,146,2013-11-15,2013-11-22,2013-11-27,2320.0,1,2320.0
SO70829,9591,145,2013-11-15,2013-11-22,2013-11-27,2320.0,1,2320.0
SO70829,9591,146,2013-11-15,2013-11-22,2013-11-27,2320.0,1,2320.0
SO70830,15232,372,2013-11-15,2013-11-22,2013-11-27,1701.0,1,1701.0
SO70831,15817,369,2013-11-15,2013-11-22,2013-11-27,1701.0,1,1701.0
SO70832,18330,277,2013-11-15,2013-11-22,2013-11-27,54.0,1,54.0
SO70833,848,21,2013-11-15,2013-11-22,2013-11-27,50.0,1,50.0
SO70833,848,22,2013-11-15,2013-11-22,2013-11-27,50.0,1,50.0
SO70833,848,23,2013-11-15,2013-11-22,2013-11-27,50.0,1,50.0
SO70834,14203,329,2013-11-15,2013-11-22,2013-11-27,33.0,1,33.0
SO70835,10287,266,2013-11-15,2013-11-22,2013-11-27,5.0,1,5.0
SO70836,7893,265,2013-11-15,2013-11-22,2013-11-27,70.0,1,70.0
SO70837,9334,264,2013-11-15,2013-11-22,2013-11-27,70.0,1,70.0
SO70838,6165,266,2013-11-15,2013-11-22,2013-11-27,5.0,1,5.0
SO70839,10070,325,2013-11-15,2013-11-22,2013-11-27,30.0,1,30.0
SO70840,12949,260,2013-11-15,2013-11-22,2013-11-27,64.0,1,64.0
SO70841,15876,318,2013-11-15,2013-11-22,2013-11-27,4.0,1,4.0
SO70842,11697,330,2013-11-15,2013-11-22,2013-11-27,29.0,1,29.0
SO70843,16780,319,2013-11-15,2013-11-22,2013-11-27,5.0,1,5.0
SO70844,4687,319,2013-11-15,2013-11-22,2013-11-27,5.0,1,5.0
SO70845,1832,319,2013-11-15,2013-11-22,2013-11-27,5.0,1,5.0
SO70846,277,326,2013-11-15,2013-11-22,2013-11-27,35.0,1,35.0
SO70847,1225,1,2013-11-15,2013-11-22,2013-11-27,35.0,1,35.0
SO70847,1225,2,2013-11-15,2013-11-22,2013-11-27,35.0,1,35.0
SO70847,1225,3,2013-11-15,2013-11-22,2013-11-27,35.0,1,35.0
SO70848,8992,388,2013-11-15,2013-11-22,2013-11-27,540.0,1,540.0
SO70849,6471,149,2013-11-15,2013-11-22,2013-11-27,2295.0,1,2295.0
SO70849,6471,150,2013-11-15,2013-11-22,2013-11-27,2295.0,1,2295.0
SO70850,4315,378,2013-11-15,2013-11-22,2013-11-27,769.0,1,769.0
SO70851,4292,376,2013-11-15,2013-11-22,2013-11-27,769.0,1,769.0
SO70852,6009,147,2013-11-15,2013-11-22,2013-11-27,2295.0,1,2295.0
SO70852,6009,148,2013-11-15,2013-11-22,2013-11-27,2295.0,1,2295.0
SO70853,6011,151,2013-11-15,2013-11-22,2013-11-27,2295.0,1,2295.0
SO70853,6011,152,2013-11-15,2013-11-22,2013-11-27,2295.0,1,2295.0
SO70854,6364,143,2013-11-15,2013-11-22,2013-11-27,2320.0,1,2320.0
SO70854,6364,144,2013-11-15,2013-11-22,2013-11-27,2320.0,1,2320.0
SO70855,6394,145,2013-11-15,2013-11-22,2013-11-27,2320.0,1,2320.0
SO70855,6394,146,2013-11-15,2013-11-22,2013-11-27,2320.0,1,2320.0
SO70856,14684,367,2013-11-15,2013-11-22,2013-11-27,1215.0,1,1215.0
SO70857,14453,362,2013-11-15,2013-11-22,2013-11-27,2384.0,1,2384.0
SO70858,14928,395,2013-11-15,2013-11-22,2013-11-27,540.0,1,540.0
SO70859,4267,376,2013-11-15,2013-11-22,2013-11-27,769.0,1,769.0
SO70860,4733,147,2013-11-15,2013-11-22,2013-11-27,2295.0,1,2295.0
SO70860,4733,148,2013-11-15,2013-11-22,2013-11-27,2295.0,1,2295.0
SO70861,17066,352,2013-11-15,2013-11-22,2013-11-27,2384.0,1,2384.0
SO70862,16635,394,2013-11-15,2013-11-22,2013-11-27,540.0,1,540.0
SO70863,6596,369,2013-11-15,2013-11-22,2013-11-27,1701.0,1,1701.0
SO70864,7590,371,2013-11-15,2013-11-22,2013-11-27,1701.0,1,1701.0
SO70865,7610,370,2013-11-15,2013-11-22,2013-11-27,1701.0,1,1701.0
SO70866,14466,170,2013-11-15,2013-11-22,2013-11-27,1120.0,1,1120.0
SO70866,14466,171,2013-11-15,2013-11-22,2013-11-27,1120.0,1,1120.0
SO70867,14461,394,2013-11-15,2013-11-22,2013-11-27,540.0,1,540.0
SO70868,13023,373,2013-11-15,2013-11-22,2013-11-27,540.0,1,540.0
SO70869,14451,394,2013-11-15,2013-11-22,2013-11-27,540.0,1,540.0
SO70870,36,374,2013-11-15,2013-11-22,2013-11-27,742.0,1,742.0
SO70871,3673,356,2013-11-15,2013-11-22,2013-11-27,742.0,1,742.0
SO70872,11519,372,2013-11-15,2013-11-22,2013-11-27,1701.0,1,1701.0
SO70873,11593,370,2013-11-16,2013-11-23,2013-11-28,1701.0,1,1701.0
SO70874,4608,328,2013-11-16,2013-11-23,2013-11-28,25.0,1,25.0
SO70875,8093,274,2013-11-16,2013-11-23,2013-11-28,22.0,1,22.0
SO70876,17221,12,2013-11-16,2013-11-23,2013-11-28,9.0,1,9.0
SO70876,17221,13,2013-11-16,2013-11-23,2013-11-28,9.0,1,9.0
SO70876,17221,14,2013-11-16,2013-11-23,2013-11-28,9.0,1,9.0
SO70877,17926,319,2013-11-16,2013-11-23,2013-11-28,5.0,1,5.0
SO70878,5553,168,2013-11-16,2013-11-23,2013-11-28,2443.0,1,2443.0
SO70878,5553,169,2013-11-16,2013-11-23,2013-11-28,2443.0,1,2443.0
SO70879,6649,151,2013-11-16,2013-11-23,2013-11-28,2295.0,1,2295.0
SO70879,6649,152,2013-11-16,2013-11-23,2013-11-28,2295.0,1,2295.0
SO70880,8917,151,2013-11-16,2013-11-23,2013-11-28,2295.0,1,2295.0
SO70880,8917,152,2013-11-16,2013-11-23,2013-11-28,2295.0,1,2295.0
SO70881,1827,141,2013-11-16,2013-11-23,2013-11-28,2320.0,1,2320.0
SO70881,1827,142,2013-11-16,2013-11-23,2013-11-28,2320.0,1,2320.0
SO70882,8071,151,2013-11-16,2013-11-23,2013-11-28,2295.0,1,2295.0
SO70882,8071,152,2013-11-16,2013-11-23,2013-11-28,2295.0,1,2295.0
SO70883,8264,380,2013-11-16,2013-11-23,2013-11-28,565.0,1,565.0
SO70884,11536,371,2013-11-16,2013-11-23,2013-11-28,1701.0,1,1701.0
SO70885,16375,318,2013-11-16,2013-11-23,2013-11-28,4.0,1,4.0
SO70886,15324,324,2013-11-16,2013-11-23,2013-11-28,25.0,1,25.0
SO70887,16201,330,2013-11-16,2013-11-23,2013-11-28,29.0,1,29.0
SO70888,12706,317,2013-11-16,2013-11-23,2013-11-28,5.0,1,5.0
SO70889,12449,325,2013-11-16,2013-11-23,2013-11-28,30.0,1,30.0
SO70890,10737,267,2013-11-16,2013-11-23,2013-11-28,10.0,1,10.0
SO70891,2291,267,2013-11-16,2013-11-23,2013-11-28,10.0,1,10.0
SO70892,16404,264,2013-11-16,2013-11-23,2013-11-28,70.0,1,70.0
SO70893,4879,263,2013-11-16,2013-11-23,2013-11-28,70.0,1,70.0
SO70894,7577,12,2013-11-16,2013-11-23,2013-11-28,9.0,1,9.0
SO70894,7577,13,2013-11-16,2013-11-23,2013-11-28,9.0,1,9.0
SO70894,7577,14,2013-11-16,2013-11-23,2013-11-28,9.0,1,9.0
SO70895,7661,263,2013-11-16,2013-11-23,2013-11-28,70.0,1,70.0
SO70896,7456,266,2013-11-16,2013-11-23,2013-11-28,5.0,1,5.0
SO70897,1965,266,2013-11-16,2013-11-23,2013-11-28,5.0,1,5.0
SO70898,16437,264,2013-11-16,2013-11-23,2013-11-28,70.0,1,70.0
SO70899,3664,317,2013-11-16,2013-11-23,2013-11-28,5.0,1,5.0
SO70900,8848,274,2013-11-16,2013-11-23,2013-11-28,22.0,1,22.0
SO70901,11454,266,2013-11-16,2013-11-23,2013-11-28,5.0,1,5.0
SO70902,17553,327,2013-11-16,2013-11-23,2013-11-28,21.0,1,21.0
SO70903,3984,330,2013-11-16,2013-11-23,2013-11-28,29.0,1,29.0
SO70904,15926,330,2013-11-16,2013-11-23,2013-11-28,29.0,1,29.0
SO70905,5602,319,2013-11-16,2013-11-23,2013-11-28,5.0,1,5.0
SO70906,269,326,2013-11-16,2013-11-23,2013-11-28,35.0,1,35.0
SO70907,704,326,2013-11-16,2013-11-23,2013-11-28,35.0,1,35.0
SO70908,1630,267,2013-11-16,2013-11-23,2013-11-28,10.0,1,10.0
SO70909,2589,267,2013-11-16,2013-11-23,2013-11-28,10.0,1,10.0
SO70910,1565,24,2013-11-16,2013-11-23,2013-11-28,50.0,1,50.0
SO70910,1565,25,2013-11-16,2013-11-23,2013-11-28,50.0,1,50.0
SO70910,1565,26,2013-11-16,2013-11-23,2013-11-28,50.0,1,50.0
SO70911,5366,164,2013-11-16,2013-11-23,2013-11-28,2443.0,1,2443.0
SO70911,5366,165,2013-11-16,2013-11-23,2013-11-28,2443.0,1,2443.0
SO70912,6442,143,2013-11-16,2013-11-23,2013-11-28,2320.0,1,2320.0
SO70912,6442,144,2013-11-16,2013-11-23,2013-11-28,2320.0,1,2320.0
SO70913,4285,379,2013-11-16,2013-11-23,2013-11-28,769.0,1,769.0
SO70914,2712,147,2013-11-16,2013-11-23,2013-11-28,2295.0,1,2295.0
SO70914,2712,148,2013-11-16,2013-11-23,2013-11-28,2295.0,1,2295.0
SO70915,7962,143,2013-11-16,2013-11-23,2013-11-28,2320.0,1,2320.0
SO70915,7962,144,2013-11-16,2013-11-23,2013-11-28,2320.0,1,2320.0
SO70916,6204,352,2013-11-16,2013-11-23,2013-11-28,2384.0,1,2384.0
SO70917,13460,369,2013-11-16,2013-11-23,2013-11-28,1701.0,1,1701.0
SO70918,13367,370,2013-11-16,2013-11-23,2013-11-28,1701.0,1,1701.0
SO70919,16587,178,2013-11-16,2013-11-23,2013-11-28,1120.0,1,1120.0
SO70919,16587,179,2013-11-16,2013-11-23,2013-11-28,1120.0,1,1120.0
SO70920,10947,162,2013-11-16,2013-11-23,2013-11-28,2443.0,1,2443.0
SO70920,10947,163,2013-11-16,2013-11-23,2013-11-28,2443.0,1,2443.0
SO70921,1585,388,2013-11-16,2013-11-23,2013-11-28,540.0,1,540.0
SO70922,7203,383,2013-11-16,2013-11-23,2013-11-28,565.0,1,565.0
SO70923,7204,386,2013-11-16,2013-11-23,2013-11-28,540.0,1,540.0
SO70924,169,358,2013-11-16,2013-11-23,2013-11-28,742.0,1,742.0
SO70925,16664,362,2013-11-16,2013-11-23,2013-11-28,2384.0,1,2384.0
SO70926,12846,373,2013-11-16,2013-11-23,2013-11-28,540.0,1,540.0
SO70927,6655,372,2013-11-16,2013-11-23,2013-11-28,1701.0,1,1701.0
SO70928,7647,370,2013-11-16,2013-11-23,2013-11-28,1701.0,1,1701.0
SO70929,7568,372,2013-11-16,2013-11-23,2013-11-28,1701.0,1,1701.0
SO70930,7569,372,2013-11-16,2013-11-23,2013-11-28,1701.0,1,1701.0
SO70931,7598,369,2013-11-16,2013-11-23,2013-11-28,1701.0,1,1701.0
SO70932,7599,372,2013-11-16,2013-11-23,2013-11-28,1701.0,1,1701.0
SO70933,9884,170,2013-11-16,2013-11-23,2013-11-28,1120.0,1,1120.0
SO70933,9884,171,2013-11-16,2013-11-23,2013-11-28,1120.0,1,1120.0
SO70934,14511,176,2013-11-16,2013-11-23,2013-11-28,1120.0,1,1120.0
SO70934,14511,177,2013-11-16,2013-11-23,2013-11-28,1120.0,1,1120.0
SO70935,16176,395,2013-11-16,2013-11-23,2013-11-28,540.0,1,540.0
SO70936,3262,367,2013-11-16,2013-11-23,2013-11-28,1215.0,1,1215.0
SO70937,2113,368,2013-11-16,2013-11-23,2013-11-28,1215.0,1,1215.0
SO70938,11469,370,2013-11-16,2013-11-23,2013-11-28,1701.0,1,1701.0
SO70939,8257,370,2013-11-16,2013-11-23,2013-11-28,1701.0,1,1701.0
SO70940,16975,393,2013-11-16,2013-11-23,2013-11-28,540.0,1,540.0
SO70941,11537,371,2013-11-17,2013-11-24,2013-11-29,1701.0,1,1701.0
SO70942,3675,328,2013-11-17,2013-11-24,2013-11-29,25.0,1,25.0
SO70943,4150,318,2013-11-17,2013-11-24,2013-11-29,4.0,1,4.0
SO70944,2996,317,2013-11-17,2013-11-24,2013-11-29,5.0,1,5.0
SO70945,6246,325,2013-11-17,2013-11-24,2013-11-29,30.0,1,30.0
SO70946,10393,325,2013-11-17,2013-11-24,2013-11-29,30.0,1,30.0
SO70947,5615,325,2013-11-17,2013-11-24,2013-11-29,30.0,1,30.0
SO70948,4254,325,2013-11-17,2013-11-24,2013-11-29,30.0,1,30.0
SO70949,8605,327,2013-11-17,2013-11-24,2013-11-29,21.0,1,21.0
SO70950,10966,326,2013-11-17,2013-11-24,2013-11-29,35.0,1,35.0
SO70951,7742,318,2013-11-17,2013-11-24,2013-11-29,4.0,1,4.0
SO70952,7295,269,2013-11-17,2013-11-24,2013-11-29,2.0,1,2.0
SO70953,4095,164,2013-11-17,2013-11-24,2013-11-29,2443.0,1,2443.0
SO70953,4095,165,2013-11-17,2013-11-24,2013-11-29,2443.0,1,2443.0
SO70954,3779,147,2013-11-17,2013-11-24,2013-11-29,2295.0,1,2295.0
SO70954,3779,148,2013-11-17,2013-11-24,2013-11-29,2295.0,1,2295.0
SO70955,8945,145,2013-11-17,2013-11-24,2013-11-29,2320.0,1,2320.0
SO70955,8945,146,2013-11-17,2013-11-24,2013-11-29,2320.0,1,2320.0
SO70956,5254,388,2013-11-17,2013-11-24,2013-11-29,540.0,1,540.0
SO70957,8286,369,2013-11-17,2013-11-24,2013-11-29,1701.0,1,1701.0
SO70958,5498,269,2013-11-17,2013-11-24,2013-11-29,2.0,1,2.0
SO70959,14378,329,2013-11-17,2013-11-24,2013-11-29,33.0,1,33.0
SO70960,13680,329,2013-11-17,2013-11-24,2013-11-29,33.0,1,33.0
SO70961,10291,266,2013-11-17,2013-11-24,2013-11-29,5.0,1,5.0
SO70962,7971,263,2013-11-17,2013-11-24,2013-11-29,70.0,1,70.0
SO70963,7831,264,2013-11-17,2013-11-24,2013-11-29,70.0,1,70.0
SO70964,9312,264,2013-11-17,2013-11-24,2013-11-29,70.0,1,70.0
SO70965,6685,266,2013-11-17,2013-11-24,2013-11-29,5.0,1,5.0
SO70966,4160,317,2013-11-17,2013-11-24,2013-11-29,5.0,1,5.0
SO70967,3838,274,2013-11-17,2013-11-24,2013-11-29,22.0,1,22.0
SO70968,5826,274,2013-11-17,2013-11-24,2013-11-29,22.0,1,22.0
SO70969,2674,263,2013-11-17,2013-11-24,2013-11-29,70.0,1,70.0
SO70970,11812,325,2013-11-17,2013-11-24,2013-11-29,30.0,1,30.0
SO70971,9940,266,2013-11-17,2013-11-24,2013-11-29,5.0,1,5.0
SO70972,390,330,2013-11-17,2013-11-24,2013-11-29,29.0,1,29.0
SO70973,8485,318,2013-11-17,2013-11-24,2013-11-29,4.0,1,4.0
SO70974,2545,330,2013-11-17,2013-11-24,2013-11-29,29.0,1,29.0
SO70975,2610,330,2013-11-17,2013-11-24,2013-11-29,29.0,1,29.0
SO70976,16321,330,2013-11-17,2013-11-24,2013-11-29,29.0,1,29.0
SO70977,4076,319,2013-11-17,2013-11-24,2013-11-29,5.0,1,5.0
SO70978,3364,326,2013-11-17,2013-11-24,2013-11-29,35.0,1,35.0
SO70979,1426,326,2013-11-17,2013-11-24,2013-11-29,35.0,1,35.0
SO70980,1456,274,2013-11-17,2013-11-24,2013-11-29,22.0,1,22.0
SO70981,1176,326,2013-11-17,2013-11-24,2013-11-29,35.0,1,35.0
SO70982,1664,267,2013-11-17,2013-11-24,2013-11-29,10.0,1,10.0
SO70983,1627,12,2013-11-17,2013-11-24,2013-11-29,9.0,1,9.0
SO70983,1627,13,2013-11-17,2013-11-24,2013-11-29,9.0,1,9.0
SO70983,1627,14,2013-11-17,2013-11-24,2013-11-29,9.0,1,9.0
SO70984,7827,274,2013-11-17,2013-11-24,2013-11-29,22.0,1,22.0
SO70985,6583,141,2013-11-17,2013-11-24,2013-11-29,2320.0,1,2320.0
SO70985,6583,142,2013-11-17,2013-11-24,2013-11-29,2320.0,1,2320.0
SO70986,7068,151,2013-11-17,2013-11-24,2013-11-29,2295.0,1,2295.0
SO70986,7068,152,2013-11-17,2013-11-24,2013-11-29,2295.0,1,2295.0
SO70987,6538,141,2013-11-17,2013-11-24,2013-11-29,2320.0,1,2320.0
SO70987,6538,142,2013-11-17,2013-11-24,2013-11-29,2320.0,1,2320.0
SO70988,6546,141,2013-11-17,2013-11-24,2013-11-29,2320.0,1,2320.0
SO70988,6546,142,2013-11-17,2013-11-24,2013-11-29,2320.0,1,2320.0
SO70989,6581,143,2013-11-17,2013-11-24,2013-11-29,2320.0,1,2320.0
SO70989,6581,144,2013-11-17,2013-11-24,2013-11-29,2320.0,1,2320.0
SO70990,4257,376,2013-11-17,2013-11-24,2013-11-29,769.0,1,769.0
SO70991,6425,145,2013-11-17,2013-11-24,2013-11-29,2320.0,1,2320.0
SO70991,6425,146,2013-11-17,2013-11-24,2013-11-29,2320.0,1,2320.0
SO70992,2248,151,2013-11-17,2013-11-24,2013-11-29,2295.0,1,2295.0
SO70992,2248,152,2013-11-17,2013-11-24,2013-11-29,2295.0,1,2295.0
SO70993,5970,145,2013-11-17,2013-11-24,2013-11-29,2320.0,1,2320.0
SO70993,5970,146,2013-11-17,2013-11-24,2013-11-29,2320.0,1,2320.0
SO70994,5982,147,2013-11-17,2013-11-24,2013-11-29,2295.0,1,2295.0
SO70994,5982,148,2013-11-17,2013-11-24,2013-11-29,2295.0,1,2295.0
SO70995,7972,149,2013-11-17,2013-11-24,2013-11-29,2295.0,1,2295.0
SO70995,7972,150,2013-11-17,2013-11-24,2013-11-29,2295.0,1,2295.0
SO70996,6141,145,2013-11-17,2013-11-24,2013-11-29,2320.0,1,2320.0
SO70996,6141,146,2013-11-17,2013-11-24,2013-11-29,2320.0,1,2320.0
SO70997,7136,363,2013-11-17,2013-11-24,2013-11-29,2384.0,1,2384.0
SO70998,1308,365,2013-11-17,2013-11-24,2013-11-29,2384.0,1,2384.0
SO70999,11911,371,2013-11-17,2013-11-24,2013-11-29,1701.0,1,1701.0
SO71000,15444,176,2013-11-17,2013-11-24,2013-11-29,1120.0,1,1120.0
SO71000,15444,177,2013-11-17,2013-11-24,2013-11-29,1120.0,1,1120.0
SO71001,14717,394,2013-11-17,2013-11-24,2013-11-29,540.0,1,540.0
SO71002,14927,373,2013-11-17,2013-11-24,2013-11-29,540.0,1,540.0
SO71003,4754,151,2013-11-17,2013-11-24,2013-11-29,2295.0,1,2295.0
SO71003,4754,152,2013-11-17,2013-11-24,2013-11-29,2295.0,1,2295.0
SO71004,15051,366,2013-11-17,2013-11-24,2013-11-29,1215.0,1,1215.0
SO71005,13667,355,2013-11-17,2013-11-24,2013-11-29,742.0,1,742.0
SO71006,13829,362,2013-11-17,2013-11-24,2013-11-29,2384.0,1,2384.0
SO71007,13959,353,2013-11-17,2013-11-24,2013-11-29,2384.0,1,2384.0
SO71008,12716,373,2013-11-17,2013-11-24,2013-11-29,540.0,1,540.0
SO71009,12725,373,2013-11-17,2013-11-24,2013-11-29,540.0,1,540.0
SO71010,12822,393,2013-11-17,2013-11-24,2013-11-29,540.0,1,540.0
SO71011,12838,393,2013-11-17,2013-11-24,2013-11-29,540.0,1,540.0
SO71012,12854,394,2013-11-17,2013-11-24,2013-11-29,540.0,1,540.0
SO71013,7763,371,2013-11-17,2013-11-24,2013-11-29,1701.0,1,1701.0
SO71014,7597,372,2013-11-17,2013-11-24,2013-11-29,1701.0,1,1701.0
SO71015,14501,172,2013-11-17,2013-11-24,2013-11-29,1120.0,1,1120.0
SO71015,14501,173,2013-11-17,2013-11-24,2013-11-29,1120.0,1,1120.0
SO71016,2407,395,2013-11-17,2013-11-24,2013-11-29,540.0,1,540.0
SO71017,14460,393,2013-11-17,2013-11-24,2013-11-29,540.0,1,540.0
SO71018,1126,352,2013-11-17,2013-11-24,2013-11-29,2384.0,1,2384.0
SO71019,13709,364,2013-11-17,2013-11-24,2013-11-29,2384.0,1,2384.0
SO71020,2136,364,2013-11-17,2013-11-24,2013-11-29,2384.0,1,2384.0
SO71021,16986,394,2013-11-17,2013-11-24,2013-11-29,540.0,1,540.0
SO71022,8182,372,2013-11-17,2013-11-24,2013-11-29,1701.0,1,1701.0
SO71023,2082,270,2013-11-17,2013-11-24,2013-11-29,9.0,1,9.0
SO71024,15364,369,2013-11-18,2013-11-25,2013-11-30,1701.0,1,1701.0
SO71025,8570,274,2013-11-18,2013-11-25,2013-11-30,22.0,1,22.0
SO71026,13897,317,2013-11-18,2013-11-25,2013-11-30,5.0,1,5.0
SO71027,1362,251,2013-11-18,2013-11-25,2013-11-30,24.0,1,24.0
SO71027,1362,252,2013-11-18,2013-11-25,2013-11-30,24.0,1,24.0
SO71028,8049,145,2013-11-18,2013-11-25,2013-11-30,2320.0,1,2320.0
SO71028,8049,146,2013-11-18,2013-11-25,2013-11-30,2320.0,1,2320.0
SO71029,8059,145,2013-11-18,2013-11-25,2013-11-30,2320.0,1,2320.0
SO71029,8059,146,2013-11-18,2013-11-25,2013-11-30,2320.0,1,2320.0
SO71030,1847,141,2013-11-18,2013-11-25,2013-11-30,2320.0,1,2320.0
SO71030,1847,142,2013-11-18,2013-11-25,2013-11-30,2320.0,1,2320.0
SO71031,8261,380,2013-11-18,2013-11-25,2013-11-30,565.0,1,565.0
SO71032,11681,385,2013-11-18,2013-11-25,2013-11-30,540.0,1,540.0
SO71033,17816,328,2013-11-18,2013-11-25,2013-11-30,25.0,1,25.0
SO71034,16382,330,2013-11-18,2013-11-25,2013-11-30,29.0,1,29.0
SO71035,15794,330,2013-11-18,2013-11-25,2013-11-30,29.0,1,29.0
SO71036,186,319,2013-11-18,2013-11-25,2013-11-30,5.0,1,5.0
SO71037,14969,324,2013-11-18,2013-11-25,2013-11-30,25.0,1,25.0
SO71038,15068,324,2013-11-18,2013-11-25,2013-11-30,25.0,1,25.0
SO71039,15169,330,2013-11-18,2013-11-25,2013-11-30,29.0,1,29.0
SO71040,12844,325,2013-11-18,2013-11-25,2013-11-30,30.0,1,30.0
SO71041,9512,267,2013-11-18,2013-11-25,2013-11-30,10.0,1,10.0
SO71042,7102,266,2013-11-18,2013-11-25,2013-11-30,5.0,1,5.0
SO71043,8222,266,2013-11-18,2013-11-25,2013-11-30,5.0,1,5.0
SO71044,14341,266,2013-11-18,2013-11-25,2013-11-30,5.0,1,5.0
SO71045,5719,266,2013-11-18,2013-11-25,2013-11-30,5.0,1,5.0
SO71046,2834,274,2013-11-18,2013-11-25,2013-11-30,22.0,1,22.0
SO71047,7049,324,2013-11-18,2013-11-25,2013-11-30,25.0,1,25.0
SO71048,9728,327,2013-11-18,2013-11-25,2013-11-30,21.0,1,21.0
SO71049,16834,327,2013-11-18,2013-11-25,2013-11-30,21.0,1,21.0
SO71050,15388,266,2013-11-18,2013-11-25,2013-11-30,5.0,1,5.0
SO71051,9954,318,2013-11-18,2013-11-25,2013-11-30,4.0,1,4.0
SO71052,5265,319,2013-11-18,2013-11-25,2013-11-30,5.0,1,5.0
SO71053,17462,330,2013-11-18,2013-11-25,2013-11-30,29.0,1,29.0
SO71054,14472,319,2013-11-18,2013-11-25,2013-11-30,5.0,1,5.0
SO71055,1956,326,2013-11-18,2013-11-25,2013-11-30,35.0,1,35.0
SO71056,1045,326,2013-11-18,2013-11-25,2013-11-30,35.0,1,35.0
SO71057,3328,274,2013-11-18,2013-11-25,2013-11-30,22.0,1,22.0
SO71058,5125,387,2013-11-18,2013-11-25,2013-11-30,540.0,1,540.0
SO71059,1424,147,2013-11-18,2013-11-25,2013-11-30,2295.0,1,2295.0
SO71059,1424,148,2013-11-18,2013-11-25,2013-11-30,2295.0,1,2295.0
SO71060,2381,145,2013-11-18,2013-11-25,2013-11-30,2320.0,1,2320.0
SO71060,2381,146,2013-11-18,2013-11-25,2013-11-30,2320.0,1,2320.0
SO71061,5969,147,2013-11-18,2013-11-25,2013-11-30,2295.0,1,2295.0
SO71061,5969,148,2013-11-18,2013-11-25,2013-11-30,2295.0,1,2295.0
SO71062,6003,147,2013-11-18,2013-11-25,2013-11-30,2295.0,1,2295.0
SO71062,6003,148,2013-11-18,2013-11-25,2013-11-30,2295.0,1,2295.0
SO71063,6014,145,2013-11-18,2013-11-25,2013-11-30,2320.0,1,2320.0
SO71063,6014,146,2013-11-18,2013-11-25,2013-11-30,2320.0,1,2320.0
SO71064,2371,147,2013-11-18,2013-11-25,2013-11-30,2295.0,1,2295.0
SO71064,2371,148,2013-11-18,2013-11-25,2013-11-30,2295.0,1,2295.0
SO71065,6269,145,2013-11-18,2013-11-25,2013-11-30,2320.0,1,2320.0
SO71065,6269,146,2013-11-18,2013-11-25,2013-11-30,2320.0,1,2320.0
SO71066,6365,147,2013-11-18,2013-11-25,2013-11-30,2295.0,1,2295.0
SO71066,6365,148,2013-11-18,2013-11-25,2013-11-30,2295.0,1,2295.0
SO71067,243,355,2013-11-18,2013-11-25,2013-11-30,742.0,1,742.0
SO71068,2260,367,2013-11-18,2013-11-25,2013-11-30,1215.0,1,1215.0
SO71069,2554,368,2013-11-18,2013-11-25,2013-11-30,1215.0,1,1215.0
SO71070,4654,356,2013-11-18,2013-11-25,2013-11-30,742.0,1,742.0
SO71071,613,352,2013-11-18,2013-11-25,2013-11-30,2384.0,1,2384.0
SO71072,7332,170,2013-11-18,2013-11-25,2013-11-30,1120.0,1,1120.0
SO71072,7332,171,2013-11-18,2013-11-25,2013-11-30,1120.0,1,1120.0
SO71073,4809,141,2013-11-18,2013-11-25,2013-11-30,2320.0,1,2320.0
SO71073,4809,142,2013-11-18,2013-11-25,2013-11-30,2320.0,1,2320.0
SO71074,5156,145,2013-11-18,2013-11-25,2013-11-30,2320.0,1,2320.0
SO71074,5156,146,2013-11-18,2013-11-25,2013-11-30,2320.0,1,2320.0
SO71075,4727,143,2013-11-18,2013-11-25,2013-11-30,2320.0,1,2320.0
SO71075,4727,144,2013-11-18,2013-11-25,2013-11-30,2320.0,1,2320.0
SO71076,4755,147,2013-11-18,2013-11-25,2013-11-30,2295.0,1,2295.0
SO71076,4755,148,2013-11-18,2013-11-25,2013-11-30,2295.0,1,2295.0
SO71077,90,361,2013-11-18,2013-11-25,2013-11-30,742.0,1,742.0
SO71078,15277,368,2013-11-18,2013-11-25,2013-11-30,1215.0,1,1215.0
SO71079,15635,360,2013-11-18,2013-11-25,2013-11-30,742.0,1,742.0
SO71080,11882,353,2013-11-18,2013-11-25,2013-11-30,2384.0,1,2384.0
SO71081,17068,365,2013-11-18,2013-11-25,2013-11-30,2384.0,1,2384.0
SO71082,12590,395,2013-11-18,2013-11-25,2013-11-30,540.0,1,540.0
SO71083,9469,178,2013-11-18,2013-11-25,2013-11-30,1120.0,1,1120.0
SO71083,9469,179,2013-11-18,2013-11-25,2013-11-30,1120.0,1,1120.0
SO71084,7791,372,2013-11-18,2013-11-25,2013-11-30,1701.0,1,1701.0
SO71085,14481,178,2013-11-18,2013-11-25,2013-11-30,1120.0,1,1120.0
SO71085,14481,179,2013-11-18,2013-11-25,2013-11-30,1120.0,1,1120.0
SO71086,17703,176,2013-11-18,2013-11-25,2013-11-30,1120.0,1,1120.0
SO71086,17703,177,2013-11-18,2013-11-25,2013-11-30,1120.0,1,1120.0
SO71087,2557,393,2013-11-18,2013-11-25,2013-11-30,540.0,1,540.0
SO71088,17388,394,2013-11-18,2013-11-25,2013-11-30,540.0,1,540.0
SO71089,2580,393,2013-11-18,2013-11-25,2013-11-30,540.0,1,540.0
SO71090,13011,393,2013-11-18,2013-11-25,2013-11-30,540.0,1,540.0
SO71091,14661,372,2013-11-18,2013-11-25,2013-11-30,1701.0,1,1701.0
SO71092,2091,365,2013-11-18,2013-11-25,2013-11-30,2384.0,1,2384.0
SO71093,2142,324,2013-11-19,2013-11-26,2013-12-01,25.0,1,25.0
SO71094,761,317,2013-11-19,2013-11-26,2013-12-01,5.0,1,5.0
SO71095,4804,318,2013-11-19,2013-11-26,2013-12-01,4.0,1,4.0
SO71096,5179,325,2013-11-19,2013-11-26,2013-12-01,30.0,1,30.0
SO71097,4021,328,2013-11-19,2013-11-26,2013-12-01,25.0,1,25.0
SO71098,8668,326,2013-11-19,2013-11-26,2013-12-01,35.0,1,35.0
SO71099,2117,275,2013-11-19,2013-11-26,2013-12-01,159.0,1,159.0
SO71100,1353,253,2013-11-19,2013-11-26,2013-12-01,24.0,1,24.0
SO71100,1353,254,2013-11-19,2013-11-26,2013-12-01,24.0,1,24.0
SO71101,1859,145,2013-11-19,2013-11-26,2013-12-01,2320.0,1,2320.0
SO71101,1859,146,2013-11-19,2013-11-26,2013-12-01,2320.0,1,2320.0
SO71102,9574,149,2013-11-19,2013-11-26,2013-12-01,2295.0,1,2295.0
SO71102,9574,150,2013-11-19,2013-11-26,2013-12-01,2295.0,1,2295.0
SO71103,3848,145,2013-11-19,2013-11-26,2013-12-01,2320.0,1,2320.0
SO71103,3848,146,2013-11-19,2013-11-26,2013-12-01,2320.0,1,2320.0
SO71104,7006,151,2013-11-19,2013-11-26,2013-12-01,2295.0,1,2295.0
SO71104,7006,152,2013-11-19,2013-11-26,2013-12-01,2295.0,1,2295.0
SO71105,331,269,2013-11-19,2013-11-26,2013-12-01,2.0,1,2.0
SO71106,16993,269,2013-11-19,2013-11-26,2013-12-01,2.0,1,2.0
SO71107,186,269,2013-11-19,2013-11-26,2013-12-01,2.0,1,2.0
SO71108,17264,319,2013-11-19,2013-11-26,2013-12-01,5.0,1,5.0
SO71109,18019,328,2013-11-19,2013-11-26,2013-12-01,25.0,1,25.0
SO71110,15170,330,2013-11-19,2013-11-26,2013-12-01,29.0,1,29.0
SO71111,14767,329,2013-11-19,2013-11-26,2013-12-01,33.0,1,33.0
SO71112,14040,329,2013-11-19,2013-11-26,2013-12-01,33.0,1,33.0
SO71113,13637,329,2013-11-19,2013-11-26,2013-12-01,33.0,1,33.0
SO71114,13429,329,2013-11-19,2013-11-26,2013-12-01,33.0,1,33.0
SO71115,13632,318,2013-11-19,2013-11-26,2013-12-01,4.0,1,4.0
SO71116,641,317,2013-11-19,2013-11-26,2013-12-01,5.0,1,5.0
SO71117,3587,266,2013-11-19,2013-11-26,2013-12-01,5.0,1,5.0
SO71118,834,267,2013-11-19,2013-11-26,2013-12-01,10.0,1,10.0
SO71119,9080,266,2013-11-19,2013-11-26,2013-12-01,5.0,1,5.0
SO71120,11566,318,2013-11-19,2013-11-26,2013-12-01,4.0,1,4.0
SO71121,215,326,2013-11-19,2013-11-26,2013-12-01,35.0,1,35.0
SO71122,1901,274,2013-11-19,2013-11-26,2013-12-01,22.0,1,22.0
SO71123,4867,274,2013-11-19,2013-11-26,2013-12-01,22.0,1,22.0
SO71124,8898,388,2013-11-19,2013-11-26,2013-12-01,540.0,1,540.0
SO71125,6564,143,2013-11-19,2013-11-26,2013-12-01,2320.0,1,2320.0
SO71125,6564,144,2013-11-19,2013-11-26,2013-12-01,2320.0,1,2320.0
SO71126,8711,151,2013-11-19,2013-11-26,2013-12-01,2295.0,1,2295.0
SO71126,8711,152,2013-11-19,2013-11-26,2013-12-01,2295.0,1,2295.0
SO71127,7128,363,2013-11-19,2013-11-26,2013-12-01,2384.0,1,2384.0
SO71128,1309,351,2013-11-19,2013-11-26,2013-12-01,2384.0,1,2384.0
SO71129,15205,178,2013-11-19,2013-11-26,2013-12-01,1120.0,1,1120.0
SO71129,15205,179,2013-11-19,2013-11-26,2013-12-01,1120.0,1,1120.0
SO71130,15376,174,2013-11-19,2013-11-26,2013-12-01,1120.0,1,1120.0
SO71130,15376,175,2013-11-19,2013-11-26,2013-12-01,1120.0,1,1120.0
SO71131,4212,378,2013-11-19,2013-11-26,2013-12-01,769.0,1,769.0
SO71132,48,145,2013-11-19,2013-11-26,2013-12-01,2320.0,1,2320.0
SO71132,48,146,2013-11-19,2013-11-26,2013-12-01,2320.0,1,2320.0
SO71133,4803,141,2013-11-19,2013-11-26,2013-12-01,2320.0,1,2320.0
SO71133,4803,142,2013-11-19,2013-11-26,2013-12-01,2320.0,1,2320.0
SO71134,16607,352,2013-11-19,2013-11-26,2013-12-01,2384.0,1,2384.0
SO71135,16572,351,2013-11-19,2013-11-26,2013-12-01,2384.0,1,2384.0
SO71136,17032,352,2013-11-19,2013-11-26,2013-12-01,2384.0,1,2384.0
SO71137,16646,364,2013-11-19,2013-11-26,2013-12-01,2384.0,1,2384.0
SO71138,16652,353,2013-11-19,2013-11-26,2013-12-01,2384.0,1,2384.0
SO71139,12708,393,2013-11-19,2013-11-26,2013-12-01,540.0,1,540.0
SO71140,6859,372,2013-11-19,2013-11-26,2013-12-01,1701.0,1,1701.0
SO71141,14449,178,2013-11-19,2013-11-26,2013-12-01,1120.0,1,1120.0
SO71141,14449,179,2013-11-19,2013-11-26,2013-12-01,1120.0,1,1120.0
SO71142,10007,176,2013-11-19,2013-11-26,2013-12-01,1120.0,1,1120.0
SO71142,10007,177,2013-11-19,2013-11-26,2013-12-01,1120.0,1,1120.0
SO71143,16947,172,2013-11-19,2013-11-26,2013-12-01,1120.0,1,1120.0
SO71143,16947,173,2013-11-19,2013-11-26,2013-12-01,1120.0,1,1120.0
SO71144,14469,394,2013-11-19,2013-11-26,2013-12-01,540.0,1,540.0
SO71145,12959,394,2013-11-19,2013-11-26,2013-12-01,540.0,1,540.0
SO71146,11527,371,2013-11-19,2013-11-26,2013-12-01,1701.0,1,1701.0
SO71147,51,355,2013-11-19,2013-11-26,2013-12-01,742.0,1,742.0
SO71148,2130,352,2013-11-19,2013-11-26,2013-12-01,2384.0,1,2384.0
SO71149,2131,351,2013-11-19,2013-11-26,2013-12-01,2384.0,1,2384.0
SO71150,8275,371,2013-11-19,2013-11-26,2013-12-01,1701.0,1,1701.0
SO71151,2630,363,2013-11-19,2013-11-26,2013-12-01,2384.0,1,2384.0
SO71152,2041,324,2013-11-20,2013-11-27,2013-12-02,25.0,1,25.0
SO71153,216,12,2013-11-20,2013-11-27,2013-12-02,9.0,1,9.0
SO71153,216,13,2013-11-20,2013-11-27,2013-12-02,9.0,1,9.0
SO71153,216,14,2013-11-20,2013-11-27,2013-12-02,9.0,1,9.0
SO71154,14141,327,2013-11-20,2013-11-27,2013-12-02,21.0,1,21.0
SO71155,11853,326,2013-11-20,2013-11-27,2013-12-02,35.0,1,35.0
SO71156,15428,263,2013-11-20,2013-11-27,2013-12-02,70.0,1,70.0
SO71157,15187,318,2013-11-20,2013-11-27,2013-12-02,4.0,1,4.0
SO71158,2003,318,2013-11-20,2013-11-27,2013-12-02,4.0,1,4.0
SO71159,2628,272,2013-11-20,2013-11-27,2013-12-02,120.0,1,120.0
SO71160,5549,166,2013-11-20,2013-11-27,2013-12-02,2443.0,1,2443.0
SO71160,5549,167,2013-11-20,2013-11-27,2013-12-02,2443.0,1,2443.0
SO71161,8946,145,2013-11-20,2013-11-27,2013-12-02,2320.0,1,2320.0
SO71161,8946,146,2013-11-20,2013-11-27,2013-12-02,2320.0,1,2320.0
SO71162,1176,272,2013-11-20,2013-11-27,2013-12-02,120.0,1,120.0
SO71163,14168,329,2013-11-20,2013-11-27,2013-12-02,33.0,1,33.0
SO71164,2072,325,2013-11-20,2013-11-27,2013-12-02,30.0,1,30.0
SO71165,10504,266,2013-11-20,2013-11-27,2013-12-02,5.0,1,5.0
SO71166,4975,265,2013-11-20,2013-11-27,2013-12-02,70.0,1,70.0
SO71167,7844,265,2013-11-20,2013-11-27,2013-12-02,70.0,1,70.0
SO71168,15457,266,2013-11-20,2013-11-27,2013-12-02,5.0,1,5.0
SO71169,4480,317,2013-11-20,2013-11-27,2013-12-02,5.0,1,5.0
SO71170,8027,274,2013-11-20,2013-11-27,2013-12-02,22.0,1,22.0
SO71171,4299,317,2013-11-20,2013-11-27,2013-12-02,5.0,1,5.0
SO71172,6875,325,2013-11-20,2013-11-27,2013-12-02,30.0,1,30.0
SO71173,3935,264,2013-11-20,2013-11-27,2013-12-02,70.0,1,70.0
SO71174,11663,266,2013-11-20,2013-11-27,2013-12-02,5.0,1,5.0
SO71175,1404,267,2013-11-20,2013-11-27,2013-12-02,10.0,1,10.0
SO71176,16934,319,2013-11-20,2013-11-27,2013-12-02,5.0,1,5.0
SO71177,6758,319,2013-11-20,2013-11-27,2013-12-02,5.0,1,5.0
SO71178,2501,319,2013-11-20,2013-11-27,2013-12-02,5.0,1,5.0
SO71179,4163,326,2013-11-20,2013-11-27,2013-12-02,35.0,1,35.0
SO71180,1435,326,2013-11-20,2013-11-27,2013-12-02,35.0,1,35.0
SO71181,570,4,2013-11-20,2013-11-27,2013-12-02,35.0,1,35.0
SO71181,570,5,2013-11-20,2013-11-27,2013-12-02,35.0,1,35.0
SO71181,570,6,2013-11-20,2013-11-27,2013-12-02,35.0,1,35.0
SO71182,4324,379,2013-11-20,2013-11-27,2013-12-02,769.0,1,769.0
SO71183,2385,143,2013-11-20,2013-11-27,2013-12-02,2320.0,1,2320.0
SO71183,2385,144,2013-11-20,2013-11-27,2013-12-02,2320.0,1,2320.0
SO71184,4410,377,2013-11-20,2013-11-27,2013-12-02,769.0,1,769.0
SO71185,6136,143,2013-11-20,2013-11-27,2013-12-02,2320.0,1,2320.0
SO71185,6136,144,2013-11-20,2013-11-27,2013-12-02,2320.0,1,2320.0
SO71186,2162,141,2013-11-20,2013-11-27,2013-12-02,2320.0,1,2320.0
SO71186,2162,142,2013-11-20,2013-11-27,2013-12-02,2320.0,1,2320.0
SO71187,16774,359,2013-11-20,2013-11-27,2013-12-02,742.0,1,742.0
SO71188,16785,361,2013-11-20,2013-11-27,2013-12-02,742.0,1,742.0
SO71189,18367,365,2013-11-20,2013-11-27,2013-12-02,2384.0,1,2384.0
SO71190,1302,350,2013-11-20,2013-11-27,2013-12-02,2384.0,1,2384.0
SO71191,1292,364,2013-11-20,2013-11-27,2013-12-02,2384.0,1,2384.0
SO71192,15161,178,2013-11-20,2013-11-27,2013-12-02,1120.0,1,1120.0
SO71192,15161,179,2013-11-20,2013-11-27,2013-12-02,1120.0,1,1120.0
SO71193,15423,174,2013-11-20,2013-11-27,2013-12-02,1120.0,1,1120.0
SO71193,15423,175,2013-11-20,2013-11-27,2013-12-02,1120.0,1,1120.0
SO71194,15755,170,2013-11-20,2013-11-27,2013-12-02,1120.0,1,1120.0
SO71194,15755,171,2013-11-20,2013-11-27,2013-12-02,1120.0,1,1120.0
SO71195,10975,164,2013-11-20,2013-11-27,2013-12-02,2443.0,1,2443.0
SO71195,10975,165,2013-11-20,2013-11-27,2013-12-02,2443.0,1,2443.0
SO71196,7336,168,2013-11-20,2013-11-27,2013-12-02,2443.0,1,2443.0
SO71196,7336,169,2013-11-20,2013-11-27,2013-12-02,2443.0,1,2443.0
SO71197,10997,371,2013-11-20,2013-11-27,2013-12-02,1701.0,1,1701.0
SO71198,11032,372,2013-11-20,2013-11-27,2013-12-02,1701.0,1,1701.0
SO71199,15441,170,2013-11-20,2013-11-27,2013-12-02,1120.0,1,1120.0
SO71199,15441,171,2013-11-20,2013-11-27,2013-12-02,1120.0,1,1120.0
SO71200,15253,366,2013-11-20,2013-11-27,2013-12-02,1215.0,1,1215.0
SO71201,15094,366,2013-11-20,2013-11-27,2013-12-02,1215.0,1,1215.0
SO71202,16573,363,2013-11-20,2013-11-27,2013-12-02,2384.0,1,2384.0
SO71203,16622,350,2013-11-20,2013-11-27,2013-12-02,2384.0,1,2384.0
SO71204,16647,364,2013-11-20,2013-11-27,2013-12-02,2384.0,1,2384.0
SO71205,17031,362,2013-11-20,2013-11-27,2013-12-02,2384.0,1,2384.0
SO71206,12837,393,2013-11-20,2013-11-27,2013-12-02,540.0,1,540.0
SO71207,6657,373,2013-11-20,2013-11-27,2013-12-02,540.0,1,540.0
SO71208,12839,393,2013-11-20,2013-11-27,2013-12-02,540.0,1,540.0
SO71209,12509,393,2013-11-20,2013-11-27,2013-12-02,540.0,1,540.0
SO71210,12481,395,2013-11-20,2013-11-27,2013-12-02,540.0,1,540.0
SO71211,12500,395,2013-11-20,2013-11-27,2013-12-02,540.0,1,540.0
SO71212,12856,394,2013-11-20,2013-11-27,2013-12-02,540.0,1,540.0
SO71213,7680,372,2013-11-20,2013-11-27,2013-12-02,1701.0,1,1701.0
SO71214,1124,394,2013-11-20,2013-11-27,2013-12-02,540.0,1,540.0
SO71215,17429,393,2013-11-20,2013-11-27,2013-12-02,540.0,1,540.0
SO71216,14304,394,2013-11-20,2013-11-27,2013-12-02,540.0,1,540.0
SO71217,2161,350,2013-11-20,2013-11-27,2013-12-02,2384.0,1,2384.0
SO71218,18315,395,2013-11-20,2013-11-27,2013-12-02,540.0,1,540.0
SO71219,8189,371,2013-11-20,2013-11-27,2013-12-02,1701.0,1,1701.0
SO71220,503,4,2013-11-21,2013-11-28,2013-12-03,35.0,1,35.0
SO71220,503,5,2013-11-21,2013-11-28,2013-12-03,35.0,1,35.0
SO71220,503,6,2013-11-21,2013-11-28,2013-12-03,35.0,1,35.0
SO71221,5180,325,2013-11-21,2013-11-28,2013-12-03,30.0,1,30.0
SO71222,6328,274,2013-11-21,2013-11-28,2013-12-03,22.0,1,22.0
SO71223,7452,318,2013-11-21,2013-11-28,2013-12-03,4.0,1,4.0
SO71224,3314,319,2013-11-21,2013-11-28,2013-12-03,5.0,1,5.0
SO71225,14249,317,2013-11-21,2013-11-28,2013-12-03,5.0,1,5.0
SO71226,4022,12,2013-11-21,2013-11-28,2013-12-03,9.0,1,9.0
SO71226,4022,13,2013-11-21,2013-11-28,2013-12-03,9.0,1,9.0
SO71226,4022,14,2013-11-21,2013-11-28,2013-12-03,9.0,1,9.0
SO71227,3799,379,2013-11-21,2013-11-28,2013-12-03,769.0,1,769.0
SO71228,3820,378,2013-11-21,2013-11-28,2013-12-03,769.0,1,769.0
SO71229,1826,141,2013-11-21,2013-11-28,2013-12-03,2320.0,1,2320.0
SO71229,1826,142,2013-11-21,2013-11-28,2013-12-03,2320.0,1,2320.0
SO71230,9549,147,2013-11-21,2013-11-28,2013-12-03,2295.0,1,2295.0
SO71230,9549,148,2013-11-21,2013-11-28,2013-12-03,2295.0,1,2295.0
SO71231,6987,145,2013-11-21,2013-11-28,2013-12-03,2320.0,1,2320.0
SO71231,6987,146,2013-11-21,2013-11-28,2013-12-03,2320.0,1,2320.0
SO71232,714,280,2013-11-21,2013-11-28,2013-12-03,54.0,1,54.0
SO71233,506,280,2013-11-21,2013-11-28,2013-12-03,54.0,1,54.0
SO71234,177,327,2013-11-21,2013-11-28,2013-12-03,21.0,1,21.0
SO71235,204,328,2013-11-21,2013-11-28,2013-12-03,25.0,1,25.0
SO71236,876,325,2013-11-21,2013-11-28,2013-12-03,30.0,1,30.0
SO71237,6620,317,2013-11-21,2013-11-28,2013-12-03,5.0,1,5.0
SO71238,5118,317,2013-11-21,2013-11-28,2013-12-03,5.0,1,5.0
SO71239,3553,265,2013-11-21,2013-11-28,2013-12-03,70.0,1,70.0
SO71240,10465,274,2013-11-21,2013-11-28,2013-12-03,22.0,1,22.0
SO71241,2466,274,2013-11-21,2013-11-28,2013-12-03,22.0,1,22.0
SO71242,6818,324,2013-11-21,2013-11-28,2013-12-03,25.0,1,25.0
SO71243,9057,325,2013-11-21,2013-11-28,2013-12-03,30.0,1,30.0
SO71244,13567,266,2013-11-21,2013-11-28,2013-12-03,5.0,1,5.0
SO71245,15902,318,2013-11-21,2013-11-28,2013-12-03,4.0,1,4.0
SO71246,2097,326,2013-11-21,2013-11-28,2013-12-03,35.0,1,35.0
SO71247,1537,12,2013-11-21,2013-11-28,2013-12-03,9.0,1,9.0
SO71247,1537,13,2013-11-21,2013-11-28,2013-12-03,9.0,1,9.0
SO71247,1537,14,2013-11-21,2013-11-28,2013-12-03,9.0,1,9.0
SO71248,7318,274,2013-11-21,2013-11-28,2013-12-03,22.0,1,22.0
SO71249,8996,380,2013-11-21,2013-11-28,2013-12-03,565.0,1,565.0
SO71250,2399,145,2013-11-21,2013-11-28,2013-12-03,2320.0,1,2320.0
SO71250,2399,146,2013-11-21,2013-11-28,2013-12-03,2320.0,1,2320.0
SO71251,8856,147,2013-11-21,2013-11-28,2013-12-03,2295.0,1,2295.0
SO71251,8856,148,2013-11-21,2013-11-28,2013-12-03,2295.0,1,2295.0
SO71252,6525,147,2013-11-21,2013-11-28,2013-12-03,2295.0,1,2295.0
SO71252,6525,148,2013-11-21,2013-11-28,2013-12-03,2295.0,1,2295.0
SO71253,7789,151,2013-11-21,2013-11-28,2013-12-03,2295.0,1,2295.0
SO71253,7789,152,2013-11-21,2013-11-28,2013-12-03,2295.0,1,2295.0
SO71254,7955,377,2013-11-21,2013-11-28,2013-12-03,769.0,1,769.0
SO71255,2402,143,2013-11-21,2013-11-28,2013-12-03,2320.0,1,2320.0
SO71255,2402,144,2013-11-21,2013-11-28,2013-12-03,2320.0,1,2320.0
SO71256,6006,151,2013-11-21,2013-11-28,2013-12-03,2295.0,1,2295.0
SO71256,6006,152,2013-11-21,2013-11-28,2013-12-03,2295.0,1,2295.0
SO71257,6265,147,2013-11-21,2013-11-28,2013-12-03,2295.0,1,2295.0
SO71257,6265,148,2013-11-21,2013-11-28,2013-12-03,2295.0,1,2295.0
SO71258,14321,351,2013-11-21,2013-11-28,2013-12-03,2384.0,1,2384.0
SO71259,18368,350,2013-11-21,2013-11-28,2013-12-03,2384.0,1,2384.0
SO71260,7137,364,2013-11-21,2013-11-28,2013-12-03,2384.0,1,2384.0
SO71261,14320,362,2013-11-21,2013-11-28,2013-12-03,2384.0,1,2384.0
SO71262,1322,365,2013-11-21,2013-11-28,2013-12-03,2384.0,1,2384.0
SO71263,15762,170,2013-11-21,2013-11-28,2013-12-03,1120.0,1,1120.0
SO71263,15762,171,2013-11-21,2013-11-28,2013-12-03,1120.0,1,1120.0
SO71264,10995,166,2013-11-21,2013-11-28,2013-12-03,2443.0,1,2443.0
SO71264,10995,167,2013-11-21,2013-11-28,2013-12-03,2443.0,1,2443.0
SO71265,13469,371,2013-11-21,2013-11-28,2013-12-03,1701.0,1,1701.0
SO71266,5484,388,2013-11-21,2013-11-28,2013-12-03,540.0,1,540.0
SO71267,4790,147,2013-11-21,2013-11-28,2013-12-03,2295.0,1,2295.0
SO71267,4790,148,2013-11-21,2013-11-28,2013-12-03,2295.0,1,2295.0
SO71268,2108,147,2013-11-21,2013-11-28,2013-12-03,2295.0,1,2295.0
SO71268,2108,148,2013-11-21,2013-11-28,2013-12-03,2295.0,1,2295.0
SO71269,91,358,2013-11-21,2013-11-28,2013-12-03,742.0,1,742.0
SO71270,85,359,2013-11-21,2013-11-28,2013-12-03,742.0,1,742.0
SO71271,17039,353,2013-11-21,2013-11-28,2013-12-03,2384.0,1,2384.0
SO71272,9092,373,2013-11-21,2013-11-28,2013-12-03,540.0,1,540.0
SO71273,9077,394,2013-11-21,2013-11-28,2013-12-03,540.0,1,540.0
SO71274,9079,394,2013-11-21,2013-11-28,2013-12-03,540.0,1,540.0
SO71275,10747,170,2013-11-21,2013-11-28,2013-12-03,1120.0,1,1120.0
SO71275,10747,171,2013-11-21,2013-11-28,2013-12-03,1120.0,1,1120.0
SO71276,10661,174,2013-11-21,2013-11-28,2013-12-03,1120.0,1,1120.0
SO71276,10661,175,2013-11-21,2013-11-28,2013-12-03,1120.0,1,1120.0
SO71277,10597,178,2013-11-21,2013-11-28,2013-12-03,1120.0,1,1120.0
SO71277,10597,179,2013-11-21,2013-11-28,2013-12-03,1120.0,1,1120.0
SO71278,2140,351,2013-11-21,2013-11-28,2013-12-03,2384.0,1,2384.0
SO71279,2111,368,2013-11-21,2013-11-28,2013-12-03,1215.0,1,1215.0
SO71280,8175,372,2013-11-21,2013-11-28,2013-12-03,1701.0,1,1701.0
SO71281,14710,373,2013-11-21,2013-11-28,2013-12-03,540.0,1,540.0
SO71282,10956,160,2013-11-22,2013-11-29,2013-12-04,2443.0,1,2443.0
SO71282,10956,161,2013-11-22,2013-11-29,2013-12-04,2443.0,1,2443.0
SO71283,10959,166,2013-11-22,2013-11-29,2013-12-04,2443.0,1,2443.0
SO71283,10959,167,2013-11-22,2013-11-29,2013-12-04,2443.0,1,2443.0
SO71284,10969,168,2013-11-22,2013-11-29,2013-12-04,2443.0,1,2443.0
SO71284,10969,169,2013-11-22,2013-11-29,2013-12-04,2443.0,1,2443.0
SO71285,5268,389,2013-11-22,2013-11-29,2013-12-04,540.0,1,540.0
SO71286,5609,325,2013-11-22,2013-11-29,2013-12-04,30.0,1,30.0
SO71287,10989,326,2013-11-22,2013-11-29,2013-12-04,35.0,1,35.0
SO71288,9315,266,2013-11-22,2013-11-29,2013-12-04,5.0,1,5.0
SO71289,14020,267,2013-11-22,2013-11-29,2013-12-04,10.0,1,10.0
SO71290,7281,329,2013-11-22,2013-11-29,2013-12-04,33.0,1,33.0
SO71291,5541,162,2013-11-22,2013-11-29,2013-12-04,2443.0,1,2443.0
SO71291,5541,163,2013-11-22,2013-11-29,2013-12-04,2443.0,1,2443.0
SO71292,4665,380,2013-11-22,2013-11-29,2013-12-04,565.0,1,565.0
SO71293,224,318,2013-11-22,2013-11-29,2013-12-04,4.0,1,4.0
SO71294,18030,319,2013-11-22,2013-11-29,2013-12-04,5.0,1,5.0
SO71295,16627,319,2013-11-22,2013-11-29,2013-12-04,5.0,1,5.0
SO71296,254,328,2013-11-22,2013-11-29,2013-12-04,25.0,1,25.0
SO71297,5480,318,2013-11-22,2013-11-29,2013-12-04,4.0,1,4.0
SO71298,224,317,2013-11-22,2013-11-29,2013-12-04,5.0,1,5.0
SO71299,12721,317,2013-11-22,2013-11-29,2013-12-04,5.0,1,5.0
SO71300,14042,329,2013-11-22,2013-11-29,2013-12-04,33.0,1,33.0
SO71301,9489,267,2013-11-22,2013-11-29,2013-12-04,10.0,1,10.0
SO71302,7986,263,2013-11-22,2013-11-29,2013-12-04,70.0,1,70.0
SO71303,7231,266,2013-11-22,2013-11-29,2013-12-04,5.0,1,5.0
SO71304,7912,266,2013-11-22,2013-11-29,2013-12-04,5.0,1,5.0
SO71305,11220,317,2013-11-22,2013-11-29,2013-12-04,5.0,1,5.0
SO71306,582,317,2013-11-22,2013-11-29,2013-12-04,5.0,1,5.0
SO71307,5313,318,2013-11-22,2013-11-29,2013-12-04,4.0,1,4.0
SO71308,8377,266,2013-11-22,2013-11-29,2013-12-04,5.0,1,5.0
SO71309,8431,328,2013-11-22,2013-11-29,2013-12-04,25.0,1,25.0
SO71310,12976,318,2013-11-22,2013-11-29,2013-12-04,4.0,1,4.0
SO71311,18424,327,2013-11-22,2013-11-29,2013-12-04,21.0,1,21.0
SO71312,16932,319,2013-11-22,2013-11-29,2013-12-04,5.0,1,5.0
SO71313,5326,319,2013-11-22,2013-11-29,2013-12-04,5.0,1,5.0
SO71314,14543,319,2013-11-22,2013-11-29,2013-12-04,5.0,1,5.0
SO71315,3447,326,2013-11-22,2013-11-29,2013-12-04,35.0,1,35.0
SO71316,5848,274,2013-11-22,2013-11-29,2013-12-04,22.0,1,22.0
SO71317,4495,326,2013-11-22,2013-11-29,2013-12-04,35.0,1,35.0
SO71318,1416,317,2013-11-22,2013-11-29,2013-12-04,5.0,1,5.0
SO71319,8993,384,2013-11-22,2013-11-29,2013-12-04,565.0,1,565.0
SO71320,5784,168,2013-11-22,2013-11-29,2013-12-04,2443.0,1,2443.0
SO71320,5784,169,2013-11-22,2013-11-29,2013-12-04,2443.0,1,2443.0
SO71321,9035,151,2013-11-22,2013-11-29,2013-12-04,2295.0,1,2295.0
SO71321,9035,152,2013-11-22,2013-11-29,2013-12-04,2295.0,1,2295.0
SO71322,6554,143,2013-11-22,2013-11-29,2013-12-04,2320.0,1,2320.0
SO71322,6554,144,2013-11-22,2013-11-29,2013-12-04,2320.0,1,2320.0
SO71323,6509,147,2013-11-22,2013-11-29,2013-12-04,2295.0,1,2295.0
SO71323,6509,148,2013-11-22,2013-11-29,2013-12-04,2295.0,1,2295.0
SO71324,6421,143,2013-11-22,2013-11-29,2013-12-04,2320.0,1,2320.0
SO71324,6421,144,2013-11-22,2013-11-29,2013-12-04,2320.0,1,2320.0
SO71325,6422,143,2013-11-22,2013-11-29,2013-12-04,2320.0,1,2320.0
SO71325,6422,144,2013-11-22,2013-11-29,2013-12-04,2320.0,1,2320.0
SO71326,6007,149,2013-11-22,2013-11-29,2013-12-04,2295.0,1,2295.0
SO71326,6007,150,2013-11-22,2013-11-29,2013-12-04,2295.0,1,2295.0
SO71327,2247,143,2013-11-22,2013-11-29,2013-12-04,2320.0,1,2320.0
SO71327,2247,144,2013-11-22,2013-11-29,2013-12-04,2320.0,1,2320.0
SO71328,7127,350,2013-11-22,2013-11-29,2013-12-04,2384.0,1,2384.0
SO71329,6208,353,2013-11-22,2013-11-29,2013-12-04,2384.0,1,2384.0
SO71330,6219,350,2013-11-22,2013-11-29,2013-12-04,2384.0,1,2384.0
SO71331,7333,178,2013-11-22,2013-11-29,2013-12-04,1120.0,1,1120.0
SO71331,7333,179,2013-11-22,2013-11-29,2013-12-04,1120.0,1,1120.0
SO71332,6927,176,2013-11-22,2013-11-29,2013-12-04,1120.0,1,1120.0
SO71332,6927,177,2013-11-22,2013-11-29,2013-12-04,1120.0,1,1120.0
SO71333,4725,147,2013-11-22,2013-11-29,2013-12-04,2295.0,1,2295.0
SO71333,4725,148,2013-11-22,2013-11-29,2013-12-04,2295.0,1,2295.0
SO71334,15122,349,2013-11-22,2013-11-29,2013-12-04,1215.0,1,1215.0
SO71335,12841,373,2013-11-22,2013-11-29,2013-12-04,540.0,1,540.0
SO71336,12842,393,2013-11-22,2013-11-29,2013-12-04,540.0,1,540.0
SO71337,12494,395,2013-11-22,2013-11-29,2013-12-04,540.0,1,540.0
SO71338,10724,176,2013-11-22,2013-11-29,2013-12-04,1120.0,1,1120.0
SO71338,10724,177,2013-11-22,2013-11-29,2013-12-04,1120.0,1,1120.0
SO71339,10429,172,2013-11-22,2013-11-29,2013-12-04,1120.0,1,1120.0
SO71339,10429,173,2013-11-22,2013-11-29,2013-12-04,1120.0,1,1120.0
SO71340,10786,178,2013-11-22,2013-11-29,2013-12-04,1120.0,1,1120.0
SO71340,10786,179,2013-11-22,2013-11-29,2013-12-04,1120.0,1,1120.0
SO71341,10645,178,2013-11-22,2013-11-29,2013-12-04,1120.0,1,1120.0
SO71341,10645,179,2013-11-22,2013-11-29,2013-12-04,1120.0,1,1120.0
SO71342,7639,369,2013-11-22,2013-11-29,2013-12-04,1701.0,1,1701.0
SO71343,7566,370,2013-11-22,2013-11-29,2013-12-04,1701.0,1,1701.0
SO71344,14512,176,2013-11-22,2013-11-29,2013-12-04,1120.0,1,1120.0
SO71344,14512,177,2013-11-22,2013-11-29,2013-12-04,1120.0,1,1120.0
SO71345,2770,394,2013-11-22,2013-11-29,2013-12-04,540.0,1,540.0
SO71346,426,373,2013-11-22,2013-11-29,2013-12-04,540.0,1,540.0
SO71347,8284,372,2013-11-22,2013-11-29,2013-12-04,1701.0,1,1701.0
SO71348,913,363,2013-11-22,2013-11-29,2013-12-04,2384.0,1,2384.0
SO71349,14941,373,2013-11-22,2013-11-29,2013-12-04,540.0,1,540.0
SO71350,2620,365,2013-11-22,2013-11-29,2013-12-04,2384.0,1,2384.0
SO71351,278,273,2013-11-23,2013-11-30,2013-12-05,8.0,1,8.0
SO71352,804,15,2013-11-23,2013-11-30,2013-12-05,50.0,1,50.0
SO71352,804,16,2013-11-23,2013-11-30,2013-12-05,50.0,1,50.0
SO71352,804,17,2013-11-23,2013-11-30,2013-12-05,50.0,1,50.0
SO71353,6312,325,2013-11-23,2013-11-30,2013-12-05,30.0,1,30.0
SO71354,16973,319,2013-11-23,2013-11-30,2013-12-05,5.0,1,5.0
SO71355,16589,319,2013-11-23,2013-11-30,2013-12-05,5.0,1,5.0
SO71356,4606,266,2013-11-23,2013-11-30,2013-12-05,5.0,1,5.0
SO71357,4124,18,2013-11-23,2013-11-30,2013-12-05,50.0,1,50.0
SO71357,4124,19,2013-11-23,2013-11-30,2013-12-05,50.0,1,50.0
SO71357,4124,20,2013-11-23,2013-11-30,2013-12-05,50.0,1,50.0
SO71358,120,18,2013-11-23,2013-11-30,2013-12-05,50.0,1,50.0
SO71358,120,19,2013-11-23,2013-11-30,2013-12-05,50.0,1,50.0
SO71358,120,20,2013-11-23,2013-11-30,2013-12-05,50.0,1,50.0
SO71359,2618,318,2013-11-23,2013-11-30,2013-12-05,4.0,1,4.0
SO71360,16729,261,2013-11-23,2013-11-30,2013-12-05,64.0,1,64.0
SO71361,7735,269,2013-11-23,2013-11-30,2013-12-05,2.0,1,2.0
SO71362,922,12,2013-11-23,2013-11-30,2013-12-05,9.0,1,9.0
SO71362,922,13,2013-11-23,2013-11-30,2013-12-05,9.0,1,9.0
SO71362,922,14,2013-11-23,2013-11-30,2013-12-05,9.0,1,9.0
SO71363,8808,266,2013-11-23,2013-11-30,2013-12-05,5.0,1,5.0
SO71364,5462,379,2013-11-23,2013-11-30,2013-12-05,769.0,1,769.0
SO71365,3823,379,2013-11-23,2013-11-30,2013-12-05,769.0,1,769.0
SO71366,1805,145,2013-11-23,2013-11-30,2013-12-05,2320.0,1,2320.0
SO71366,1805,146,2013-11-23,2013-11-30,2013-12-05,2320.0,1,2320.0
SO71367,1814,147,2013-11-23,2013-11-30,2013-12-05,2295.0,1,2295.0
SO71367,1814,148,2013-11-23,2013-11-30,2013-12-05,2295.0,1,2295.0
SO71368,711,278,2013-11-23,2013-11-30,2013-12-05,54.0,1,54.0
SO71369,16398,327,2013-11-23,2013-11-30,2013-12-05,21.0,1,21.0
SO71370,17076,318,2013-11-23,2013-11-30,2013-12-05,4.0,1,4.0
SO71371,12213,325,2013-11-23,2013-11-30,2013-12-05,30.0,1,30.0
SO71372,10934,267,2013-11-23,2013-11-30,2013-12-05,10.0,1,10.0
SO71373,8412,325,2013-11-23,2013-11-30,2013-12-05,30.0,1,30.0
SO71374,9532,267,2013-11-23,2013-11-30,2013-12-05,10.0,1,10.0
SO71375,7116,266,2013-11-23,2013-11-30,2013-12-05,5.0,1,5.0
SO71376,6453,266,2013-11-23,2013-11-30,2013-12-05,5.0,1,5.0
SO71377,277,266,2013-11-23,2013-11-30,2013-12-05,5.0,1,5.0
SO71378,288,266,2013-11-23,2013-11-30,2013-12-05,5.0,1,5.0
SO71379,5652,12,2013-11-23,2013-11-30,2013-12-05,9.0,1,9.0
SO71379,5652,13,2013-11-23,2013-11-30,2013-12-05,9.0,1,9.0
SO71379,5652,14,2013-11-23,2013-11-30,2013-12-05,9.0,1,9.0
SO71380,6518,266,2013-11-23,2013-11-30,2013-12-05,5.0,1,5.0
SO71381,4979,317,2013-11-23,2013-11-30,2013-12-05,5.0,1,5.0
SO71382,4963,317,2013-11-23,2013-11-30,2013-12-05,5.0,1,5.0
SO71383,10491,317,2013-11-23,2013-11-30,2013-12-05,5.0,1,5.0
SO71384,9757,317,2013-11-23,2013-11-30,2013-12-05,5.0,1,5.0
SO71385,9784,317,2013-11-23,2013-11-30,2013-12-05,5.0,1,5.0
SO71386,2318,274,2013-11-23,2013-11-30,2013-12-05,22.0,1,22.0
SO71387,11800,317,2013-11-23,2013-11-30,2013-12-05,5.0,1,5.0
SO71388,6802,317,2013-11-23,2013-11-30,2013-12-05,5.0,1,5.0
SO71389,10077,266,2013-11-23,2013-11-30,2013-12-05,5.0,1,5.0
SO71390,8469,318,2013-11-23,2013-11-30,2013-12-05,4.0,1,4.0
SO71391,11700,318,2013-11-23,2013-11-30,2013-12-05,4.0,1,4.0
SO71392,13153,266,2013-11-23,2013-11-30,2013-12-05,5.0,1,5.0
SO71393,17562,327,2013-11-23,2013-11-30,2013-12-05,21.0,1,21.0
SO71394,5188,319,2013-11-23,2013-11-30,2013-12-05,5.0,1,5.0
SO71395,15908,330,2013-11-23,2013-11-30,2013-12-05,29.0,1,29.0
SO71396,3548,319,2013-11-23,2013-11-30,2013-12-05,5.0,1,5.0
SO71397,5461,319,2013-11-23,2013-11-30,2013-12-05,5.0,1,5.0
SO71398,6815,319,2013-11-23,2013-11-30,2013-12-05,5.0,1,5.0
SO71399,1149,317,2013-11-23,2013-11-30,2013-12-05,5.0,1,5.0
SO71400,255,326,2013-11-23,2013-11-30,2013-12-05,35.0,1,35.0
SO71401,8647,274,2013-11-23,2013-11-30,2013-12-05,22.0,1,22.0
SO71402,1969,274,2013-11-23,2013-11-30,2013-12-05,22.0,1,22.0
SO71403,1653,21,2013-11-23,2013-11-30,2013-12-05,50.0,1,50.0
SO71403,1653,22,2013-11-23,2013-11-30,2013-12-05,50.0,1,50.0
SO71403,1653,23,2013-11-23,2013-11-30,2013-12-05,50.0,1,50.0
SO71404,1471,24,2013-11-23,2013-11-30,2013-12-05,50.0,1,50.0
SO71404,1471,25,2013-11-23,2013-11-30,2013-12-05,50.0,1,50.0
SO71404,1471,26,2013-11-23,2013-11-30,2013-12-05,50.0,1,50.0
SO71405,5122,384,2013-11-23,2013-11-30,2013-12-05,565.0,1,565.0
SO71406,6593,141,2013-11-23,2013-11-30,2013-12-05,2320.0,1,2320.0
SO71406,6593,142,2013-11-23,2013-11-30,2013-12-05,2320.0,1,2320.0
SO71407,6476,149,2013-11-23,2013-11-30,2013-12-05,2295.0,1,2295.0
SO71407,6476,150,2013-11-23,2013-11-30,2013-12-05,2295.0,1,2295.0
SO71408,7352,145,2013-11-23,2013-11-30,2013-12-05,2320.0,1,2320.0
SO71408,7352,146,2013-11-23,2013-11-30,2013-12-05,2320.0,1,2320.0
SO71409,6418,143,2013-11-23,2013-11-30,2013-12-05,2320.0,1,2320.0
SO71409,6418,144,2013-11-23,2013-11-30,2013-12-05,2320.0,1,2320.0
SO71410,5984,141,2013-11-23,2013-11-30,2013-12-05,2320.0,1,2320.0
SO71410,5984,142,2013-11-23,2013-11-30,2013-12-05,2320.0,1,2320.0
SO71411,2363,147,2013-11-23,2013-11-30,2013-12-05,2295.0,1,2295.0
SO71411,2363,148,2013-11-23,2013-11-30,2013-12-05,2295.0,1,2295.0
SO71412,2358,141,2013-11-23,2013-11-30,2013-12-05,2320.0,1,2320.0
SO71412,2358,142,2013-11-23,2013-11-30,2013-12-05,2320.0,1,2320.0
SO71413,610,352,2013-11-23,2013-11-30,2013-12-05,2384.0,1,2384.0
SO71414,11908,371,2013-11-23,2013-11-30,2013-12-05,1701.0,1,1701.0
SO71415,4649,371,2013-11-23,2013-11-30,2013-12-05,1701.0,1,1701.0
SO71416,2104,350,2013-11-23,2013-11-30,2013-12-05,2384.0,1,2384.0
SO71417,2115,350,2013-11-23,2013-11-30,2013-12-05,2384.0,1,2384.0
SO71418,1587,383,2013-11-23,2013-11-30,2013-12-05,565.0,1,565.0
SO71419,4214,378,2013-11-23,2013-11-30,2013-12-05,769.0,1,769.0
SO71420,6862,369,2013-11-23,2013-11-30,2013-12-05,1701.0,1,1701.0
SO71421,14447,172,2013-11-23,2013-11-30,2013-12-05,1120.0,1,1120.0
SO71421,14447,173,2013-11-23,2013-11-30,2013-12-05,1120.0,1,1120.0
SO71422,17569,174,2013-11-23,2013-11-30,2013-12-05,1120.0,1,1120.0
SO71422,17569,175,2013-11-23,2013-11-30,2013-12-05,1120.0,1,1120.0
SO71423,2127,362,2013-11-23,2013-11-30,2013-12-05,2384.0,1,2384.0
SO71424,2132,351,2013-11-23,2013-11-30,2013-12-05,2384.0,1,2384.0
SO71425,18312,373,2013-11-23,2013-11-30,2013-12-05,540.0,1,540.0
SO71426,11612,370,2013-11-24,2013-12-01,2013-12-06,1701.0,1,1701.0
SO71427,15355,369,2013-11-24,2013-12-01,2013-12-06,1701.0,1,1701.0
SO71428,759,324,2013-11-24,2013-12-01,2013-12-06,25.0,1,25.0
SO71429,4035,317,2013-11-24,2013-12-01,2013-12-06,5.0,1,5.0
SO71430,7794,12,2013-11-24,2013-12-01,2013-12-06,9.0,1,9.0
SO71430,7794,13,2013-11-24,2013-12-01,2013-12-06,9.0,1,9.0
SO71430,7794,14,2013-11-24,2013-12-01,2013-12-06,9.0,1,9.0
SO71431,17220,319,2013-11-24,2013-12-01,2013-12-06,5.0,1,5.0
SO71432,362,21,2013-11-24,2013-12-01,2013-12-06,50.0,1,50.0
SO71432,362,22,2013-11-24,2013-12-01,2013-12-06,50.0,1,50.0
SO71432,362,23,2013-11-24,2013-12-01,2013-12-06,50.0,1,50.0
SO71433,6767,141,2013-11-24,2013-12-01,2013-12-06,2320.0,1,2320.0
SO71433,6767,142,2013-11-24,2013-12-01,2013-12-06,2320.0,1,2320.0
SO71434,9554,145,2013-11-24,2013-12-01,2013-12-06,2320.0,1,2320.0
SO71434,9554,146,2013-11-24,2013-12-01,2013-12-06,2320.0,1,2320.0
SO71435,17778,279,2013-11-24,2013-12-01,2013-12-06,54.0,1,54.0
SO71436,212,328,2013-11-24,2013-12-01,2013-12-06,25.0,1,25.0
SO71437,16477,327,2013-11-24,2013-12-01,2013-12-06,21.0,1,21.0
SO71438,12092,325,2013-11-24,2013-12-01,2013-12-06,30.0,1,30.0
SO71439,12876,325,2013-11-24,2013-12-01,2013-12-06,30.0,1,30.0
SO71440,5796,266,2013-11-24,2013-12-01,2013-12-06,5.0,1,5.0
SO71441,5814,266,2013-11-24,2013-12-01,2013-12-06,5.0,1,5.0
SO71442,15078,317,2013-11-24,2013-12-01,2013-12-06,5.0,1,5.0
SO71443,4273,317,2013-11-24,2013-12-01,2013-12-06,5.0,1,5.0
SO71444,3923,317,2013-11-24,2013-12-01,2013-12-06,5.0,1,5.0
SO71445,4744,317,2013-11-24,2013-12-01,2013-12-06,5.0,1,5.0
SO71446,10778,274,2013-11-24,2013-12-01,2013-12-06,22.0,1,22.0
SO71447,3179,329,2013-11-24,2013-12-01,2013-12-06,33.0,1,33.0
SO71448,5265,274,2013-11-24,2013-12-01,2013-12-06,22.0,1,22.0
SO71449,7623,317,2013-11-24,2013-12-01,2013-12-06,5.0,1,5.0
SO71450,2781,255,2013-11-24,2013-12-01,2013-12-06,24.0,1,24.0
SO71450,2781,256,2013-11-24,2013-12-01,2013-12-06,24.0,1,24.0
SO71451,10530,325,2013-11-24,2013-12-01,2013-12-06,30.0,1,30.0
SO71452,12634,318,2013-11-24,2013-12-01,2013-12-06,4.0,1,4.0
SO71453,14544,327,2013-11-24,2013-12-01,2013-12-06,21.0,1,21.0
SO71454,13571,318,2013-11-24,2013-12-01,2013-12-06,4.0,1,4.0
SO71455,16839,12,2013-11-24,2013-12-01,2013-12-06,9.0,1,9.0
SO71455,16839,13,2013-11-24,2013-12-01,2013-12-06,9.0,1,9.0
SO71455,16839,14,2013-11-24,2013-12-01,2013-12-06,9.0,1,9.0
SO71456,132,326,2013-11-24,2013-12-01,2013-12-06,35.0,1,35.0
SO71457,14671,319,2013-11-24,2013-12-01,2013-12-06,5.0,1,5.0
SO71458,3583,317,2013-11-24,2013-12-01,2013-12-06,5.0,1,5.0
SO71459,2093,317,2013-11-24,2013-12-01,2013-12-06,5.0,1,5.0
SO71460,487,4,2013-11-24,2013-12-01,2013-12-06,35.0,1,35.0
SO71460,487,5,2013-11-24,2013-12-01,2013-12-06,35.0,1,35.0
SO71460,487,6,2013-11-24,2013-12-01,2013-12-06,35.0,1,35.0
SO71461,6613,147,2013-11-24,2013-12-01,2013-12-06,2295.0,1,2295.0
SO71461,6613,148,2013-11-24,2013-12-01,2013-12-06,2295.0,1,2295.0
SO71462,6537,145,2013-11-24,2013-12-01,2013-12-06,2320.0,1,2320.0
SO71462,6537,146,2013-11-24,2013-12-01,2013-12-06,2320.0,1,2320.0
SO71463,6428,151,2013-11-24,2013-12-01,2013-12-06,2295.0,1,2295.0
SO71463,6428,152,2013-11-24,2013-12-01,2013-12-06,2295.0,1,2295.0
SO71464,4338,376,2013-11-24,2013-12-01,2013-12-06,769.0,1,769.0
SO71465,6363,151,2013-11-24,2013-12-01,2013-12-06,2295.0,1,2295.0
SO71465,6363,152,2013-11-24,2013-12-01,2013-12-06,2295.0,1,2295.0
SO71466,17727,358,2013-11-24,2013-12-01,2013-12-06,742.0,1,742.0
SO71467,9931,354,2013-11-24,2013-12-01,2013-12-06,742.0,1,742.0
SO71468,15823,364,2013-11-24,2013-12-01,2013-12-06,2384.0,1,2384.0
SO71469,15436,174,2013-11-24,2013-12-01,2013-12-06,1120.0,1,1120.0
SO71469,15436,175,2013-11-24,2013-12-01,2013-12-06,1120.0,1,1120.0
SO71470,13379,371,2013-11-24,2013-12-01,2013-12-06,1701.0,1,1701.0
SO71471,16588,172,2013-11-24,2013-12-01,2013-12-06,1120.0,1,1120.0
SO71471,16588,173,2013-11-24,2013-12-01,2013-12-06,1120.0,1,1120.0
SO71472,4730,141,2013-11-24,2013-12-01,2013-12-06,2320.0,1,2320.0
SO71472,4730,142,2013-11-24,2013-12-01,2013-12-06,2320.0,1,2320.0
SO71473,4752,145,2013-11-24,2013-12-01,2013-12-06,2320.0,1,2320.0
SO71473,4752,146,2013-11-24,2013-12-01,2013-12-06,2320.0,1,2320.0
SO71474,4753,151,2013-11-24,2013-12-01,2013-12-06,2295.0,1,2295.0
SO71474,4753,152,2013-11-24,2013-12-01,2013-12-06,2295.0,1,2295.0
SO71475,17666,368,2013-11-24,2013-12-01,2013-12-06,1215.0,1,1215.0
SO71476,16540,350,2013-11-24,2013-12-01,2013-12-06,2384.0,1,2384.0
SO71477,17067,350,2013-11-24,2013-12-01,2013-12-06,2384.0,1,2384.0
SO71478,12845,393,2013-11-24,2013-12-01,2013-12-06,540.0,1,540.0
SO71479,10920,174,2013-11-24,2013-12-01,2013-12-06,1120.0,1,1120.0
SO71479,10920,175,2013-11-24,2013-12-01,2013-12-06,1120.0,1,1120.0
SO71480,10921,178,2013-11-24,2013-12-01,2013-12-06,1120.0,1,1120.0
SO71480,10921,179,2013-11-24,2013-12-01,2013-12-06,1120.0,1,1120.0
SO71481,10750,170,2013-11-24,2013-12-01,2013-12-06,1120.0,1,1120.0
SO71481,10750,171,2013-11-24,2013-12-01,2013-12-06,1120.0,1,1120.0
SO71482,7793,370,2013-11-24,2013-12-01,2013-12-06,1701.0,1,1701.0
SO71483,6656,371,2013-11-24,2013-12-01,2013-12-06,1701.0,1,1701.0
SO71484,9895,176,2013-11-24,2013-12-01,2013-12-06,1120.0,1,1120.0
SO71484,9895,177,2013-11-24,2013-12-01,2013-12-06,1120.0,1,1120.0
SO71485,2120,364,2013-11-24,2013-12-01,2013-12-06,2384.0,1,2384.0
SO71486,8255,372,2013-11-24,2013-12-01,2013-12-06,1701.0,1,1701.0
SO71487,16974,373,2013-11-24,2013-12-01,2013-12-06,540.0,1,540.0
SO71488,10950,162,2013-11-25,2013-12-02,2013-12-07,2443.0,1,2443.0
SO71488,10950,163,2013-11-25,2013-12-02,2013-12-07,2443.0,1,2443.0
SO71489,17614,12,2013-11-25,2013-12-02,2013-12-07,9.0,1,9.0
SO71489,17614,13,2013-11-25,2013-12-02,2013-12-07,9.0,1,9.0
SO71489,17614,14,2013-11-25,2013-12-02,2013-12-07,9.0,1,9.0
SO71490,1162,273,2013-11-25,2013-12-02,2013-12-07,8.0,1,8.0
SO71491,972,4,2013-11-25,2013-12-02,2013-12-07,35.0,1,35.0
SO71491,972,5,2013-11-25,2013-12-02,2013-12-07,35.0,1,35.0
SO71491,972,6,2013-11-25,2013-12-02,2013-12-07,35.0,1,35.0
SO71492,796,4,2013-11-25,2013-12-02,2013-12-07,35.0,1,35.0
SO71492,796,5,2013-11-25,2013-12-02,2013-12-07,35.0,1,35.0
SO71492,796,6,2013-11-25,2013-12-02,2013-12-07,35.0,1,35.0
SO71493,1372,324,2013-11-25,2013-12-02,2013-12-07,25.0,1,25.0
SO71494,368,324,2013-11-25,2013-12-02,2013-12-07,25.0,1,25.0
SO71495,8266,317,2013-11-25,2013-12-02,2013-12-07,5.0,1,5.0
SO71496,4225,9,2013-11-25,2013-12-02,2013-12-07,35.0,1,35.0
SO71496,4225,10,2013-11-25,2013-12-02,2013-12-07,35.0,1,35.0
SO71496,4225,11,2013-11-25,2013-12-02,2013-12-07,35.0,1,35.0
SO71497,4721,1,2013-11-25,2013-12-02,2013-12-07,35.0,1,35.0
SO71497,4721,2,2013-11-25,2013-12-02,2013-12-07,35.0,1,35.0
SO71497,4721,3,2013-11-25,2013-12-02,2013-12-07,35.0,1,35.0
SO71498,6073,21,2013-11-25,2013-12-02,2013-12-07,50.0,1,50.0
SO71498,6073,22,2013-11-25,2013-12-02,2013-12-07,50.0,1,50.0
SO71498,6073,23,2013-11-25,2013-12-02,2013-12-07,50.0,1,50.0
SO71499,1683,275,2013-11-25,2013-12-02,2013-12-07,159.0,1,159.0
SO71500,238,168,2013-11-25,2013-12-02,2013-12-07,2443.0,1,2443.0
SO71500,238,169,2013-11-25,2013-12-02,2013-12-07,2443.0,1,2443.0
SO71501,14806,166,2013-11-25,2013-12-02,2013-12-07,2443.0,1,2443.0
SO71501,14806,167,2013-11-25,2013-12-02,2013-12-07,2443.0,1,2443.0
SO71502,13092,164,2013-11-25,2013-12-02,2013-12-07,2443.0,1,2443.0
SO71502,13092,165,2013-11-25,2013-12-02,2013-12-07,2443.0,1,2443.0
SO71503,9173,162,2013-11-25,2013-12-02,2013-12-07,2443.0,1,2443.0
SO71503,9173,163,2013-11-25,2013-12-02,2013-12-07,2443.0,1,2443.0
SO71504,5552,160,2013-11-25,2013-12-02,2013-12-07,2443.0,1,2443.0
SO71504,5552,161,2013-11-25,2013-12-02,2013-12-07,2443.0,1,2443.0
SO71505,2142,266,2013-11-25,2013-12-02,2013-12-07,5.0,1,5.0
SO71506,3797,377,2013-11-25,2013-12-02,2013-12-07,769.0,1,769.0
SO71507,8931,149,2013-11-25,2013-12-02,2013-12-07,2295.0,1,2295.0
SO71507,8931,150,2013-11-25,2013-12-02,2013-12-07,2295.0,1,2295.0
SO71508,6652,145,2013-11-25,2013-12-02,2013-12-07,2320.0,1,2320.0
SO71508,6652,146,2013-11-25,2013-12-02,2013-12-07,2320.0,1,2320.0
SO71509,8913,141,2013-11-25,2013-12-02,2013-12-07,2320.0,1,2320.0
SO71509,8913,142,2013-11-25,2013-12-02,2013-12-07,2320.0,1,2320.0
SO71510,9585,141,2013-11-25,2013-12-02,2013-12-07,2320.0,1,2320.0
SO71510,9585,142,2013-11-25,2013-12-02,2013-12-07,2320.0,1,2320.0
SO71511,4652,381,2013-11-25,2013-12-02,2013-12-07,565.0,1,565.0
SO71512,4664,382,2013-11-25,2013-12-02,2013-12-07,565.0,1,565.0
SO71513,16683,327,2013-11-25,2013-12-02,2013-12-07,21.0,1,21.0
SO71514,15007,324,2013-11-25,2013-12-02,2013-12-07,25.0,1,25.0
SO71515,8643,318,2013-11-25,2013-12-02,2013-12-07,4.0,1,4.0
SO71516,10399,266,2013-11-25,2013-12-02,2013-12-07,5.0,1,5.0
SO71517,6451,265,2013-11-25,2013-12-02,2013-12-07,70.0,1,70.0
SO71518,5788,266,2013-11-25,2013-12-02,2013-12-07,5.0,1,5.0
SO71519,4388,317,2013-11-25,2013-12-02,2013-12-07,5.0,1,5.0
SO71520,4328,317,2013-11-25,2013-12-02,2013-12-07,5.0,1,5.0
SO71521,12553,317,2013-11-25,2013-12-02,2013-12-07,5.0,1,5.0
SO71522,4300,317,2013-11-25,2013-12-02,2013-12-07,5.0,1,5.0
SO71523,4178,317,2013-11-25,2013-12-02,2013-12-07,5.0,1,5.0
SO71524,3767,317,2013-11-25,2013-12-02,2013-12-07,5.0,1,5.0
SO71525,5035,317,2013-11-25,2013-12-02,2013-12-07,5.0,1,5.0
SO71526,15218,318,2013-11-25,2013-12-02,2013-12-07,4.0,1,4.0
SO71527,14298,327,2013-11-25,2013-12-02,2013-12-07,21.0,1,21.0
SO71528,1595,330,2013-11-25,2013-12-02,2013-12-07,29.0,1,29.0
SO71529,15386,327,2013-11-25,2013-12-02,2013-12-07,21.0,1,21.0
SO71530,17746,327,2013-11-25,2013-12-02,2013-12-07,21.0,1,21.0
SO71531,15884,319,2013-11-25,2013-12-02,2013-12-07,5.0,1,5.0
SO71532,12974,330,2013-11-25,2013-12-02,2013-12-07,29.0,1,29.0
SO71533,4103,330,2013-11-25,2013-12-02,2013-12-07,29.0,1,29.0
SO71534,17895,319,2013-11-25,2013-12-02,2013-12-07,5.0,1,5.0
SO71535,4749,274,2013-11-25,2013-12-02,2013-12-07,22.0,1,22.0
SO71536,682,317,2013-11-25,2013-12-02,2013-12-07,5.0,1,5.0
SO71537,7321,274,2013-11-25,2013-12-02,2013-12-07,22.0,1,22.0
SO71538,6454,143,2013-11-25,2013-12-02,2013-12-07,2320.0,1,2320.0
SO71538,6454,144,2013-11-25,2013-12-02,2013-12-07,2320.0,1,2320.0
SO71539,4344,376,2013-11-25,2013-12-02,2013-12-07,769.0,1,769.0
SO71540,2270,149,2013-11-25,2013-12-02,2013-12-07,2295.0,1,2295.0
SO71540,2270,150,2013-11-25,2013-12-02,2013-12-07,2295.0,1,2295.0
SO71541,2227,143,2013-11-25,2013-12-02,2013-12-07,2320.0,1,2320.0
SO71541,2227,144,2013-11-25,2013-12-02,2013-12-07,2320.0,1,2320.0
SO71542,6104,350,2013-11-25,2013-12-02,2013-12-07,2384.0,1,2384.0
SO71543,15446,176,2013-11-25,2013-12-02,2013-12-07,1120.0,1,1120.0
SO71543,15446,177,2013-11-25,2013-12-02,2013-12-07,1120.0,1,1120.0
SO71544,2105,350,2013-11-25,2013-12-02,2013-12-07,2384.0,1,2384.0
SO71545,6321,379,2013-11-25,2013-12-02,2013-12-07,769.0,1,769.0
SO71546,11977,352,2013-11-25,2013-12-02,2013-12-07,2384.0,1,2384.0
SO71547,11890,350,2013-11-25,2013-12-02,2013-12-07,2384.0,1,2384.0
SO71548,10644,172,2013-11-25,2013-12-02,2013-12-07,1120.0,1,1120.0
SO71548,10644,173,2013-11-25,2013-12-02,2013-12-07,1120.0,1,1120.0
SO71549,7564,371,2013-11-25,2013-12-02,2013-12-07,1701.0,1,1701.0
SO71550,7609,370,2013-11-25,2013-12-02,2013-12-07,1701.0,1,1701.0
SO71551,14573,172,2013-11-25,2013-12-02,2013-12-07,1120.0,1,1120.0
SO71551,14573,173,2013-11-25,2013-12-02,2013-12-07,1120.0,1,1120.0
SO71552,1134,393,2013-11-25,2013-12-02,2013-12-07,540.0,1,540.0
SO71553,14526,394,2013-11-25,2013-12-02,2013-12-07,540.0,1,540.0
SO71554,14310,393,2013-11-25,2013-12-02,2013-12-07,540.0,1,540.0
SO71555,919,350,2013-11-25,2013-12-02,2013-12-07,2384.0,1,2384.0
SO71556,14942,395,2013-11-25,2013-12-02,2013-12-07,540.0,1,540.0
SO71557,17092,368,2013-11-25,2013-12-02,2013-12-07,1215.0,1,1215.0
SO71558,16970,393,2013-11-25,2013-12-02,2013-12-07,540.0,1,540.0
SO71559,10967,166,2013-11-26,2013-12-03,2013-12-08,2443.0,1,2443.0
SO71559,10967,167,2013-11-26,2013-12-03,2013-12-08,2443.0,1,2443.0
SO71560,10951,162,2013-11-26,2013-12-03,2013-12-08,2443.0,1,2443.0
SO71560,10951,163,2013-11-26,2013-12-03,2013-12-08,2443.0,1,2443.0
SO71561,11587,369,2013-11-26,2013-12-03,2013-12-08,1701.0,1,1701.0
SO71562,11567,369,2013-11-26,2013-12-03,2013-12-08,1701.0,1,1701.0
SO71563,11921,274,2013-11-26,2013-12-03,2013-12-08,22.0,1,22.0
SO71564,5343,274,2013-11-26,2013-12-03,2013-12-08,22.0,1,22.0
SO71565,10974,274,2013-11-26,2013-12-03,2013-12-08,22.0,1,22.0
SO71566,9264,327,2013-11-26,2013-12-03,2013-12-08,21.0,1,21.0
SO71567,4218,267,2013-11-26,2013-12-03,2013-12-08,10.0,1,10.0
SO71568,9714,168,2013-11-26,2013-12-03,2013-12-08,2443.0,1,2443.0
SO71568,9714,169,2013-11-26,2013-12-03,2013-12-08,2443.0,1,2443.0
SO71569,8443,378,2013-11-26,2013-12-03,2013-12-08,769.0,1,769.0
SO71570,6967,379,2013-11-26,2013-12-03,2013-12-08,769.0,1,769.0
SO71571,3942,141,2013-11-26,2013-12-03,2013-12-08,2320.0,1,2320.0
SO71571,3942,142,2013-11-26,2013-12-03,2013-12-08,2320.0,1,2320.0
SO71572,1830,149,2013-11-26,2013-12-03,2013-12-08,2295.0,1,2295.0
SO71572,1830,150,2013-11-26,2013-12-03,2013-12-08,2295.0,1,2295.0
SO71573,3844,141,2013-11-26,2013-12-03,2013-12-08,2320.0,1,2320.0
SO71573,3844,142,2013-11-26,2013-12-03,2013-12-08,2320.0,1,2320.0
SO71574,314,269,2013-11-26,2013-12-03,2013-12-08,2.0,1,2.0
SO71575,17815,328,2013-11-26,2013-12-03,2013-12-08,25.0,1,25.0
SO71576,13944,318,2013-11-26,2013-12-03,2013-12-08,4.0,1,4.0
SO71577,12483,325,2013-11-26,2013-12-03,2013-12-08,30.0,1,30.0
SO71578,7969,317,2013-11-26,2013-12-03,2013-12-08,5.0,1,5.0
SO71579,3575,318,2013-11-26,2013-12-03,2013-12-08,4.0,1,4.0
SO71580,12191,266,2013-11-26,2013-12-03,2013-12-08,5.0,1,5.0
SO71581,10250,267,2013-11-26,2013-12-03,2013-12-08,10.0,1,10.0
SO71582,8636,263,2013-11-26,2013-12-03,2013-12-08,70.0,1,70.0
SO71583,5643,266,2013-11-26,2013-12-03,2013-12-08,5.0,1,5.0
SO71584,5338,317,2013-11-26,2013-12-03,2013-12-08,5.0,1,5.0
SO71585,3411,274,2013-11-26,2013-12-03,2013-12-08,22.0,1,22.0
SO71586,4050,274,2013-11-26,2013-12-03,2013-12-08,22.0,1,22.0
SO71587,4053,326,2013-11-26,2013-12-03,2013-12-08,35.0,1,35.0
SO71588,1852,318,2013-11-26,2013-12-03,2013-12-08,4.0,1,4.0
SO71589,1823,274,2013-11-26,2013-12-03,2013-12-08,22.0,1,22.0
SO71590,12948,318,2013-11-26,2013-12-03,2013-12-08,4.0,1,4.0
SO71591,13539,318,2013-11-26,2013-12-03,2013-12-08,4.0,1,4.0
SO71592,13088,318,2013-11-26,2013-12-03,2013-12-08,4.0,1,4.0
SO71593,5575,319,2013-11-26,2013-12-03,2013-12-08,5.0,1,5.0
SO71594,1049,326,2013-11-26,2013-12-03,2013-12-08,35.0,1,35.0
SO71595,1069,326,2013-11-26,2013-12-03,2013-12-08,35.0,1,35.0
SO71596,1837,266,2013-11-26,2013-12-03,2013-12-08,5.0,1,5.0
SO71597,5913,151,2013-11-26,2013-12-03,2013-12-08,2295.0,1,2295.0
SO71597,5913,152,2013-11-26,2013-12-03,2013-12-08,2295.0,1,2295.0
SO71598,5990,145,2013-11-26,2013-12-03,2013-12-08,2320.0,1,2320.0
SO71598,5990,146,2013-11-26,2013-12-03,2013-12-08,2320.0,1,2320.0
SO71599,7883,143,2013-11-26,2013-12-03,2013-12-08,2320.0,1,2320.0
SO71599,7883,144,2013-11-26,2013-12-03,2013-12-08,2320.0,1,2320.0
SO71600,6402,147,2013-11-26,2013-12-03,2013-12-08,2295.0,1,2295.0
SO71600,6402,148,2013-11-26,2013-12-03,2013-12-08,2295.0,1,2295.0
SO71601,14650,367,2013-11-26,2013-12-03,2013-12-08,1215.0,1,1215.0
SO71602,11195,168,2013-11-26,2013-12-03,2013-12-08,2443.0,1,2443.0
SO71602,11195,169,2013-11-26,2013-12-03,2013-12-08,2443.0,1,2443.0
SO71603,13365,372,2013-11-26,2013-12-03,2013-12-08,1701.0,1,1701.0
SO71604,13382,372,2013-11-26,2013-12-03,2013-12-08,1701.0,1,1701.0
SO71605,14716,373,2013-11-26,2013-12-03,2013-12-08,540.0,1,540.0
SO71606,14937,394,2013-11-26,2013-12-03,2013-12-08,540.0,1,540.0
SO71607,14706,394,2013-11-26,2013-12-03,2013-12-08,540.0,1,540.0
SO71608,14709,395,2013-11-26,2013-12-03,2013-12-08,540.0,1,540.0
SO71609,4724,143,2013-11-26,2013-12-03,2013-12-08,2320.0,1,2320.0
SO71609,4724,144,2013-11-26,2013-12-03,2013-12-08,2320.0,1,2320.0
SO71610,17069,364,2013-11-26,2013-12-03,2013-12-08,2384.0,1,2384.0
SO71611,16637,362,2013-11-26,2013-12-03,2013-12-08,2384.0,1,2384.0
SO71612,16919,364,2013-11-26,2013-12-03,2013-12-08,2384.0,1,2384.0
SO71613,17161,394,2013-11-26,2013-12-03,2013-12-08,540.0,1,540.0
SO71614,10728,393,2013-11-26,2013-12-03,2013-12-08,540.0,1,540.0
SO71615,10789,178,2013-11-26,2013-12-03,2013-12-08,1120.0,1,1120.0
SO71615,10789,179,2013-11-26,2013-12-03,2013-12-08,1120.0,1,1120.0
SO71616,10794,174,2013-11-26,2013-12-03,2013-12-08,1120.0,1,1120.0
SO71616,10794,175,2013-11-26,2013-12-03,2013-12-08,1120.0,1,1120.0
SO71617,10686,170,2013-11-26,2013-12-03,2013-12-08,1120.0,1,1120.0
SO71617,10686,171,2013-11-26,2013-12-03,2013-12-08,1120.0,1,1120.0
SO71618,7803,369,2013-11-26,2013-12-03,2013-12-08,1701.0,1,1701.0
SO71619,7617,372,2013-11-26,2013-12-03,2013-12-08,1701.0,1,1701.0
SO71620,7640,370,2013-11-26,2013-12-03,2013-12-08,1701.0,1,1701.0
SO71621,7608,369,2013-11-26,2013-12-03,2013-12-08,1701.0,1,1701.0
SO71622,14452,393,2013-11-26,2013-12-03,2013-12-08,540.0,1,540.0
SO71623,1129,365,2013-11-26,2013-12-03,2013-12-08,2384.0,1,2384.0
SO71624,4143,328,2013-11-27,2013-12-04,2013-12-09,25.0,1,25.0
SO71625,7196,274,2013-11-27,2013-12-04,2013-12-09,22.0,1,22.0
SO71626,14123,317,2013-11-27,2013-12-04,2013-12-09,5.0,1,5.0
SO71627,14248,317,2013-11-27,2013-12-04,2013-12-09,5.0,1,5.0
SO71628,967,318,2013-11-27,2013-12-04,2013-12-09,4.0,1,4.0
SO71629,3824,378,2013-11-27,2013-12-04,2013-12-09,769.0,1,769.0
SO71630,7020,149,2013-11-27,2013-12-04,2013-12-09,2295.0,1,2295.0
SO71630,7020,150,2013-11-27,2013-12-04,2013-12-09,2295.0,1,2295.0
SO71631,8074,147,2013-11-27,2013-12-04,2013-12-09,2295.0,1,2295.0
SO71631,8074,148,2013-11-27,2013-12-04,2013-12-09,2295.0,1,2295.0
SO71632,11685,12,2013-11-27,2013-12-04,2013-12-09,9.0,1,9.0
SO71632,11685,13,2013-11-27,2013-12-04,2013-12-09,9.0,1,9.0
SO71632,11685,14,2013-11-27,2013-12-04,2013-12-09,9.0,1,9.0
SO71633,13874,386,2013-11-27,2013-12-04,2013-12-09,540.0,1,540.0
SO71634,8291,387,2013-11-27,2013-12-04,2013-12-09,540.0,1,540.0
SO71635,758,324,2013-11-27,2013-12-04,2013-12-09,25.0,1,25.0
SO71636,850,18,2013-11-27,2013-12-04,2013-12-09,50.0,1,50.0
SO71636,850,19,2013-11-27,2013-12-04,2013-12-09,50.0,1,50.0
SO71636,850,20,2013-11-27,2013-12-04,2013-12-09,50.0,1,50.0
SO71637,224,328,2013-11-27,2013-12-04,2013-12-09,25.0,1,25.0
SO71638,17027,319,2013-11-27,2013-12-04,2013-12-09,5.0,1,5.0
SO71639,17057,327,2013-11-27,2013-12-04,2013-12-09,21.0,1,21.0
SO71640,13409,329,2013-11-27,2013-12-04,2013-12-09,33.0,1,33.0
SO71641,862,318,2013-11-27,2013-12-04,2013-12-09,4.0,1,4.0
SO71642,13658,329,2013-11-27,2013-12-04,2013-12-09,33.0,1,33.0
SO71643,10812,267,2013-11-27,2013-12-04,2013-12-09,10.0,1,10.0
SO71644,9524,266,2013-11-27,2013-12-04,2013-12-09,5.0,1,5.0
SO71645,15074,266,2013-11-27,2013-12-04,2013-12-09,5.0,1,5.0
SO71646,5892,266,2013-11-27,2013-12-04,2013-12-09,5.0,1,5.0
SO71647,13259,266,2013-11-27,2013-12-04,2013-12-09,5.0,1,5.0
SO71648,4957,317,2013-11-27,2013-12-04,2013-12-09,5.0,1,5.0
SO71649,4333,317,2013-11-27,2013-12-04,2013-12-09,5.0,1,5.0
SO71650,6213,317,2013-11-27,2013-12-04,2013-12-09,5.0,1,5.0
SO71651,8334,328,2013-11-27,2013-12-04,2013-12-09,25.0,1,25.0
SO71652,3971,264,2013-11-27,2013-12-04,2013-12-09,70.0,1,70.0
SO71653,8177,318,2013-11-27,2013-12-04,2013-12-09,4.0,1,4.0
SO71654,1819,329,2013-11-27,2013-12-04,2013-12-09,33.0,1,33.0
SO71655,10529,317,2013-11-27,2013-12-04,2013-12-09,5.0,1,5.0
SO71656,11534,266,2013-11-27,2013-12-04,2013-12-09,5.0,1,5.0
SO71657,14792,318,2013-11-27,2013-12-04,2013-12-09,4.0,1,4.0
SO71658,2467,326,2013-11-27,2013-12-04,2013-12-09,35.0,1,35.0
SO71659,2283,274,2013-11-27,2013-12-04,2013-12-09,22.0,1,22.0
SO71660,1367,326,2013-11-27,2013-12-04,2013-12-09,35.0,1,35.0
SO71661,3334,274,2013-11-27,2013-12-04,2013-12-09,22.0,1,22.0
SO71662,1071,326,2013-11-27,2013-12-04,2013-12-09,35.0,1,35.0
SO71663,1557,12,2013-11-27,2013-12-04,2013-12-09,9.0,1,9.0
SO71663,1557,13,2013-11-27,2013-12-04,2013-12-09,9.0,1,9.0
SO71663,1557,14,2013-11-27,2013-12-04,2013-12-09,9.0,1,9.0
SO71664,1369,1,2013-11-27,2013-12-04,2013-12-09,35.0,1,35.0
SO71664,1369,2,2013-11-27,2013-12-04,2013-12-09,35.0,1,35.0
SO71664,1369,3,2013-11-27,2013-12-04,2013-12-09,35.0,1,35.0
SO71665,5137,382,2013-11-27,2013-12-04,2013-12-09,565.0,1,565.0
SO71666,6592,151,2013-11-27,2013-12-04,2013-12-09,2295.0,1,2295.0
SO71666,6592,152,2013-11-27,2013-12-04,2013-12-09,2295.0,1,2295.0
SO71667,6595,141,2013-11-27,2013-12-04,2013-12-09,2320.0,1,2320.0
SO71667,6595,142,2013-11-27,2013-12-04,2013-12-09,2320.0,1,2320.0
SO71668,4342,376,2013-11-27,2013-12-04,2013-12-09,769.0,1,769.0
SO71669,4411,378,2013-11-27,2013-12-04,2013-12-09,769.0,1,769.0
SO71670,4289,379,2013-11-27,2013-12-04,2013-12-09,769.0,1,769.0
SO71671,7232,151,2013-11-27,2013-12-04,2013-12-09,2295.0,1,2295.0
SO71671,7232,152,2013-11-27,2013-12-04,2013-12-09,2295.0,1,2295.0
SO71672,7952,143,2013-11-27,2013-12-04,2013-12-09,2320.0,1,2320.0
SO71672,7952,144,2013-11-27,2013-12-04,2013-12-09,2320.0,1,2320.0
SO71673,4658,374,2013-11-27,2013-12-04,2013-12-09,742.0,1,742.0
SO71674,10970,168,2013-11-27,2013-12-04,2013-12-09,2443.0,1,2443.0
SO71674,10970,169,2013-11-27,2013-12-04,2013-12-09,2443.0,1,2443.0
SO71675,11031,371,2013-11-27,2013-12-04,2013-12-09,1701.0,1,1701.0
SO71676,4801,147,2013-11-27,2013-12-04,2013-12-09,2295.0,1,2295.0
SO71676,4801,148,2013-11-27,2013-12-04,2013-12-09,2295.0,1,2295.0
SO71677,4802,151,2013-11-27,2013-12-04,2013-12-09,2295.0,1,2295.0
SO71677,4802,152,2013-11-27,2013-12-04,2013-12-09,2295.0,1,2295.0
SO71678,17063,362,2013-11-27,2013-12-04,2013-12-09,2384.0,1,2384.0
SO71679,16618,363,2013-11-27,2013-12-04,2013-12-09,2384.0,1,2384.0
SO71680,12834,393,2013-11-27,2013-12-04,2013-12-09,540.0,1,540.0
SO71681,17070,395,2013-11-27,2013-12-04,2013-12-09,540.0,1,540.0
SO71682,12588,394,2013-11-27,2013-12-04,2013-12-09,540.0,1,540.0
SO71683,10696,172,2013-11-27,2013-12-04,2013-12-09,1120.0,1,1120.0
SO71683,10696,173,2013-11-27,2013-12-04,2013-12-09,1120.0,1,1120.0
SO71684,10642,170,2013-11-27,2013-12-04,2013-12-09,1120.0,1,1120.0
SO71684,10642,171,2013-11-27,2013-12-04,2013-12-09,1120.0,1,1120.0
SO71685,10412,172,2013-11-27,2013-12-04,2013-12-09,1120.0,1,1120.0
SO71685,10412,173,2013-11-27,2013-12-04,2013-12-09,1120.0,1,1120.0
SO71686,12909,373,2013-11-27,2013-12-04,2013-12-09,540.0,1,540.0
SO71687,12933,394,2013-11-27,2013-12-04,2013-12-09,540.0,1,540.0
SO71688,2123,353,2013-11-27,2013-12-04,2013-12-09,2384.0,1,2384.0
SO71689,14712,394,2013-11-27,2013-12-04,2013-12-09,540.0,1,540.0
SO71690,14715,395,2013-11-27,2013-12-04,2013-12-09,540.0,1,540.0
SO71693,10958,164,2013-11-28,2013-12-05,2013-12-10,2443.0,1,2443.0
SO71693,10958,165,2013-11-28,2013-12-05,2013-12-10,2443.0,1,2443.0
SO71694,11617,369,2013-11-28,2013-12-05,2013-12-10,1701.0,1,1701.0
SO71695,1146,273,2013-11-28,2013-12-05,2013-12-10,8.0,1,8.0
SO71696,2150,317,2013-11-28,2013-12-05,2013-12-10,5.0,1,5.0
SO71697,6317,328,2013-11-28,2013-12-05,2013-12-10,25.0,1,25.0
SO71698,11856,317,2013-11-28,2013-12-05,2013-12-10,5.0,1,5.0
SO71699,5612,329,2013-11-28,2013-12-05,2013-12-10,33.0,1,33.0
SO71700,3681,24,2013-11-28,2013-12-05,2013-12-10,50.0,1,50.0
SO71700,3681,25,2013-11-28,2013-12-05,2013-12-10,50.0,1,50.0
SO71700,3681,26,2013-11-28,2013-12-05,2013-12-10,50.0,1,50.0
SO71701,6302,15,2013-11-28,2013-12-05,2013-12-10,50.0,1,50.0
SO71701,6302,16,2013-11-28,2013-12-05,2013-12-10,50.0,1,50.0
SO71701,6302,17,2013-11-28,2013-12-05,2013-12-10,50.0,1,50.0
SO71702,4133,12,2013-11-28,2013-12-05,2013-12-10,9.0,1,9.0
SO71702,4133,13,2013-11-28,2013-12-05,2013-12-10,9.0,1,9.0
SO71702,4133,14,2013-11-28,2013-12-05,2013-12-10,9.0,1,9.0
SO71703,1680,275,2013-11-28,2013-12-05,2013-12-10,159.0,1,159.0
SO71704,3127,318,2013-11-28,2013-12-05,2013-12-10,4.0,1,4.0
SO71705,5567,141,2013-11-28,2013-12-05,2013-12-10,2320.0,1,2320.0
SO71705,5567,142,2013-11-28,2013-12-05,2013-12-10,2320.0,1,2320.0
SO71706,8312,143,2013-11-28,2013-12-05,2013-12-10,2320.0,1,2320.0
SO71706,8312,144,2013-11-28,2013-12-05,2013-12-10,2320.0,1,2320.0
SO71707,17125,319,2013-11-28,2013-12-05,2013-12-10,5.0,1,5.0
SO71708,501,319,2013-11-28,2013-12-05,2013-12-10,5.0,1,5.0
SO71709,18206,328,2013-11-28,2013-12-05,2013-12-10,25.0,1,25.0
SO71710,254,319,2013-11-28,2013-12-05,2013-12-10,5.0,1,5.0
SO71711,17266,319,2013-11-28,2013-12-05,2013-12-10,5.0,1,5.0
SO71712,18264,318,2013-11-28,2013-12-05,2013-12-10,4.0,1,4.0
SO71713,8218,327,2013-11-28,2013-12-05,2013-12-10,21.0,1,21.0
SO71714,16658,318,2013-11-28,2013-12-05,2013-12-10,4.0,1,4.0
SO71715,14355,324,2013-11-28,2013-12-05,2013-12-10,25.0,1,25.0
SO71716,521,324,2013-11-28,2013-12-05,2013-12-10,25.0,1,25.0
SO71717,12687,325,2013-11-28,2013-12-05,2013-12-10,30.0,1,30.0
SO71718,834,325,2013-11-28,2013-12-05,2013-12-10,30.0,1,30.0
SO71719,10320,267,2013-11-28,2013-12-05,2013-12-10,10.0,1,10.0
SO71720,4158,267,2013-11-28,2013-12-05,2013-12-10,10.0,1,10.0
SO71721,862,266,2013-11-28,2013-12-05,2013-12-10,5.0,1,5.0
SO71722,15717,266,2013-11-28,2013-12-05,2013-12-10,5.0,1,5.0
SO71723,5723,317,2013-11-28,2013-12-05,2013-12-10,5.0,1,5.0
SO71724,11081,274,2013-11-28,2013-12-05,2013-12-10,22.0,1,22.0
SO71725,5048,317,2013-11-28,2013-12-05,2013-12-10,5.0,1,5.0
SO71726,12944,266,2013-11-28,2013-12-05,2013-12-10,5.0,1,5.0
SO71727,6827,325,2013-11-28,2013-12-05,2013-12-10,30.0,1,30.0
SO71728,3965,266,2013-11-28,2013-12-05,2013-12-10,5.0,1,5.0
SO71729,5189,319,2013-11-28,2013-12-05,2013-12-10,5.0,1,5.0
SO71730,4714,319,2013-11-28,2013-12-05,2013-12-10,5.0,1,5.0
SO71731,1873,319,2013-11-28,2013-12-05,2013-12-10,5.0,1,5.0
SO71732,223,317,2013-11-28,2013-12-05,2013-12-10,5.0,1,5.0
SO71733,795,326,2013-11-28,2013-12-05,2013-12-10,35.0,1,35.0
SO71734,1065,317,2013-11-28,2013-12-05,2013-12-10,5.0,1,5.0
SO71735,981,317,2013-11-28,2013-12-05,2013-12-10,5.0,1,5.0
SO71736,9649,168,2013-11-28,2013-12-05,2013-12-10,2443.0,1,2443.0
SO71736,9649,169,2013-11-28,2013-12-05,2013-12-10,2443.0,1,2443.0
SO71737,2853,149,2013-11-28,2013-12-05,2013-12-10,2295.0,1,2295.0
SO71737,2853,150,2013-11-28,2013-12-05,2013-12-10,2295.0,1,2295.0
SO71738,6447,141,2013-11-28,2013-12-05,2013-12-10,2320.0,1,2320.0
SO71738,6447,142,2013-11-28,2013-12-05,2013-12-10,2320.0,1,2320.0
SO71739,5915,149,2013-11-28,2013-12-05,2013-12-10,2295.0,1,2295.0
SO71739,5915,150,2013-11-28,2013-12-05,2013-12-10,2295.0,1,2295.0
SO71740,5916,145,2013-11-28,2013-12-05,2013-12-10,2320.0,1,2320.0
SO71740,5916,146,2013-11-28,2013-12-05,2013-12-10,2320.0,1,2320.0
SO71741,7786,141,2013-11-28,2013-12-05,2013-12-10,2320.0,1,2320.0
SO71741,7786,142,2013-11-28,2013-12-05,2013-12-10,2320.0,1,2320.0
SO71742,6018,151,2013-11-28,2013-12-05,2013-12-10,2295.0,1,2295.0
SO71742,6018,152,2013-11-28,2013-12-05,2013-12-10,2295.0,1,2295.0
SO71743,2707,147,2013-11-28,2013-12-05,2013-12-10,2295.0,1,2295.0
SO71743,2707,148,2013-11-28,2013-12-05,2013-12-10,2295.0,1,2295.0
SO71744,7923,149,2013-11-28,2013-12-05,2013-12-10,2295.0,1,2295.0
SO71744,7923,150,2013-11-28,2013-12-05,2013-12-10,2295.0,1,2295.0
SO71745,6142,143,2013-11-28,2013-12-05,2013-12-10,2320.0,1,2320.0
SO71745,6142,144,2013-11-28,2013-12-05,2013-12-10,2320.0,1,2320.0
SO71746,2226,145,2013-11-28,2013-12-05,2013-12-10,2320.0,1,2320.0
SO71746,2226,146,2013-11-28,2013-12-05,2013-12-10,2320.0,1,2320.0
SO71747,16162,366,2013-11-28,2013-12-05,2013-12-10,1215.0,1,1215.0
SO71748,6950,357,2013-11-28,2013-12-05,2013-12-10,742.0,1,742.0
SO71749,6094,353,2013-11-28,2013-12-05,2013-12-10,2384.0,1,2384.0
SO71750,15151,176,2013-11-28,2013-12-05,2013-12-10,1120.0,1,1120.0
SO71750,15151,177,2013-11-28,2013-12-05,2013-12-10,1120.0,1,1120.0
SO71751,15438,178,2013-11-28,2013-12-05,2013-12-10,1120.0,1,1120.0
SO71751,15438,179,2013-11-28,2013-12-05,2013-12-10,1120.0,1,1120.0
SO71752,14920,393,2013-11-28,2013-12-05,2013-12-10,540.0,1,540.0
SO71753,14936,373,2013-11-28,2013-12-05,2013-12-10,540.0,1,540.0
SO71754,16985,393,2013-11-28,2013-12-05,2013-12-10,540.0,1,540.0
SO71755,4794,143,2013-11-28,2013-12-05,2013-12-10,2320.0,1,2320.0
SO71755,4794,144,2013-11-28,2013-12-05,2013-12-10,2320.0,1,2320.0
SO71756,4735,145,2013-11-28,2013-12-05,2013-12-10,2320.0,1,2320.0
SO71756,4735,146,2013-11-28,2013-12-05,2013-12-10,2320.0,1,2320.0
SO71757,4758,151,2013-11-28,2013-12-05,2013-12-10,2295.0,1,2295.0
SO71757,4758,152,2013-11-28,2013-12-05,2013-12-10,2295.0,1,2295.0
SO71758,168,360,2013-11-28,2013-12-05,2013-12-10,742.0,1,742.0
SO71759,15006,368,2013-11-28,2013-12-05,2013-12-10,1215.0,1,1215.0
SO71760,15121,367,2013-11-28,2013-12-05,2013-12-10,1215.0,1,1215.0
SO71761,16543,350,2013-11-28,2013-12-05,2013-12-10,2384.0,1,2384.0
SO71762,16570,12,2013-11-28,2013-12-05,2013-12-10,9.0,1,9.0
SO71762,16570,13,2013-11-28,2013-12-05,2013-12-10,9.0,1,9.0
SO71762,16570,14,2013-11-28,2013-12-05,2013-12-10,9.0,1,9.0
SO71763,16668,363,2013-11-28,2013-12-05,2013-12-10,2384.0,1,2384.0
SO71764,12710,393,2013-11-28,2013-12-05,2013-12-10,540.0,1,540.0
SO71765,9091,395,2013-11-28,2013-12-05,2013-12-10,540.0,1,540.0
SO71766,10428,174,2013-11-28,2013-12-05,2013-12-10,1120.0,1,1120.0
SO71766,10428,175,2013-11-28,2013-12-05,2013-12-10,1120.0,1,1120.0
SO71767,6866,372,2013-11-28,2013-12-05,2013-12-10,1701.0,1,1701.0
SO71768,7656,371,2013-11-28,2013-12-05,2013-12-10,1701.0,1,1701.0
SO71769,17565,170,2013-11-28,2013-12-05,2013-12-10,1120.0,1,1120.0
SO71769,17565,171,2013-11-28,2013-12-05,2013-12-10,1120.0,1,1120.0
SO71770,3674,356,2013-11-28,2013-12-05,2013-12-10,742.0,1,742.0
SO71771,2619,362,2013-11-28,2013-12-05,2013-12-10,2384.0,1,2384.0
SO71772,14711,393,2013-11-28,2013-12-05,2013-12-10,540.0,1,540.0
SO71773,14713,393,2013-11-28,2013-12-05,2013-12-10,540.0,1,540.0
SO71953,1158,273,2013-11-29,2013-12-06,2013-12-11,8.0,1,8.0
SO71954,857,15,2013-11-29,2013-12-06,2013-12-11,50.0,1,50.0
SO71954,857,16,2013-11-29,2013-12-06,2013-12-11,50.0,1,50.0
SO71954,857,17,2013-11-29,2013-12-06,2013-12-11,50.0,1,50.0
SO71955,3055,324,2013-11-29,2013-12-06,2013-12-11,25.0,1,25.0
SO71956,18101,266,2013-11-29,2013-12-06,2013-12-11,5.0,1,5.0
SO71957,150,12,2013-11-29,2013-12-06,2013-12-11,9.0,1,9.0
SO71957,150,13,2013-11-29,2013-12-06,2013-12-11,9.0,1,9.0
SO71957,150,14,2013-11-29,2013-12-06,2013-12-11,9.0,1,9.0
SO71958,15206,164,2013-11-29,2013-12-06,2013-12-11,2443.0,1,2443.0
SO71958,15206,165,2013-11-29,2013-12-06,2013-12-11,2443.0,1,2443.0
SO71959,12606,147,2013-11-29,2013-12-06,2013-12-11,2295.0,1,2295.0
SO71959,12606,148,2013-11-29,2013-12-06,2013-12-11,2295.0,1,2295.0
SO71960,4084,149,2013-11-29,2013-12-06,2013-12-11,2295.0,1,2295.0
SO71960,4084,150,2013-11-29,2013-12-06,2013-12-11,2295.0,1,2295.0
SO71961,1864,151,2013-11-29,2013-12-06,2013-12-11,2295.0,1,2295.0
SO71961,1864,152,2013-11-29,2013-12-06,2013-12-11,2295.0,1,2295.0
SO71962,680,278,2013-11-29,2013-12-06,2013-12-11,54.0,1,54.0
SO71963,20,15,2013-11-29,2013-12-06,2013-12-11,50.0,1,50.0
SO71963,20,16,2013-11-29,2013-12-06,2013-12-11,50.0,1,50.0
SO71963,20,17,2013-11-29,2013-12-06,2013-12-11,50.0,1,50.0
SO71964,17105,319,2013-11-29,2013-12-06,2013-12-11,5.0,1,5.0
SO71965,331,318,2013-11-29,2013-12-06,2013-12-11,4.0,1,4.0
SO71966,12478,325,2013-11-29,2013-12-06,2013-12-11,30.0,1,30.0
SO71967,12878,317,2013-11-29,2013-12-06,2013-12-11,5.0,1,5.0
SO71968,11012,267,2013-11-29,2013-12-06,2013-12-11,10.0,1,10.0
SO71969,1893,12,2013-11-29,2013-12-06,2013-12-11,9.0,1,9.0
SO71969,1893,13,2013-11-29,2013-12-06,2013-12-11,9.0,1,9.0
SO71969,1893,14,2013-11-29,2013-12-06,2013-12-11,9.0,1,9.0
SO71970,4551,317,2013-11-29,2013-12-06,2013-12-11,5.0,1,5.0
SO71971,12682,266,2013-11-29,2013-12-06,2013-12-11,5.0,1,5.0
SO71972,5100,317,2013-11-29,2013-12-06,2013-12-11,5.0,1,5.0
SO71973,9520,317,2013-11-29,2013-12-06,2013-12-11,5.0,1,5.0
SO71974,9085,274,2013-11-29,2013-12-06,2013-12-11,22.0,1,22.0
SO71975,3788,330,2013-11-29,2013-12-06,2013-12-11,29.0,1,29.0
SO71976,2685,319,2013-11-29,2013-12-06,2013-12-11,5.0,1,5.0
SO71977,2442,274,2013-11-29,2013-12-06,2013-12-11,22.0,1,22.0
SO71978,560,9,2013-11-29,2013-12-06,2013-12-11,35.0,1,35.0
SO71978,560,10,2013-11-29,2013-12-06,2013-12-11,35.0,1,35.0
SO71978,560,11,2013-11-29,2013-12-06,2013-12-11,35.0,1,35.0
SO71979,7825,145,2013-11-29,2013-12-06,2013-12-11,2320.0,1,2320.0
SO71979,7825,146,2013-11-29,2013-12-06,2013-12-11,2320.0,1,2320.0
SO71980,7841,149,2013-11-29,2013-12-06,2013-12-11,2295.0,1,2295.0
SO71980,7841,150,2013-11-29,2013-12-06,2013-12-11,2295.0,1,2295.0
SO71981,7593,149,2013-11-29,2013-12-06,2013-12-11,2295.0,1,2295.0
SO71981,7593,150,2013-11-29,2013-12-06,2013-12-11,2295.0,1,2295.0
SO71982,7528,141,2013-11-29,2013-12-06,2013-12-11,2320.0,1,2320.0
SO71982,7528,142,2013-11-29,2013-12-06,2013-12-11,2320.0,1,2320.0
SO71983,16181,367,2013-11-29,2013-12-06,2013-12-11,1215.0,1,1215.0
SO71984,18347,373,2013-11-29,2013-12-06,2013-12-11,540.0,1,540.0
SO71985,5170,145,2013-11-29,2013-12-06,2013-12-11,2320.0,1,2320.0
SO71985,5170,146,2013-11-29,2013-12-06,2013-12-11,2320.0,1,2320.0
SO71986,9750,394,2013-11-29,2013-12-06,2013-12-11,540.0,1,540.0
SO71987,7869,371,2013-11-29,2013-12-06,2013-12-11,1701.0,1,1701.0
SO71988,7090,371,2013-11-29,2013-12-06,2013-12-11,1701.0,1,1701.0
SO71989,7956,372,2013-11-29,2013-12-06,2013-12-11,1701.0,1,1701.0
SO71990,7119,369,2013-11-29,2013-12-06,2013-12-11,1701.0,1,1701.0
SO71991,8317,370,2013-11-29,2013-12-06,2013-12-11,1701.0,1,1701.0
SO71992,8330,370,2013-11-29,2013-12-06,2013-12-11,1701.0,1,1701.0
SO71993,17741,178,2013-11-29,2013-12-06,2013-12-11,1120.0,1,1120.0
SO71993,17741,179,2013-11-29,2013-12-06,2013-12-11,1120.0,1,1120.0
SO71994,17531,394,2013-11-29,2013-12-06,2013-12-11,540.0,1,540.0
SO71995,433,393,2013-11-29,2013-12-06,2013-12-11,540.0,1,540.0
SO71996,421,350,2013-11-29,2013-12-06,2013-12-11,2384.0,1,2384.0
SO71997,930,360,2013-11-29,2013-12-06,2013-12-11,742.0,1,742.0
SO71998,4135,357,2013-11-29,2013-12-06,2013-12-11,742.0,1,742.0
SO71999,16486,373,2013-11-29,2013-12-06,2013-12-11,540.0,1,540.0
SO72000,2637,350,2013-11-29,2013-12-06,2013-12-11,2384.0,1,2384.0
SO72001,879,273,2013-11-30,2013-12-07,2013-12-12,8.0,1,8.0
SO72002,3670,318,2013-11-30,2013-12-07,2013-12-12,4.0,1,4.0
SO72003,4599,318,2013-11-30,2013-12-07,2013-12-12,4.0,1,4.0
SO72004,10968,325,2013-11-30,2013-12-07,2013-12-12,30.0,1,30.0
SO72005,16520,263,2013-11-30,2013-12-07,2013-12-12,70.0,1,70.0
SO72006,14813,317,2013-11-30,2013-12-07,2013-12-12,5.0,1,5.0
SO72007,5288,141,2013-11-30,2013-12-07,2013-12-12,2320.0,1,2320.0
SO72007,5288,142,2013-11-30,2013-12-07,2013-12-12,2320.0,1,2320.0
SO72008,7029,376,2013-11-30,2013-12-07,2013-12-12,769.0,1,769.0
SO72009,4052,149,2013-11-30,2013-12-07,2013-12-12,2295.0,1,2295.0
SO72009,4052,150,2013-11-30,2013-12-07,2013-12-12,2295.0,1,2295.0
SO72010,10506,145,2013-11-30,2013-12-07,2013-12-12,2320.0,1,2320.0
SO72010,10506,146,2013-11-30,2013-12-07,2013-12-12,2320.0,1,2320.0
SO72011,5291,388,2013-11-30,2013-12-07,2013-12-12,540.0,1,540.0
SO72012,5274,380,2013-11-30,2013-12-07,2013-12-12,565.0,1,565.0
SO72013,499,318,2013-11-30,2013-12-07,2013-12-12,4.0,1,4.0
SO72014,3266,318,2013-11-30,2013-12-07,2013-12-12,4.0,1,4.0
SO72015,20,330,2013-11-30,2013-12-07,2013-12-12,29.0,1,29.0
SO72016,15739,319,2013-11-30,2013-12-07,2013-12-12,5.0,1,5.0
SO72017,14150,318,2013-11-30,2013-12-07,2013-12-12,4.0,1,4.0
SO72018,2708,267,2013-11-30,2013-12-07,2013-12-12,10.0,1,10.0
SO72019,9368,264,2013-11-30,2013-12-07,2013-12-12,70.0,1,70.0
SO72020,8139,264,2013-11-30,2013-12-07,2013-12-12,70.0,1,70.0
SO72021,6430,266,2013-11-30,2013-12-07,2013-12-12,5.0,1,5.0
SO72022,6458,266,2013-11-30,2013-12-07,2013-12-12,5.0,1,5.0
SO72023,6020,266,2013-11-30,2013-12-07,2013-12-12,5.0,1,5.0
SO72024,7314,317,2013-11-30,2013-12-07,2013-12-12,5.0,1,5.0
SO72025,4516,317,2013-11-30,2013-12-07,2013-12-12,5.0,1,5.0
SO72026,10793,317,2013-11-30,2013-12-07,2013-12-12,5.0,1,5.0
SO72027,17080,317,2013-11-30,2013-12-07,2013-12-12,5.0,1,5.0
SO72028,7145,274,2013-11-30,2013-12-07,2013-12-12,22.0,1,22.0
SO72029,8355,317,2013-11-30,2013-12-07,2013-12-12,5.0,1,5.0
SO72030,12916,318,2013-11-30,2013-12-07,2013-12-12,4.0,1,4.0
SO72031,10082,327,2013-11-30,2013-12-07,2013-12-12,21.0,1,21.0
SO72032,559,327,2013-11-30,2013-12-07,2013-12-12,21.0,1,21.0
SO72033,17559,330,2013-11-30,2013-12-07,2013-12-12,29.0,1,29.0
SO72034,1327,330,2013-11-30,2013-12-07,2013-12-12,29.0,1,29.0
SO72035,678,326,2013-11-30,2013-12-07,2013-12-12,35.0,1,35.0
SO72036,660,326,2013-11-30,2013-12-07,2013-12-12,35.0,1,35.0
SO72037,2336,274,2013-11-30,2013-12-07,2013-12-12,22.0,1,22.0
SO72038,5801,274,2013-11-30,2013-12-07,2013-12-12,22.0,1,22.0
SO72039,1540,12,2013-11-30,2013-12-07,2013-12-12,9.0,1,9.0
SO72039,1540,13,2013-11-30,2013-12-07,2013-12-12,9.0,1,9.0
SO72039,1540,14,2013-11-30,2013-12-07,2013-12-12,9.0,1,9.0
SO72040,2390,274,2013-11-30,2013-12-07,2013-12-12,22.0,1,22.0
SO72041,1661,267,2013-11-30,2013-12-07,2013-12-12,10.0,1,10.0
SO72042,2730,143,2013-11-30,2013-12-07,2013-12-12,2320.0,1,2320.0
SO72042,2730,144,2013-11-30,2013-12-07,2013-12-12,2320.0,1,2320.0
SO72043,4529,376,2013-11-30,2013-12-07,2013-12-12,769.0,1,769.0
SO72044,4530,377,2013-11-30,2013-12-07,2013-12-12,769.0,1,769.0
SO72045,4474,378,2013-11-30,2013-12-07,2013-12-12,769.0,1,769.0
SO72046,5047,356,2013-11-30,2013-12-07,2013-12-12,742.0,1,742.0
SO72047,11907,164,2013-11-30,2013-12-07,2013-12-12,2443.0,1,2443.0
SO72047,11907,165,2013-11-30,2013-12-07,2013-12-12,2443.0,1,2443.0
SO72048,11199,160,2013-11-30,2013-12-07,2013-12-12,2443.0,1,2443.0
SO72048,11199,161,2013-11-30,2013-12-07,2013-12-12,2443.0,1,2443.0
SO72049,13475,372,2013-11-30,2013-12-07,2013-12-12,1701.0,1,1701.0
SO72050,16696,174,2013-11-30,2013-12-07,2013-12-12,1120.0,1,1120.0
SO72050,16696,175,2013-11-30,2013-12-07,2013-12-12,1120.0,1,1120.0
SO72051,265,360,2013-11-30,2013-12-07,2013-12-12,742.0,1,742.0
SO72052,15278,367,2013-11-30,2013-12-07,2013-12-12,1215.0,1,1215.0
SO72053,13234,394,2013-11-30,2013-12-07,2013-12-12,540.0,1,540.0
SO72054,7363,372,2013-11-30,2013-12-07,2013-12-12,1701.0,1,1701.0
SO72055,7870,372,2013-11-30,2013-12-07,2013-12-12,1701.0,1,1701.0
SO72056,7977,369,2013-11-30,2013-12-07,2013-12-12,1701.0,1,1701.0
SO72057,7807,371,2013-11-30,2013-12-07,2013-12-12,1701.0,1,1701.0
SO72058,17438,393,2013-11-30,2013-12-07,2013-12-12,540.0,1,540.0
SO72059,16473,373,2013-11-30,2013-12-07,2013-12-12,540.0,1,540.0
SO72060,17134,393,2013-11-30,2013-12-07,2013-12-12,540.0,1,540.0
SO72061,2036,381,2013-12-01,2013-12-08,2013-12-13,565.0,1,565.0
SO72062,5685,381,2013-12-01,2013-12-08,2013-12-13,565.0,1,565.0
SO72063,1045,12,2013-12-01,2013-12-08,2013-12-13,9.0,1,9.0
SO72063,1045,13,2013-12-01,2013-12-08,2013-12-13,9.0,1,9.0
SO72063,1045,14,2013-12-01,2013-12-08,2013-12-13,9.0,1,9.0
SO72064,792,1,2013-12-01,2013-12-08,2013-12-13,35.0,1,35.0
SO72064,792,2,2013-12-01,2013-12-08,2013-12-13,35.0,1,35.0
SO72064,792,3,2013-12-01,2013-12-08,2013-12-13,35.0,1,35.0
SO72065,5619,325,2013-12-01,2013-12-08,2013-12-13,30.0,1,30.0
SO72066,966,253,2013-12-01,2013-12-08,2013-12-13,24.0,1,24.0
SO72066,966,254,2013-12-01,2013-12-08,2013-12-13,24.0,1,24.0
SO72067,72,266,2013-12-01,2013-12-08,2013-12-13,5.0,1,5.0
SO72068,17886,143,2013-12-01,2013-12-08,2013-12-13,2320.0,1,2320.0
SO72068,17886,144,2013-12-01,2013-12-08,2013-12-13,2320.0,1,2320.0
SO72069,10518,145,2013-12-01,2013-12-08,2013-12-13,2320.0,1,2320.0
SO72069,10518,146,2013-12-01,2013-12-08,2013-12-13,2320.0,1,2320.0
SO72070,5531,378,2013-12-01,2013-12-08,2013-12-13,769.0,1,769.0
SO72071,4049,145,2013-12-01,2013-12-08,2013-12-13,2320.0,1,2320.0
SO72071,4049,146,2013-12-01,2013-12-08,2013-12-13,2320.0,1,2320.0
SO72072,4057,149,2013-12-01,2013-12-08,2013-12-13,2295.0,1,2295.0
SO72072,4057,150,2013-12-01,2013-12-08,2013-12-13,2295.0,1,2295.0
SO72073,9568,143,2013-12-01,2013-12-08,2013-12-13,2320.0,1,2320.0
SO72073,9568,144,2013-12-01,2013-12-08,2013-12-13,2320.0,1,2320.0
SO72074,8365,141,2013-12-01,2013-12-08,2013-12-13,2320.0,1,2320.0
SO72074,8365,142,2013-12-01,2013-12-08,2013-12-13,2320.0,1,2320.0
SO72075,860,1,2013-12-01,2013-12-08,2013-12-13,35.0,1,35.0
SO72075,860,2,2013-12-01,2013-12-08,2013-12-13,35.0,1,35.0
SO72075,860,3,2013-12-01,2013-12-08,2013-12-13,35.0,1,35.0
SO72076,17129,319,2013-12-01,2013-12-08,2013-12-13,5.0,1,5.0
SO72077,16737,327,2013-12-01,2013-12-08,2013-12-13,21.0,1,21.0
SO72078,16748,327,2013-12-01,2013-12-08,2013-12-13,21.0,1,21.0
SO72079,15468,317,2013-12-01,2013-12-08,2013-12-13,5.0,1,5.0
SO72080,212,324,2013-12-01,2013-12-08,2013-12-13,25.0,1,25.0
SO72081,331,318,2013-12-01,2013-12-08,2013-12-13,4.0,1,4.0
SO72082,3905,318,2013-12-01,2013-12-08,2013-12-13,4.0,1,4.0
SO72083,803,325,2013-12-01,2013-12-08,2013-12-13,30.0,1,30.0
SO72084,7938,265,2013-12-01,2013-12-08,2013-12-13,70.0,1,70.0
SO72085,8238,265,2013-12-01,2013-12-08,2013-12-13,70.0,1,70.0
SO72086,7992,265,2013-12-01,2013-12-08,2013-12-13,70.0,1,70.0
SO72087,13640,266,2013-12-01,2013-12-08,2013-12-13,5.0,1,5.0
SO72088,5989,266,2013-12-01,2013-12-08,2013-12-13,5.0,1,5.0
SO72089,4319,317,2013-12-01,2013-12-08,2013-12-13,5.0,1,5.0
SO72090,15378,317,2013-12-01,2013-12-08,2013-12-13,5.0,1,5.0
SO72091,8386,325,2013-12-01,2013-12-08,2013-12-13,30.0,1,30.0
SO72092,10870,266,2013-12-01,2013-12-08,2013-12-13,5.0,1,5.0
SO72093,18447,330,2013-12-01,2013-12-08,2013-12-13,29.0,1,29.0
SO72094,1811,319,2013-12-01,2013-12-08,2013-12-13,5.0,1,5.0
SO72095,7879,143,2013-12-01,2013-12-08,2013-12-13,2320.0,1,2320.0
SO72095,7879,144,2013-12-01,2013-12-08,2013-12-13,2320.0,1,2320.0
SO72096,4434,376,2013-12-01,2013-12-08,2013-12-13,769.0,1,769.0
SO72097,7379,143,2013-12-01,2013-12-08,2013-12-13,2320.0,1,2320.0
SO72097,7379,144,2013-12-01,2013-12-08,2013-12-13,2320.0,1,2320.0
SO72098,14695,349,2013-12-01,2013-12-08,2013-12-13,1215.0,1,1215.0
SO72099,1134,374,2013-12-01,2013-12-08,2013-12-13,742.0,1,742.0
SO72100,16590,172,2013-12-01,2013-12-08,2013-12-13,1120.0,1,1120.0
SO72100,16590,173,2013-12-01,2013-12-08,2013-12-13,1120.0,1,1120.0
SO72101,15568,170,2013-12-01,2013-12-08,2013-12-13,1120.0,1,1120.0
SO72101,15568,171,2013-12-01,2013-12-08,2013-12-13,1120.0,1,1120.0
SO72102,16493,373,2013-12-01,2013-12-08,2013-12-13,540.0,1,540.0
SO72103,15592,174,2013-12-01,2013-12-08,2013-12-13,1120.0,1,1120.0
SO72103,15592,175,2013-12-01,2013-12-08,2013-12-13,1120.0,1,1120.0
SO72104,15654,172,2013-12-01,2013-12-08,2013-12-13,1120.0,1,1120.0
SO72104,15654,173,2013-12-01,2013-12-08,2013-12-13,1120.0,1,1120.0
SO72105,2025,388,2013-12-01,2013-12-08,2013-12-13,540.0,1,540.0
SO72106,2975,149,2013-12-01,2013-12-08,2013-12-13,2295.0,1,2295.0
SO72106,2975,150,2013-12-01,2013-12-08,2013-12-13,2295.0,1,2295.0
SO72107,2135,149,2013-12-01,2013-12-08,2013-12-13,2295.0,1,2295.0
SO72107,2135,150,2013-12-01,2013-12-08,2013-12-13,2295.0,1,2295.0
SO72108,5353,141,2013-12-01,2013-12-08,2013-12-13,2320.0,1,2320.0
SO72108,5353,142,2013-12-01,2013-12-08,2013-12-13,2320.0,1,2320.0
SO72109,14048,362,2013-12-01,2013-12-08,2013-12-13,2384.0,1,2384.0
SO72110,4877,350,2013-12-01,2013-12-08,2013-12-13,2384.0,1,2384.0
SO72111,11059,393,2013-12-01,2013-12-08,2013-12-13,540.0,1,540.0
SO72112,12882,394,2013-12-01,2013-12-08,2013-12-13,540.0,1,540.0
SO72113,13297,395,2013-12-01,2013-12-08,2013-12-13,540.0,1,540.0
SO72114,13332,395,2013-12-01,2013-12-08,2013-12-13,540.0,1,540.0
SO72115,11249,176,2013-12-01,2013-12-08,2013-12-13,1120.0,1,1120.0
SO72115,11249,177,2013-12-01,2013-12-08,2013-12-13,1120.0,1,1120.0
SO72116,11112,174,2013-12-01,2013-12-08,2013-12-13,1120.0,1,1120.0
SO72116,11112,175,2013-12-01,2013-12-08,2013-12-13,1120.0,1,1120.0
SO72117,10942,176,2013-12-01,2013-12-08,2013-12-13,1120.0,1,1120.0
SO72117,10942,177,2013-12-01,2013-12-08,2013-12-13,1120.0,1,1120.0
SO72118,8126,369,2013-12-01,2013-12-08,2013-12-13,1701.0,1,1701.0
SO72119,8322,370,2013-12-01,2013-12-08,2013-12-13,1701.0,1,1701.0
SO72120,9896,170,2013-12-01,2013-12-08,2013-12-13,1120.0,1,1120.0
SO72120,9896,171,2013-12-01,2013-12-08,2013-12-13,1120.0,1,1120.0
SO72121,14602,373,2013-12-01,2013-12-08,2013-12-13,540.0,1,540.0
SO72122,430,395,2013-12-01,2013-12-08,2013-12-13,540.0,1,540.0
SO72123,17517,394,2013-12-01,2013-12-08,2013-12-13,540.0,1,540.0
SO72124,13057,373,2013-12-01,2013-12-08,2013-12-13,540.0,1,540.0
SO72125,13030,373,2013-12-01,2013-12-08,2013-12-13,540.0,1,540.0
SO72126,369,359,2013-12-01,2013-12-08,2013-12-13,742.0,1,742.0
SO72127,3347,356,2013-12-01,2013-12-08,2013-12-13,742.0,1,742.0
SO72128,15561,393,2013-12-01,2013-12-08,2013-12-13,540.0,1,540.0
SO72129,11943,370,2013-12-02,2013-12-09,2013-12-14,1701.0,1,1701.0
SO72130,3854,328,2013-12-02,2013-12-09,2013-12-14,25.0,1,25.0
SO72131,7268,325,2013-12-02,2013-12-09,2013-12-14,30.0,1,30.0
SO72132,14136,317,2013-12-02,2013-12-09,2013-12-14,5.0,1,5.0
SO72133,16706,319,2013-12-02,2013-12-09,2013-12-14,5.0,1,5.0
SO72134,2671,265,2013-12-02,2013-12-09,2013-12-14,70.0,1,70.0
SO72135,4792,267,2013-12-02,2013-12-09,2013-12-14,10.0,1,10.0
SO72136,17329,319,2013-12-02,2013-12-09,2013-12-14,5.0,1,5.0
SO72137,8448,376,2013-12-02,2013-12-09,2013-12-14,769.0,1,769.0
SO72138,5731,268,2013-12-02,2013-12-09,2013-12-14,9.0,1,9.0
SO72139,7027,378,2013-12-02,2013-12-09,2013-12-14,769.0,1,769.0
SO72140,3819,376,2013-12-02,2013-12-09,2013-12-14,769.0,1,769.0
SO72141,8439,143,2013-12-02,2013-12-09,2013-12-14,2320.0,1,2320.0
SO72141,8439,144,2013-12-02,2013-12-09,2013-12-14,2320.0,1,2320.0
SO72142,8440,141,2013-12-02,2013-12-09,2013-12-14,2320.0,1,2320.0
SO72142,8440,142,2013-12-02,2013-12-09,2013-12-14,2320.0,1,2320.0
SO72143,1835,143,2013-12-02,2013-12-09,2013-12-14,2320.0,1,2320.0
SO72143,1835,144,2013-12-02,2013-12-09,2013-12-14,2320.0,1,2320.0
SO72144,5271,386,2013-12-02,2013-12-09,2013-12-14,540.0,1,540.0
SO72145,620,318,2013-12-02,2013-12-09,2013-12-14,4.0,1,4.0
SO72146,14905,317,2013-12-02,2013-12-09,2013-12-14,5.0,1,5.0
SO72147,1896,319,2013-12-02,2013-12-09,2013-12-14,5.0,1,5.0
SO72148,288,325,2013-12-02,2013-12-09,2013-12-14,30.0,1,30.0
SO72149,9314,264,2013-12-02,2013-12-09,2013-12-14,70.0,1,70.0
SO72150,17582,263,2013-12-02,2013-12-09,2013-12-14,70.0,1,70.0
SO72151,9472,267,2013-12-02,2013-12-09,2013-12-14,10.0,1,10.0
SO72152,7525,265,2013-12-02,2013-12-09,2013-12-14,70.0,1,70.0
SO72153,5381,265,2013-12-02,2013-12-09,2013-12-14,70.0,1,70.0
SO72154,3899,317,2013-12-02,2013-12-09,2013-12-14,5.0,1,5.0
SO72155,5297,318,2013-12-02,2013-12-09,2013-12-14,4.0,1,4.0
SO72156,18422,251,2013-12-02,2013-12-09,2013-12-14,24.0,1,24.0
SO72156,18422,252,2013-12-02,2013-12-09,2013-12-14,24.0,1,24.0
SO72157,2535,330,2013-12-02,2013-12-09,2013-12-14,29.0,1,29.0
SO72158,4635,319,2013-12-02,2013-12-09,2013-12-14,5.0,1,5.0
SO72159,656,317,2013-12-02,2013-12-09,2013-12-14,5.0,1,5.0
SO72160,882,326,2013-12-02,2013-12-09,2013-12-14,35.0,1,35.0
SO72161,1642,12,2013-12-02,2013-12-09,2013-12-14,9.0,1,9.0
SO72161,1642,13,2013-12-02,2013-12-09,2013-12-14,9.0,1,9.0
SO72161,1642,14,2013-12-02,2013-12-09,2013-12-14,9.0,1,9.0
SO72162,4472,376,2013-12-02,2013-12-09,2013-12-14,769.0,1,769.0
SO72163,5212,381,2013-12-02,2013-12-09,2013-12-14,565.0,1,565.0
SO72164,7394,147,2013-12-02,2013-12-09,2013-12-14,2295.0,1,2295.0
SO72164,7394,148,2013-12-02,2013-12-09,2013-12-14,2295.0,1,2295.0
SO72165,16855,357,2013-12-02,2013-12-09,2013-12-14,742.0,1,742.0
SO72166,18375,356,2013-12-02,2013-12-09,2013-12-14,742.0,1,742.0
SO72167,11852,166,2013-12-02,2013-12-09,2013-12-14,2443.0,1,2443.0
SO72167,11852,167,2013-12-02,2013-12-09,2013-12-14,2443.0,1,2443.0
SO72168,7464,172,2013-12-02,2013-12-09,2013-12-14,1120.0,1,1120.0
SO72168,7464,173,2013-12-02,2013-12-09,2013-12-14,1120.0,1,1120.0
SO72169,17136,12,2013-12-02,2013-12-09,2013-12-14,9.0,1,9.0
SO72169,17136,13,2013-12-02,2013-12-09,2013-12-14,9.0,1,9.0
SO72169,17136,14,2013-12-02,2013-12-09,2013-12-14,9.0,1,9.0
SO72170,15652,176,2013-12-02,2013-12-09,2013-12-14,1120.0,1,1120.0
SO72170,15652,177,2013-12-02,2013-12-09,2013-12-14,1120.0,1,1120.0
SO72171,931,379,2013-12-02,2013-12-09,2013-12-14,769.0,1,769.0
SO72172,13760,361,2013-12-02,2013-12-09,2013-12-14,742.0,1,742.0
SO72173,14041,363,2013-12-02,2013-12-09,2013-12-14,2384.0,1,2384.0
SO72174,17192,365,2013-12-02,2013-12-09,2013-12-14,2384.0,1,2384.0
SO72175,13334,373,2013-12-02,2013-12-09,2013-12-14,540.0,1,540.0
SO72176,13240,373,2013-12-02,2013-12-09,2013-12-14,540.0,1,540.0
SO72177,11247,176,2013-12-02,2013-12-09,2013-12-14,1120.0,1,1120.0
SO72177,11247,177,2013-12-02,2013-12-09,2013-12-14,1120.0,1,1120.0
SO72178,7052,369,2013-12-02,2013-12-09,2013-12-14,1701.0,1,1701.0
SO72179,7983,370,2013-12-02,2013-12-09,2013-12-14,1701.0,1,1701.0
SO72180,7093,371,2013-12-02,2013-12-09,2013-12-14,1701.0,1,1701.0
SO72181,8316,372,2013-12-02,2013-12-09,2013-12-14,1701.0,1,1701.0
SO72182,2256,350,2013-12-02,2013-12-09,2013-12-14,2384.0,1,2384.0
SO72183,5287,352,2013-12-02,2013-12-09,2013-12-14,2384.0,1,2384.0
SO72184,2631,351,2013-12-02,2013-12-09,2013-12-14,2384.0,1,2384.0
SO72185,2644,271,2013-12-02,2013-12-09,2013-12-14,9.0,1,9.0
SO72186,254,18,2013-12-03,2013-12-10,2013-12-15,50.0,1,50.0
SO72186,254,19,2013-12-03,2013-12-10,2013-12-15,50.0,1,50.0
SO72186,254,20,2013-12-03,2013-12-10,2013-12-15,50.0,1,50.0
SO72187,499,1,2013-12-03,2013-12-10,2013-12-15,35.0,1,35.0
SO72187,499,2,2013-12-03,2013-12-10,2013-12-15,35.0,1,35.0
SO72187,499,3,2013-12-03,2013-12-10,2013-12-15,35.0,1,35.0
SO72188,914,324,2013-12-03,2013-12-10,2013-12-15,25.0,1,25.0
SO72189,17617,272,2013-12-03,2013-12-10,2013-12-15,120.0,1,120.0
SO72190,2185,272,2013-12-03,2013-12-10,2013-12-15,120.0,1,120.0
SO72191,149,317,2013-12-03,2013-12-10,2013-12-15,5.0,1,5.0
SO72192,14252,317,2013-12-03,2013-12-10,2013-12-15,5.0,1,5.0
SO72193,17959,267,2013-12-03,2013-12-10,2013-12-15,10.0,1,10.0
SO72194,9577,145,2013-12-03,2013-12-10,2013-12-15,2320.0,1,2320.0
SO72194,9577,146,2013-12-03,2013-12-10,2013-12-15,2320.0,1,2320.0
SO72195,9553,145,2013-12-03,2013-12-10,2013-12-15,2320.0,1,2320.0
SO72195,9553,146,2013-12-03,2013-12-10,2013-12-15,2320.0,1,2320.0
SO72196,2543,145,2013-12-03,2013-12-10,2013-12-15,2320.0,1,2320.0
SO72196,2543,146,2013-12-03,2013-12-10,2013-12-15,2320.0,1,2320.0
SO72197,2515,141,2013-12-03,2013-12-10,2013-12-15,2320.0,1,2320.0
SO72197,2515,142,2013-12-03,2013-12-10,2013-12-15,2320.0,1,2320.0
SO72198,10039,381,2013-12-03,2013-12-10,2013-12-15,565.0,1,565.0
SO72199,315,269,2013-12-03,2013-12-10,2013-12-15,2.0,1,2.0
SO72200,18008,328,2013-12-03,2013-12-10,2013-12-15,25.0,1,25.0
SO72201,263,318,2013-12-03,2013-12-10,2013-12-15,4.0,1,4.0
SO72202,17580,319,2013-12-03,2013-12-10,2013-12-15,5.0,1,5.0
SO72203,3080,319,2013-12-03,2013-12-10,2013-12-15,5.0,1,5.0
SO72204,17059,327,2013-12-03,2013-12-10,2013-12-15,21.0,1,21.0
SO72205,5107,329,2013-12-03,2013-12-10,2013-12-15,33.0,1,33.0
SO72206,13935,329,2013-12-03,2013-12-10,2013-12-15,33.0,1,33.0
SO72207,13938,329,2013-12-03,2013-12-10,2013-12-15,33.0,1,33.0
SO72208,4341,329,2013-12-03,2013-12-10,2013-12-15,33.0,1,33.0
SO72209,12803,329,2013-12-03,2013-12-10,2013-12-15,33.0,1,33.0
SO72210,8859,264,2013-12-03,2013-12-10,2013-12-15,70.0,1,70.0
SO72211,332,267,2013-12-03,2013-12-10,2013-12-15,10.0,1,10.0
SO72212,5380,266,2013-12-03,2013-12-10,2013-12-15,5.0,1,5.0
SO72213,10578,317,2013-12-03,2013-12-10,2013-12-15,5.0,1,5.0
SO72214,4974,317,2013-12-03,2013-12-10,2013-12-15,5.0,1,5.0
SO72215,4747,317,2013-12-03,2013-12-10,2013-12-15,5.0,1,5.0
SO72216,2756,274,2013-12-03,2013-12-10,2013-12-15,22.0,1,22.0
SO72217,2376,274,2013-12-03,2013-12-10,2013-12-15,22.0,1,22.0
SO72218,8824,251,2013-12-03,2013-12-10,2013-12-15,24.0,1,24.0
SO72218,8824,252,2013-12-03,2013-12-10,2013-12-15,24.0,1,24.0
SO72219,5191,274,2013-12-03,2013-12-10,2013-12-15,22.0,1,22.0
SO72220,6855,324,2013-12-03,2013-12-10,2013-12-15,25.0,1,25.0
SO72221,5472,328,2013-12-03,2013-12-10,2013-12-15,25.0,1,25.0
SO72222,10046,327,2013-12-03,2013-12-10,2013-12-15,21.0,1,21.0
SO72223,9580,328,2013-12-03,2013-12-10,2013-12-15,25.0,1,25.0
SO72224,11533,266,2013-12-03,2013-12-10,2013-12-15,5.0,1,5.0
SO72225,13543,318,2013-12-03,2013-12-10,2013-12-15,4.0,1,4.0
SO72226,14500,318,2013-12-03,2013-12-10,2013-12-15,4.0,1,4.0
SO72227,16178,318,2013-12-03,2013-12-10,2013-12-15,4.0,1,4.0
SO72228,13553,318,2013-12-03,2013-12-10,2013-12-15,4.0,1,4.0
SO72229,1320,319,2013-12-03,2013-12-10,2013-12-15,5.0,1,5.0
SO72230,18441,330,2013-12-03,2013-12-10,2013-12-15,29.0,1,29.0
SO72231,16830,319,2013-12-03,2013-12-10,2013-12-15,5.0,1,5.0
SO72232,4354,330,2013-12-03,2013-12-10,2013-12-15,29.0,1,29.0
SO72233,15927,330,2013-12-03,2013-12-10,2013-12-15,29.0,1,29.0
SO72234,13044,330,2013-12-03,2013-12-10,2013-12-15,29.0,1,29.0
SO72235,17887,319,2013-12-03,2013-12-10,2013-12-15,5.0,1,5.0
SO72236,355,266,2013-12-03,2013-12-10,2013-12-15,5.0,1,5.0
SO72237,561,278,2013-12-03,2013-12-10,2013-12-15,54.0,1,54.0
SO72238,5126,380,2013-12-03,2013-12-10,2013-12-15,565.0,1,565.0
SO72239,7830,141,2013-12-03,2013-12-10,2013-12-15,2320.0,1,2320.0
SO72239,7830,142,2013-12-03,2013-12-10,2013-12-15,2320.0,1,2320.0
SO72240,7850,151,2013-12-03,2013-12-10,2013-12-15,2295.0,1,2295.0
SO72240,7850,152,2013-12-03,2013-12-10,2013-12-15,2295.0,1,2295.0
SO72241,4490,379,2013-12-03,2013-12-10,2013-12-15,769.0,1,769.0
SO72242,7400,141,2013-12-03,2013-12-10,2013-12-15,2320.0,1,2320.0
SO72242,7400,142,2013-12-03,2013-12-10,2013-12-15,2320.0,1,2320.0
SO72243,7438,143,2013-12-03,2013-12-10,2013-12-15,2320.0,1,2320.0
SO72243,7438,144,2013-12-03,2013-12-10,2013-12-15,2320.0,1,2320.0
SO72244,16170,366,2013-12-03,2013-12-10,2013-12-15,1215.0,1,1215.0
SO72245,4662,361,2013-12-03,2013-12-10,2013-12-15,742.0,1,742.0
SO72246,16847,375,2013-12-03,2013-12-10,2013-12-15,742.0,1,742.0
SO72247,7159,353,2013-12-03,2013-12-10,2013-12-15,2384.0,1,2384.0
SO72248,6812,363,2013-12-03,2013-12-10,2013-12-15,2384.0,1,2384.0
SO72249,11930,164,2013-12-03,2013-12-10,2013-12-15,2443.0,1,2443.0
SO72249,11930,165,2013-12-03,2013-12-10,2013-12-15,2443.0,1,2443.0
SO72250,7338,164,2013-12-03,2013-12-10,2013-12-15,2443.0,1,2443.0
SO72250,7338,165,2013-12-03,2013-12-10,2013-12-15,2443.0,1,2443.0
SO72251,11196,162,2013-12-03,2013-12-10,2013-12-15,2443.0,1,2443.0
SO72251,11196,163,2013-12-03,2013-12-10,2013-12-15,2443.0,1,2443.0
SO72252,11936,371,2013-12-03,2013-12-10,2013-12-15,1701.0,1,1701.0
SO72253,5621,149,2013-12-03,2013-12-10,2013-12-15,2295.0,1,2295.0
SO72253,5621,150,2013-12-03,2013-12-10,2013-12-15,2295.0,1,2295.0
SO72254,5352,147,2013-12-03,2013-12-10,2013-12-15,2295.0,1,2295.0
SO72254,5352,148,2013-12-03,2013-12-10,2013-12-15,2295.0,1,2295.0
SO72255,14079,351,2013-12-03,2013-12-10,2013-12-15,2384.0,1,2384.0
SO72256,225,357,2013-12-03,2013-12-10,2013-12-15,742.0,1,742.0
SO72257,15296,366,2013-12-03,2013-12-10,2013-12-15,1215.0,1,1215.0
SO72258,17251,363,2013-12-03,2013-12-10,2013-12-15,2384.0,1,2384.0
SO72259,12114,365,2013-12-03,2013-12-10,2013-12-15,2384.0,1,2384.0
SO72260,12888,394,2013-12-03,2013-12-10,2013-12-15,540.0,1,540.0
SO72261,7868,372,2013-12-03,2013-12-10,2013-12-15,1701.0,1,1701.0
SO72262,15868,371,2013-12-03,2013-12-10,2013-12-15,1701.0,1,1701.0
SO72263,9956,174,2013-12-03,2013-12-10,2013-12-15,1120.0,1,1120.0
SO72263,9956,175,2013-12-03,2013-12-10,2013-12-15,1120.0,1,1120.0
SO72264,17757,172,2013-12-03,2013-12-10,2013-12-15,1120.0,1,1120.0
SO72264,17757,173,2013-12-03,2013-12-10,2013-12-15,1120.0,1,1120.0
SO72265,10053,172,2013-12-03,2013-12-10,2013-12-15,1120.0,1,1120.0
SO72265,10053,173,2013-12-03,2013-12-10,2013-12-15,1120.0,1,1120.0
SO72266,14576,395,2013-12-03,2013-12-10,2013-12-15,540.0,1,540.0
SO72267,4130,361,2013-12-03,2013-12-10,2013-12-15,742.0,1,742.0
SO72268,2959,365,2013-12-03,2013-12-10,2013-12-15,2384.0,1,2384.0
SO72269,15548,395,2013-12-03,2013-12-10,2013-12-15,540.0,1,540.0
SO72270,15923,393,2013-12-03,2013-12-10,2013-12-15,540.0,1,540.0
SO72271,2037,384,2013-12-04,2013-12-11,2013-12-16,565.0,1,565.0
SO72272,1129,372,2013-12-04,2013-12-11,2013-12-16,1701.0,1,1701.0
SO72273,10872,325,2013-12-04,2013-12-11,2013-12-16,30.0,1,30.0
SO72274,6907,327,2013-12-04,2013-12-11,2013-12-16,21.0,1,21.0
SO72275,7264,325,2013-12-04,2013-12-11,2013-12-16,30.0,1,30.0
SO72276,12428,266,2013-12-04,2013-12-11,2013-12-16,5.0,1,5.0
SO72277,16718,319,2013-12-04,2013-12-11,2013-12-16,5.0,1,5.0
SO72278,7287,318,2013-12-04,2013-12-11,2013-12-16,4.0,1,4.0
SO72279,4126,18,2013-12-04,2013-12-11,2013-12-16,50.0,1,50.0
SO72279,4126,19,2013-12-04,2013-12-11,2013-12-16,50.0,1,50.0
SO72279,4126,20,2013-12-04,2013-12-11,2013-12-16,50.0,1,50.0
SO72280,2121,318,2013-12-04,2013-12-11,2013-12-16,4.0,1,4.0
SO72281,2565,147,2013-12-04,2013-12-11,2013-12-16,2295.0,1,2295.0
SO72281,2565,148,2013-12-04,2013-12-11,2013-12-16,2295.0,1,2295.0
SO72282,4059,151,2013-12-04,2013-12-11,2013-12-16,2295.0,1,2295.0
SO72282,4059,152,2013-12-04,2013-12-11,2013-12-16,2295.0,1,2295.0
SO72283,9578,147,2013-12-04,2013-12-11,2013-12-16,2295.0,1,2295.0
SO72283,9578,148,2013-12-04,2013-12-11,2013-12-16,2295.0,1,2295.0
SO72284,2539,151,2013-12-04,2013-12-11,2013-12-16,2295.0,1,2295.0
SO72284,2539,152,2013-12-04,2013-12-11,2013-12-16,2295.0,1,2295.0
SO72285,1844,143,2013-12-04,2013-12-11,2013-12-16,2320.0,1,2320.0
SO72285,1844,144,2013-12-04,2013-12-11,2013-12-16,2320.0,1,2320.0
SO72286,2514,151,2013-12-04,2013-12-11,2013-12-16,2295.0,1,2295.0
SO72286,2514,152,2013-12-04,2013-12-11,2013-12-16,2295.0,1,2295.0
SO72287,3950,141,2013-12-04,2013-12-11,2013-12-16,2320.0,1,2320.0
SO72287,3950,142,2013-12-04,2013-12-11,2013-12-16,2320.0,1,2320.0
SO72288,843,21,2013-12-04,2013-12-11,2013-12-16,50.0,1,50.0
SO72288,843,22,2013-12-04,2013-12-11,2013-12-16,50.0,1,50.0
SO72288,843,23,2013-12-04,2013-12-11,2013-12-16,50.0,1,50.0
SO72289,18246,328,2013-12-04,2013-12-11,2013-12-16,25.0,1,25.0
SO72290,17189,319,2013-12-04,2013-12-11,2013-12-16,5.0,1,5.0
SO72291,15809,319,2013-12-04,2013-12-11,2013-12-16,5.0,1,5.0
SO72292,14852,324,2013-12-04,2013-12-11,2013-12-16,25.0,1,25.0
SO72293,10731,267,2013-12-04,2013-12-11,2013-12-16,10.0,1,10.0
SO72294,11280,325,2013-12-04,2013-12-11,2013-12-16,30.0,1,30.0
SO72295,5850,264,2013-12-04,2013-12-11,2013-12-16,70.0,1,70.0
SO72296,143,264,2013-12-04,2013-12-11,2013-12-16,70.0,1,70.0
SO72297,17035,265,2013-12-04,2013-12-11,2013-12-16,70.0,1,70.0
SO72298,8732,12,2013-12-04,2013-12-11,2013-12-16,9.0,1,9.0
SO72298,8732,13,2013-12-04,2013-12-11,2013-12-16,9.0,1,9.0
SO72298,8732,14,2013-12-04,2013-12-11,2013-12-16,9.0,1,9.0
SO72299,9748,263,2013-12-04,2013-12-11,2013-12-16,70.0,1,70.0
SO72300,12828,266,2013-12-04,2013-12-11,2013-12-16,5.0,1,5.0
SO72301,13732,266,2013-12-04,2013-12-11,2013-12-16,5.0,1,5.0
SO72302,13734,317,2013-12-04,2013-12-11,2013-12-16,5.0,1,5.0
SO72303,3461,274,2013-12-04,2013-12-11,2013-12-16,22.0,1,22.0
SO72304,3613,317,2013-12-04,2013-12-11,2013-12-16,5.0,1,5.0
SO72305,3491,317,2013-12-04,2013-12-11,2013-12-16,5.0,1,5.0
SO72306,7632,324,2013-12-04,2013-12-11,2013-12-16,25.0,1,25.0
SO72307,15356,12,2013-12-04,2013-12-11,2013-12-16,9.0,1,9.0
SO72307,15356,13,2013-12-04,2013-12-11,2013-12-16,9.0,1,9.0
SO72307,15356,14,2013-12-04,2013-12-11,2013-12-16,9.0,1,9.0
SO72308,10739,317,2013-12-04,2013-12-11,2013-12-16,5.0,1,5.0
SO72309,11484,327,2013-12-04,2013-12-11,2013-12-16,21.0,1,21.0
SO72310,1612,330,2013-12-04,2013-12-11,2013-12-16,29.0,1,29.0
SO72311,4104,319,2013-12-04,2013-12-11,2013-12-16,5.0,1,5.0
SO72312,2277,274,2013-12-04,2013-12-11,2013-12-16,22.0,1,22.0
SO72313,737,326,2013-12-04,2013-12-11,2013-12-16,35.0,1,35.0
SO72314,2152,274,2013-12-04,2013-12-11,2013-12-16,22.0,1,22.0
SO72315,6586,274,2013-12-04,2013-12-11,2013-12-16,22.0,1,22.0
SO72316,7863,151,2013-12-04,2013-12-11,2013-12-16,2295.0,1,2295.0
SO72316,7863,152,2013-12-04,2013-12-11,2013-12-16,2295.0,1,2295.0
SO72317,2735,147,2013-12-04,2013-12-11,2013-12-16,2295.0,1,2295.0
SO72317,2735,148,2013-12-04,2013-12-11,2013-12-16,2295.0,1,2295.0
SO72318,4433,379,2013-12-04,2013-12-11,2013-12-16,769.0,1,769.0
SO72319,7417,141,2013-12-04,2013-12-11,2013-12-16,2320.0,1,2320.0
SO72319,7417,142,2013-12-04,2013-12-11,2013-12-16,2320.0,1,2320.0
SO72320,7482,151,2013-12-04,2013-12-11,2013-12-16,2295.0,1,2295.0
SO72320,7482,152,2013-12-04,2013-12-11,2013-12-16,2295.0,1,2295.0
SO72321,2703,151,2013-12-04,2013-12-11,2013-12-16,2295.0,1,2295.0
SO72321,2703,152,2013-12-04,2013-12-11,2013-12-16,2295.0,1,2295.0
SO72322,10139,145,2013-12-04,2013-12-11,2013-12-16,2320.0,1,2320.0
SO72322,10139,146,2013-12-04,2013-12-11,2013-12-16,2320.0,1,2320.0
SO72323,10038,357,2013-12-04,2013-12-11,2013-12-16,742.0,1,742.0
SO72324,243,362,2013-12-04,2013-12-11,2013-12-16,2384.0,1,2384.0
SO72325,11197,164,2013-12-04,2013-12-11,2013-12-16,2443.0,1,2443.0
SO72325,11197,165,2013-12-04,2013-12-11,2013-12-16,2443.0,1,2443.0
SO72326,11198,166,2013-12-04,2013-12-11,2013-12-16,2443.0,1,2443.0
SO72326,11198,167,2013-12-04,2013-12-11,2013-12-16,2443.0,1,2443.0
SO72327,11204,168,2013-12-04,2013-12-11,2013-12-16,2443.0,1,2443.0
SO72327,11204,169,2013-12-04,2013-12-11,2013-12-16,2443.0,1,2443.0
SO72328,5032,370,2013-12-04,2013-12-11,2013-12-16,1701.0,1,1701.0
SO72329,11934,371,2013-12-04,2013-12-11,2013-12-16,1701.0,1,1701.0
SO72330,15590,172,2013-12-04,2013-12-11,2013-12-16,1120.0,1,1120.0
SO72330,15590,173,2013-12-04,2013-12-11,2013-12-16,1120.0,1,1120.0
SO72331,6505,376,2013-12-04,2013-12-11,2013-12-16,769.0,1,769.0
SO72332,15301,367,2013-12-04,2013-12-11,2013-12-16,1215.0,1,1215.0
SO72333,5177,141,2013-12-04,2013-12-11,2013-12-16,2320.0,1,2320.0
SO72333,5177,142,2013-12-04,2013-12-11,2013-12-16,2320.0,1,2320.0
SO72334,5181,149,2013-12-04,2013-12-11,2013-12-16,2295.0,1,2295.0
SO72334,5181,150,2013-12-04,2013-12-11,2013-12-16,2295.0,1,2295.0
SO72335,14366,361,2013-12-04,2013-12-11,2013-12-16,742.0,1,742.0
SO72336,17156,352,2013-12-04,2013-12-11,2013-12-16,2384.0,1,2384.0
SO72337,17191,350,2013-12-04,2013-12-11,2013-12-16,2384.0,1,2384.0
SO72338,4906,350,2013-12-04,2013-12-11,2013-12-16,2384.0,1,2384.0
SO72339,13336,393,2013-12-04,2013-12-11,2013-12-16,540.0,1,540.0
SO72340,12881,394,2013-12-04,2013-12-11,2013-12-16,540.0,1,540.0
SO72341,18002,373,2013-12-04,2013-12-11,2013-12-16,540.0,1,540.0
SO72342,13331,393,2013-12-04,2013-12-11,2013-12-16,540.0,1,540.0
SO72343,12887,393,2013-12-04,2013-12-11,2013-12-16,540.0,1,540.0
SO72344,11230,172,2013-12-04,2013-12-11,2013-12-16,1120.0,1,1120.0
SO72344,11230,173,2013-12-04,2013-12-11,2013-12-16,1120.0,1,1120.0
SO72345,11244,178,2013-12-04,2013-12-11,2013-12-16,1120.0,1,1120.0
SO72345,11244,179,2013-12-04,2013-12-11,2013-12-16,1120.0,1,1120.0
SO72346,9670,178,2013-12-04,2013-12-11,2013-12-16,1120.0,1,1120.0
SO72346,9670,179,2013-12-04,2013-12-11,2013-12-16,1120.0,1,1120.0
SO72347,8009,372,2013-12-04,2013-12-11,2013-12-16,1701.0,1,1701.0
SO72348,3733,371,2013-12-04,2013-12-11,2013-12-16,1701.0,1,1701.0
SO72349,8294,371,2013-12-04,2013-12-11,2013-12-16,1701.0,1,1701.0
SO72350,14599,178,2013-12-04,2013-12-11,2013-12-16,1120.0,1,1120.0
SO72350,14599,179,2013-12-04,2013-12-11,2013-12-16,1120.0,1,1120.0
SO72351,3714,394,2013-12-04,2013-12-11,2013-12-16,540.0,1,540.0
SO72352,17439,395,2013-12-04,2013-12-11,2013-12-16,540.0,1,540.0
SO72353,17478,373,2013-12-04,2013-12-11,2013-12-16,540.0,1,540.0
SO72354,3164,395,2013-12-04,2013-12-11,2013-12-16,540.0,1,540.0
SO72355,360,359,2013-12-04,2013-12-11,2013-12-16,742.0,1,742.0
SO72356,4128,374,2013-12-04,2013-12-11,2013-12-16,742.0,1,742.0
SO72357,16988,373,2013-12-04,2013-12-11,2013-12-16,540.0,1,540.0
SO72358,3040,350,2013-12-05,2013-12-12,2013-12-17,2384.0,1,2384.0
SO72359,3320,318,2013-12-05,2013-12-12,2013-12-17,4.0,1,4.0
SO72360,10183,325,2013-12-05,2013-12-12,2013-12-17,30.0,1,30.0
SO72361,6732,327,2013-12-05,2013-12-12,2013-12-17,21.0,1,21.0
SO72362,15427,263,2013-12-05,2013-12-12,2013-12-17,70.0,1,70.0
SO72363,4728,4,2013-12-05,2013-12-12,2013-12-17,35.0,1,35.0
SO72363,4728,5,2013-12-05,2013-12-12,2013-12-17,35.0,1,35.0
SO72363,4728,6,2013-12-05,2013-12-12,2013-12-17,35.0,1,35.0
SO72364,7716,278,2013-12-05,2013-12-12,2013-12-17,54.0,1,54.0
SO72365,2667,141,2013-12-05,2013-12-12,2013-12-17,2320.0,1,2320.0
SO72365,2667,142,2013-12-05,2013-12-12,2013-12-17,2320.0,1,2320.0
SO72366,6098,376,2013-12-05,2013-12-12,2013-12-17,769.0,1,769.0
SO72367,14778,151,2013-12-05,2013-12-12,2013-12-17,2295.0,1,2295.0
SO72367,14778,152,2013-12-05,2013-12-12,2013-12-17,2295.0,1,2295.0
SO72368,9565,143,2013-12-05,2013-12-12,2013-12-17,2320.0,1,2320.0
SO72368,9565,144,2013-12-05,2013-12-12,2013-12-17,2320.0,1,2320.0
SO72369,18212,318,2013-12-05,2013-12-12,2013-12-17,4.0,1,4.0
SO72370,712,318,2013-12-05,2013-12-12,2013-12-17,4.0,1,4.0
SO72371,132,317,2013-12-05,2013-12-12,2013-12-17,5.0,1,5.0
SO72372,10155,267,2013-12-05,2013-12-12,2013-12-17,10.0,1,10.0
SO72373,10706,266,2013-12-05,2013-12-12,2013-12-17,5.0,1,5.0
SO72374,6688,266,2013-12-05,2013-12-12,2013-12-17,5.0,1,5.0
SO72375,6133,266,2013-12-05,2013-12-12,2013-12-17,5.0,1,5.0
SO72376,10753,317,2013-12-05,2013-12-12,2013-12-17,5.0,1,5.0
SO72377,5750,317,2013-12-05,2013-12-12,2013-12-17,5.0,1,5.0
SO72378,4191,317,2013-12-05,2013-12-12,2013-12-17,5.0,1,5.0
SO72379,10307,317,2013-12-05,2013-12-12,2013-12-17,5.0,1,5.0
SO72380,3494,317,2013-12-05,2013-12-12,2013-12-17,5.0,1,5.0
SO72381,3785,263,2013-12-05,2013-12-12,2013-12-17,70.0,1,70.0
SO72382,18396,266,2013-12-05,2013-12-12,2013-12-17,5.0,1,5.0
SO72383,10010,266,2013-12-05,2013-12-12,2013-12-17,5.0,1,5.0
SO72384,11830,266,2013-12-05,2013-12-12,2013-12-17,5.0,1,5.0
SO72385,18471,327,2013-12-05,2013-12-12,2013-12-17,21.0,1,21.0
SO72386,15994,318,2013-12-05,2013-12-12,2013-12-17,4.0,1,4.0
SO72387,567,318,2013-12-05,2013-12-12,2013-12-17,4.0,1,4.0
SO72388,14144,319,2013-12-05,2013-12-12,2013-12-17,5.0,1,5.0
SO72389,2799,330,2013-12-05,2013-12-12,2013-12-17,29.0,1,29.0
SO72390,975,326,2013-12-05,2013-12-12,2013-12-17,35.0,1,35.0
SO72391,852,326,2013-12-05,2013-12-12,2013-12-17,35.0,1,35.0
SO72392,858,317,2013-12-05,2013-12-12,2013-12-17,5.0,1,5.0
SO72393,5877,274,2013-12-05,2013-12-12,2013-12-17,22.0,1,22.0
SO72394,1258,24,2013-12-05,2013-12-12,2013-12-17,50.0,1,50.0
SO72394,1258,25,2013-12-05,2013-12-12,2013-12-17,50.0,1,50.0
SO72394,1258,26,2013-12-05,2013-12-12,2013-12-17,50.0,1,50.0
SO72395,9659,162,2013-12-05,2013-12-12,2013-12-17,2443.0,1,2443.0
SO72395,9659,163,2013-12-05,2013-12-12,2013-12-17,2443.0,1,2443.0
SO72396,5217,382,2013-12-05,2013-12-12,2013-12-17,565.0,1,565.0
SO72397,11733,386,2013-12-05,2013-12-12,2013-12-17,540.0,1,540.0
SO72398,3026,386,2013-12-05,2013-12-12,2013-12-17,540.0,1,540.0
SO72399,7851,149,2013-12-05,2013-12-12,2013-12-17,2295.0,1,2295.0
SO72399,7851,150,2013-12-05,2013-12-12,2013-12-17,2295.0,1,2295.0
SO72400,7865,149,2013-12-05,2013-12-12,2013-12-17,2295.0,1,2295.0
SO72400,7865,150,2013-12-05,2013-12-12,2013-12-17,2295.0,1,2295.0
SO72401,7820,151,2013-12-05,2013-12-12,2013-12-17,2295.0,1,2295.0
SO72401,7820,152,2013-12-05,2013-12-12,2013-12-17,2295.0,1,2295.0
SO72402,7561,151,2013-12-05,2013-12-12,2013-12-17,2295.0,1,2295.0
SO72402,7561,152,2013-12-05,2013-12-12,2013-12-17,2295.0,1,2295.0
SO72403,2734,147,2013-12-05,2013-12-12,2013-12-17,2295.0,1,2295.0
SO72403,2734,148,2013-12-05,2013-12-12,2013-12-17,2295.0,1,2295.0
SO72404,7612,145,2013-12-05,2013-12-12,2013-12-17,2320.0,1,2320.0
SO72404,7612,146,2013-12-05,2013-12-12,2013-12-17,2320.0,1,2320.0
SO72405,4507,378,2013-12-05,2013-12-12,2013-12-17,769.0,1,769.0
SO72406,7529,149,2013-12-05,2013-12-12,2013-12-17,2295.0,1,2295.0
SO72406,7529,150,2013-12-05,2013-12-12,2013-12-17,2295.0,1,2295.0
SO72407,2463,147,2013-12-05,2013-12-12,2013-12-17,2295.0,1,2295.0
SO72407,2463,148,2013-12-05,2013-12-12,2013-12-17,2295.0,1,2295.0
SO72408,7514,145,2013-12-05,2013-12-12,2013-12-17,2320.0,1,2320.0
SO72408,7514,146,2013-12-05,2013-12-12,2013-12-17,2320.0,1,2320.0
SO72409,7461,141,2013-12-05,2013-12-12,2013-12-17,2320.0,1,2320.0
SO72409,7461,142,2013-12-05,2013-12-12,2013-12-17,2320.0,1,2320.0
SO72410,2694,366,2013-12-05,2013-12-12,2013-12-17,1215.0,1,1215.0
SO72411,8477,349,2013-12-05,2013-12-12,2013-12-17,1215.0,1,1215.0
SO72412,11914,164,2013-12-05,2013-12-12,2013-12-17,2443.0,1,2443.0
SO72412,11914,165,2013-12-05,2013-12-12,2013-12-17,2443.0,1,2443.0
SO72413,11988,371,2013-12-05,2013-12-12,2013-12-17,1701.0,1,1701.0
SO72414,5028,369,2013-12-05,2013-12-12,2013-12-17,1701.0,1,1701.0
SO72415,5617,147,2013-12-05,2013-12-12,2013-12-17,2295.0,1,2295.0
SO72415,5617,148,2013-12-05,2013-12-12,2013-12-17,2295.0,1,2295.0
SO72416,5631,143,2013-12-05,2013-12-12,2013-12-17,2320.0,1,2320.0
SO72416,5631,144,2013-12-05,2013-12-12,2013-12-17,2320.0,1,2320.0
SO72417,5496,147,2013-12-05,2013-12-12,2013-12-17,2295.0,1,2295.0
SO72417,5496,148,2013-12-05,2013-12-12,2013-12-17,2295.0,1,2295.0
SO72418,2111,141,2013-12-05,2013-12-12,2013-12-17,2320.0,1,2320.0
SO72418,2111,142,2013-12-05,2013-12-12,2013-12-17,2320.0,1,2320.0
SO72419,15648,359,2013-12-05,2013-12-12,2013-12-17,742.0,1,742.0
SO72420,5001,363,2013-12-05,2013-12-12,2013-12-17,2384.0,1,2384.0
SO72421,13310,368,2013-12-05,2013-12-12,2013-12-17,1215.0,1,1215.0
SO72422,13333,367,2013-12-05,2013-12-12,2013-12-17,1215.0,1,1215.0
SO72423,14064,364,2013-12-05,2013-12-12,2013-12-17,2384.0,1,2384.0
SO72424,17258,363,2013-12-05,2013-12-12,2013-12-17,2384.0,1,2384.0
SO72425,4917,363,2013-12-05,2013-12-12,2013-12-17,2384.0,1,2384.0
SO72426,17196,373,2013-12-05,2013-12-12,2013-12-17,540.0,1,540.0
SO72427,13324,395,2013-12-05,2013-12-12,2013-12-17,540.0,1,540.0
SO72428,13222,395,2013-12-05,2013-12-12,2013-12-17,540.0,1,540.0
SO72429,11138,170,2013-12-05,2013-12-12,2013-12-17,1120.0,1,1120.0
SO72429,11138,171,2013-12-05,2013-12-12,2013-12-17,1120.0,1,1120.0
SO72430,10930,178,2013-12-05,2013-12-12,2013-12-17,1120.0,1,1120.0
SO72430,10930,179,2013-12-05,2013-12-12,2013-12-17,1120.0,1,1120.0
SO72431,10938,178,2013-12-05,2013-12-12,2013-12-17,1120.0,1,1120.0
SO72431,10938,179,2013-12-05,2013-12-12,2013-12-17,1120.0,1,1120.0
SO72432,7092,371,2013-12-05,2013-12-12,2013-12-17,1701.0,1,1701.0
SO72433,11638,370,2013-12-05,2013-12-12,2013-12-17,1701.0,1,1701.0
SO72434,3165,373,2013-12-05,2013-12-12,2013-12-17,540.0,1,540.0
SO72435,7174,365,2013-12-05,2013-12-12,2013-12-17,2384.0,1,2384.0
SO72436,14485,362,2013-12-05,2013-12-12,2013-12-17,2384.0,1,2384.0
SO72437,2647,365,2013-12-05,2013-12-12,2013-12-17,2384.0,1,2384.0
SO72438,15550,394,2013-12-05,2013-12-12,2013-12-17,540.0,1,540.0
SO72439,17133,394,2013-12-05,2013-12-12,2013-12-17,540.0,1,540.0
SO72440,2183,272,2013-12-06,2013-12-13,2013-12-18,120.0,1,120.0
SO72441,8581,317,2013-12-06,2013-12-13,2013-12-18,5.0,1,5.0
SO72442,7280,325,2013-12-06,2013-12-13,2013-12-18,30.0,1,30.0
SO72443,1370,317,2013-12-06,2013-12-13,2013-12-18,5.0,1,5.0
SO72444,3101,319,2013-12-06,2013-12-13,2013-12-18,5.0,1,5.0
SO72445,8579,280,2013-12-06,2013-12-13,2013-12-18,54.0,1,54.0
SO72446,3683,24,2013-12-06,2013-12-13,2013-12-18,50.0,1,50.0
SO72446,3683,25,2013-12-06,2013-12-13,2013-12-18,50.0,1,50.0
SO72446,3683,26,2013-12-06,2013-12-13,2013-12-18,50.0,1,50.0
SO72447,2027,21,2013-12-06,2013-12-13,2013-12-18,50.0,1,50.0
SO72447,2027,22,2013-12-06,2013-12-13,2013-12-18,50.0,1,50.0
SO72447,2027,23,2013-12-06,2013-12-13,2013-12-18,50.0,1,50.0
SO72448,2635,272,2013-12-06,2013-12-13,2013-12-18,120.0,1,120.0
SO72449,8942,149,2013-12-06,2013-12-13,2013-12-18,2295.0,1,2295.0
SO72449,8942,150,2013-12-06,2013-12-13,2013-12-18,2295.0,1,2295.0
SO72450,8421,143,2013-12-06,2013-12-13,2013-12-18,2320.0,1,2320.0
SO72450,8421,144,2013-12-06,2013-12-13,2013-12-18,2320.0,1,2320.0
SO72451,5279,388,2013-12-06,2013-12-13,2013-12-18,540.0,1,540.0
SO72452,753,324,2013-12-06,2013-12-13,2013-12-18,25.0,1,25.0
SO72453,15195,324,2013-12-06,2013-12-13,2013-12-18,25.0,1,25.0
SO72454,821,317,2013-12-06,2013-12-13,2013-12-18,5.0,1,5.0
SO72455,12151,325,2013-12-06,2013-12-13,2013-12-18,30.0,1,30.0
SO72456,12389,317,2013-12-06,2013-12-13,2013-12-18,5.0,1,5.0
SO72457,3568,267,2013-12-06,2013-12-13,2013-12-18,10.0,1,10.0
SO72458,10263,266,2013-12-06,2013-12-13,2013-12-18,5.0,1,5.0
SO72459,7978,263,2013-12-06,2013-12-13,2013-12-18,70.0,1,70.0
SO72460,7551,266,2013-12-06,2013-12-13,2013-12-18,5.0,1,5.0
SO72461,5924,266,2013-12-06,2013-12-13,2013-12-18,5.0,1,5.0
SO72462,12010,317,2013-12-06,2013-12-13,2013-12-18,5.0,1,5.0
SO72463,4836,317,2013-12-06,2013-12-13,2013-12-18,5.0,1,5.0
SO72464,3409,274,2013-12-06,2013-12-13,2013-12-18,22.0,1,22.0
SO72465,2935,274,2013-12-06,2013-12-13,2013-12-18,22.0,1,22.0
SO72466,5403,317,2013-12-06,2013-12-13,2013-12-18,5.0,1,5.0
SO72467,7139,274,2013-12-06,2013-12-13,2013-12-18,22.0,1,22.0
SO72468,14688,318,2013-12-06,2013-12-13,2013-12-18,4.0,1,4.0
SO72469,9138,325,2013-12-06,2013-12-13,2013-12-18,30.0,1,30.0
SO72470,9907,325,2013-12-06,2013-12-13,2013-12-18,30.0,1,30.0
SO72471,15878,318,2013-12-06,2013-12-13,2013-12-18,4.0,1,4.0
SO72472,14316,318,2013-12-06,2013-12-13,2013-12-18,4.0,1,4.0
SO72473,11806,318,2013-12-06,2013-12-13,2013-12-18,4.0,1,4.0
SO72474,5044,319,2013-12-06,2013-12-13,2013-12-18,5.0,1,5.0
SO72475,167,317,2013-12-06,2013-12-13,2013-12-18,5.0,1,5.0
SO72476,86,326,2013-12-06,2013-12-13,2013-12-18,35.0,1,35.0
SO72477,849,326,2013-12-06,2013-12-13,2013-12-18,35.0,1,35.0
SO72478,2202,326,2013-12-06,2013-12-13,2013-12-18,35.0,1,35.0
SO72479,7861,145,2013-12-06,2013-12-13,2013-12-18,2320.0,1,2320.0
SO72479,7861,146,2013-12-06,2013-12-13,2013-12-18,2320.0,1,2320.0
SO72480,7538,149,2013-12-06,2013-12-13,2013-12-18,2295.0,1,2295.0
SO72480,7538,150,2013-12-06,2013-12-13,2013-12-18,2295.0,1,2295.0
SO72481,4467,376,2013-12-06,2013-12-13,2013-12-18,769.0,1,769.0
SO72482,7513,149,2013-12-06,2013-12-13,2013-12-18,2295.0,1,2295.0
SO72482,7513,150,2013-12-06,2013-12-13,2013-12-18,2295.0,1,2295.0
SO72483,7396,145,2013-12-06,2013-12-13,2013-12-18,2320.0,1,2320.0
SO72483,7396,146,2013-12-06,2013-12-13,2013-12-18,2320.0,1,2320.0
SO72484,5658,141,2013-12-06,2013-12-13,2013-12-18,2320.0,1,2320.0
SO72484,5658,142,2013-12-06,2013-12-13,2013-12-18,2320.0,1,2320.0
SO72485,5030,369,2013-12-06,2013-12-13,2013-12-18,1701.0,1,1701.0
SO72486,11909,166,2013-12-06,2013-12-13,2013-12-18,2443.0,1,2443.0
SO72486,11909,167,2013-12-06,2013-12-13,2013-12-18,2443.0,1,2443.0
SO72487,11858,168,2013-12-06,2013-12-13,2013-12-18,2443.0,1,2443.0
SO72487,11858,169,2013-12-06,2013-12-13,2013-12-18,2443.0,1,2443.0
SO72488,11989,370,2013-12-06,2013-12-13,2013-12-18,1701.0,1,1701.0
SO72489,5026,371,2013-12-06,2013-12-13,2013-12-18,1701.0,1,1701.0
SO72490,15572,170,2013-12-06,2013-12-13,2013-12-18,1120.0,1,1120.0
SO72490,15572,171,2013-12-06,2013-12-13,2013-12-18,1120.0,1,1120.0
SO72491,16703,172,2013-12-06,2013-12-13,2013-12-18,1120.0,1,1120.0
SO72491,16703,173,2013-12-06,2013-12-13,2013-12-18,1120.0,1,1120.0
SO72492,2022,387,2013-12-06,2013-12-13,2013-12-18,540.0,1,540.0
SO72493,3013,143,2013-12-06,2013-12-13,2013-12-18,2320.0,1,2320.0
SO72493,3013,144,2013-12-06,2013-12-13,2013-12-18,2320.0,1,2320.0
SO72494,6329,377,2013-12-06,2013-12-13,2013-12-18,769.0,1,769.0
SO72495,2112,147,2013-12-06,2013-12-13,2013-12-18,2295.0,1,2295.0
SO72495,2112,148,2013-12-06,2013-12-13,2013-12-18,2295.0,1,2295.0
SO72496,17298,353,2013-12-06,2013-12-13,2013-12-18,2384.0,1,2384.0
SO72497,15682,355,2013-12-06,2013-12-13,2013-12-18,742.0,1,742.0
SO72498,12075,364,2013-12-06,2013-12-13,2013-12-18,2384.0,1,2384.0
SO72499,9745,373,2013-12-06,2013-12-13,2013-12-18,540.0,1,540.0
SO72500,13322,373,2013-12-06,2013-12-13,2013-12-18,540.0,1,540.0
SO72501,10924,176,2013-12-06,2013-12-13,2013-12-18,1120.0,1,1120.0
SO72501,10924,177,2013-12-06,2013-12-13,2013-12-18,1120.0,1,1120.0
SO72502,3889,174,2013-12-06,2013-12-13,2013-12-18,1120.0,1,1120.0
SO72502,3889,175,2013-12-06,2013-12-13,2013-12-18,1120.0,1,1120.0
SO72503,7526,369,2013-12-06,2013-12-13,2013-12-18,1701.0,1,1701.0
SO72504,7981,372,2013-12-06,2013-12-13,2013-12-18,1701.0,1,1701.0
SO72505,7999,372,2013-12-06,2013-12-13,2013-12-18,1701.0,1,1701.0
SO72506,7804,372,2013-12-06,2013-12-13,2013-12-18,1701.0,1,1701.0
SO72507,11619,372,2013-12-06,2013-12-13,2013-12-18,1701.0,1,1701.0
SO72508,14583,174,2013-12-06,2013-12-13,2013-12-18,1120.0,1,1120.0
SO72508,14583,175,2013-12-06,2013-12-13,2013-12-18,1120.0,1,1120.0
SO72509,17475,393,2013-12-06,2013-12-13,2013-12-18,540.0,1,540.0
SO72510,14553,394,2013-12-06,2013-12-13,2013-12-18,540.0,1,540.0
SO72511,2258,352,2013-12-06,2013-12-13,2013-12-18,2384.0,1,2384.0
SO72512,4131,375,2013-12-06,2013-12-13,2013-12-18,742.0,1,742.0
SO72513,17121,395,2013-12-06,2013-12-13,2013-12-18,540.0,1,540.0
SO72514,13593,369,2013-12-07,2013-12-14,2013-12-19,1701.0,1,1701.0
SO72515,6235,317,2013-12-07,2013-12-14,2013-12-19,5.0,1,5.0
SO72516,13377,266,2013-12-07,2013-12-14,2013-12-19,5.0,1,5.0
SO72517,2669,273,2013-12-07,2013-12-14,2013-12-19,8.0,1,8.0
SO72518,1352,251,2013-12-07,2013-12-14,2013-12-19,24.0,1,24.0
SO72518,1352,252,2013-12-07,2013-12-14,2013-12-19,24.0,1,24.0
SO72519,8624,330,2013-12-07,2013-12-14,2013-12-19,29.0,1,29.0
SO72520,8475,376,2013-12-07,2013-12-14,2013-12-19,769.0,1,769.0
SO72521,4621,149,2013-12-07,2013-12-14,2013-12-19,2295.0,1,2295.0
SO72521,4621,150,2013-12-07,2013-12-14,2013-12-19,2295.0,1,2295.0
SO72522,17761,328,2013-12-07,2013-12-14,2013-12-19,25.0,1,25.0
SO72523,14377,329,2013-12-07,2013-12-14,2013-12-19,33.0,1,33.0
SO72524,15244,324,2013-12-07,2013-12-14,2013-12-19,25.0,1,25.0
SO72525,8871,325,2013-12-07,2013-12-14,2013-12-19,30.0,1,30.0
SO72526,1917,325,2013-12-07,2013-12-14,2013-12-19,30.0,1,30.0
SO72527,263,325,2013-12-07,2013-12-14,2013-12-19,30.0,1,30.0
SO72528,13261,317,2013-12-07,2013-12-14,2013-12-19,5.0,1,5.0
SO72529,9541,267,2013-12-07,2013-12-14,2013-12-19,10.0,1,10.0
SO72530,9522,267,2013-12-07,2013-12-14,2013-12-19,10.0,1,10.0
SO72531,5859,266,2013-12-07,2013-12-14,2013-12-19,5.0,1,5.0
SO72532,5807,266,2013-12-07,2013-12-14,2013-12-19,5.0,1,5.0
SO72533,4359,317,2013-12-07,2013-12-14,2013-12-19,5.0,1,5.0
SO72534,3765,317,2013-12-07,2013-12-14,2013-12-19,5.0,1,5.0
SO72535,9774,274,2013-12-07,2013-12-14,2013-12-19,22.0,1,22.0
SO72536,6639,325,2013-12-07,2013-12-14,2013-12-19,30.0,1,30.0
SO72537,3188,318,2013-12-07,2013-12-14,2013-12-19,4.0,1,4.0
SO72538,5942,324,2013-12-07,2013-12-14,2013-12-19,25.0,1,25.0
SO72539,12972,266,2013-12-07,2013-12-14,2013-12-19,5.0,1,5.0
SO72540,11475,266,2013-12-07,2013-12-14,2013-12-19,5.0,1,5.0
SO72541,12618,325,2013-12-07,2013-12-14,2013-12-19,30.0,1,30.0
SO72542,1593,330,2013-12-07,2013-12-14,2013-12-19,29.0,1,29.0
SO72543,13217,266,2013-12-07,2013-12-14,2013-12-19,5.0,1,5.0
SO72544,727,326,2013-12-07,2013-12-14,2013-12-19,35.0,1,35.0
SO72545,5230,386,2013-12-07,2013-12-14,2013-12-19,540.0,1,540.0
SO72546,7515,143,2013-12-07,2013-12-14,2013-12-19,2320.0,1,2320.0
SO72546,7515,144,2013-12-07,2013-12-14,2013-12-19,2320.0,1,2320.0
SO72547,7520,143,2013-12-07,2013-12-14,2013-12-19,2320.0,1,2320.0
SO72547,7520,144,2013-12-07,2013-12-14,2013-12-19,2320.0,1,2320.0
SO72548,4423,378,2013-12-07,2013-12-14,2013-12-19,769.0,1,769.0
SO72549,2483,151,2013-12-07,2013-12-14,2013-12-19,2295.0,1,2295.0
SO72549,2483,152,2013-12-07,2013-12-14,2013-12-19,2295.0,1,2295.0
SO72550,7421,151,2013-12-07,2013-12-14,2013-12-19,2295.0,1,2295.0
SO72550,7421,152,2013-12-07,2013-12-14,2013-12-19,2295.0,1,2295.0
SO72551,9709,149,2013-12-07,2013-12-14,2013-12-19,2295.0,1,2295.0
SO72551,9709,150,2013-12-07,2013-12-14,2013-12-19,2295.0,1,2295.0
SO72552,7433,145,2013-12-07,2013-12-14,2013-12-19,2320.0,1,2320.0
SO72552,7433,146,2013-12-07,2013-12-14,2013-12-19,2320.0,1,2320.0
SO72553,7436,143,2013-12-07,2013-12-14,2013-12-19,2320.0,1,2320.0
SO72553,7436,144,2013-12-07,2013-12-14,2013-12-19,2320.0,1,2320.0
SO72554,7479,149,2013-12-07,2013-12-14,2013-12-19,2295.0,1,2295.0
SO72554,7479,150,2013-12-07,2013-12-14,2013-12-19,2295.0,1,2295.0
SO72555,7458,176,2013-12-07,2013-12-14,2013-12-19,1120.0,1,1120.0
SO72555,7458,177,2013-12-07,2013-12-14,2013-12-19,1120.0,1,1120.0
SO72556,7462,174,2013-12-07,2013-12-14,2013-12-19,1120.0,1,1120.0
SO72556,7462,175,2013-12-07,2013-12-14,2013-12-19,1120.0,1,1120.0
SO72557,16697,176,2013-12-07,2013-12-14,2013-12-19,1120.0,1,1120.0
SO72557,16697,177,2013-12-07,2013-12-14,2013-12-19,1120.0,1,1120.0
SO72558,16698,174,2013-12-07,2013-12-14,2013-12-19,1120.0,1,1120.0
SO72558,16698,175,2013-12-07,2013-12-14,2013-12-19,1120.0,1,1120.0
SO72559,16487,373,2013-12-07,2013-12-14,2013-12-19,540.0,1,540.0
SO72560,16716,170,2013-12-07,2013-12-14,2013-12-19,1120.0,1,1120.0
SO72560,16716,171,2013-12-07,2013-12-14,2013-12-19,1120.0,1,1120.0
SO72561,5608,149,2013-12-07,2013-12-14,2013-12-19,2295.0,1,2295.0
SO72561,5608,150,2013-12-07,2013-12-14,2013-12-19,2295.0,1,2295.0
SO72562,6335,377,2013-12-07,2013-12-14,2013-12-19,769.0,1,769.0
SO72563,15299,368,2013-12-07,2013-12-14,2013-12-19,1215.0,1,1215.0
SO72564,17155,352,2013-12-07,2013-12-14,2013-12-19,2384.0,1,2384.0
SO72565,17157,363,2013-12-07,2013-12-14,2013-12-19,2384.0,1,2384.0
SO72566,4568,350,2013-12-07,2013-12-14,2013-12-19,2384.0,1,2384.0
SO72567,4567,352,2013-12-07,2013-12-14,2013-12-19,2384.0,1,2384.0
SO72568,13389,393,2013-12-07,2013-12-14,2013-12-19,540.0,1,540.0
SO72569,12874,394,2013-12-07,2013-12-14,2013-12-19,540.0,1,540.0
SO72570,12896,373,2013-12-07,2013-12-14,2013-12-19,540.0,1,540.0
SO72571,12879,395,2013-12-07,2013-12-14,2013-12-19,540.0,1,540.0
SO72572,11153,174,2013-12-07,2013-12-14,2013-12-19,1120.0,1,1120.0
SO72572,11153,175,2013-12-07,2013-12-14,2013-12-19,1120.0,1,1120.0
SO72573,10149,176,2013-12-07,2013-12-14,2013-12-19,1120.0,1,1120.0
SO72573,10149,177,2013-12-07,2013-12-14,2013-12-19,1120.0,1,1120.0
SO72574,8358,372,2013-12-07,2013-12-14,2013-12-19,1701.0,1,1701.0
SO72575,15985,372,2013-12-07,2013-12-14,2013-12-19,1701.0,1,1701.0
SO72576,8296,371,2013-12-07,2013-12-14,2013-12-19,1701.0,1,1701.0
SO72577,11603,370,2013-12-07,2013-12-14,2013-12-19,1701.0,1,1701.0
SO72578,3775,395,2013-12-07,2013-12-14,2013-12-19,540.0,1,540.0
SO72579,13058,394,2013-12-07,2013-12-14,2013-12-19,540.0,1,540.0
SO72580,1223,351,2013-12-07,2013-12-14,2013-12-19,2384.0,1,2384.0
SO72581,3263,367,2013-12-07,2013-12-14,2013-12-19,1215.0,1,1215.0
SO72582,10391,325,2013-12-08,2013-12-15,2013-12-20,30.0,1,30.0
SO72583,8962,327,2013-12-08,2013-12-15,2013-12-20,21.0,1,21.0
SO72584,13892,317,2013-12-08,2013-12-15,2013-12-20,5.0,1,5.0
SO72585,12309,319,2013-12-08,2013-12-15,2013-12-20,5.0,1,5.0
SO72586,6060,278,2013-12-08,2013-12-15,2013-12-20,54.0,1,54.0
SO72587,9932,164,2013-12-08,2013-12-15,2013-12-20,2443.0,1,2443.0
SO72587,9932,165,2013-12-08,2013-12-15,2013-12-20,2443.0,1,2443.0
SO72588,11837,149,2013-12-08,2013-12-15,2013-12-20,2295.0,1,2295.0
SO72588,11837,150,2013-12-08,2013-12-15,2013-12-20,2295.0,1,2295.0
SO72589,15389,145,2013-12-08,2013-12-15,2013-12-20,2320.0,1,2320.0
SO72589,15389,146,2013-12-08,2013-12-15,2013-12-20,2320.0,1,2320.0
SO72590,8455,145,2013-12-08,2013-12-15,2013-12-20,2320.0,1,2320.0
SO72590,8455,146,2013-12-08,2013-12-15,2013-12-20,2320.0,1,2320.0
SO72591,10543,147,2013-12-08,2013-12-15,2013-12-20,2295.0,1,2295.0
SO72591,10543,148,2013-12-08,2013-12-15,2013-12-20,2295.0,1,2295.0
SO72592,11801,141,2013-12-08,2013-12-15,2013-12-20,2320.0,1,2320.0
SO72592,11801,142,2013-12-08,2013-12-15,2013-12-20,2320.0,1,2320.0
SO72593,6779,147,2013-12-08,2013-12-15,2013-12-20,2295.0,1,2295.0
SO72593,6779,148,2013-12-08,2013-12-15,2013-12-20,2295.0,1,2295.0
SO72594,8341,145,2013-12-08,2013-12-15,2013-12-20,2320.0,1,2320.0
SO72594,8341,146,2013-12-08,2013-12-15,2013-12-20,2320.0,1,2320.0
SO72595,5260,389,2013-12-08,2013-12-15,2013-12-20,540.0,1,540.0
SO72596,504,269,2013-12-08,2013-12-15,2013-12-20,2.0,1,2.0
SO72597,1964,12,2013-12-08,2013-12-15,2013-12-20,9.0,1,9.0
SO72597,1964,13,2013-12-08,2013-12-15,2013-12-20,9.0,1,9.0
SO72597,1964,14,2013-12-08,2013-12-15,2013-12-20,9.0,1,9.0
SO72598,17338,319,2013-12-08,2013-12-15,2013-12-20,5.0,1,5.0
SO72599,195,318,2013-12-08,2013-12-15,2013-12-20,4.0,1,4.0
SO72600,16391,319,2013-12-08,2013-12-15,2013-12-20,5.0,1,5.0
SO72601,502,328,2013-12-08,2013-12-15,2013-12-20,25.0,1,25.0
SO72602,15073,324,2013-12-08,2013-12-15,2013-12-20,25.0,1,25.0
SO72603,10498,267,2013-12-08,2013-12-15,2013-12-20,10.0,1,10.0
SO72604,9434,267,2013-12-08,2013-12-15,2013-12-20,10.0,1,10.0
SO72605,8879,264,2013-12-08,2013-12-15,2013-12-20,70.0,1,70.0
SO72606,7994,263,2013-12-08,2013-12-15,2013-12-20,70.0,1,70.0
SO72607,4413,317,2013-12-08,2013-12-15,2013-12-20,5.0,1,5.0
SO72608,5749,266,2013-12-08,2013-12-15,2013-12-20,5.0,1,5.0
SO72609,9203,274,2013-12-08,2013-12-15,2013-12-20,22.0,1,22.0
SO72610,3178,318,2013-12-08,2013-12-15,2013-12-20,4.0,1,4.0
SO72611,14303,327,2013-12-08,2013-12-15,2013-12-20,21.0,1,21.0
SO72612,5190,319,2013-12-08,2013-12-15,2013-12-20,5.0,1,5.0
SO72613,2534,319,2013-12-08,2013-12-15,2013-12-20,5.0,1,5.0
SO72614,1531,317,2013-12-08,2013-12-15,2013-12-20,5.0,1,5.0
SO72615,4762,317,2013-12-08,2013-12-15,2013-12-20,5.0,1,5.0
SO72616,9013,387,2013-12-08,2013-12-15,2013-12-20,540.0,1,540.0
SO72617,4504,376,2013-12-08,2013-12-15,2013-12-20,769.0,1,769.0
SO72618,2725,147,2013-12-08,2013-12-15,2013-12-20,2295.0,1,2295.0
SO72618,2725,148,2013-12-08,2013-12-15,2013-12-20,2295.0,1,2295.0
SO72619,7423,149,2013-12-08,2013-12-15,2013-12-20,2295.0,1,2295.0
SO72619,7423,150,2013-12-08,2013-12-15,2013-12-20,2295.0,1,2295.0
SO72620,7429,151,2013-12-08,2013-12-15,2013-12-20,2295.0,1,2295.0
SO72620,7429,152,2013-12-08,2013-12-15,2013-12-20,2295.0,1,2295.0
SO72621,10056,355,2013-12-08,2013-12-15,2013-12-20,742.0,1,742.0
SO72622,16699,172,2013-12-08,2013-12-15,2013-12-20,1120.0,1,1120.0
SO72622,16699,173,2013-12-08,2013-12-15,2013-12-20,1120.0,1,1120.0
SO72623,16714,174,2013-12-08,2013-12-15,2013-12-20,1120.0,1,1120.0
SO72623,16714,175,2013-12-08,2013-12-15,2013-12-20,1120.0,1,1120.0
SO72624,5624,145,2013-12-08,2013-12-15,2013-12-20,2320.0,1,2320.0
SO72624,5624,146,2013-12-08,2013-12-15,2013-12-20,2320.0,1,2320.0
SO72625,3049,151,2013-12-08,2013-12-15,2013-12-20,2295.0,1,2295.0
SO72625,3049,152,2013-12-08,2013-12-15,2013-12-20,2295.0,1,2295.0
SO72626,4576,377,2013-12-08,2013-12-15,2013-12-20,769.0,1,769.0
SO72627,15646,354,2013-12-08,2013-12-15,2013-12-20,742.0,1,742.0
SO72628,15286,367,2013-12-08,2013-12-15,2013-12-20,1215.0,1,1215.0
SO72629,4890,364,2013-12-08,2013-12-15,2013-12-20,2384.0,1,2384.0
SO72630,13326,394,2013-12-08,2013-12-15,2013-12-20,540.0,1,540.0
SO72631,11246,176,2013-12-08,2013-12-15,2013-12-20,1120.0,1,1120.0
SO72631,11246,177,2013-12-08,2013-12-15,2013-12-20,1120.0,1,1120.0
SO72632,10927,174,2013-12-08,2013-12-15,2013-12-20,1120.0,1,1120.0
SO72632,10927,175,2013-12-08,2013-12-15,2013-12-20,1120.0,1,1120.0
SO72633,10929,176,2013-12-08,2013-12-15,2013-12-20,1120.0,1,1120.0
SO72633,10929,177,2013-12-08,2013-12-15,2013-12-20,1120.0,1,1120.0
SO72634,8157,370,2013-12-08,2013-12-15,2013-12-20,1701.0,1,1701.0
SO72635,8109,370,2013-12-08,2013-12-15,2013-12-20,1701.0,1,1701.0
SO72636,3732,371,2013-12-08,2013-12-15,2013-12-20,1701.0,1,1701.0
SO72637,18393,365,2013-12-08,2013-12-15,2013-12-20,2384.0,1,2384.0
SO72638,17135,395,2013-12-08,2013-12-15,2013-12-20,540.0,1,540.0
SO72639,2135,366,2013-12-08,2013-12-15,2013-12-20,1215.0,1,1215.0
SO72640,2639,363,2013-12-08,2013-12-15,2013-12-20,2384.0,1,2384.0
SO72641,3035,324,2013-12-09,2013-12-16,2013-12-21,25.0,1,25.0
SO72642,4806,318,2013-12-09,2013-12-16,2013-12-21,4.0,1,4.0
SO72643,7746,274,2013-12-09,2013-12-16,2013-12-21,22.0,1,22.0
SO72644,11850,326,2013-12-09,2013-12-16,2013-12-21,35.0,1,35.0
SO72645,103,267,2013-12-09,2013-12-16,2013-12-21,10.0,1,10.0
SO72646,4096,168,2013-12-09,2013-12-16,2013-12-21,2443.0,1,2443.0
SO72646,4096,169,2013-12-09,2013-12-16,2013-12-21,2443.0,1,2443.0
SO72647,8953,268,2013-12-09,2013-12-16,2013-12-21,9.0,1,9.0
SO72648,16325,145,2013-12-09,2013-12-16,2013-12-21,2320.0,1,2320.0
SO72648,16325,146,2013-12-09,2013-12-16,2013-12-21,2320.0,1,2320.0
SO72649,2573,151,2013-12-09,2013-12-16,2013-12-21,2295.0,1,2295.0
SO72649,2573,152,2013-12-09,2013-12-16,2013-12-21,2295.0,1,2295.0
SO72650,6835,143,2013-12-09,2013-12-16,2013-12-21,2320.0,1,2320.0
SO72650,6835,144,2013-12-09,2013-12-16,2013-12-21,2320.0,1,2320.0
SO72651,6979,379,2013-12-09,2013-12-16,2013-12-21,769.0,1,769.0
SO72652,3835,376,2013-12-09,2013-12-16,2013-12-21,769.0,1,769.0
SO72653,6781,141,2013-12-09,2013-12-16,2013-12-21,2320.0,1,2320.0
SO72653,6781,142,2013-12-09,2013-12-16,2013-12-21,2320.0,1,2320.0
SO72654,8477,141,2013-12-09,2013-12-16,2013-12-21,2320.0,1,2320.0
SO72654,8477,142,2013-12-09,2013-12-16,2013-12-21,2320.0,1,2320.0
SO72655,3992,145,2013-12-09,2013-12-16,2013-12-21,2320.0,1,2320.0
SO72655,3992,146,2013-12-09,2013-12-16,2013-12-21,2320.0,1,2320.0
SO72656,4615,151,2013-12-09,2013-12-16,2013-12-21,2295.0,1,2295.0
SO72656,4615,152,2013-12-09,2013-12-16,2013-12-21,2295.0,1,2295.0
SO72657,10538,141,2013-12-09,2013-12-16,2013-12-21,2320.0,1,2320.0
SO72657,10538,142,2013-12-09,2013-12-16,2013-12-21,2320.0,1,2320.0
SO72658,10834,147,2013-12-09,2013-12-16,2013-12-21,2295.0,1,2295.0
SO72658,10834,148,2013-12-09,2013-12-16,2013-12-21,2295.0,1,2295.0
SO72659,10836,149,2013-12-09,2013-12-16,2013-12-21,2295.0,1,2295.0
SO72659,10836,150,2013-12-09,2013-12-16,2013-12-21,2295.0,1,2295.0
SO72660,8323,383,2013-12-09,2013-12-16,2013-12-21,565.0,1,565.0
SO72661,5052,384,2013-12-09,2013-12-16,2013-12-21,565.0,1,565.0
SO72662,8303,388,2013-12-09,2013-12-16,2013-12-21,540.0,1,540.0
SO72663,683,280,2013-12-09,2013-12-16,2013-12-21,54.0,1,54.0
SO72664,508,327,2013-12-09,2013-12-16,2013-12-21,21.0,1,21.0
SO72665,13994,318,2013-12-09,2013-12-16,2013-12-21,4.0,1,4.0
SO72666,828,324,2013-12-09,2013-12-16,2013-12-21,25.0,1,25.0
SO72667,6580,325,2013-12-09,2013-12-16,2013-12-21,30.0,1,30.0
SO72668,9533,267,2013-12-09,2013-12-16,2013-12-21,10.0,1,10.0
SO72669,846,267,2013-12-09,2013-12-16,2013-12-21,10.0,1,10.0
SO72670,2942,267,2013-12-09,2013-12-16,2013-12-21,10.0,1,10.0
SO72671,7834,263,2013-12-09,2013-12-16,2013-12-21,70.0,1,70.0
SO72672,5918,266,2013-12-09,2013-12-16,2013-12-21,5.0,1,5.0
SO72673,5726,317,2013-12-09,2013-12-16,2013-12-21,5.0,1,5.0
SO72674,10309,274,2013-12-09,2013-12-16,2013-12-21,22.0,1,22.0
SO72675,8940,317,2013-12-09,2013-12-16,2013-12-21,5.0,1,5.0
SO72676,1752,326,2013-12-09,2013-12-16,2013-12-21,35.0,1,35.0
SO72677,3817,328,2013-12-09,2013-12-16,2013-12-21,25.0,1,25.0
SO72678,8055,274,2013-12-09,2013-12-16,2013-12-21,22.0,1,22.0
SO72679,9064,317,2013-12-09,2013-12-16,2013-12-21,5.0,1,5.0
SO72680,13576,266,2013-12-09,2013-12-16,2013-12-21,5.0,1,5.0
SO72681,14793,327,2013-12-09,2013-12-16,2013-12-21,21.0,1,21.0
SO72682,8486,318,2013-12-09,2013-12-16,2013-12-21,4.0,1,4.0
SO72683,131,326,2013-12-09,2013-12-16,2013-12-21,35.0,1,35.0
SO72684,231,326,2013-12-09,2013-12-16,2013-12-21,35.0,1,35.0
SO72685,782,317,2013-12-09,2013-12-16,2013-12-21,5.0,1,5.0
SO72686,677,326,2013-12-09,2013-12-16,2013-12-21,35.0,1,35.0
SO72687,3726,326,2013-12-09,2013-12-16,2013-12-21,35.0,1,35.0
SO72688,5371,274,2013-12-09,2013-12-16,2013-12-21,22.0,1,22.0
SO72689,2413,12,2013-12-09,2013-12-16,2013-12-21,9.0,1,9.0
SO72689,2413,13,2013-12-09,2013-12-16,2013-12-21,9.0,1,9.0
SO72689,2413,14,2013-12-09,2013-12-16,2013-12-21,9.0,1,9.0
SO72690,1478,15,2013-12-09,2013-12-16,2013-12-21,50.0,1,50.0
SO72690,1478,16,2013-12-09,2013-12-16,2013-12-21,50.0,1,50.0
SO72690,1478,17,2013-12-09,2013-12-16,2013-12-21,50.0,1,50.0
SO72691,1551,24,2013-12-09,2013-12-16,2013-12-21,50.0,1,50.0
SO72691,1551,25,2013-12-09,2013-12-16,2013-12-21,50.0,1,50.0
SO72691,1551,26,2013-12-09,2013-12-16,2013-12-21,50.0,1,50.0
SO72692,9003,389,2013-12-09,2013-12-16,2013-12-21,540.0,1,540.0
SO72693,4526,377,2013-12-09,2013-12-16,2013-12-21,769.0,1,769.0
SO72694,3027,383,2013-12-09,2013-12-16,2013-12-21,565.0,1,565.0
SO72695,9034,389,2013-12-09,2013-12-16,2013-12-21,540.0,1,540.0
SO72696,4429,378,2013-12-09,2013-12-16,2013-12-21,769.0,1,769.0
SO72697,7430,141,2013-12-09,2013-12-16,2013-12-21,2320.0,1,2320.0
SO72697,7430,142,2013-12-09,2013-12-16,2013-12-21,2320.0,1,2320.0
SO72698,7382,143,2013-12-09,2013-12-16,2013-12-21,2320.0,1,2320.0
SO72698,7382,144,2013-12-09,2013-12-16,2013-12-21,2320.0,1,2320.0
SO72699,16900,359,2013-12-09,2013-12-16,2013-12-21,742.0,1,742.0
SO72700,5660,149,2013-12-09,2013-12-16,2013-12-21,2295.0,1,2295.0
SO72700,5660,150,2013-12-09,2013-12-16,2013-12-21,2295.0,1,2295.0
SO72701,5662,147,2013-12-09,2013-12-16,2013-12-21,2295.0,1,2295.0
SO72701,5662,148,2013-12-09,2013-12-16,2013-12-21,2295.0,1,2295.0
SO72702,13599,372,2013-12-09,2013-12-16,2013-12-21,1701.0,1,1701.0
SO72703,11200,160,2013-12-09,2013-12-16,2013-12-21,2443.0,1,2443.0
SO72703,11200,161,2013-12-09,2013-12-16,2013-12-21,2443.0,1,2443.0
SO72704,11202,160,2013-12-09,2013-12-16,2013-12-21,2443.0,1,2443.0
SO72704,11202,161,2013-12-09,2013-12-16,2013-12-21,2443.0,1,2443.0
SO72705,16744,178,2013-12-09,2013-12-16,2013-12-21,1120.0,1,1120.0
SO72705,16744,179,2013-12-09,2013-12-16,2013-12-21,1120.0,1,1120.0
SO72706,2023,380,2013-12-09,2013-12-16,2013-12-21,565.0,1,565.0
SO72707,2974,147,2013-12-09,2013-12-16,2013-12-21,2295.0,1,2295.0
SO72707,2974,148,2013-12-09,2013-12-16,2013-12-21,2295.0,1,2295.0
SO72708,5638,141,2013-12-09,2013-12-16,2013-12-21,2320.0,1,2320.0
SO72708,5638,142,2013-12-09,2013-12-16,2013-12-21,2320.0,1,2320.0
SO72709,4583,376,2013-12-09,2013-12-16,2013-12-21,769.0,1,769.0
SO72710,2110,149,2013-12-09,2013-12-16,2013-12-21,2295.0,1,2295.0
SO72710,2110,150,2013-12-09,2013-12-16,2013-12-21,2295.0,1,2295.0
SO72711,5821,355,2013-12-09,2013-12-16,2013-12-21,742.0,1,742.0
SO72712,17132,364,2013-12-09,2013-12-16,2013-12-21,2384.0,1,2384.0
SO72713,17071,350,2013-12-09,2013-12-16,2013-12-21,2384.0,1,2384.0
SO72714,13292,394,2013-12-09,2013-12-16,2013-12-21,540.0,1,540.0
SO72715,11009,393,2013-12-09,2013-12-16,2013-12-21,540.0,1,540.0
SO72716,13296,395,2013-12-09,2013-12-16,2013-12-21,540.0,1,540.0
SO72717,7980,369,2013-12-09,2013-12-16,2013-12-21,1701.0,1,1701.0
SO72718,8295,369,2013-12-09,2013-12-16,2013-12-21,1701.0,1,1701.0
SO72719,9967,172,2013-12-09,2013-12-16,2013-12-21,1120.0,1,1120.0
SO72719,9967,173,2013-12-09,2013-12-16,2013-12-21,1120.0,1,1120.0
SO72720,9902,174,2013-12-09,2013-12-16,2013-12-21,1120.0,1,1120.0
SO72720,9902,175,2013-12-09,2013-12-16,2013-12-21,1120.0,1,1120.0
SO72721,3717,395,2013-12-09,2013-12-16,2013-12-21,540.0,1,540.0
SO72722,2608,395,2013-12-09,2013-12-16,2013-12-21,540.0,1,540.0
SO72723,7178,364,2013-12-09,2013-12-16,2013-12-21,2384.0,1,2384.0
SO72724,16987,373,2013-12-09,2013-12-16,2013-12-21,540.0,1,540.0
SO72725,15919,395,2013-12-09,2013-12-16,2013-12-21,540.0,1,540.0
SO72726,15922,393,2013-12-09,2013-12-16,2013-12-21,540.0,1,540.0
SO72727,5686,389,2013-12-10,2013-12-17,2013-12-22,540.0,1,540.0
SO72728,2971,352,2013-12-10,2013-12-17,2013-12-22,2384.0,1,2384.0
SO72729,3021,363,2013-12-10,2013-12-17,2013-12-22,2384.0,1,2384.0
SO72730,3031,364,2013-12-10,2013-12-17,2013-12-22,2384.0,1,2384.0
SO72731,3032,362,2013-12-10,2013-12-17,2013-12-22,2384.0,1,2384.0
SO72732,18194,266,2013-12-10,2013-12-17,2013-12-22,5.0,1,5.0
SO72733,17931,319,2013-12-10,2013-12-17,2013-12-22,5.0,1,5.0
SO72734,18062,318,2013-12-10,2013-12-17,2013-12-22,4.0,1,4.0
SO72735,2636,272,2013-12-10,2013-12-17,2013-12-22,120.0,1,120.0
SO72736,6059,277,2013-12-10,2013-12-17,2013-12-22,54.0,1,54.0
SO72737,9717,141,2013-12-10,2013-12-17,2013-12-22,2320.0,1,2320.0
SO72737,9717,142,2013-12-10,2013-12-17,2013-12-22,2320.0,1,2320.0
SO72738,5532,377,2013-12-10,2013-12-17,2013-12-22,769.0,1,769.0
SO72739,5542,376,2013-12-10,2013-12-17,2013-12-22,769.0,1,769.0
SO72740,5289,382,2013-12-10,2013-12-17,2013-12-22,565.0,1,565.0
SO72741,18132,318,2013-12-10,2013-12-17,2013-12-22,4.0,1,4.0
SO72742,18051,318,2013-12-10,2013-12-17,2013-12-22,4.0,1,4.0
SO72743,6372,267,2013-12-10,2013-12-17,2013-12-22,10.0,1,10.0
SO72744,12127,325,2013-12-10,2013-12-17,2013-12-22,30.0,1,30.0
SO72745,11008,267,2013-12-10,2013-12-17,2013-12-22,10.0,1,10.0
SO72746,10281,267,2013-12-10,2013-12-17,2013-12-22,10.0,1,10.0
SO72747,20,264,2013-12-10,2013-12-17,2013-12-22,70.0,1,70.0
SO72748,14091,266,2013-12-10,2013-12-17,2013-12-22,5.0,1,5.0
SO72749,6274,266,2013-12-10,2013-12-17,2013-12-22,5.0,1,5.0
SO72750,5649,266,2013-12-10,2013-12-17,2013-12-22,5.0,1,5.0
SO72751,6132,266,2013-12-10,2013-12-17,2013-12-22,5.0,1,5.0
SO72752,4361,317,2013-12-10,2013-12-17,2013-12-22,5.0,1,5.0
SO72753,2858,274,2013-12-10,2013-12-17,2013-12-22,22.0,1,22.0
SO72754,2476,274,2013-12-10,2013-12-17,2013-12-22,22.0,1,22.0
SO72755,2728,274,2013-12-10,2013-12-17,2013-12-22,22.0,1,22.0
SO72756,10825,328,2013-12-10,2013-12-17,2013-12-22,25.0,1,25.0
SO72757,1825,329,2013-12-10,2013-12-17,2013-12-22,33.0,1,33.0
SO72758,8056,274,2013-12-10,2013-12-17,2013-12-22,22.0,1,22.0
SO72759,5404,328,2013-12-10,2013-12-17,2013-12-22,25.0,1,25.0
SO72760,14790,318,2013-12-10,2013-12-17,2013-12-22,4.0,1,4.0
SO72761,13700,266,2013-12-10,2013-12-17,2013-12-22,5.0,1,5.0
SO72762,5039,319,2013-12-10,2013-12-17,2013-12-22,5.0,1,5.0
SO72763,14476,319,2013-12-10,2013-12-17,2013-12-22,5.0,1,5.0
SO72764,5498,274,2013-12-10,2013-12-17,2013-12-22,22.0,1,22.0
SO72765,3587,317,2013-12-10,2013-12-17,2013-12-22,5.0,1,5.0
SO72766,6510,274,2013-12-10,2013-12-17,2013-12-22,22.0,1,22.0
SO72767,7579,141,2013-12-10,2013-12-17,2013-12-22,2320.0,1,2320.0
SO72767,7579,142,2013-12-10,2013-12-17,2013-12-22,2320.0,1,2320.0
SO72768,9005,385,2013-12-10,2013-12-17,2013-12-22,540.0,1,540.0
SO72769,7498,147,2013-12-10,2013-12-17,2013-12-22,2295.0,1,2295.0
SO72769,7498,148,2013-12-10,2013-12-17,2013-12-22,2295.0,1,2295.0
SO72770,7387,147,2013-12-10,2013-12-17,2013-12-22,2295.0,1,2295.0
SO72770,7387,148,2013-12-10,2013-12-17,2013-12-22,2295.0,1,2295.0
SO72771,7399,143,2013-12-10,2013-12-17,2013-12-22,2320.0,1,2320.0
SO72771,7399,144,2013-12-10,2013-12-17,2013-12-22,2320.0,1,2320.0
SO72772,14458,362,2013-12-10,2013-12-17,2013-12-22,2384.0,1,2384.0
SO72773,2,393,2013-12-10,2013-12-17,2013-12-22,540.0,1,540.0
SO72774,5630,141,2013-12-10,2013-12-17,2013-12-22,2320.0,1,2320.0
SO72774,5630,142,2013-12-10,2013-12-17,2013-12-22,2320.0,1,2320.0
SO72775,5637,147,2013-12-10,2013-12-17,2013-12-22,2295.0,1,2295.0
SO72775,5637,148,2013-12-10,2013-12-17,2013-12-22,2295.0,1,2295.0
SO72776,264,357,2013-12-10,2013-12-17,2013-12-22,742.0,1,742.0
SO72777,12115,353,2013-12-10,2013-12-17,2013-12-22,2384.0,1,2384.0
SO72778,14015,350,2013-12-10,2013-12-17,2013-12-22,2384.0,1,2384.0
SO72779,17072,364,2013-12-10,2013-12-17,2013-12-22,2384.0,1,2384.0
SO72780,12872,393,2013-12-10,2013-12-17,2013-12-22,540.0,1,540.0
SO72781,7104,369,2013-12-10,2013-12-17,2013-12-22,1701.0,1,1701.0
SO72782,8003,371,2013-12-10,2013-12-17,2013-12-22,1701.0,1,1701.0
SO72783,11636,369,2013-12-10,2013-12-17,2013-12-22,1701.0,1,1701.0
SO72784,14637,174,2013-12-10,2013-12-17,2013-12-22,1120.0,1,1120.0
SO72784,14637,175,2013-12-10,2013-12-17,2013-12-22,1120.0,1,1120.0
SO72785,17693,395,2013-12-10,2013-12-17,2013-12-22,540.0,1,540.0
SO72786,996,364,2013-12-10,2013-12-17,2013-12-22,2384.0,1,2384.0
SO72787,2960,350,2013-12-10,2013-12-17,2013-12-22,2384.0,1,2384.0
SO72788,17120,395,2013-12-10,2013-12-17,2013-12-22,540.0,1,540.0
SO72789,2970,324,2013-12-11,2013-12-18,2013-12-23,25.0,1,25.0
SO72790,4241,318,2013-12-11,2013-12-18,2013-12-23,4.0,1,4.0
SO72791,7280,318,2013-12-11,2013-12-18,2013-12-23,4.0,1,4.0
SO72792,914,12,2013-12-11,2013-12-18,2013-12-23,9.0,1,9.0
SO72792,914,13,2013-12-11,2013-12-18,2013-12-23,9.0,1,9.0
SO72792,914,14,2013-12-11,2013-12-18,2013-12-23,9.0,1,9.0
SO72793,246,166,2013-12-11,2013-12-18,2013-12-23,2443.0,1,2443.0
SO72793,246,167,2013-12-11,2013-12-18,2013-12-23,2443.0,1,2443.0
SO72794,10517,151,2013-12-11,2013-12-18,2013-12-23,2295.0,1,2295.0
SO72794,10517,152,2013-12-11,2013-12-18,2013-12-23,2295.0,1,2295.0
SO72795,3828,378,2013-12-11,2013-12-18,2013-12-23,769.0,1,769.0
SO72796,10829,141,2013-12-11,2013-12-18,2013-12-23,2320.0,1,2320.0
SO72796,10829,142,2013-12-11,2013-12-18,2013-12-23,2320.0,1,2320.0
SO72797,5270,384,2013-12-11,2013-12-18,2013-12-23,565.0,1,565.0
SO72798,331,318,2013-12-11,2013-12-18,2013-12-23,4.0,1,4.0
SO72799,204,318,2013-12-11,2013-12-18,2013-12-23,4.0,1,4.0
SO72800,18285,24,2013-12-11,2013-12-18,2013-12-23,50.0,1,50.0
SO72800,18285,25,2013-12-11,2013-12-18,2013-12-23,50.0,1,50.0
SO72800,18285,26,2013-12-11,2013-12-18,2013-12-23,50.0,1,50.0
SO72801,143,318,2013-12-11,2013-12-18,2013-12-23,4.0,1,4.0
SO72802,15127,330,2013-12-11,2013-12-18,2013-12-23,29.0,1,29.0
SO72803,16014,319,2013-12-11,2013-12-18,2013-12-23,5.0,1,5.0
SO72804,2240,330,2013-12-11,2013-12-18,2013-12-23,29.0,1,29.0
SO72805,11147,325,2013-12-11,2013-12-18,2013-12-23,30.0,1,30.0
SO72806,11160,325,2013-12-11,2013-12-18,2013-12-23,30.0,1,30.0
SO72807,9698,267,2013-12-11,2013-12-18,2013-12-23,10.0,1,10.0
SO72808,7501,266,2013-12-11,2013-12-18,2013-12-23,5.0,1,5.0
SO72809,16043,266,2013-12-11,2013-12-18,2013-12-23,5.0,1,5.0
SO72810,8235,265,2013-12-11,2013-12-18,2013-12-23,70.0,1,70.0
SO72811,1204,266,2013-12-11,2013-12-18,2013-12-23,5.0,1,5.0
SO72812,5506,317,2013-12-11,2013-12-18,2013-12-23,5.0,1,5.0
SO72813,2929,274,2013-12-11,2013-12-18,2013-12-23,22.0,1,22.0
SO72814,3973,274,2013-12-11,2013-12-18,2013-12-23,22.0,1,22.0
SO72815,13841,251,2013-12-11,2013-12-18,2013-12-23,24.0,1,24.0
SO72815,13841,252,2013-12-11,2013-12-18,2013-12-23,24.0,1,24.0
SO72816,13845,318,2013-12-11,2013-12-18,2013-12-23,4.0,1,4.0
SO72817,2831,330,2013-12-11,2013-12-18,2013-12-23,29.0,1,29.0
SO72818,1099,326,2013-12-11,2013-12-18,2013-12-23,35.0,1,35.0
SO72819,5229,387,2013-12-11,2013-12-18,2013-12-23,540.0,1,540.0
SO72820,10349,141,2013-12-11,2013-12-18,2013-12-23,2320.0,1,2320.0
SO72820,10349,142,2013-12-11,2013-12-18,2013-12-23,2320.0,1,2320.0
SO72821,7644,141,2013-12-11,2013-12-18,2013-12-23,2320.0,1,2320.0
SO72821,7644,142,2013-12-11,2013-12-18,2013-12-23,2320.0,1,2320.0
SO72822,7428,147,2013-12-11,2013-12-18,2013-12-23,2295.0,1,2295.0
SO72822,7428,148,2013-12-11,2013-12-18,2013-12-23,2295.0,1,2295.0
SO72823,4663,356,2013-12-11,2013-12-18,2013-12-23,742.0,1,742.0
SO72824,1299,362,2013-12-11,2013-12-18,2013-12-23,2384.0,1,2384.0
SO72825,13598,371,2013-12-11,2013-12-18,2013-12-23,1701.0,1,1701.0
SO72826,11935,369,2013-12-11,2013-12-18,2013-12-23,1701.0,1,1701.0
SO72827,11939,372,2013-12-11,2013-12-18,2013-12-23,1701.0,1,1701.0
SO72828,16494,393,2013-12-11,2013-12-18,2013-12-23,540.0,1,540.0
SO72829,15589,174,2013-12-11,2013-12-18,2013-12-23,1120.0,1,1120.0
SO72829,15589,175,2013-12-11,2013-12-18,2013-12-23,1120.0,1,1120.0
SO72830,17265,362,2013-12-11,2013-12-18,2013-12-23,2384.0,1,2384.0
SO72831,13672,360,2013-12-11,2013-12-18,2013-12-23,742.0,1,742.0
SO72832,13343,367,2013-12-11,2013-12-18,2013-12-23,1215.0,1,1215.0
SO72833,4851,350,2013-12-11,2013-12-18,2013-12-23,2384.0,1,2384.0
SO72834,12883,373,2013-12-11,2013-12-18,2013-12-23,540.0,1,540.0
SO72835,13235,395,2013-12-11,2013-12-18,2013-12-23,540.0,1,540.0
SO72836,11242,174,2013-12-11,2013-12-18,2013-12-23,1120.0,1,1120.0
SO72836,11242,175,2013-12-11,2013-12-18,2013-12-23,1120.0,1,1120.0
SO72837,8134,372,2013-12-11,2013-12-18,2013-12-23,1701.0,1,1701.0
SO72838,15958,370,2013-12-11,2013-12-18,2013-12-23,1701.0,1,1701.0
SO72839,14600,178,2013-12-11,2013-12-18,2013-12-23,1120.0,1,1120.0
SO72839,14600,179,2013-12-11,2013-12-18,2013-12-23,1120.0,1,1120.0
SO72840,10101,170,2013-12-11,2013-12-18,2013-12-23,1120.0,1,1120.0
SO72840,10101,171,2013-12-11,2013-12-18,2013-12-23,1120.0,1,1120.0
SO72841,17504,395,2013-12-11,2013-12-18,2013-12-23,540.0,1,540.0
SO72842,17509,395,2013-12-11,2013-12-18,2013-12-23,540.0,1,540.0
SO72843,8032,352,2013-12-11,2013-12-18,2013-12-23,2384.0,1,2384.0
SO72844,7167,351,2013-12-11,2013-12-18,2013-12-23,2384.0,1,2384.0
SO72845,993,353,2013-12-11,2013-12-18,2013-12-23,2384.0,1,2384.0
SO72846,16485,373,2013-12-11,2013-12-18,2013-12-23,540.0,1,540.0
SO72847,3264,366,2013-12-11,2013-12-18,2013-12-23,1215.0,1,1215.0
SO72848,2634,352,2013-12-11,2013-12-18,2013-12-23,2384.0,1,2384.0
SO72849,921,353,2013-12-11,2013-12-18,2013-12-23,2384.0,1,2384.0
SO72850,9052,149,2013-12-12,2013-12-19,2013-12-24,2295.0,1,2295.0
SO72850,9052,150,2013-12-12,2013-12-19,2013-12-24,2295.0,1,2295.0
SO72851,11940,369,2013-12-12,2013-12-19,2013-12-24,1701.0,1,1701.0
SO72852,802,18,2013-12-12,2013-12-19,2013-12-24,50.0,1,50.0
SO72852,802,19,2013-12-12,2013-12-19,2013-12-24,50.0,1,50.0
SO72852,802,20,2013-12-12,2013-12-19,2013-12-24,50.0,1,50.0
SO72853,4805,318,2013-12-12,2013-12-19,2013-12-24,4.0,1,4.0
SO72854,4788,328,2013-12-12,2013-12-19,2013-12-24,25.0,1,25.0
SO72855,3228,324,2013-12-12,2013-12-19,2013-12-24,25.0,1,25.0
SO72856,6494,274,2013-12-12,2013-12-19,2013-12-24,22.0,1,22.0
SO72857,8762,266,2013-12-12,2013-12-19,2013-12-24,5.0,1,5.0
SO72858,16734,326,2013-12-12,2013-12-19,2013-12-24,35.0,1,35.0
SO72859,15147,264,2013-12-12,2013-12-19,2013-12-24,70.0,1,70.0
SO72860,17933,319,2013-12-12,2013-12-19,2013-12-24,5.0,1,5.0
SO72861,3014,4,2013-12-12,2013-12-19,2013-12-24,35.0,1,35.0
SO72861,3014,5,2013-12-12,2013-12-19,2013-12-24,35.0,1,35.0
SO72861,3014,6,2013-12-12,2013-12-19,2013-12-24,35.0,1,35.0
SO72862,8099,269,2013-12-12,2013-12-19,2013-12-24,2.0,1,2.0
SO72863,12613,141,2013-12-12,2013-12-19,2013-12-24,2320.0,1,2320.0
SO72863,12613,142,2013-12-12,2013-12-19,2013-12-24,2320.0,1,2320.0
SO72864,11620,378,2013-12-12,2013-12-19,2013-12-24,769.0,1,769.0
SO72865,8447,378,2013-12-12,2013-12-19,2013-12-24,769.0,1,769.0
SO72866,10509,141,2013-12-12,2013-12-19,2013-12-24,2320.0,1,2320.0
SO72866,10509,142,2013-12-12,2013-12-19,2013-12-24,2320.0,1,2320.0
SO72867,2547,149,2013-12-12,2013-12-19,2013-12-24,2295.0,1,2295.0
SO72867,2547,150,2013-12-12,2013-12-19,2013-12-24,2295.0,1,2295.0
SO72868,8454,147,2013-12-12,2013-12-19,2013-12-24,2295.0,1,2295.0
SO72868,8454,148,2013-12-12,2013-12-19,2013-12-24,2295.0,1,2295.0
SO72869,4090,149,2013-12-12,2013-12-19,2013-12-24,2295.0,1,2295.0
SO72869,4090,150,2013-12-12,2013-12-19,2013-12-24,2295.0,1,2295.0
SO72870,2546,147,2013-12-12,2013-12-19,2013-12-24,2295.0,1,2295.0
SO72870,2546,148,2013-12-12,2013-12-19,2013-12-24,2295.0,1,2295.0
SO72871,9559,143,2013-12-12,2013-12-19,2013-12-24,2320.0,1,2320.0
SO72871,9559,144,2013-12-12,2013-12-19,2013-12-24,2320.0,1,2320.0
SO72872,8306,381,2013-12-12,2013-12-19,2013-12-24,565.0,1,565.0
SO72873,15252,330,2013-12-12,2013-12-19,2013-12-24,29.0,1,29.0
SO72874,501,318,2013-12-12,2013-12-19,2013-12-24,4.0,1,4.0
SO72875,11982,325,2013-12-12,2013-12-19,2013-12-24,30.0,1,30.0
SO72876,10775,266,2013-12-12,2013-12-19,2013-12-24,5.0,1,5.0
SO72877,16732,263,2013-12-12,2013-12-19,2013-12-24,70.0,1,70.0
SO72878,8223,266,2013-12-12,2013-12-19,2013-12-24,5.0,1,5.0
SO72879,7852,265,2013-12-12,2013-12-19,2013-12-24,70.0,1,70.0
SO72880,3761,265,2013-12-12,2013-12-19,2013-12-24,70.0,1,70.0
SO72881,224,266,2013-12-12,2013-12-19,2013-12-24,5.0,1,5.0
SO72882,5074,317,2013-12-12,2013-12-19,2013-12-24,5.0,1,5.0
SO72883,1159,266,2013-12-12,2013-12-19,2013-12-24,5.0,1,5.0
SO72884,3722,317,2013-12-12,2013-12-19,2013-12-24,5.0,1,5.0
SO72885,11756,317,2013-12-12,2013-12-19,2013-12-24,5.0,1,5.0
SO72886,3043,274,2013-12-12,2013-12-19,2013-12-24,22.0,1,22.0
SO72887,3480,317,2013-12-12,2013-12-19,2013-12-24,5.0,1,5.0
SO72888,5277,317,2013-12-12,2013-12-19,2013-12-24,5.0,1,5.0
SO72889,4120,329,2013-12-12,2013-12-19,2013-12-24,33.0,1,33.0
SO72890,3699,324,2013-12-12,2013-12-19,2013-12-24,25.0,1,25.0
SO72891,1822,317,2013-12-12,2013-12-19,2013-12-24,5.0,1,5.0
SO72892,15847,318,2013-12-12,2013-12-19,2013-12-24,4.0,1,4.0
SO72893,9894,325,2013-12-12,2013-12-19,2013-12-24,30.0,1,30.0
SO72894,11490,12,2013-12-12,2013-12-19,2013-12-24,9.0,1,9.0
SO72894,11490,13,2013-12-12,2013-12-19,2013-12-24,9.0,1,9.0
SO72894,11490,14,2013-12-12,2013-12-19,2013-12-24,9.0,1,9.0
SO72895,18430,327,2013-12-12,2013-12-19,2013-12-24,21.0,1,21.0
SO72896,16964,319,2013-12-12,2013-12-19,2013-12-24,5.0,1,5.0
SO72897,17876,319,2013-12-12,2013-12-19,2013-12-24,5.0,1,5.0
SO72898,685,317,2013-12-12,2013-12-19,2013-12-24,5.0,1,5.0
SO72899,711,326,2013-12-12,2013-12-19,2013-12-24,35.0,1,35.0
SO72900,1057,326,2013-12-12,2013-12-19,2013-12-24,35.0,1,35.0
SO72901,2055,274,2013-12-12,2013-12-19,2013-12-24,22.0,1,22.0
SO72902,879,317,2013-12-12,2013-12-19,2013-12-24,5.0,1,5.0
SO72903,1876,274,2013-12-12,2013-12-19,2013-12-24,22.0,1,22.0
SO72904,1663,267,2013-12-12,2013-12-19,2013-12-24,10.0,1,10.0
SO72905,7833,147,2013-12-12,2013-12-19,2013-12-24,2295.0,1,2295.0
SO72905,7833,148,2013-12-12,2013-12-19,2013-12-24,2295.0,1,2295.0
SO72906,7582,151,2013-12-12,2013-12-19,2013-12-24,2295.0,1,2295.0
SO72906,7582,152,2013-12-12,2013-12-19,2013-12-24,2295.0,1,2295.0
SO72907,4475,378,2013-12-12,2013-12-19,2013-12-24,769.0,1,769.0
SO72908,4428,377,2013-12-12,2013-12-19,2013-12-24,769.0,1,769.0
SO72909,7442,149,2013-12-12,2013-12-19,2013-12-24,2295.0,1,2295.0
SO72909,7442,150,2013-12-12,2013-12-19,2013-12-24,2295.0,1,2295.0
SO72910,9666,141,2013-12-12,2013-12-19,2013-12-24,2320.0,1,2320.0
SO72910,9666,142,2013-12-12,2013-12-19,2013-12-24,2320.0,1,2320.0
SO72911,550,366,2013-12-12,2013-12-19,2013-12-24,1215.0,1,1215.0
SO72912,2795,349,2013-12-12,2013-12-19,2013-12-24,1215.0,1,1215.0
SO72913,10066,374,2013-12-12,2013-12-19,2013-12-24,742.0,1,742.0
SO72914,5661,145,2013-12-12,2013-12-19,2013-12-24,2320.0,1,2320.0
SO72914,5661,146,2013-12-12,2013-12-19,2013-12-24,2320.0,1,2320.0
SO72915,7339,168,2013-12-12,2013-12-19,2013-12-24,2443.0,1,2443.0
SO72915,7339,169,2013-12-12,2013-12-19,2013-12-24,2443.0,1,2443.0
SO72916,7463,178,2013-12-12,2013-12-19,2013-12-24,1120.0,1,1120.0
SO72916,7463,179,2013-12-12,2013-12-19,2013-12-24,1120.0,1,1120.0
SO72917,16715,178,2013-12-12,2013-12-19,2013-12-24,1120.0,1,1120.0
SO72917,16715,179,2013-12-12,2013-12-19,2013-12-24,1120.0,1,1120.0
SO72918,15570,172,2013-12-12,2013-12-19,2013-12-24,1120.0,1,1120.0
SO72918,15570,173,2013-12-12,2013-12-19,2013-12-24,1120.0,1,1120.0
SO72919,6333,377,2013-12-12,2013-12-19,2013-12-24,769.0,1,769.0
SO72920,4269,378,2013-12-12,2013-12-19,2013-12-24,769.0,1,769.0
SO72921,2113,149,2013-12-12,2013-12-19,2013-12-24,2295.0,1,2295.0
SO72921,2113,150,2013-12-12,2013-12-19,2013-12-24,2295.0,1,2295.0
SO72922,2958,147,2013-12-12,2013-12-19,2013-12-24,2295.0,1,2295.0
SO72922,2958,148,2013-12-12,2013-12-19,2013-12-24,2295.0,1,2295.0
SO72923,14085,350,2013-12-12,2013-12-19,2013-12-24,2384.0,1,2384.0
SO72924,17297,351,2013-12-12,2013-12-19,2013-12-24,2384.0,1,2384.0
SO72925,15647,356,2013-12-12,2013-12-19,2013-12-24,742.0,1,742.0
SO72926,12800,349,2013-12-12,2013-12-19,2013-12-24,1215.0,1,1215.0
SO72927,15300,367,2013-12-12,2013-12-19,2013-12-24,1215.0,1,1215.0
SO72928,13335,393,2013-12-12,2013-12-19,2013-12-24,540.0,1,540.0
SO72929,10931,176,2013-12-12,2013-12-19,2013-12-24,1120.0,1,1120.0
SO72929,10931,177,2013-12-12,2013-12-19,2013-12-24,1120.0,1,1120.0
SO72930,10932,178,2013-12-12,2013-12-19,2013-12-24,1120.0,1,1120.0
SO72930,10932,179,2013-12-12,2013-12-19,2013-12-24,1120.0,1,1120.0
SO72931,7373,369,2013-12-12,2013-12-19,2013-12-24,1701.0,1,1701.0
SO72932,8159,369,2013-12-12,2013-12-19,2013-12-24,1701.0,1,1701.0
SO72933,8121,371,2013-12-12,2013-12-19,2013-12-24,1701.0,1,1701.0
SO72934,8132,371,2013-12-12,2013-12-19,2013-12-24,1701.0,1,1701.0
SO72935,8138,369,2013-12-12,2013-12-19,2013-12-24,1701.0,1,1701.0
SO72936,7866,369,2013-12-12,2013-12-19,2013-12-24,1701.0,1,1701.0
SO72937,7867,370,2013-12-12,2013-12-19,2013-12-24,1701.0,1,1701.0
SO72938,7915,369,2013-12-12,2013-12-19,2013-12-24,1701.0,1,1701.0
SO72939,8000,369,2013-12-12,2013-12-19,2013-12-24,1701.0,1,1701.0
SO72940,11606,370,2013-12-12,2013-12-19,2013-12-24,1701.0,1,1701.0
SO72941,8319,371,2013-12-12,2013-12-19,2013-12-24,1701.0,1,1701.0
SO72942,4924,370,2013-12-12,2013-12-19,2013-12-24,1701.0,1,1701.0
SO72943,11605,370,2013-12-12,2013-12-19,2013-12-24,1701.0,1,1701.0
SO72944,8281,369,2013-12-12,2013-12-19,2013-12-24,1701.0,1,1701.0
SO72945,14494,172,2013-12-12,2013-12-19,2013-12-24,1120.0,1,1120.0
SO72945,14494,173,2013-12-12,2013-12-19,2013-12-24,1120.0,1,1120.0
SO72946,14585,178,2013-12-12,2013-12-19,2013-12-24,1120.0,1,1120.0
SO72946,14585,179,2013-12-12,2013-12-19,2013-12-24,1120.0,1,1120.0
SO72947,14502,170,2013-12-12,2013-12-19,2013-12-24,1120.0,1,1120.0
SO72947,14502,171,2013-12-12,2013-12-19,2013-12-24,1120.0,1,1120.0
SO72948,3172,373,2013-12-12,2013-12-19,2013-12-24,540.0,1,540.0
SO72949,14591,393,2013-12-12,2013-12-19,2013-12-24,540.0,1,540.0
SO72950,13039,393,2013-12-12,2013-12-19,2013-12-24,540.0,1,540.0
SO72951,17104,368,2013-12-12,2013-12-19,2013-12-24,1215.0,1,1215.0
SO72952,2519,384,2013-12-13,2013-12-20,2013-12-25,565.0,1,565.0
SO72953,13597,369,2013-12-13,2013-12-20,2013-12-25,1701.0,1,1701.0
SO72954,1044,12,2013-12-13,2013-12-20,2013-12-25,9.0,1,9.0
SO72954,1044,13,2013-12-13,2013-12-20,2013-12-25,9.0,1,9.0
SO72954,1044,14,2013-12-13,2013-12-20,2013-12-25,9.0,1,9.0
SO72955,929,273,2013-12-13,2013-12-20,2013-12-25,8.0,1,8.0
SO72956,186,15,2013-12-13,2013-12-20,2013-12-25,50.0,1,50.0
SO72956,186,16,2013-12-13,2013-12-20,2013-12-25,50.0,1,50.0
SO72956,186,17,2013-12-13,2013-12-20,2013-12-25,50.0,1,50.0
SO72957,17594,4,2013-12-13,2013-12-20,2013-12-25,35.0,1,35.0
SO72957,17594,5,2013-12-13,2013-12-20,2013-12-25,35.0,1,35.0
SO72957,17594,6,2013-12-13,2013-12-20,2013-12-25,35.0,1,35.0
SO72958,9236,317,2013-12-13,2013-12-20,2013-12-25,5.0,1,5.0
SO72959,11030,274,2013-12-13,2013-12-20,2013-12-25,22.0,1,22.0
SO72960,16686,326,2013-12-13,2013-12-20,2013-12-25,35.0,1,35.0
SO72961,14263,318,2013-12-13,2013-12-20,2013-12-25,4.0,1,4.0
SO72962,14135,317,2013-12-13,2013-12-20,2013-12-25,5.0,1,5.0
SO72963,4808,318,2013-12-13,2013-12-20,2013-12-25,4.0,1,4.0
SO72964,6315,12,2013-12-13,2013-12-20,2013-12-25,9.0,1,9.0
SO72964,6315,13,2013-12-13,2013-12-20,2013-12-25,9.0,1,9.0
SO72964,6315,14,2013-12-13,2013-12-20,2013-12-25,9.0,1,9.0
SO72965,1692,275,2013-12-13,2013-12-20,2013-12-25,159.0,1,159.0
SO72966,2768,151,2013-12-13,2013-12-20,2013-12-25,2295.0,1,2295.0
SO72966,2768,152,2013-12-13,2013-12-20,2013-12-25,2295.0,1,2295.0
SO72967,5547,377,2013-12-13,2013-12-20,2013-12-25,769.0,1,769.0
SO72968,11818,145,2013-12-13,2013-12-20,2013-12-25,2320.0,1,2320.0
SO72968,11818,146,2013-12-13,2013-12-20,2013-12-25,2320.0,1,2320.0
SO72969,11817,149,2013-12-13,2013-12-20,2013-12-25,2295.0,1,2295.0
SO72969,11817,150,2013-12-13,2013-12-20,2013-12-25,2295.0,1,2295.0
SO72970,9570,145,2013-12-13,2013-12-20,2013-12-25,2320.0,1,2320.0
SO72970,9570,146,2013-12-13,2013-12-20,2013-12-25,2320.0,1,2320.0
SO72971,10055,389,2013-12-13,2013-12-20,2013-12-25,540.0,1,540.0
SO72972,8309,12,2013-12-13,2013-12-20,2013-12-25,9.0,1,9.0
SO72972,8309,13,2013-12-13,2013-12-20,2013-12-25,9.0,1,9.0
SO72972,8309,14,2013-12-13,2013-12-20,2013-12-25,9.0,1,9.0
SO72973,686,12,2013-12-13,2013-12-20,2013-12-25,9.0,1,9.0
SO72973,686,13,2013-12-13,2013-12-20,2013-12-25,9.0,1,9.0
SO72973,686,14,2013-12-13,2013-12-20,2013-12-25,9.0,1,9.0
SO72974,464,324,2013-12-13,2013-12-20,2013-12-25,25.0,1,25.0
SO72975,17126,319,2013-12-13,2013-12-20,2013-12-25,5.0,1,5.0
SO72976,143,318,2013-12-13,2013-12-20,2013-12-25,4.0,1,4.0
SO72977,221,269,2013-12-13,2013-12-20,2013-12-25,2.0,1,2.0
SO72978,213,318,2013-12-13,2013-12-20,2013-12-25,4.0,1,4.0
SO72979,17680,328,2013-12-13,2013-12-20,2013-12-25,25.0,1,25.0
SO72980,11040,317,2013-12-13,2013-12-20,2013-12-25,5.0,1,5.0
SO72981,10494,267,2013-12-13,2013-12-20,2013-12-25,10.0,1,10.0
SO72982,9286,263,2013-12-13,2013-12-20,2013-12-25,70.0,1,70.0
SO72983,17047,264,2013-12-13,2013-12-20,2013-12-25,70.0,1,70.0
SO72984,16025,266,2013-12-13,2013-12-20,2013-12-25,5.0,1,5.0
SO72985,2180,266,2013-12-13,2013-12-20,2013-12-25,5.0,1,5.0
SO72986,4374,317,2013-12-13,2013-12-20,2013-12-25,5.0,1,5.0
SO72987,5672,266,2013-12-13,2013-12-20,2013-12-25,5.0,1,5.0
SO72988,4868,317,2013-12-13,2013-12-20,2013-12-25,5.0,1,5.0
SO72989,3404,317,2013-12-13,2013-12-20,2013-12-25,5.0,1,5.0
SO72990,17465,264,2013-12-13,2013-12-20,2013-12-25,70.0,1,70.0
SO72991,6643,317,2013-12-13,2013-12-20,2013-12-25,5.0,1,5.0
SO72992,8054,324,2013-12-13,2013-12-20,2013-12-25,25.0,1,25.0
SO72993,10125,325,2013-12-13,2013-12-20,2013-12-25,30.0,1,30.0
SO72994,8458,328,2013-12-13,2013-12-20,2013-12-25,25.0,1,25.0
SO72995,11869,330,2013-12-13,2013-12-20,2013-12-25,29.0,1,29.0
SO72996,16303,330,2013-12-13,2013-12-20,2013-12-25,29.0,1,29.0
SO72997,16935,319,2013-12-13,2013-12-20,2013-12-25,5.0,1,5.0
SO72998,1871,319,2013-12-13,2013-12-20,2013-12-25,5.0,1,5.0
SO72999,1791,274,2013-12-13,2013-12-20,2013-12-25,22.0,1,22.0
SO73000,2324,274,2013-12-13,2013-12-20,2013-12-25,22.0,1,22.0
SO73001,609,4,2013-12-13,2013-12-20,2013-12-25,35.0,1,35.0
SO73001,609,5,2013-12-13,2013-12-20,2013-12-25,35.0,1,35.0
SO73001,609,6,2013-12-13,2013-12-20,2013-12-25,35.0,1,35.0
SO73002,5129,385,2013-12-13,2013-12-20,2013-12-25,540.0,1,540.0
SO73003,7849,147,2013-12-13,2013-12-20,2013-12-25,2295.0,1,2295.0
SO73003,7849,148,2013-12-13,2013-12-20,2013-12-25,2295.0,1,2295.0
SO73004,7616,143,2013-12-13,2013-12-20,2013-12-25,2320.0,1,2320.0
SO73004,7616,144,2013-12-13,2013-12-20,2013-12-25,2320.0,1,2320.0
SO73005,2727,151,2013-12-13,2013-12-20,2013-12-25,2295.0,1,2295.0
SO73005,2727,152,2013-12-13,2013-12-20,2013-12-25,2295.0,1,2295.0
SO73006,7509,149,2013-12-13,2013-12-20,2013-12-25,2295.0,1,2295.0
SO73006,7509,150,2013-12-13,2013-12-20,2013-12-25,2295.0,1,2295.0
SO73007,2854,149,2013-12-13,2013-12-20,2013-12-25,2295.0,1,2295.0
SO73007,2854,150,2013-12-13,2013-12-20,2013-12-25,2295.0,1,2295.0
SO73008,7437,147,2013-12-13,2013-12-20,2013-12-25,2295.0,1,2295.0
SO73008,7437,148,2013-12-13,2013-12-20,2013-12-25,2295.0,1,2295.0
SO73009,14694,368,2013-12-13,2013-12-20,2013-12-25,1215.0,1,1215.0
SO73010,16899,357,2013-12-13,2013-12-20,2013-12-25,742.0,1,742.0
SO73011,18370,351,2013-12-13,2013-12-20,2013-12-25,2384.0,1,2384.0
SO73012,5263,362,2013-12-13,2013-12-20,2013-12-25,2384.0,1,2384.0
SO73013,11937,371,2013-12-13,2013-12-20,2013-12-25,1701.0,1,1701.0
SO73014,7459,176,2013-12-13,2013-12-20,2013-12-25,1120.0,1,1120.0
SO73014,7459,177,2013-12-13,2013-12-20,2013-12-25,1120.0,1,1120.0
SO73015,15571,170,2013-12-13,2013-12-20,2013-12-25,1120.0,1,1120.0
SO73015,15571,171,2013-12-13,2013-12-20,2013-12-25,1120.0,1,1120.0
SO73016,4581,379,2013-12-13,2013-12-20,2013-12-25,769.0,1,769.0
SO73017,17245,351,2013-12-13,2013-12-20,2013-12-25,2384.0,1,2384.0
SO73018,14001,351,2013-12-13,2013-12-20,2013-12-25,2384.0,1,2384.0
SO73019,13225,373,2013-12-13,2013-12-20,2013-12-25,540.0,1,540.0
SO73020,9752,394,2013-12-13,2013-12-20,2013-12-25,540.0,1,540.0
SO73021,8283,372,2013-12-13,2013-12-20,2013-12-25,1701.0,1,1701.0
SO73022,17753,170,2013-12-13,2013-12-20,2013-12-25,1120.0,1,1120.0
SO73022,17753,171,2013-12-13,2013-12-20,2013-12-25,1120.0,1,1120.0
SO73023,17714,172,2013-12-13,2013-12-20,2013-12-25,1120.0,1,1120.0
SO73023,17714,173,2013-12-13,2013-12-20,2013-12-25,1120.0,1,1120.0
SO73024,14579,174,2013-12-13,2013-12-20,2013-12-25,1120.0,1,1120.0
SO73024,14579,175,2013-12-13,2013-12-20,2013-12-25,1120.0,1,1120.0
SO73025,14584,395,2013-12-13,2013-12-20,2013-12-25,540.0,1,540.0
SO73026,8033,363,2013-12-13,2013-12-20,2013-12-25,2384.0,1,2384.0
SO73027,15824,353,2013-12-13,2013-12-20,2013-12-25,2384.0,1,2384.0
SO73028,6826,351,2013-12-13,2013-12-20,2013-12-25,2384.0,1,2384.0
SO73029,7161,362,2013-12-13,2013-12-20,2013-12-25,2384.0,1,2384.0
SO73030,4122,354,2013-12-13,2013-12-20,2013-12-25,742.0,1,742.0
SO73031,944,375,2013-12-13,2013-12-20,2013-12-25,742.0,1,742.0
SO73032,15920,393,2013-12-13,2013-12-20,2013-12-25,540.0,1,540.0
SO73033,13588,370,2013-12-14,2013-12-21,2013-12-26,1701.0,1,1701.0
SO73034,17597,273,2013-12-14,2013-12-21,2013-12-26,8.0,1,8.0
SO73035,17593,9,2013-12-14,2013-12-21,2013-12-26,35.0,1,35.0
SO73035,17593,10,2013-12-14,2013-12-21,2013-12-26,35.0,1,35.0
SO73035,17593,11,2013-12-14,2013-12-21,2013-12-26,35.0,1,35.0
SO73036,1370,324,2013-12-14,2013-12-21,2013-12-26,25.0,1,25.0
SO73037,15756,264,2013-12-14,2013-12-21,2013-12-26,70.0,1,70.0
SO73038,4805,4,2013-12-14,2013-12-21,2013-12-26,35.0,1,35.0
SO73038,4805,5,2013-12-14,2013-12-21,2013-12-26,35.0,1,35.0
SO73038,4805,6,2013-12-14,2013-12-21,2013-12-26,35.0,1,35.0
SO73039,3223,15,2013-12-14,2013-12-21,2013-12-26,50.0,1,50.0
SO73039,3223,16,2013-12-14,2013-12-21,2013-12-26,50.0,1,50.0
SO73039,3223,17,2013-12-14,2013-12-21,2013-12-26,50.0,1,50.0
SO73040,4465,269,2013-12-14,2013-12-21,2013-12-26,2.0,1,2.0
SO73041,4454,143,2013-12-14,2013-12-21,2013-12-26,2320.0,1,2320.0
SO73041,4454,144,2013-12-14,2013-12-21,2013-12-26,2320.0,1,2320.0
SO73042,16952,145,2013-12-14,2013-12-21,2013-12-26,2320.0,1,2320.0
SO73042,16952,146,2013-12-14,2013-12-21,2013-12-26,2320.0,1,2320.0
SO73043,3814,376,2013-12-14,2013-12-21,2013-12-26,769.0,1,769.0
SO73044,5551,378,2013-12-14,2013-12-21,2013-12-26,769.0,1,769.0
SO73045,1867,151,2013-12-14,2013-12-21,2013-12-26,2295.0,1,2295.0
SO73045,1867,152,2013-12-14,2013-12-21,2013-12-26,2295.0,1,2295.0
SO73046,11825,147,2013-12-14,2013-12-21,2013-12-26,2295.0,1,2295.0
SO73046,11825,148,2013-12-14,2013-12-21,2013-12-26,2295.0,1,2295.0
SO73047,5306,388,2013-12-14,2013-12-21,2013-12-26,540.0,1,540.0
SO73048,255,318,2013-12-14,2013-12-21,2013-12-26,4.0,1,4.0
SO73049,331,328,2013-12-14,2013-12-21,2013-12-26,25.0,1,25.0
SO73050,17082,318,2013-12-14,2013-12-21,2013-12-26,4.0,1,4.0
SO73051,17038,318,2013-12-14,2013-12-21,2013-12-26,4.0,1,4.0
SO73052,15554,330,2013-12-14,2013-12-21,2013-12-26,29.0,1,29.0
SO73053,7686,325,2013-12-14,2013-12-21,2013-12-26,30.0,1,30.0
SO73054,9691,267,2013-12-14,2013-12-21,2013-12-26,10.0,1,10.0
SO73055,662,264,2013-12-14,2013-12-21,2013-12-26,70.0,1,70.0
SO73056,725,266,2013-12-14,2013-12-21,2013-12-26,5.0,1,5.0
SO73057,4478,317,2013-12-14,2013-12-21,2013-12-26,5.0,1,5.0
SO73058,5379,266,2013-12-14,2013-12-21,2013-12-26,5.0,1,5.0
SO73059,12456,317,2013-12-14,2013-12-21,2013-12-26,5.0,1,5.0
SO73060,5572,317,2013-12-14,2013-12-21,2013-12-26,5.0,1,5.0
SO73061,4651,317,2013-12-14,2013-12-21,2013-12-26,5.0,1,5.0
SO73062,18414,279,2013-12-14,2013-12-21,2013-12-26,54.0,1,54.0
SO73063,9953,317,2013-12-14,2013-12-21,2013-12-26,5.0,1,5.0
SO73064,11538,12,2013-12-14,2013-12-21,2013-12-26,9.0,1,9.0
SO73064,11538,13,2013-12-14,2013-12-21,2013-12-26,9.0,1,9.0
SO73064,11538,14,2013-12-14,2013-12-21,2013-12-26,9.0,1,9.0
SO73065,14552,327,2013-12-14,2013-12-21,2013-12-26,21.0,1,21.0
SO73066,11304,327,2013-12-14,2013-12-21,2013-12-26,21.0,1,21.0
SO73067,1894,326,2013-12-14,2013-12-21,2013-12-26,35.0,1,35.0
SO73068,3083,274,2013-12-14,2013-12-21,2013-12-26,22.0,1,22.0
SO73069,1865,267,2013-12-14,2013-12-21,2013-12-26,10.0,1,10.0
SO73070,7895,147,2013-12-14,2013-12-21,2013-12-26,2295.0,1,2295.0
SO73070,7895,148,2013-12-14,2013-12-21,2013-12-26,2295.0,1,2295.0
SO73071,2917,145,2013-12-14,2013-12-21,2013-12-26,2320.0,1,2320.0
SO73071,2917,146,2013-12-14,2013-12-21,2013-12-26,2320.0,1,2320.0
SO73072,8454,349,2013-12-14,2013-12-21,2013-12-26,1215.0,1,1215.0
SO73073,14701,367,2013-12-14,2013-12-21,2013-12-26,1215.0,1,1215.0
SO73074,5659,151,2013-12-14,2013-12-21,2013-12-26,2295.0,1,2295.0
SO73074,5659,152,2013-12-14,2013-12-21,2013-12-26,2295.0,1,2295.0
SO73075,5639,143,2013-12-14,2013-12-21,2013-12-26,2320.0,1,2320.0
SO73075,5639,144,2013-12-14,2013-12-21,2013-12-26,2320.0,1,2320.0
SO73076,2109,149,2013-12-14,2013-12-21,2013-12-26,2295.0,1,2295.0
SO73076,2109,150,2013-12-14,2013-12-21,2013-12-26,2295.0,1,2295.0
SO73077,17269,363,2013-12-14,2013-12-21,2013-12-26,2384.0,1,2384.0
SO73078,14078,364,2013-12-14,2013-12-21,2013-12-26,2384.0,1,2384.0
SO73079,258,355,2013-12-14,2013-12-21,2013-12-26,742.0,1,742.0
SO73080,8206,366,2013-12-14,2013-12-21,2013-12-26,1215.0,1,1215.0
SO73081,15291,12,2013-12-14,2013-12-21,2013-12-26,9.0,1,9.0
SO73081,15291,13,2013-12-14,2013-12-21,2013-12-26,9.0,1,9.0
SO73081,15291,14,2013-12-14,2013-12-21,2013-12-26,9.0,1,9.0
SO73082,17225,353,2013-12-14,2013-12-21,2013-12-26,2384.0,1,2384.0
SO73083,17256,350,2013-12-14,2013-12-21,2013-12-26,2384.0,1,2384.0
SO73084,11014,394,2013-12-14,2013-12-21,2013-12-26,540.0,1,540.0
SO73085,10922,395,2013-12-14,2013-12-21,2013-12-26,540.0,1,540.0
SO73086,11222,170,2013-12-14,2013-12-21,2013-12-26,1120.0,1,1120.0
SO73086,11222,171,2013-12-14,2013-12-21,2013-12-26,1120.0,1,1120.0
SO73087,8017,369,2013-12-14,2013-12-21,2013-12-26,1701.0,1,1701.0
SO73088,8120,369,2013-12-14,2013-12-21,2013-12-26,1701.0,1,1701.0
SO73089,8149,369,2013-12-14,2013-12-21,2013-12-26,1701.0,1,1701.0
SO73090,8354,372,2013-12-14,2013-12-21,2013-12-26,1701.0,1,1701.0
SO73091,9935,176,2013-12-14,2013-12-21,2013-12-26,1120.0,1,1120.0
SO73091,9935,177,2013-12-14,2013-12-21,2013-12-26,1120.0,1,1120.0
SO73092,10911,170,2013-12-14,2013-12-21,2013-12-26,1120.0,1,1120.0
SO73092,10911,171,2013-12-14,2013-12-21,2013-12-26,1120.0,1,1120.0
SO73093,17694,395,2013-12-14,2013-12-21,2013-12-26,540.0,1,540.0
SO73094,16811,395,2013-12-14,2013-12-21,2013-12-26,540.0,1,540.0
SO73095,2259,364,2013-12-14,2013-12-21,2013-12-26,2384.0,1,2384.0
SO73096,4123,357,2013-12-14,2013-12-21,2013-12-26,742.0,1,742.0
SO73097,373,355,2013-12-14,2013-12-21,2013-12-26,742.0,1,742.0
SO73098,3034,362,2013-12-15,2013-12-22,2013-12-27,2384.0,1,2384.0
SO73099,5029,370,2013-12-15,2013-12-22,2013-12-27,1701.0,1,1701.0
SO73100,13483,370,2013-12-15,2013-12-22,2013-12-27,1701.0,1,1701.0
SO73101,2160,324,2013-12-15,2013-12-22,2013-12-27,25.0,1,25.0
SO73102,6324,274,2013-12-15,2013-12-22,2013-12-27,22.0,1,22.0
SO73103,8651,326,2013-12-15,2013-12-22,2013-12-27,35.0,1,35.0
SO73104,8268,326,2013-12-15,2013-12-22,2013-12-27,35.0,1,35.0
SO73105,15432,327,2013-12-15,2013-12-22,2013-12-27,21.0,1,21.0
SO73106,9608,327,2013-12-15,2013-12-22,2013-12-27,21.0,1,21.0
SO73107,4603,4,2013-12-15,2013-12-22,2013-12-27,35.0,1,35.0
SO73107,4603,5,2013-12-15,2013-12-22,2013-12-27,35.0,1,35.0
SO73107,4603,6,2013-12-15,2013-12-22,2013-12-27,35.0,1,35.0
SO73108,9213,268,2013-12-15,2013-12-22,2013-12-27,9.0,1,9.0
SO73109,3055,253,2013-12-15,2013-12-22,2013-12-27,24.0,1,24.0
SO73109,3055,254,2013-12-15,2013-12-22,2013-12-27,24.0,1,24.0
SO73110,7621,376,2013-12-15,2013-12-22,2013-12-27,769.0,1,769.0
SO73111,5555,377,2013-12-15,2013-12-22,2013-12-27,769.0,1,769.0
SO73112,4670,141,2013-12-15,2013-12-22,2013-12-27,2320.0,1,2320.0
SO73112,4670,142,2013-12-15,2013-12-22,2013-12-27,2320.0,1,2320.0
SO73113,9593,145,2013-12-15,2013-12-22,2013-12-27,2320.0,1,2320.0
SO73113,9593,146,2013-12-15,2013-12-22,2013-12-27,2320.0,1,2320.0
SO73114,9867,141,2013-12-15,2013-12-22,2013-12-27,2320.0,1,2320.0
SO73114,9867,142,2013-12-15,2013-12-22,2013-12-27,2320.0,1,2320.0
SO73115,9576,141,2013-12-15,2013-12-22,2013-12-27,2320.0,1,2320.0
SO73115,9576,142,2013-12-15,2013-12-22,2013-12-27,2320.0,1,2320.0
SO73116,6768,141,2013-12-15,2013-12-22,2013-12-27,2320.0,1,2320.0
SO73116,6768,142,2013-12-15,2013-12-22,2013-12-27,2320.0,1,2320.0
SO73117,8338,386,2013-12-15,2013-12-22,2013-12-27,540.0,1,540.0
SO73118,5272,388,2013-12-15,2013-12-22,2013-12-27,540.0,1,540.0
SO73119,5269,380,2013-12-15,2013-12-22,2013-12-27,565.0,1,565.0
SO73120,501,318,2013-12-15,2013-12-22,2013-12-27,4.0,1,4.0
SO73121,16636,330,2013-12-15,2013-12-22,2013-12-27,29.0,1,29.0
SO73122,17276,319,2013-12-15,2013-12-22,2013-12-27,5.0,1,5.0
SO73123,15120,324,2013-12-15,2013-12-22,2013-12-27,25.0,1,25.0
SO73124,216,324,2013-12-15,2013-12-22,2013-12-27,25.0,1,25.0
SO73125,13238,329,2013-12-15,2013-12-22,2013-12-27,33.0,1,33.0
SO73126,13288,329,2013-12-15,2013-12-22,2013-12-27,33.0,1,33.0
SO73127,15093,324,2013-12-15,2013-12-22,2013-12-27,25.0,1,25.0
SO73128,13926,317,2013-12-15,2013-12-22,2013-12-27,5.0,1,5.0
SO73129,4873,318,2013-12-15,2013-12-22,2013-12-27,4.0,1,4.0
SO73130,12821,325,2013-12-15,2013-12-22,2013-12-27,30.0,1,30.0
SO73131,6361,267,2013-12-15,2013-12-22,2013-12-27,10.0,1,10.0
SO73132,10734,267,2013-12-15,2013-12-22,2013-12-27,10.0,1,10.0
SO73133,9357,270,2013-12-15,2013-12-22,2013-12-27,9.0,1,9.0
SO73134,9337,263,2013-12-15,2013-12-22,2013-12-27,70.0,1,70.0
SO73135,7312,12,2013-12-15,2013-12-22,2013-12-27,9.0,1,9.0
SO73135,7312,13,2013-12-15,2013-12-22,2013-12-27,9.0,1,9.0
SO73135,7312,14,2013-12-15,2013-12-22,2013-12-27,9.0,1,9.0
SO73136,9763,264,2013-12-15,2013-12-22,2013-12-27,70.0,1,70.0
SO73137,5085,317,2013-12-15,2013-12-22,2013-12-27,5.0,1,5.0
SO73138,4783,317,2013-12-15,2013-12-22,2013-12-27,5.0,1,5.0
SO73139,4819,317,2013-12-15,2013-12-22,2013-12-27,5.0,1,5.0
SO73140,5934,317,2013-12-15,2013-12-22,2013-12-27,5.0,1,5.0
SO73141,3782,274,2013-12-15,2013-12-22,2013-12-27,22.0,1,22.0
SO73142,9726,328,2013-12-15,2013-12-22,2013-12-27,25.0,1,25.0
SO73143,488,279,2013-12-15,2013-12-22,2013-12-27,54.0,1,54.0
SO73144,12219,318,2013-12-15,2013-12-22,2013-12-27,4.0,1,4.0
SO73145,13216,318,2013-12-15,2013-12-22,2013-12-27,4.0,1,4.0
SO73146,15889,318,2013-12-15,2013-12-22,2013-12-27,4.0,1,4.0
SO73147,13208,266,2013-12-15,2013-12-22,2013-12-27,5.0,1,5.0
SO73148,15820,327,2013-12-15,2013-12-22,2013-12-27,21.0,1,21.0
SO73149,6809,319,2013-12-15,2013-12-22,2013-12-27,5.0,1,5.0
SO73150,2594,267,2013-12-15,2013-12-22,2013-12-27,10.0,1,10.0
SO73151,7877,145,2013-12-15,2013-12-22,2013-12-27,2320.0,1,2320.0
SO73151,7877,146,2013-12-15,2013-12-22,2013-12-27,2320.0,1,2320.0
SO73152,2731,141,2013-12-15,2013-12-22,2013-12-27,2320.0,1,2320.0
SO73152,2731,142,2013-12-15,2013-12-22,2013-12-27,2320.0,1,2320.0
SO73153,7567,141,2013-12-15,2013-12-22,2013-12-27,2320.0,1,2320.0
SO73153,7567,142,2013-12-15,2013-12-22,2013-12-27,2320.0,1,2320.0
SO73154,9016,383,2013-12-15,2013-12-22,2013-12-27,565.0,1,565.0
SO73155,9004,382,2013-12-15,2013-12-22,2013-12-27,565.0,1,565.0
SO73156,7516,143,2013-12-15,2013-12-22,2013-12-27,2320.0,1,2320.0
SO73156,7516,144,2013-12-15,2013-12-22,2013-12-27,2320.0,1,2320.0
SO73157,7512,145,2013-12-15,2013-12-22,2013-12-27,2320.0,1,2320.0
SO73157,7512,146,2013-12-15,2013-12-22,2013-12-27,2320.0,1,2320.0
SO73158,2879,151,2013-12-15,2013-12-22,2013-12-27,2295.0,1,2295.0
SO73158,2879,152,2013-12-15,2013-12-22,2013-12-27,2295.0,1,2295.0
SO73159,7443,149,2013-12-15,2013-12-22,2013-12-27,2295.0,1,2295.0
SO73159,7443,150,2013-12-15,2013-12-22,2013-12-27,2295.0,1,2295.0
SO73160,16896,357,2013-12-15,2013-12-22,2013-12-27,742.0,1,742.0
SO73161,11201,164,2013-12-15,2013-12-22,2013-12-27,2443.0,1,2443.0
SO73161,11201,165,2013-12-15,2013-12-22,2013-12-27,2443.0,1,2443.0
SO73162,16488,394,2013-12-15,2013-12-22,2013-12-27,540.0,1,540.0
SO73163,16489,393,2013-12-15,2013-12-22,2013-12-27,540.0,1,540.0
SO73164,16491,393,2013-12-15,2013-12-22,2013-12-27,540.0,1,540.0
SO73165,15303,367,2013-12-15,2013-12-22,2013-12-27,1215.0,1,1215.0
SO73166,15282,368,2013-12-15,2013-12-22,2013-12-27,1215.0,1,1215.0
SO73167,17248,365,2013-12-15,2013-12-22,2013-12-27,2384.0,1,2384.0
SO73168,4847,362,2013-12-15,2013-12-22,2013-12-27,2384.0,1,2384.0
SO73169,13401,393,2013-12-15,2013-12-22,2013-12-27,540.0,1,540.0
SO73170,12897,394,2013-12-15,2013-12-22,2013-12-27,540.0,1,540.0
SO73171,13312,394,2013-12-15,2013-12-22,2013-12-27,540.0,1,540.0
SO73172,18028,373,2013-12-15,2013-12-22,2013-12-27,540.0,1,540.0
SO73173,8110,370,2013-12-15,2013-12-22,2013-12-27,1701.0,1,1701.0
SO73174,16306,369,2013-12-15,2013-12-22,2013-12-27,1701.0,1,1701.0
SO73175,14503,174,2013-12-15,2013-12-22,2013-12-27,1120.0,1,1120.0
SO73175,14503,175,2013-12-15,2013-12-22,2013-12-27,1120.0,1,1120.0
SO73176,17742,174,2013-12-15,2013-12-22,2013-12-27,1120.0,1,1120.0
SO73176,17742,175,2013-12-15,2013-12-22,2013-12-27,1120.0,1,1120.0
SO73177,418,353,2013-12-15,2013-12-22,2013-12-27,2384.0,1,2384.0
SO73178,1012,357,2013-12-15,2013-12-22,2013-12-27,742.0,1,742.0
SO73179,2650,353,2013-12-15,2013-12-22,2013-12-27,2384.0,1,2384.0
SO73180,2956,353,2013-12-15,2013-12-22,2013-12-27,2384.0,1,2384.0
SO73181,15562,395,2013-12-15,2013-12-22,2013-12-27,540.0,1,540.0
SO73182,16471,395,2013-12-15,2013-12-22,2013-12-27,540.0,1,540.0
SO73183,16484,373,2013-12-15,2013-12-22,2013-12-27,540.0,1,540.0
SO73184,11944,371,2013-12-16,2013-12-23,2013-12-28,1701.0,1,1701.0
SO73185,143,272,2013-12-16,2013-12-23,2013-12-28,120.0,1,120.0
SO73186,263,273,2013-12-16,2013-12-23,2013-12-28,8.0,1,8.0
SO73187,15130,327,2013-12-16,2013-12-23,2013-12-28,21.0,1,21.0
SO73188,13473,266,2013-12-16,2013-12-23,2013-12-28,5.0,1,5.0
SO73189,2512,141,2013-12-16,2013-12-23,2013-12-28,2320.0,1,2320.0
SO73189,2512,142,2013-12-16,2013-12-23,2013-12-28,2320.0,1,2320.0
SO73190,5573,160,2013-12-16,2013-12-23,2013-12-28,2443.0,1,2443.0
SO73190,5573,161,2013-12-16,2013-12-23,2013-12-28,2443.0,1,2443.0
SO73191,11618,379,2013-12-16,2013-12-23,2013-12-28,769.0,1,769.0
SO73192,2553,143,2013-12-16,2013-12-23,2013-12-28,2320.0,1,2320.0
SO73192,2553,144,2013-12-16,2013-12-23,2013-12-28,2320.0,1,2320.0
SO73193,8302,383,2013-12-16,2013-12-23,2013-12-28,565.0,1,565.0
SO73194,18077,318,2013-12-16,2013-12-23,2013-12-28,4.0,1,4.0
SO73195,17290,319,2013-12-16,2013-12-23,2013-12-28,5.0,1,5.0
SO73196,18036,318,2013-12-16,2013-12-23,2013-12-28,4.0,1,4.0
SO73197,301,330,2013-12-16,2013-12-23,2013-12-28,29.0,1,29.0
SO73198,92,324,2013-12-16,2013-12-23,2013-12-28,25.0,1,25.0
SO73199,277,329,2013-12-16,2013-12-23,2013-12-28,33.0,1,33.0
SO73200,14166,329,2013-12-16,2013-12-23,2013-12-28,33.0,1,33.0
SO73201,277,329,2013-12-16,2013-12-23,2013-12-28,33.0,1,33.0
SO73202,8648,318,2013-12-16,2013-12-23,2013-12-28,4.0,1,4.0
SO73203,12064,317,2013-12-16,2013-12-23,2013-12-28,5.0,1,5.0
SO73204,12401,325,2013-12-16,2013-12-23,2013-12-28,30.0,1,30.0
SO73205,12302,317,2013-12-16,2013-12-23,2013-12-28,5.0,1,5.0
SO73206,2467,267,2013-12-16,2013-12-23,2013-12-28,10.0,1,10.0
SO73207,653,265,2013-12-16,2013-12-23,2013-12-28,70.0,1,70.0
SO73208,6179,266,2013-12-16,2013-12-23,2013-12-28,5.0,1,5.0
SO73209,5213,317,2013-12-16,2013-12-23,2013-12-28,5.0,1,5.0
SO73210,4739,317,2013-12-16,2013-12-23,2013-12-28,5.0,1,5.0
SO73211,10760,317,2013-12-16,2013-12-23,2013-12-28,5.0,1,5.0
SO73212,1407,326,2013-12-16,2013-12-23,2013-12-28,35.0,1,35.0
SO73213,6856,324,2013-12-16,2013-12-23,2013-12-28,25.0,1,25.0
SO73214,13580,318,2013-12-16,2013-12-23,2013-12-28,4.0,1,4.0
SO73215,12600,317,2013-12-16,2013-12-23,2013-12-28,5.0,1,5.0
SO73216,7631,266,2013-12-16,2013-12-23,2013-12-28,5.0,1,5.0
SO73217,16959,318,2013-12-16,2013-12-23,2013-12-28,4.0,1,4.0
SO73218,16188,319,2013-12-16,2013-12-23,2013-12-28,5.0,1,5.0
SO73219,3372,326,2013-12-16,2013-12-23,2013-12-28,35.0,1,35.0
SO73220,669,326,2013-12-16,2013-12-23,2013-12-28,35.0,1,35.0
SO73221,2307,274,2013-12-16,2013-12-23,2013-12-28,22.0,1,22.0
SO73222,1517,12,2013-12-16,2013-12-23,2013-12-28,9.0,1,9.0
SO73222,1517,13,2013-12-16,2013-12-23,2013-12-28,9.0,1,9.0
SO73222,1517,14,2013-12-16,2013-12-23,2013-12-28,9.0,1,9.0
SO73223,1595,12,2013-12-16,2013-12-23,2013-12-28,9.0,1,9.0
SO73223,1595,13,2013-12-16,2013-12-23,2013-12-28,9.0,1,9.0
SO73223,1595,14,2013-12-16,2013-12-23,2013-12-28,9.0,1,9.0
SO73224,1337,18,2013-12-16,2013-12-23,2013-12-28,50.0,1,50.0
SO73224,1337,19,2013-12-16,2013-12-23,2013-12-28,50.0,1,50.0
SO73224,1337,20,2013-12-16,2013-12-23,2013-12-28,50.0,1,50.0
SO73225,5211,387,2013-12-16,2013-12-23,2013-12-28,540.0,1,540.0
SO73226,7595,149,2013-12-16,2013-12-23,2013-12-28,2295.0,1,2295.0
SO73226,7595,150,2013-12-16,2013-12-23,2013-12-28,2295.0,1,2295.0
SO73227,2919,143,2013-12-16,2013-12-23,2013-12-28,2320.0,1,2320.0
SO73227,2919,144,2013-12-16,2013-12-23,2013-12-28,2320.0,1,2320.0
SO73228,7614,141,2013-12-16,2013-12-23,2013-12-28,2320.0,1,2320.0
SO73228,7614,142,2013-12-16,2013-12-23,2013-12-28,2320.0,1,2320.0
SO73229,4531,379,2013-12-16,2013-12-23,2013-12-28,769.0,1,769.0
SO73230,4521,379,2013-12-16,2013-12-23,2013-12-28,769.0,1,769.0
SO73231,4473,378,2013-12-16,2013-12-23,2013-12-28,769.0,1,769.0
SO73232,7533,147,2013-12-16,2013-12-23,2013-12-28,2295.0,1,2295.0
SO73232,7533,148,2013-12-16,2013-12-23,2013-12-28,2295.0,1,2295.0
SO73233,7377,151,2013-12-16,2013-12-23,2013-12-28,2295.0,1,2295.0
SO73233,7377,152,2013-12-16,2013-12-23,2013-12-28,2295.0,1,2295.0
SO73234,7395,151,2013-12-16,2013-12-23,2013-12-28,2295.0,1,2295.0
SO73234,7395,152,2013-12-16,2013-12-23,2013-12-28,2295.0,1,2295.0
SO73235,16882,361,2013-12-16,2013-12-23,2013-12-28,742.0,1,742.0
SO73236,7142,365,2013-12-16,2013-12-23,2013-12-28,2384.0,1,2384.0
SO73237,13482,370,2013-12-16,2013-12-23,2013-12-28,1701.0,1,1701.0
SO73238,15653,170,2013-12-16,2013-12-23,2013-12-28,1120.0,1,1120.0
SO73238,15653,171,2013-12-16,2013-12-23,2013-12-28,1120.0,1,1120.0
SO73239,2021,389,2013-12-16,2013-12-23,2013-12-28,540.0,1,540.0
SO73240,15306,12,2013-12-16,2013-12-23,2013-12-28,9.0,1,9.0
SO73240,15306,13,2013-12-16,2013-12-23,2013-12-28,9.0,1,9.0
SO73240,15306,14,2013-12-16,2013-12-23,2013-12-28,9.0,1,9.0
SO73241,5495,145,2013-12-16,2013-12-23,2013-12-28,2320.0,1,2320.0
SO73241,5495,146,2013-12-16,2013-12-23,2013-12-28,2320.0,1,2320.0
SO73242,14857,357,2013-12-16,2013-12-23,2013-12-28,742.0,1,742.0
SO73243,17079,364,2013-12-16,2013-12-23,2013-12-28,2384.0,1,2384.0
SO73244,13338,393,2013-12-16,2013-12-23,2013-12-28,540.0,1,540.0
SO73245,9671,174,2013-12-16,2013-12-23,2013-12-28,1120.0,1,1120.0
SO73245,9671,175,2013-12-16,2013-12-23,2013-12-28,1120.0,1,1120.0
SO73246,11037,178,2013-12-16,2013-12-23,2013-12-28,1120.0,1,1120.0
SO73246,11037,179,2013-12-16,2013-12-23,2013-12-28,1120.0,1,1120.0
SO73247,10298,372,2013-12-16,2013-12-23,2013-12-28,1701.0,1,1701.0
SO73248,7805,370,2013-12-16,2013-12-23,2013-12-28,1701.0,1,1701.0
SO73249,11601,371,2013-12-16,2013-12-23,2013-12-28,1701.0,1,1701.0
SO73250,8310,371,2013-12-16,2013-12-23,2013-12-28,1701.0,1,1701.0
SO73251,11392,174,2013-12-16,2013-12-23,2013-12-28,1120.0,1,1120.0
SO73251,11392,175,2013-12-16,2013-12-23,2013-12-28,1120.0,1,1120.0
SO73252,2581,373,2013-12-16,2013-12-23,2013-12-28,540.0,1,540.0
SO73253,931,357,2013-12-16,2013-12-23,2013-12-28,742.0,1,742.0
SO73254,2646,352,2013-12-16,2013-12-23,2013-12-28,2384.0,1,2384.0
SO73255,15924,393,2013-12-16,2013-12-23,2013-12-28,540.0,1,540.0
SO73256,3039,363,2013-12-17,2013-12-24,2013-12-29,2384.0,1,2384.0
SO73257,712,272,2013-12-17,2013-12-24,2013-12-29,120.0,1,120.0
SO73258,882,273,2013-12-17,2013-12-24,2013-12-29,8.0,1,8.0
SO73259,17618,272,2013-12-17,2013-12-24,2013-12-29,120.0,1,120.0
SO73260,7444,318,2013-12-17,2013-12-24,2013-12-29,4.0,1,4.0
SO73261,2009,317,2013-12-17,2013-12-24,2013-12-29,5.0,1,5.0
SO73262,4806,4,2013-12-17,2013-12-24,2013-12-29,35.0,1,35.0
SO73262,4806,5,2013-12-17,2013-12-24,2013-12-29,35.0,1,35.0
SO73262,4806,6,2013-12-17,2013-12-24,2013-12-29,35.0,1,35.0
SO73263,6320,12,2013-12-17,2013-12-24,2013-12-29,9.0,1,9.0
SO73263,6320,13,2013-12-17,2013-12-24,2013-12-29,9.0,1,9.0
SO73263,6320,14,2013-12-17,2013-12-24,2013-12-29,9.0,1,9.0
SO73264,2625,276,2013-12-17,2013-12-24,2013-12-29,55.0,1,55.0
SO73265,15407,147,2013-12-17,2013-12-24,2013-12-29,2295.0,1,2295.0
SO73265,15407,148,2013-12-17,2013-12-24,2013-12-29,2295.0,1,2295.0
SO73266,5574,379,2013-12-17,2013-12-24,2013-12-29,769.0,1,769.0
SO73267,14787,149,2013-12-17,2013-12-24,2013-12-29,2295.0,1,2295.0
SO73267,14787,150,2013-12-17,2013-12-24,2013-12-29,2295.0,1,2295.0
SO73268,13842,149,2013-12-17,2013-12-24,2013-12-29,2295.0,1,2295.0
SO73268,13842,150,2013-12-17,2013-12-24,2013-12-29,2295.0,1,2295.0
SO73269,12622,149,2013-12-17,2013-12-24,2013-12-29,2295.0,1,2295.0
SO73269,12622,150,2013-12-17,2013-12-24,2013-12-29,2295.0,1,2295.0
SO73270,3951,143,2013-12-17,2013-12-24,2013-12-29,2320.0,1,2320.0
SO73270,3951,144,2013-12-17,2013-12-24,2013-12-29,2320.0,1,2320.0
SO73271,4047,147,2013-12-17,2013-12-24,2013-12-29,2295.0,1,2295.0
SO73271,4047,148,2013-12-17,2013-12-24,2013-12-29,2295.0,1,2295.0
SO73272,651,279,2013-12-17,2013-12-24,2013-12-29,54.0,1,54.0
SO73273,316,269,2013-12-17,2013-12-24,2013-12-29,2.0,1,2.0
SO73274,2759,330,2013-12-17,2013-12-24,2013-12-29,29.0,1,29.0
SO73275,785,325,2013-12-17,2013-12-24,2013-12-29,30.0,1,30.0
SO73276,1055,325,2013-12-17,2013-12-24,2013-12-29,30.0,1,30.0
SO73277,869,325,2013-12-17,2013-12-24,2013-12-29,30.0,1,30.0
SO73278,10624,267,2013-12-17,2013-12-24,2013-12-29,10.0,1,10.0
SO73279,9470,267,2013-12-17,2013-12-24,2013-12-29,10.0,1,10.0
SO73280,508,264,2013-12-17,2013-12-24,2013-12-29,70.0,1,70.0
SO73281,5856,264,2013-12-17,2013-12-24,2013-12-29,70.0,1,70.0
SO73282,8833,263,2013-12-17,2013-12-24,2013-12-29,70.0,1,70.0
SO73283,8836,263,2013-12-17,2013-12-24,2013-12-29,70.0,1,70.0
SO73284,5838,265,2013-12-17,2013-12-24,2013-12-29,70.0,1,70.0
SO73285,8211,266,2013-12-17,2013-12-24,2013-12-29,5.0,1,5.0
SO73286,5967,266,2013-12-17,2013-12-24,2013-12-29,5.0,1,5.0
SO73287,5063,317,2013-12-17,2013-12-24,2013-12-29,5.0,1,5.0
SO73288,4325,317,2013-12-17,2013-12-24,2013-12-29,5.0,1,5.0
SO73289,12495,317,2013-12-17,2013-12-24,2013-12-29,5.0,1,5.0
SO73290,7605,274,2013-12-17,2013-12-24,2013-12-29,22.0,1,22.0
SO73291,17423,329,2013-12-17,2013-12-24,2013-12-29,33.0,1,33.0
SO73292,4671,317,2013-12-17,2013-12-24,2013-12-29,5.0,1,5.0
SO73293,16889,267,2013-12-17,2013-12-24,2013-12-29,10.0,1,10.0
SO73294,5436,318,2013-12-17,2013-12-24,2013-12-29,4.0,1,4.0
SO73295,13135,319,2013-12-17,2013-12-24,2013-12-29,5.0,1,5.0
SO73296,6761,319,2013-12-17,2013-12-24,2013-12-29,5.0,1,5.0
SO73297,419,319,2013-12-17,2013-12-24,2013-12-29,5.0,1,5.0
SO73298,1892,274,2013-12-17,2013-12-24,2013-12-29,22.0,1,22.0
SO73299,1900,274,2013-12-17,2013-12-24,2013-12-29,22.0,1,22.0
SO73300,3275,317,2013-12-17,2013-12-24,2013-12-29,5.0,1,5.0
SO73301,1528,274,2013-12-17,2013-12-24,2013-12-29,22.0,1,22.0
SO73302,9650,166,2013-12-17,2013-12-24,2013-12-29,2443.0,1,2443.0
SO73302,9650,167,2013-12-17,2013-12-24,2013-12-29,2443.0,1,2443.0
SO73303,7809,143,2013-12-17,2013-12-24,2013-12-29,2320.0,1,2320.0
SO73303,7809,144,2013-12-17,2013-12-24,2013-12-29,2320.0,1,2320.0
SO73304,7839,141,2013-12-17,2013-12-24,2013-12-29,2320.0,1,2320.0
SO73304,7839,142,2013-12-17,2013-12-24,2013-12-29,2320.0,1,2320.0
SO73305,7583,151,2013-12-17,2013-12-24,2013-12-29,2295.0,1,2295.0
SO73305,7583,152,2013-12-17,2013-12-24,2013-12-29,2295.0,1,2295.0
SO73306,4528,377,2013-12-17,2013-12-24,2013-12-29,769.0,1,769.0
SO73307,4533,378,2013-12-17,2013-12-24,2013-12-29,769.0,1,769.0
SO73308,2713,145,2013-12-17,2013-12-24,2013-12-29,2320.0,1,2320.0
SO73308,2713,146,2013-12-17,2013-12-24,2013-12-29,2320.0,1,2320.0
SO73309,1215,351,2013-12-17,2013-12-24,2013-12-29,2384.0,1,2384.0
SO73310,11927,372,2013-12-17,2013-12-24,2013-12-29,1701.0,1,1701.0
SO73311,7767,178,2013-12-17,2013-12-24,2013-12-29,1120.0,1,1120.0
SO73311,7767,179,2013-12-17,2013-12-24,2013-12-29,1120.0,1,1120.0
SO73312,7465,172,2013-12-17,2013-12-24,2013-12-29,1120.0,1,1120.0
SO73312,7465,173,2013-12-17,2013-12-24,2013-12-29,1120.0,1,1120.0
SO73313,930,379,2013-12-17,2013-12-24,2013-12-29,769.0,1,769.0
SO73314,17667,366,2013-12-17,2013-12-24,2013-12-29,1215.0,1,1215.0
SO73315,15645,354,2013-12-17,2013-12-24,2013-12-29,742.0,1,742.0
SO73316,15284,367,2013-12-17,2013-12-24,2013-12-29,1215.0,1,1215.0
SO73317,15287,367,2013-12-17,2013-12-24,2013-12-29,1215.0,1,1215.0
SO73318,13327,394,2013-12-17,2013-12-24,2013-12-29,540.0,1,540.0
SO73319,13329,395,2013-12-17,2013-12-24,2013-12-29,540.0,1,540.0
SO73320,10933,176,2013-12-17,2013-12-24,2013-12-29,1120.0,1,1120.0
SO73320,10933,177,2013-12-17,2013-12-24,2013-12-29,1120.0,1,1120.0
SO73321,10294,369,2013-12-17,2013-12-24,2013-12-29,1701.0,1,1701.0
SO73322,11609,372,2013-12-17,2013-12-24,2013-12-29,1701.0,1,1701.0
SO73323,8293,369,2013-12-17,2013-12-24,2013-12-29,1701.0,1,1701.0
SO73324,14604,176,2013-12-17,2013-12-24,2013-12-29,1120.0,1,1120.0
SO73324,14604,177,2013-12-17,2013-12-24,2013-12-29,1120.0,1,1120.0
SO73325,14605,170,2013-12-17,2013-12-24,2013-12-29,1120.0,1,1120.0
SO73325,14605,171,2013-12-17,2013-12-24,2013-12-29,1120.0,1,1120.0
SO73326,9927,172,2013-12-17,2013-12-24,2013-12-29,1120.0,1,1120.0
SO73326,9927,173,2013-12-17,2013-12-24,2013-12-29,1120.0,1,1120.0
SO73327,14597,393,2013-12-17,2013-12-24,2013-12-29,540.0,1,540.0
SO73328,16818,373,2013-12-17,2013-12-24,2013-12-29,540.0,1,540.0
SO73329,14598,373,2013-12-17,2013-12-24,2013-12-29,540.0,1,540.0
SO73330,14572,394,2013-12-17,2013-12-24,2013-12-29,540.0,1,540.0
SO73331,1240,363,2013-12-17,2013-12-24,2013-12-29,2384.0,1,2384.0
SO73332,1217,352,2013-12-17,2013-12-24,2013-12-29,2384.0,1,2384.0
SO73333,3346,354,2013-12-17,2013-12-24,2013-12-29,742.0,1,742.0
SO73334,16873,364,2013-12-17,2013-12-24,2013-12-29,2384.0,1,2384.0
SO73335,2965,351,2013-12-17,2013-12-24,2013-12-29,2384.0,1,2384.0
SO73336,2119,366,2013-12-17,2013-12-24,2013-12-29,1215.0,1,1215.0
SO73337,2633,350,2013-12-17,2013-12-24,2013-12-29,2384.0,1,2384.0
SO73338,3033,362,2013-12-18,2013-12-25,2013-12-30,2384.0,1,2384.0
SO73339,5168,317,2013-12-18,2013-12-25,2013-12-30,5.0,1,5.0
SO73340,3685,328,2013-12-18,2013-12-25,2013-12-30,25.0,1,25.0
SO73341,9223,327,2013-12-18,2013-12-25,2013-12-30,21.0,1,21.0
SO73342,16596,319,2013-12-18,2013-12-25,2013-12-30,5.0,1,5.0
SO73343,13246,267,2013-12-18,2013-12-25,2013-12-30,10.0,1,10.0
SO73344,6293,279,2013-12-18,2013-12-25,2013-12-30,54.0,1,54.0
SO73345,2624,276,2013-12-18,2013-12-25,2013-12-30,55.0,1,55.0
SO73346,967,253,2013-12-18,2013-12-25,2013-12-30,24.0,1,24.0
SO73346,967,254,2013-12-18,2013-12-25,2013-12-30,24.0,1,24.0
SO73347,2505,151,2013-12-18,2013-12-25,2013-12-30,2295.0,1,2295.0
SO73347,2505,152,2013-12-18,2013-12-25,2013-12-30,2295.0,1,2295.0
SO73348,12604,147,2013-12-18,2013-12-25,2013-12-30,2295.0,1,2295.0
SO73348,12604,148,2013-12-18,2013-12-25,2013-12-30,2295.0,1,2295.0
SO73349,4620,149,2013-12-18,2013-12-25,2013-12-30,2295.0,1,2295.0
SO73349,4620,150,2013-12-18,2013-12-25,2013-12-30,2295.0,1,2295.0
SO73350,10507,141,2013-12-18,2013-12-25,2013-12-30,2320.0,1,2320.0
SO73350,10507,142,2013-12-18,2013-12-25,2013-12-30,2320.0,1,2320.0
SO73351,1842,143,2013-12-18,2013-12-25,2013-12-30,2320.0,1,2320.0
SO73351,1842,144,2013-12-18,2013-12-25,2013-12-30,2320.0,1,2320.0
SO73352,277,319,2013-12-18,2013-12-25,2013-12-30,5.0,1,5.0
SO73353,201,319,2013-12-18,2013-12-25,2013-12-30,5.0,1,5.0
SO73354,14951,317,2013-12-18,2013-12-25,2013-12-30,5.0,1,5.0
SO73355,15594,324,2013-12-18,2013-12-25,2013-12-30,25.0,1,25.0
SO73356,10463,266,2013-12-18,2013-12-25,2013-12-30,5.0,1,5.0
SO73357,8888,263,2013-12-18,2013-12-25,2013-12-30,70.0,1,70.0
SO73358,8669,265,2013-12-18,2013-12-25,2013-12-30,70.0,1,70.0
SO73359,17358,261,2013-12-18,2013-12-25,2013-12-30,64.0,1,64.0
SO73360,4547,317,2013-12-18,2013-12-25,2013-12-30,5.0,1,5.0
SO73361,3639,317,2013-12-18,2013-12-25,2013-12-30,5.0,1,5.0
SO73362,3438,274,2013-12-18,2013-12-25,2013-12-30,22.0,1,22.0
SO73363,2755,274,2013-12-18,2013-12-25,2013-12-30,22.0,1,22.0
SO73364,4077,274,2013-12-18,2013-12-25,2013-12-30,22.0,1,22.0
SO73365,5252,274,2013-12-18,2013-12-25,2013-12-30,22.0,1,22.0
SO73366,13881,266,2013-12-18,2013-12-25,2013-12-30,5.0,1,5.0
SO73367,10130,266,2013-12-18,2013-12-25,2013-12-30,5.0,1,5.0
SO73368,13542,325,2013-12-18,2013-12-25,2013-12-30,30.0,1,30.0
SO73369,6840,324,2013-12-18,2013-12-25,2013-12-30,25.0,1,25.0
SO73370,17885,318,2013-12-18,2013-12-25,2013-12-30,4.0,1,4.0
SO73371,12956,330,2013-12-18,2013-12-25,2013-12-30,29.0,1,29.0
SO73372,2587,319,2013-12-18,2013-12-25,2013-12-30,5.0,1,5.0
SO73373,16336,319,2013-12-18,2013-12-25,2013-12-30,5.0,1,5.0
SO73374,17889,319,2013-12-18,2013-12-25,2013-12-30,5.0,1,5.0
SO73375,653,326,2013-12-18,2013-12-25,2013-12-30,35.0,1,35.0
SO73376,1118,326,2013-12-18,2013-12-25,2013-12-30,35.0,1,35.0
SO73377,5231,384,2013-12-18,2013-12-25,2013-12-30,565.0,1,565.0
SO73378,7783,143,2013-12-18,2013-12-25,2013-12-30,2320.0,1,2320.0
SO73378,7783,144,2013-12-18,2013-12-25,2013-12-30,2320.0,1,2320.0
SO73379,7480,151,2013-12-18,2013-12-25,2013-12-30,2295.0,1,2295.0
SO73379,7480,152,2013-12-18,2013-12-25,2013-12-30,2295.0,1,2295.0
SO73380,7481,149,2013-12-18,2013-12-25,2013-12-30,2295.0,1,2295.0
SO73380,7481,150,2013-12-18,2013-12-25,2013-12-30,2295.0,1,2295.0
SO73381,5055,12,2013-12-18,2013-12-25,2013-12-30,9.0,1,9.0
SO73381,5055,13,2013-12-18,2013-12-25,2013-12-30,9.0,1,9.0
SO73381,5055,14,2013-12-18,2013-12-25,2013-12-30,9.0,1,9.0
SO73382,5046,375,2013-12-18,2013-12-25,2013-12-30,742.0,1,742.0
SO73383,2607,375,2013-12-18,2013-12-25,2013-12-30,742.0,1,742.0
SO73384,5657,147,2013-12-18,2013-12-25,2013-12-30,2295.0,1,2295.0
SO73384,5657,148,2013-12-18,2013-12-25,2013-12-30,2295.0,1,2295.0
SO73385,11851,160,2013-12-18,2013-12-25,2013-12-30,2443.0,1,2443.0
SO73385,11851,161,2013-12-18,2013-12-25,2013-12-30,2443.0,1,2443.0
SO73386,11855,162,2013-12-18,2013-12-25,2013-12-30,2443.0,1,2443.0
SO73386,11855,163,2013-12-18,2013-12-25,2013-12-30,2443.0,1,2443.0
SO73387,11928,371,2013-12-18,2013-12-25,2013-12-30,1701.0,1,1701.0
SO73388,11938,372,2013-12-18,2013-12-25,2013-12-30,1701.0,1,1701.0
SO73389,16695,178,2013-12-18,2013-12-25,2013-12-30,1120.0,1,1120.0
SO73389,16695,179,2013-12-18,2013-12-25,2013-12-30,1120.0,1,1120.0
SO73390,16864,373,2013-12-18,2013-12-25,2013-12-30,540.0,1,540.0
SO73391,15586,176,2013-12-18,2013-12-25,2013-12-30,1120.0,1,1120.0
SO73391,15586,177,2013-12-18,2013-12-25,2013-12-30,1120.0,1,1120.0
SO73392,7466,174,2013-12-18,2013-12-25,2013-12-30,1120.0,1,1120.0
SO73392,7466,175,2013-12-18,2013-12-25,2013-12-30,1120.0,1,1120.0
SO73393,2976,151,2013-12-18,2013-12-25,2013-12-30,2295.0,1,2295.0
SO73393,2976,152,2013-12-18,2013-12-25,2013-12-30,2295.0,1,2295.0
SO73394,6511,378,2013-12-18,2013-12-25,2013-12-30,769.0,1,769.0
SO73395,5350,145,2013-12-18,2013-12-25,2013-12-30,2320.0,1,2320.0
SO73395,5350,146,2013-12-18,2013-12-25,2013-12-30,2320.0,1,2320.0
SO73396,17286,365,2013-12-18,2013-12-25,2013-12-30,2384.0,1,2384.0
SO73397,253,375,2013-12-18,2013-12-25,2013-12-30,742.0,1,742.0
SO73398,5837,375,2013-12-18,2013-12-25,2013-12-30,742.0,1,742.0
SO73399,17197,350,2013-12-18,2013-12-25,2013-12-30,2384.0,1,2384.0
SO73400,14073,351,2013-12-18,2013-12-25,2013-12-30,2384.0,1,2384.0
SO73401,13403,394,2013-12-18,2013-12-25,2013-12-30,540.0,1,540.0
SO73402,13337,373,2013-12-18,2013-12-25,2013-12-30,540.0,1,540.0
SO73403,10386,373,2013-12-18,2013-12-25,2013-12-30,540.0,1,540.0
SO73404,13233,393,2013-12-18,2013-12-25,2013-12-30,540.0,1,540.0
SO73405,13287,393,2013-12-18,2013-12-25,2013-12-30,540.0,1,540.0
SO73406,10436,176,2013-12-18,2013-12-25,2013-12-30,1120.0,1,1120.0
SO73406,10436,177,2013-12-18,2013-12-25,2013-12-30,1120.0,1,1120.0
SO73407,10430,170,2013-12-18,2013-12-25,2013-12-30,1120.0,1,1120.0
SO73407,10430,171,2013-12-18,2013-12-25,2013-12-30,1120.0,1,1120.0
SO73408,7325,369,2013-12-18,2013-12-25,2013-12-30,1701.0,1,1701.0
SO73409,8118,371,2013-12-18,2013-12-25,2013-12-30,1701.0,1,1701.0
SO73410,7169,351,2013-12-18,2013-12-25,2013-12-30,2384.0,1,2384.0
SO73411,364,356,2013-12-18,2013-12-25,2013-12-30,742.0,1,742.0
SO73412,15921,395,2013-12-18,2013-12-25,2013-12-30,540.0,1,540.0
SO73413,1009,324,2013-12-19,2013-12-26,2013-12-31,25.0,1,25.0
SO73414,4719,328,2013-12-19,2013-12-26,2013-12-31,25.0,1,25.0
SO73415,5183,328,2013-12-19,2013-12-26,2013-12-31,25.0,1,25.0
SO73416,13893,317,2013-12-19,2013-12-26,2013-12-31,5.0,1,5.0
SO73417,10233,317,2013-12-19,2013-12-26,2013-12-31,5.0,1,5.0
SO73418,13241,319,2013-12-19,2013-12-26,2013-12-31,5.0,1,5.0
SO73419,4078,149,2013-12-19,2013-12-26,2013-12-31,2295.0,1,2295.0
SO73419,4078,150,2013-12-19,2013-12-26,2013-12-31,2295.0,1,2295.0
SO73420,5946,377,2013-12-19,2013-12-26,2013-12-31,769.0,1,769.0
SO73421,11524,376,2013-12-19,2013-12-26,2013-12-31,769.0,1,769.0
SO73422,6780,151,2013-12-19,2013-12-26,2013-12-31,2295.0,1,2295.0
SO73422,6780,152,2013-12-19,2013-12-26,2013-12-31,2295.0,1,2295.0
SO73423,4048,141,2013-12-19,2013-12-26,2013-12-31,2320.0,1,2320.0
SO73423,4048,142,2013-12-19,2013-12-26,2013-12-31,2320.0,1,2320.0
SO73424,9562,141,2013-12-19,2013-12-26,2013-12-31,2320.0,1,2320.0
SO73424,9562,142,2013-12-19,2013-12-26,2013-12-31,2320.0,1,2320.0
SO73425,1868,149,2013-12-19,2013-12-26,2013-12-31,2295.0,1,2295.0
SO73425,1868,150,2013-12-19,2013-12-26,2013-12-31,2295.0,1,2295.0
SO73426,8943,141,2013-12-19,2013-12-26,2013-12-31,2320.0,1,2320.0
SO73426,8943,142,2013-12-19,2013-12-26,2013-12-31,2320.0,1,2320.0
SO73427,10828,145,2013-12-19,2013-12-26,2013-12-31,2320.0,1,2320.0
SO73427,10828,146,2013-12-19,2013-12-26,2013-12-31,2320.0,1,2320.0
SO73428,430,382,2013-12-19,2013-12-26,2013-12-31,565.0,1,565.0
SO73429,144,318,2013-12-19,2013-12-26,2013-12-31,4.0,1,4.0
SO73430,18323,24,2013-12-19,2013-12-26,2013-12-31,50.0,1,50.0
SO73430,18323,25,2013-12-19,2013-12-26,2013-12-31,50.0,1,50.0
SO73430,18323,26,2013-12-19,2013-12-26,2013-12-31,50.0,1,50.0
SO73431,92,319,2013-12-19,2013-12-26,2013-12-31,5.0,1,5.0
SO73432,18039,318,2013-12-19,2013-12-26,2013-12-31,4.0,1,4.0
SO73433,16913,327,2013-12-19,2013-12-26,2013-12-31,21.0,1,21.0
SO73434,15123,317,2013-12-19,2013-12-26,2013-12-31,5.0,1,5.0
SO73435,15525,324,2013-12-19,2013-12-26,2013-12-31,25.0,1,25.0
SO73436,15283,324,2013-12-19,2013-12-26,2013-12-31,25.0,1,25.0
SO73437,301,317,2013-12-19,2013-12-26,2013-12-31,5.0,1,5.0
SO73438,12670,325,2013-12-19,2013-12-26,2013-12-31,30.0,1,30.0
SO73439,7945,317,2013-12-19,2013-12-26,2013-12-31,5.0,1,5.0
SO73440,12714,325,2013-12-19,2013-12-26,2013-12-31,30.0,1,30.0
SO73441,11223,325,2013-12-19,2013-12-26,2013-12-31,30.0,1,30.0
SO73442,10780,266,2013-12-19,2013-12-26,2013-12-31,5.0,1,5.0
SO73443,2763,267,2013-12-19,2013-12-26,2013-12-31,10.0,1,10.0
SO73444,8007,264,2013-12-19,2013-12-26,2013-12-31,70.0,1,70.0
SO73445,9101,266,2013-12-19,2013-12-26,2013-12-31,5.0,1,5.0
SO73446,8237,263,2013-12-19,2013-12-26,2013-12-31,70.0,1,70.0
SO73447,6551,266,2013-12-19,2013-12-26,2013-12-31,5.0,1,5.0
SO73448,9022,274,2013-12-19,2013-12-26,2013-12-31,22.0,1,22.0
SO73449,3565,317,2013-12-19,2013-12-26,2013-12-31,5.0,1,5.0
SO73450,5388,317,2013-12-19,2013-12-26,2013-12-31,5.0,1,5.0
SO73451,4425,274,2013-12-19,2013-12-26,2013-12-31,22.0,1,22.0
SO73452,9097,274,2013-12-19,2013-12-26,2013-12-31,22.0,1,22.0
SO73453,5259,328,2013-12-19,2013-12-26,2013-12-31,25.0,1,25.0
SO73454,438,278,2013-12-19,2013-12-26,2013-12-31,54.0,1,54.0
SO73455,6092,324,2013-12-19,2013-12-26,2013-12-31,25.0,1,25.0
SO73456,9066,327,2013-12-19,2013-12-26,2013-12-31,21.0,1,21.0
SO73457,2811,318,2013-12-19,2013-12-26,2013-12-31,4.0,1,4.0
SO73458,11535,327,2013-12-19,2013-12-26,2013-12-31,21.0,1,21.0
SO73459,13148,318,2013-12-19,2013-12-26,2013-12-31,4.0,1,4.0
SO73460,2776,319,2013-12-19,2013-12-26,2013-12-31,5.0,1,5.0
SO73461,668,326,2013-12-19,2013-12-26,2013-12-31,35.0,1,35.0
SO73462,5600,319,2013-12-19,2013-12-26,2013-12-31,5.0,1,5.0
SO73463,2942,317,2013-12-19,2013-12-26,2013-12-31,5.0,1,5.0
SO73464,5790,166,2013-12-19,2013-12-26,2013-12-31,2443.0,1,2443.0
SO73464,5790,167,2013-12-19,2013-12-26,2013-12-31,2443.0,1,2443.0
SO73465,2737,149,2013-12-19,2013-12-26,2013-12-31,2295.0,1,2295.0
SO73465,2737,150,2013-12-19,2013-12-26,2013-12-31,2295.0,1,2295.0
SO73466,4532,378,2013-12-19,2013-12-26,2013-12-31,769.0,1,769.0
SO73467,4539,378,2013-12-19,2013-12-26,2013-12-31,769.0,1,769.0
SO73468,7389,149,2013-12-19,2013-12-26,2013-12-31,2295.0,1,2295.0
SO73468,7389,150,2013-12-19,2013-12-26,2013-12-31,2295.0,1,2295.0
SO73469,7148,352,2013-12-19,2013-12-26,2013-12-31,2384.0,1,2384.0
SO73470,5640,143,2013-12-19,2013-12-26,2013-12-31,2320.0,1,2320.0
SO73470,5640,144,2013-12-19,2013-12-26,2013-12-31,2320.0,1,2320.0
SO73471,7337,166,2013-12-19,2013-12-26,2013-12-31,2443.0,1,2443.0
SO73471,7337,167,2013-12-19,2013-12-26,2013-12-31,2443.0,1,2443.0
SO73472,13602,371,2013-12-19,2013-12-26,2013-12-31,1701.0,1,1701.0
SO73473,13603,369,2013-12-19,2013-12-26,2013-12-31,1701.0,1,1701.0
SO73474,13481,372,2013-12-19,2013-12-26,2013-12-31,1701.0,1,1701.0
SO73475,5027,370,2013-12-19,2013-12-26,2013-12-31,1701.0,1,1701.0
SO73476,16700,172,2013-12-19,2013-12-26,2013-12-31,1120.0,1,1120.0
SO73476,16700,173,2013-12-19,2013-12-26,2013-12-31,1120.0,1,1120.0
SO73477,15305,368,2013-12-19,2013-12-26,2013-12-31,1215.0,1,1215.0
SO73478,14077,352,2013-12-19,2013-12-26,2013-12-31,2384.0,1,2384.0
SO73479,15281,368,2013-12-19,2013-12-26,2013-12-31,1215.0,1,1215.0
SO73480,4998,363,2013-12-19,2013-12-26,2013-12-31,2384.0,1,2384.0
SO73481,14009,350,2013-12-19,2013-12-26,2013-12-31,2384.0,1,2384.0
SO73482,13998,353,2013-12-19,2013-12-26,2013-12-31,2384.0,1,2384.0
SO73483,12873,394,2013-12-19,2013-12-26,2013-12-31,540.0,1,540.0
SO73484,17285,395,2013-12-19,2013-12-26,2013-12-31,540.0,1,540.0
SO73485,13239,395,2013-12-19,2013-12-26,2013-12-31,540.0,1,540.0
SO73486,11236,170,2013-12-19,2013-12-26,2013-12-31,1120.0,1,1120.0
SO73486,11236,171,2013-12-19,2013-12-26,2013-12-31,1120.0,1,1120.0
SO73487,10306,170,2013-12-19,2013-12-26,2013-12-31,1120.0,1,1120.0
SO73487,10306,171,2013-12-19,2013-12-26,2013-12-31,1120.0,1,1120.0
SO73488,7369,372,2013-12-19,2013-12-26,2013-12-31,1701.0,1,1701.0
SO73489,7855,372,2013-12-19,2013-12-26,2013-12-31,1701.0,1,1701.0
SO73490,10292,371,2013-12-19,2013-12-26,2013-12-31,1701.0,1,1701.0
SO73491,7859,370,2013-12-19,2013-12-26,2013-12-31,1701.0,1,1701.0
SO73492,8388,371,2013-12-19,2013-12-26,2013-12-31,1701.0,1,1701.0
SO73493,9906,172,2013-12-19,2013-12-26,2013-12-31,1120.0,1,1120.0
SO73493,9906,173,2013-12-19,2013-12-26,2013-12-31,1120.0,1,1120.0
SO73494,14590,394,2013-12-19,2013-12-26,2013-12-31,540.0,1,540.0
SO73495,17516,393,2013-12-19,2013-12-26,2013-12-31,540.0,1,540.0
SO73496,3163,395,2013-12-19,2013-12-26,2013-12-31,540.0,1,540.0
SO73497,14465,352,2013-12-19,2013-12-26,2013-12-31,2384.0,1,2384.0
SO73498,943,375,2013-12-19,2013-12-26,2013-12-31,742.0,1,742.0
SO73499,2954,350,2013-12-19,2013-12-26,2013-12-31,2384.0,1,2384.0
SO73500,15549,393,2013-12-19,2013-12-26,2013-12-31,540.0,1,540.0
SO73501,18344,395,2013-12-19,2013-12-26,2013-12-31,540.0,1,540.0
SO73502,2968,368,2013-12-19,2013-12-26,2013-12-31,1215.0,1,1215.0
SO73503,992,365,2013-12-19,2013-12-26,2013-12-31,2384.0,1,2384.0
SO73504,5494,383,2013-12-20,2013-12-27,2014-01-01,565.0,1,565.0
SO73505,2126,324,2013-12-20,2013-12-27,2014-01-01,25.0,1,25.0
SO73506,5927,274,2013-12-20,2013-12-27,2014-01-01,22.0,1,22.0
SO73507,247,162,2013-12-20,2013-12-27,2014-01-01,2443.0,1,2443.0
SO73507,247,163,2013-12-20,2013-12-27,2014-01-01,2443.0,1,2443.0
SO73508,4082,141,2013-12-20,2013-12-27,2014-01-01,2320.0,1,2320.0
SO73508,4082,142,2013-12-20,2013-12-27,2014-01-01,2320.0,1,2320.0
SO73509,4063,141,2013-12-20,2013-12-27,2014-01-01,2320.0,1,2320.0
SO73509,4063,142,2013-12-20,2013-12-27,2014-01-01,2320.0,1,2320.0
SO73510,8453,378,2013-12-20,2013-12-27,2014-01-01,769.0,1,769.0
SO73511,4060,143,2013-12-20,2013-12-27,2014-01-01,2320.0,1,2320.0
SO73511,4060,144,2013-12-20,2013-12-27,2014-01-01,2320.0,1,2320.0
SO73512,13561,143,2013-12-20,2013-12-27,2014-01-01,2320.0,1,2320.0
SO73512,13561,144,2013-12-20,2013-12-27,2014-01-01,2320.0,1,2320.0
SO73513,10539,141,2013-12-20,2013-12-27,2014-01-01,2320.0,1,2320.0
SO73513,10539,142,2013-12-20,2013-12-27,2014-01-01,2320.0,1,2320.0
SO73514,11798,151,2013-12-20,2013-12-27,2014-01-01,2295.0,1,2295.0
SO73514,11798,152,2013-12-20,2013-12-27,2014-01-01,2295.0,1,2295.0
SO73515,11804,149,2013-12-20,2013-12-27,2014-01-01,2295.0,1,2295.0
SO73515,11804,150,2013-12-20,2013-12-27,2014-01-01,2295.0,1,2295.0
SO73516,18031,319,2013-12-20,2013-12-27,2014-01-01,5.0,1,5.0
SO73517,17572,319,2013-12-20,2013-12-27,2014-01-01,5.0,1,5.0
SO73518,8647,319,2013-12-20,2013-12-27,2014-01-01,5.0,1,5.0
SO73519,7323,327,2013-12-20,2013-12-27,2014-01-01,21.0,1,21.0
SO73520,14292,318,2013-12-20,2013-12-27,2014-01-01,4.0,1,4.0
SO73521,16071,319,2013-12-20,2013-12-27,2014-01-01,5.0,1,5.0
SO73522,13516,329,2013-12-20,2013-12-27,2014-01-01,33.0,1,33.0
SO73523,13407,318,2013-12-20,2013-12-27,2014-01-01,4.0,1,4.0
SO73524,12044,325,2013-12-20,2013-12-27,2014-01-01,30.0,1,30.0
SO73525,11985,317,2013-12-20,2013-12-27,2014-01-01,5.0,1,5.0
SO73526,10732,266,2013-12-20,2013-12-27,2014-01-01,5.0,1,5.0
SO73527,11162,325,2013-12-20,2013-12-27,2014-01-01,30.0,1,30.0
SO73528,8849,264,2013-12-20,2013-12-27,2014-01-01,70.0,1,70.0
SO73529,825,267,2013-12-20,2013-12-27,2014-01-01,10.0,1,10.0
SO73530,8240,263,2013-12-20,2013-12-27,2014-01-01,70.0,1,70.0
SO73531,8133,263,2013-12-20,2013-12-27,2014-01-01,70.0,1,70.0
SO73532,3587,265,2013-12-20,2013-12-27,2014-01-01,70.0,1,70.0
SO73533,5854,266,2013-12-20,2013-12-27,2014-01-01,5.0,1,5.0
SO73534,5375,317,2013-12-20,2013-12-27,2014-01-01,5.0,1,5.0
SO73535,18241,266,2013-12-20,2013-12-27,2014-01-01,5.0,1,5.0
SO73536,4013,317,2013-12-20,2013-12-27,2014-01-01,5.0,1,5.0
SO73537,3622,317,2013-12-20,2013-12-27,2014-01-01,5.0,1,5.0
SO73538,3253,274,2013-12-20,2013-12-27,2014-01-01,22.0,1,22.0
SO73539,2471,274,2013-12-20,2013-12-27,2014-01-01,22.0,1,22.0
SO73540,3552,326,2013-12-20,2013-12-27,2014-01-01,35.0,1,35.0
SO73541,3691,326,2013-12-20,2013-12-27,2014-01-01,35.0,1,35.0
SO73542,17386,318,2013-12-20,2013-12-27,2014-01-01,4.0,1,4.0
SO73543,8899,328,2013-12-20,2013-12-27,2014-01-01,25.0,1,25.0
SO73544,9579,328,2013-12-20,2013-12-27,2014-01-01,25.0,1,25.0
SO73545,8457,325,2013-12-20,2013-12-27,2014-01-01,30.0,1,30.0
SO73546,13693,318,2013-12-20,2013-12-27,2014-01-01,4.0,1,4.0
SO73547,9916,318,2013-12-20,2013-12-27,2014-01-01,4.0,1,4.0
SO73548,2413,330,2013-12-20,2013-12-27,2014-01-01,29.0,1,29.0
SO73549,16179,318,2013-12-20,2013-12-27,2014-01-01,4.0,1,4.0
SO73550,5301,319,2013-12-20,2013-12-27,2014-01-01,5.0,1,5.0
SO73551,3245,326,2013-12-20,2013-12-27,2014-01-01,35.0,1,35.0
SO73552,1140,317,2013-12-20,2013-12-27,2014-01-01,5.0,1,5.0
SO73553,1779,274,2013-12-20,2013-12-27,2014-01-01,22.0,1,22.0
SO73554,7864,145,2013-12-20,2013-12-27,2014-01-01,2320.0,1,2320.0
SO73554,7864,146,2013-12-20,2013-12-27,2014-01-01,2320.0,1,2320.0
SO73555,7906,141,2013-12-20,2013-12-27,2014-01-01,2320.0,1,2320.0
SO73555,7906,142,2013-12-20,2013-12-27,2014-01-01,2320.0,1,2320.0
SO73556,7819,149,2013-12-20,2013-12-27,2014-01-01,2295.0,1,2295.0
SO73556,7819,150,2013-12-20,2013-12-27,2014-01-01,2295.0,1,2295.0
SO73557,7615,143,2013-12-20,2013-12-27,2014-01-01,2320.0,1,2320.0
SO73557,7615,144,2013-12-20,2013-12-27,2014-01-01,2320.0,1,2320.0
SO73558,3024,382,2013-12-20,2013-12-27,2014-01-01,565.0,1,565.0
SO73559,2726,145,2013-12-20,2013-12-27,2014-01-01,2320.0,1,2320.0
SO73559,2726,146,2013-12-20,2013-12-27,2014-01-01,2320.0,1,2320.0
SO73560,7413,143,2013-12-20,2013-12-27,2014-01-01,2320.0,1,2320.0
SO73560,7413,144,2013-12-20,2013-12-27,2014-01-01,2320.0,1,2320.0
SO73561,7376,147,2013-12-20,2013-12-27,2014-01-01,2295.0,1,2295.0
SO73561,7376,148,2013-12-20,2013-12-27,2014-01-01,2295.0,1,2295.0
SO73562,2714,143,2013-12-20,2013-12-27,2014-01-01,2320.0,1,2320.0
SO73562,2714,144,2013-12-20,2013-12-27,2014-01-01,2320.0,1,2320.0
SO73563,16862,373,2013-12-20,2013-12-27,2014-01-01,540.0,1,540.0
SO73564,15588,174,2013-12-20,2013-12-27,2014-01-01,1120.0,1,1120.0
SO73564,15588,175,2013-12-20,2013-12-27,2014-01-01,1120.0,1,1120.0
SO73565,16724,172,2013-12-20,2013-12-27,2014-01-01,1120.0,1,1120.0
SO73565,16724,173,2013-12-20,2013-12-27,2014-01-01,1120.0,1,1120.0
SO73566,16702,174,2013-12-20,2013-12-27,2014-01-01,1120.0,1,1120.0
SO73566,16702,175,2013-12-20,2013-12-27,2014-01-01,1120.0,1,1120.0
SO73567,3050,151,2013-12-20,2013-12-27,2014-01-01,2295.0,1,2295.0
SO73567,3050,152,2013-12-20,2013-12-27,2014-01-01,2295.0,1,2295.0
SO73568,260,355,2013-12-20,2013-12-27,2014-01-01,742.0,1,742.0
SO73569,17153,364,2013-12-20,2013-12-27,2014-01-01,2384.0,1,2384.0
SO73570,17195,362,2013-12-20,2013-12-27,2014-01-01,2384.0,1,2384.0
SO73571,13330,393,2013-12-20,2013-12-27,2014-01-01,540.0,1,540.0
SO73572,13325,393,2013-12-20,2013-12-27,2014-01-01,540.0,1,540.0
SO73573,11063,174,2013-12-20,2013-12-27,2014-01-01,1120.0,1,1120.0
SO73573,11063,175,2013-12-20,2013-12-27,2014-01-01,1120.0,1,1120.0
SO73574,11189,174,2013-12-20,2013-12-27,2014-01-01,1120.0,1,1120.0
SO73574,11189,175,2013-12-20,2013-12-27,2014-01-01,1120.0,1,1120.0
SO73575,7364,370,2013-12-20,2013-12-27,2014-01-01,1701.0,1,1701.0
SO73576,7858,369,2013-12-20,2013-12-27,2014-01-01,1701.0,1,1701.0
SO73577,945,356,2013-12-20,2013-12-27,2014-01-01,742.0,1,742.0
SO73578,2652,351,2013-12-20,2013-12-27,2014-01-01,2384.0,1,2384.0
SO73579,2966,365,2013-12-20,2013-12-27,2014-01-01,2384.0,1,2384.0
SO73580,17785,9,2013-12-21,2013-12-28,2014-01-02,35.0,1,35.0
SO73580,17785,10,2013-12-21,2013-12-28,2014-01-02,35.0,1,35.0
SO73580,17785,11,2013-12-21,2013-12-28,2014-01-02,35.0,1,35.0
SO73581,2010,324,2013-12-21,2013-12-28,2014-01-02,25.0,1,25.0
SO73582,912,324,2013-12-21,2013-12-28,2014-01-02,25.0,1,25.0
SO73583,6068,328,2013-12-21,2013-12-28,2014-01-02,25.0,1,25.0
SO73584,4213,318,2013-12-21,2013-12-28,2014-01-02,4.0,1,4.0
SO73585,16592,319,2013-12-21,2013-12-28,2014-01-02,5.0,1,5.0
SO73586,5482,319,2013-12-21,2013-12-28,2014-01-02,5.0,1,5.0
SO73587,2566,149,2013-12-21,2013-12-28,2014-01-02,2295.0,1,2295.0
SO73587,2566,150,2013-12-21,2013-12-28,2014-01-02,2295.0,1,2295.0
SO73588,5562,378,2013-12-21,2013-12-28,2014-01-02,769.0,1,769.0
SO73589,2537,141,2013-12-21,2013-12-28,2014-01-02,2320.0,1,2320.0
SO73589,2537,142,2013-12-21,2013-12-28,2014-01-02,2320.0,1,2320.0
SO73590,8366,147,2013-12-21,2013-12-28,2014-01-02,2295.0,1,2295.0
SO73590,8366,148,2013-12-21,2013-12-28,2014-01-02,2295.0,1,2295.0
SO73591,17020,319,2013-12-21,2013-12-28,2014-01-02,5.0,1,5.0
SO73592,6443,327,2013-12-21,2013-12-28,2014-01-02,21.0,1,21.0
SO73593,13410,329,2013-12-21,2013-12-28,2014-01-02,33.0,1,33.0
SO73594,92,324,2013-12-21,2013-12-28,2014-01-02,25.0,1,25.0
SO73595,9365,264,2013-12-21,2013-12-28,2014-01-02,70.0,1,70.0
SO73596,2240,267,2013-12-21,2013-12-28,2014-01-02,10.0,1,10.0
SO73597,7356,263,2013-12-21,2013-12-28,2014-01-02,70.0,1,70.0
SO73598,8155,263,2013-12-21,2013-12-28,2014-01-02,70.0,1,70.0
SO73599,8231,265,2013-12-21,2013-12-28,2014-01-02,70.0,1,70.0
SO73600,7792,264,2013-12-21,2013-12-28,2014-01-02,70.0,1,70.0
SO73601,5958,266,2013-12-21,2013-12-28,2014-01-02,5.0,1,5.0
SO73602,12549,317,2013-12-21,2013-12-28,2014-01-02,5.0,1,5.0
SO73603,17284,317,2013-12-21,2013-12-28,2014-01-02,5.0,1,5.0
SO73604,17379,329,2013-12-21,2013-12-28,2014-01-02,33.0,1,33.0
SO73605,544,278,2013-12-21,2013-12-28,2014-01-02,54.0,1,54.0
SO73606,557,327,2013-12-21,2013-12-28,2014-01-02,21.0,1,21.0
SO73607,8385,325,2013-12-21,2013-12-28,2014-01-02,30.0,1,30.0
SO73608,17527,327,2013-12-21,2013-12-28,2014-01-02,21.0,1,21.0
SO73609,3975,330,2013-12-21,2013-12-28,2014-01-02,29.0,1,29.0
SO73610,87,317,2013-12-21,2013-12-28,2014-01-02,5.0,1,5.0
SO73611,3266,326,2013-12-21,2013-12-28,2014-01-02,35.0,1,35.0
SO73612,3633,326,2013-12-21,2013-12-28,2014-01-02,35.0,1,35.0
SO73613,1545,12,2013-12-21,2013-12-28,2014-01-02,9.0,1,9.0
SO73613,1545,13,2013-12-21,2013-12-28,2014-01-02,9.0,1,9.0
SO73613,1545,14,2013-12-21,2013-12-28,2014-01-02,9.0,1,9.0
SO73614,1312,1,2013-12-21,2013-12-28,2014-01-02,35.0,1,35.0
SO73614,1312,2,2013-12-21,2013-12-28,2014-01-02,35.0,1,35.0
SO73614,1312,3,2013-12-21,2013-12-28,2014-01-02,35.0,1,35.0
SO73615,7790,151,2013-12-21,2013-12-28,2014-01-02,2295.0,1,2295.0
SO73615,7790,152,2013-12-21,2013-12-28,2014-01-02,2295.0,1,2295.0
SO73616,4538,378,2013-12-21,2013-12-28,2014-01-02,769.0,1,769.0
SO73617,7957,379,2013-12-21,2013-12-28,2014-01-02,769.0,1,769.0
SO73618,1216,353,2013-12-21,2013-12-28,2014-01-02,2384.0,1,2384.0
SO73619,16861,373,2013-12-21,2013-12-28,2014-01-02,540.0,1,540.0
SO73620,16863,373,2013-12-21,2013-12-28,2014-01-02,540.0,1,540.0
SO73621,15298,366,2013-12-21,2013-12-28,2014-01-02,1215.0,1,1215.0
SO73622,17235,364,2013-12-21,2013-12-28,2014-01-02,2384.0,1,2384.0
SO73623,14043,363,2013-12-21,2013-12-28,2014-01-02,2384.0,1,2384.0
SO73624,17194,351,2013-12-21,2013-12-28,2014-01-02,2384.0,1,2384.0
SO73625,9754,393,2013-12-21,2013-12-28,2014-01-02,540.0,1,540.0
SO73626,12871,373,2013-12-21,2013-12-28,2014-01-02,540.0,1,540.0
SO73627,17190,395,2013-12-21,2013-12-28,2014-01-02,540.0,1,540.0
SO73628,9737,174,2013-12-21,2013-12-28,2014-01-02,1120.0,1,1120.0
SO73628,9737,175,2013-12-21,2013-12-28,2014-01-02,1120.0,1,1120.0
SO73629,8315,370,2013-12-21,2013-12-28,2014-01-02,1701.0,1,1701.0
SO73630,8314,371,2013-12-21,2013-12-28,2014-01-02,1701.0,1,1701.0
SO73631,17752,172,2013-12-21,2013-12-28,2014-01-02,1120.0,1,1120.0
SO73631,17752,173,2013-12-21,2013-12-28,2014-01-02,1120.0,1,1120.0
SO73632,17528,393,2013-12-21,2013-12-28,2014-01-02,540.0,1,540.0
SO73633,17512,393,2013-12-21,2013-12-28,2014-01-02,540.0,1,540.0
SO73634,14596,395,2013-12-21,2013-12-28,2014-01-02,540.0,1,540.0
SO73635,426,350,2013-12-21,2013-12-28,2014-01-02,2384.0,1,2384.0
SO73636,14459,350,2013-12-21,2013-12-28,2014-01-02,2384.0,1,2384.0
SO73637,2648,351,2013-12-21,2013-12-28,2014-01-02,2384.0,1,2384.0
SO73638,15925,395,2013-12-21,2013-12-28,2014-01-02,540.0,1,540.0
SO73639,2958,349,2013-12-21,2013-12-28,2014-01-02,1215.0,1,1215.0
SO73640,2632,352,2013-12-21,2013-12-28,2014-01-02,2384.0,1,2384.0
SO73641,920,352,2013-12-21,2013-12-28,2014-01-02,2384.0,1,2384.0
SO73642,11959,372,2013-12-22,2013-12-29,2014-01-03,1701.0,1,1701.0
SO73643,973,266,2013-12-22,2013-12-29,2014-01-03,5.0,1,5.0
SO73644,5629,325,2013-12-22,2013-12-29,2014-01-03,30.0,1,30.0
SO73645,7728,325,2013-12-22,2013-12-29,2014-01-03,30.0,1,30.0
SO73646,7281,325,2013-12-22,2013-12-29,2014-01-03,30.0,1,30.0
SO73647,15148,263,2013-12-22,2013-12-29,2014-01-03,70.0,1,70.0
SO73648,15442,264,2013-12-22,2013-12-29,2014-01-03,70.0,1,70.0
SO73649,17925,319,2013-12-22,2013-12-29,2014-01-03,5.0,1,5.0
SO73650,5182,318,2013-12-22,2013-12-29,2014-01-03,4.0,1,4.0
SO73651,116,273,2013-12-22,2013-12-29,2014-01-03,8.0,1,8.0
SO73652,8618,330,2013-12-22,2013-12-29,2014-01-03,29.0,1,29.0
SO73653,3345,280,2013-12-22,2013-12-29,2014-01-03,54.0,1,54.0
SO73654,5920,268,2013-12-22,2013-12-29,2014-01-03,9.0,1,9.0
SO73655,10510,145,2013-12-22,2013-12-29,2014-01-03,2320.0,1,2320.0
SO73655,10510,146,2013-12-22,2013-12-29,2014-01-03,2320.0,1,2320.0
SO73656,6980,377,2013-12-22,2013-12-29,2014-01-03,769.0,1,769.0
SO73657,2538,147,2013-12-22,2013-12-29,2014-01-03,2295.0,1,2295.0
SO73657,2538,148,2013-12-22,2013-12-29,2014-01-03,2295.0,1,2295.0
SO73658,2568,145,2013-12-22,2013-12-29,2014-01-03,2320.0,1,2320.0
SO73658,2568,146,2013-12-22,2013-12-29,2014-01-03,2320.0,1,2320.0
SO73659,1850,147,2013-12-22,2013-12-29,2014-01-03,2295.0,1,2295.0
SO73659,1850,148,2013-12-22,2013-12-29,2014-01-03,2295.0,1,2295.0
SO73660,4669,141,2013-12-22,2013-12-29,2014-01-03,2320.0,1,2320.0
SO73660,4669,142,2013-12-22,2013-12-29,2014-01-03,2320.0,1,2320.0
SO73661,11811,143,2013-12-22,2013-12-29,2014-01-03,2320.0,1,2320.0
SO73661,11811,144,2013-12-22,2013-12-29,2014-01-03,2320.0,1,2320.0
SO73662,9563,149,2013-12-22,2013-12-29,2014-01-03,2295.0,1,2295.0
SO73662,9563,150,2013-12-22,2013-12-29,2014-01-03,2295.0,1,2295.0
SO73663,736,9,2013-12-22,2013-12-29,2014-01-03,35.0,1,35.0
SO73663,736,10,2013-12-22,2013-12-29,2014-01-03,35.0,1,35.0
SO73663,736,11,2013-12-22,2013-12-29,2014-01-03,35.0,1,35.0
SO73664,16917,319,2013-12-22,2013-12-29,2014-01-03,5.0,1,5.0
SO73665,132,319,2013-12-22,2013-12-29,2014-01-03,5.0,1,5.0
SO73666,12675,317,2013-12-22,2013-12-29,2014-01-03,5.0,1,5.0
SO73667,862,325,2013-12-22,2013-12-29,2014-01-03,30.0,1,30.0
SO73668,12890,317,2013-12-22,2013-12-29,2014-01-03,5.0,1,5.0
SO73669,12701,325,2013-12-22,2013-12-29,2014-01-03,30.0,1,30.0
SO73670,11052,267,2013-12-22,2013-12-29,2014-01-03,10.0,1,10.0
SO73671,10592,266,2013-12-22,2013-12-29,2014-01-03,5.0,1,5.0
SO73672,10143,267,2013-12-22,2013-12-29,2014-01-03,10.0,1,10.0
SO73673,8665,12,2013-12-22,2013-12-29,2014-01-03,9.0,1,9.0
SO73673,8665,13,2013-12-22,2013-12-29,2014-01-03,9.0,1,9.0
SO73673,8665,14,2013-12-22,2013-12-29,2014-01-03,9.0,1,9.0
SO73674,13489,266,2013-12-22,2013-12-29,2014-01-03,5.0,1,5.0
SO73675,17434,329,2013-12-22,2013-12-29,2014-01-03,33.0,1,33.0
SO73676,8368,266,2013-12-22,2013-12-29,2014-01-03,5.0,1,5.0
SO73677,3530,330,2013-12-22,2013-12-29,2014-01-03,29.0,1,29.0
SO73678,10914,318,2013-12-22,2013-12-29,2014-01-03,4.0,1,4.0
SO73679,18419,319,2013-12-22,2013-12-29,2014-01-03,5.0,1,5.0
SO73680,12975,330,2013-12-22,2013-12-29,2014-01-03,29.0,1,29.0
SO73681,2096,326,2013-12-22,2013-12-29,2014-01-03,35.0,1,35.0
SO73682,1193,317,2013-12-22,2013-12-29,2014-01-03,5.0,1,5.0
SO73683,2029,326,2013-12-22,2013-12-29,2014-01-03,35.0,1,35.0
SO73684,1880,274,2013-12-22,2013-12-29,2014-01-03,22.0,1,22.0
SO73685,1731,12,2013-12-22,2013-12-29,2014-01-03,9.0,1,9.0
SO73685,1731,13,2013-12-22,2013-12-29,2014-01-03,9.0,1,9.0
SO73685,1731,14,2013-12-22,2013-12-29,2014-01-03,9.0,1,9.0
SO73686,1323,21,2013-12-22,2013-12-29,2014-01-03,50.0,1,50.0
SO73686,1323,22,2013-12-22,2013-12-29,2014-01-03,50.0,1,50.0
SO73686,1323,23,2013-12-22,2013-12-29,2014-01-03,50.0,1,50.0
SO73687,5216,388,2013-12-22,2013-12-29,2014-01-03,540.0,1,540.0
SO73688,7519,147,2013-12-22,2013-12-29,2014-01-03,2295.0,1,2295.0
SO73688,7519,148,2013-12-22,2013-12-29,2014-01-03,2295.0,1,2295.0
SO73689,2793,349,2013-12-22,2013-12-29,2014-01-03,1215.0,1,1215.0
SO73690,13476,370,2013-12-22,2013-12-29,2014-01-03,1701.0,1,1701.0
SO73691,16688,176,2013-12-22,2013-12-29,2014-01-03,1120.0,1,1120.0
SO73691,16688,177,2013-12-22,2013-12-29,2014-01-03,1120.0,1,1120.0
SO73692,5632,143,2013-12-22,2013-12-29,2014-01-03,2320.0,1,2320.0
SO73692,5632,144,2013-12-22,2013-12-29,2014-01-03,2320.0,1,2320.0
SO73693,5348,149,2013-12-22,2013-12-29,2014-01-03,2295.0,1,2295.0
SO73693,5348,150,2013-12-22,2013-12-29,2014-01-03,2295.0,1,2295.0
SO73694,2969,147,2013-12-22,2013-12-29,2014-01-03,2295.0,1,2295.0
SO73694,2969,148,2013-12-22,2013-12-29,2014-01-03,2295.0,1,2295.0
SO73695,17260,351,2013-12-22,2013-12-29,2014-01-03,2384.0,1,2384.0
SO73696,17274,353,2013-12-22,2013-12-29,2014-01-03,2384.0,1,2384.0
SO73697,12668,350,2013-12-22,2013-12-29,2014-01-03,2384.0,1,2384.0
SO73698,17241,352,2013-12-22,2013-12-29,2014-01-03,2384.0,1,2384.0
SO73699,17244,351,2013-12-22,2013-12-29,2014-01-03,2384.0,1,2384.0
SO73700,12058,364,2013-12-22,2013-12-29,2014-01-03,2384.0,1,2384.0
SO73701,13357,395,2013-12-22,2013-12-29,2014-01-03,540.0,1,540.0
SO73702,13386,393,2013-12-22,2013-12-29,2014-01-03,540.0,1,540.0
SO73703,11042,393,2013-12-22,2013-12-29,2014-01-03,540.0,1,540.0
SO73704,12886,395,2013-12-22,2013-12-29,2014-01-03,540.0,1,540.0
SO73705,8004,370,2013-12-22,2013-12-29,2014-01-03,1701.0,1,1701.0
SO73706,8320,370,2013-12-22,2013-12-29,2014-01-03,1701.0,1,1701.0
SO73707,15405,370,2013-12-22,2013-12-29,2014-01-03,1701.0,1,1701.0
SO73708,13033,373,2013-12-22,2013-12-29,2014-01-03,540.0,1,540.0
SO73709,361,375,2013-12-22,2013-12-29,2014-01-03,742.0,1,742.0
SO73710,366,358,2013-12-22,2013-12-29,2014-01-03,742.0,1,742.0
SO73711,947,374,2013-12-22,2013-12-29,2014-01-03,742.0,1,742.0
SO73712,2649,351,2013-12-22,2013-12-29,2014-01-03,2384.0,1,2384.0
SO73713,15918,373,2013-12-22,2013-12-29,2014-01-03,540.0,1,540.0
SO73714,17119,373,2013-12-22,2013-12-29,2014-01-03,540.0,1,540.0
SO73715,2638,352,2013-12-22,2013-12-29,2014-01-03,2384.0,1,2384.0
SO73716,13591,372,2013-12-23,2013-12-30,2014-01-04,1701.0,1,1701.0
SO73717,5347,318,2013-12-23,2013-12-30,2014-01-04,4.0,1,4.0
SO73718,5333,274,2013-12-23,2013-12-30,2014-01-04,22.0,1,22.0
SO73719,7263,318,2013-12-23,2013-12-30,2014-01-04,4.0,1,4.0
SO73720,5606,318,2013-12-23,2013-12-30,2014-01-04,4.0,1,4.0
SO73721,7714,269,2013-12-23,2013-12-30,2014-01-04,2.0,1,2.0
SO73722,7745,269,2013-12-23,2013-12-30,2014-01-04,2.0,1,2.0
SO73723,15207,164,2013-12-23,2013-12-30,2014-01-04,2443.0,1,2443.0
SO73723,15207,165,2013-12-23,2013-12-30,2014-01-04,2443.0,1,2443.0
SO73724,5560,160,2013-12-23,2013-12-30,2014-01-04,2443.0,1,2443.0
SO73724,5560,161,2013-12-23,2013-12-30,2014-01-04,2443.0,1,2443.0
SO73725,15208,160,2013-12-23,2013-12-30,2014-01-04,2443.0,1,2443.0
SO73725,15208,161,2013-12-23,2013-12-30,2014-01-04,2443.0,1,2443.0
SO73726,5309,145,2013-12-23,2013-12-30,2014-01-04,2320.0,1,2320.0
SO73726,5309,146,2013-12-23,2013-12-30,2014-01-04,2320.0,1,2320.0
SO73727,10533,149,2013-12-23,2013-12-30,2014-01-04,2295.0,1,2295.0
SO73727,10533,150,2013-12-23,2013-12-30,2014-01-04,2295.0,1,2295.0
SO73728,511,15,2013-12-23,2013-12-30,2014-01-04,50.0,1,50.0
SO73728,511,16,2013-12-23,2013-12-30,2014-01-04,50.0,1,50.0
SO73728,511,17,2013-12-23,2013-12-30,2014-01-04,50.0,1,50.0
SO73729,633,319,2013-12-23,2013-12-30,2014-01-04,5.0,1,5.0
SO73730,16549,327,2013-12-23,2013-12-30,2014-01-04,21.0,1,21.0
SO73731,15776,318,2013-12-23,2013-12-30,2014-01-04,4.0,1,4.0
SO73732,14280,329,2013-12-23,2013-12-30,2014-01-04,33.0,1,33.0
SO73733,14281,318,2013-12-23,2013-12-30,2014-01-04,4.0,1,4.0
SO73734,3283,324,2013-12-23,2013-12-30,2014-01-04,25.0,1,25.0
SO73735,14068,329,2013-12-23,2013-12-30,2014-01-04,33.0,1,33.0
SO73736,14155,318,2013-12-23,2013-12-30,2014-01-04,4.0,1,4.0
SO73737,5134,267,2013-12-23,2013-12-30,2014-01-04,10.0,1,10.0
SO73738,3627,266,2013-12-23,2013-12-30,2014-01-04,5.0,1,5.0
SO73739,18340,267,2013-12-23,2013-12-30,2014-01-04,10.0,1,10.0
SO73740,8851,265,2013-12-23,2013-12-30,2014-01-04,70.0,1,70.0
SO73741,5650,264,2013-12-23,2013-12-30,2014-01-04,70.0,1,70.0
SO73742,5647,264,2013-12-23,2013-12-30,2014-01-04,70.0,1,70.0
SO73743,6473,266,2013-12-23,2013-12-30,2014-01-04,5.0,1,5.0
SO73744,7118,266,2013-12-23,2013-12-30,2014-01-04,5.0,1,5.0
SO73745,5500,317,2013-12-23,2013-12-30,2014-01-04,5.0,1,5.0
SO73746,4011,274,2013-12-23,2013-12-30,2014-01-04,22.0,1,22.0
SO73747,3548,265,2013-12-23,2013-12-30,2014-01-04,70.0,1,70.0
SO73748,8379,328,2013-12-23,2013-12-30,2014-01-04,25.0,1,25.0
SO73749,13554,318,2013-12-23,2013-12-30,2014-01-04,4.0,1,4.0
SO73750,9962,318,2013-12-23,2013-12-30,2014-01-04,4.0,1,4.0
SO73751,11414,327,2013-12-23,2013-12-30,2014-01-04,21.0,1,21.0
SO73752,9012,386,2013-12-23,2013-12-30,2014-01-04,540.0,1,540.0
SO73753,7882,141,2013-12-23,2013-12-30,2014-01-04,2320.0,1,2320.0
SO73753,7882,142,2013-12-23,2013-12-30,2014-01-04,2320.0,1,2320.0
SO73754,7539,141,2013-12-23,2013-12-30,2014-01-04,2320.0,1,2320.0
SO73754,7539,142,2013-12-23,2013-12-30,2014-01-04,2320.0,1,2320.0
SO73755,9014,386,2013-12-23,2013-12-30,2014-01-04,540.0,1,540.0
SO73756,7534,141,2013-12-23,2013-12-30,2014-01-04,2320.0,1,2320.0
SO73756,7534,142,2013-12-23,2013-12-30,2014-01-04,2320.0,1,2320.0
SO73757,7416,149,2013-12-23,2013-12-30,2014-01-04,2295.0,1,2295.0
SO73757,7416,150,2013-12-23,2013-12-30,2014-01-04,2295.0,1,2295.0
SO73758,2785,349,2013-12-23,2013-12-30,2014-01-04,1215.0,1,1215.0
SO73759,5054,375,2013-12-23,2013-12-30,2014-01-04,742.0,1,742.0
SO73760,18382,358,2013-12-23,2013-12-30,2014-01-04,742.0,1,742.0
SO73761,11905,162,2013-12-23,2013-12-30,2014-01-04,2443.0,1,2443.0
SO73761,11905,163,2013-12-23,2013-12-30,2014-01-04,2443.0,1,2443.0
SO73762,16591,178,2013-12-23,2013-12-30,2014-01-04,1120.0,1,1120.0
SO73762,16591,179,2013-12-23,2013-12-30,2014-01-04,1120.0,1,1120.0
SO73763,5625,145,2013-12-23,2013-12-30,2014-01-04,2320.0,1,2320.0
SO73763,5625,146,2013-12-23,2013-12-30,2014-01-04,2320.0,1,2320.0
SO73764,5349,151,2013-12-23,2013-12-30,2014-01-04,2295.0,1,2295.0
SO73764,5349,152,2013-12-23,2013-12-30,2014-01-04,2295.0,1,2295.0
SO73765,2119,151,2013-12-23,2013-12-30,2014-01-04,2295.0,1,2295.0
SO73765,2119,152,2013-12-23,2013-12-30,2014-01-04,2295.0,1,2295.0
SO73766,5351,149,2013-12-23,2013-12-30,2014-01-04,2295.0,1,2295.0
SO73766,5351,150,2013-12-23,2013-12-30,2014-01-04,2295.0,1,2295.0
SO73767,5160,151,2013-12-23,2013-12-30,2014-01-04,2295.0,1,2295.0
SO73767,5160,152,2013-12-23,2013-12-30,2014-01-04,2295.0,1,2295.0
SO73768,262,356,2013-12-23,2013-12-30,2014-01-04,742.0,1,742.0
SO73769,14074,364,2013-12-23,2013-12-30,2014-01-04,2384.0,1,2384.0
SO73770,17247,351,2013-12-23,2013-12-30,2014-01-04,2384.0,1,2384.0
SO73771,13339,395,2013-12-23,2013-12-30,2014-01-04,540.0,1,540.0
SO73772,11187,178,2013-12-23,2013-12-30,2014-01-04,1120.0,1,1120.0
SO73772,11187,179,2013-12-23,2013-12-30,2014-01-04,1120.0,1,1120.0
SO73773,10438,176,2013-12-23,2013-12-30,2014-01-04,1120.0,1,1120.0
SO73773,10438,177,2013-12-23,2013-12-30,2014-01-04,1120.0,1,1120.0
SO73774,7857,370,2013-12-23,2013-12-30,2014-01-04,1701.0,1,1701.0
SO73775,15959,371,2013-12-23,2013-12-30,2014-01-04,1701.0,1,1701.0
SO73776,11637,370,2013-12-23,2013-12-30,2014-01-04,1701.0,1,1701.0
SO73777,8297,371,2013-12-23,2013-12-30,2014-01-04,1701.0,1,1701.0
SO73778,11635,370,2013-12-23,2013-12-30,2014-01-04,1701.0,1,1701.0
SO73779,17751,176,2013-12-23,2013-12-30,2014-01-04,1120.0,1,1120.0
SO73779,17751,177,2013-12-23,2013-12-30,2014-01-04,1120.0,1,1120.0
SO73780,3720,393,2013-12-23,2013-12-30,2014-01-04,540.0,1,540.0
SO73781,17526,395,2013-12-23,2013-12-30,2014-01-04,540.0,1,540.0
SO73782,13029,395,2013-12-23,2013-12-30,2014-01-04,540.0,1,540.0
SO73783,1658,363,2013-12-23,2013-12-30,2014-01-04,2384.0,1,2384.0
SO73784,16872,350,2013-12-23,2013-12-30,2014-01-04,2384.0,1,2384.0
SO73785,994,365,2013-12-23,2013-12-30,2014-01-04,2384.0,1,2384.0
SO73786,2961,362,2013-12-23,2013-12-30,2014-01-04,2384.0,1,2384.0
SO73787,2645,353,2013-12-23,2013-12-30,2014-01-04,2384.0,1,2384.0
SO73788,5687,389,2013-12-24,2013-12-31,2014-01-05,540.0,1,540.0
SO73789,2972,350,2013-12-24,2013-12-31,2014-01-05,2384.0,1,2384.0
SO73790,5947,377,2013-12-24,2013-12-31,2014-01-05,769.0,1,769.0
SO73791,506,21,2013-12-24,2013-12-31,2014-01-05,50.0,1,50.0
SO73791,506,22,2013-12-24,2013-12-31,2014-01-05,50.0,1,50.0
SO73791,506,23,2013-12-24,2013-12-31,2014-01-05,50.0,1,50.0
SO73792,3070,324,2013-12-24,2013-12-31,2014-01-05,25.0,1,25.0
SO73793,4142,318,2013-12-24,2013-12-31,2014-01-05,4.0,1,4.0
SO73794,7721,325,2013-12-24,2013-12-31,2014-01-05,30.0,1,30.0
SO73795,7334,327,2013-12-24,2013-12-31,2014-01-05,21.0,1,21.0
SO73796,7272,274,2013-12-24,2013-12-31,2014-01-05,22.0,1,22.0
SO73797,9404,266,2013-12-24,2013-12-31,2014-01-05,5.0,1,5.0
SO73798,15167,265,2013-12-24,2013-12-31,2014-01-05,70.0,1,70.0
SO73799,4797,4,2013-12-24,2013-12-31,2014-01-05,35.0,1,35.0
SO73799,4797,5,2013-12-24,2013-12-31,2014-01-05,35.0,1,35.0
SO73799,4797,6,2013-12-24,2013-12-31,2014-01-05,35.0,1,35.0
SO73800,4595,1,2013-12-24,2013-12-31,2014-01-05,35.0,1,35.0
SO73800,4595,2,2013-12-24,2013-12-31,2014-01-05,35.0,1,35.0
SO73800,4595,3,2013-12-24,2013-12-31,2014-01-05,35.0,1,35.0
SO73801,2635,318,2013-12-24,2013-12-31,2014-01-05,4.0,1,4.0
SO73802,5561,164,2013-12-24,2013-12-31,2014-01-05,2443.0,1,2443.0
SO73802,5561,165,2013-12-24,2013-12-31,2014-01-05,2443.0,1,2443.0
SO73803,5939,377,2013-12-24,2013-12-31,2014-01-05,769.0,1,769.0
SO73804,3839,379,2013-12-24,2013-12-31,2014-01-05,769.0,1,769.0
SO73805,14771,147,2013-12-24,2013-12-31,2014-01-05,2295.0,1,2295.0
SO73805,14771,148,2013-12-24,2013-12-31,2014-01-05,2295.0,1,2295.0
SO73806,4622,143,2013-12-24,2013-12-31,2014-01-05,2320.0,1,2320.0
SO73806,4622,144,2013-12-24,2013-12-31,2014-01-05,2320.0,1,2320.0
SO73807,2544,151,2013-12-24,2013-12-31,2014-01-05,2295.0,1,2295.0
SO73807,2544,152,2013-12-24,2013-12-31,2014-01-05,2295.0,1,2295.0
SO73808,1974,12,2013-12-24,2013-12-31,2014-01-05,9.0,1,9.0
SO73808,1974,13,2013-12-24,2013-12-31,2014-01-05,9.0,1,9.0
SO73808,1974,14,2013-12-24,2013-12-31,2014-01-05,9.0,1,9.0
SO73809,174,318,2013-12-24,2013-12-31,2014-01-05,4.0,1,4.0
SO73810,17869,318,2013-12-24,2013-12-31,2014-01-05,4.0,1,4.0
SO73811,521,318,2013-12-24,2013-12-31,2014-01-05,4.0,1,4.0
SO73812,521,319,2013-12-24,2013-12-31,2014-01-05,5.0,1,5.0
SO73813,18173,328,2013-12-24,2013-12-31,2014-01-05,25.0,1,25.0
SO73814,16661,327,2013-12-24,2013-12-31,2014-01-05,21.0,1,21.0
SO73815,277,329,2013-12-24,2013-12-31,2014-01-05,33.0,1,33.0
SO73816,12469,317,2013-12-24,2013-12-31,2014-01-05,5.0,1,5.0
SO73817,13927,324,2013-12-24,2013-12-31,2014-01-05,25.0,1,25.0
SO73818,11111,325,2013-12-24,2013-12-31,2014-01-05,30.0,1,30.0
SO73819,643,265,2013-12-24,2013-12-31,2014-01-05,70.0,1,70.0
SO73820,18073,265,2013-12-24,2013-12-31,2014-01-05,70.0,1,70.0
SO73821,14438,266,2013-12-24,2013-12-31,2014-01-05,5.0,1,5.0
SO73822,14846,266,2013-12-24,2013-12-31,2014-01-05,5.0,1,5.0
SO73823,8710,317,2013-12-24,2013-12-31,2014-01-05,5.0,1,5.0
SO73824,2860,274,2013-12-24,2013-12-31,2014-01-05,22.0,1,22.0
SO73825,4673,317,2013-12-24,2013-12-31,2014-01-05,5.0,1,5.0
SO73826,6202,274,2013-12-24,2013-12-31,2014-01-05,22.0,1,22.0
SO73827,8909,324,2013-12-24,2013-12-31,2014-01-05,25.0,1,25.0
SO73828,2839,329,2013-12-24,2013-12-31,2014-01-05,33.0,1,33.0
SO73829,1824,329,2013-12-24,2013-12-31,2014-01-05,33.0,1,33.0
SO73830,16928,318,2013-12-24,2013-12-31,2014-01-05,4.0,1,4.0
SO73831,17566,330,2013-12-24,2013-12-31,2014-01-05,29.0,1,29.0
SO73832,4920,12,2013-12-24,2013-12-31,2014-01-05,9.0,1,9.0
SO73832,4920,13,2013-12-24,2013-12-31,2014-01-05,9.0,1,9.0
SO73832,4920,14,2013-12-24,2013-12-31,2014-01-05,9.0,1,9.0
SO73833,311,317,2013-12-24,2013-12-31,2014-01-05,5.0,1,5.0
SO73834,1533,326,2013-12-24,2013-12-31,2014-01-05,35.0,1,35.0
SO73835,1741,267,2013-12-24,2013-12-31,2014-01-05,10.0,1,10.0
SO73836,7818,143,2013-12-24,2013-12-31,2014-01-05,2320.0,1,2320.0
SO73836,7818,144,2013-12-24,2013-12-31,2014-01-05,2320.0,1,2320.0
SO73837,2988,151,2013-12-24,2013-12-31,2014-01-05,2295.0,1,2295.0
SO73837,2988,152,2013-12-24,2013-12-31,2014-01-05,2295.0,1,2295.0
SO73838,7548,143,2013-12-24,2013-12-31,2014-01-05,2320.0,1,2320.0
SO73838,7548,144,2013-12-24,2013-12-31,2014-01-05,2320.0,1,2320.0
SO73839,4498,379,2013-12-24,2013-12-31,2014-01-05,769.0,1,769.0
SO73840,7527,151,2013-12-24,2013-12-31,2014-01-05,2295.0,1,2295.0
SO73840,7527,152,2013-12-24,2013-12-31,2014-01-05,2295.0,1,2295.0
SO73841,7407,143,2013-12-24,2013-12-31,2014-01-05,2320.0,1,2320.0
SO73841,7407,144,2013-12-24,2013-12-31,2014-01-05,2320.0,1,2320.0
SO73842,7414,143,2013-12-24,2013-12-31,2014-01-05,2320.0,1,2320.0
SO73842,7414,144,2013-12-24,2013-12-31,2014-01-05,2320.0,1,2320.0
SO73843,9484,141,2013-12-24,2013-12-31,2014-01-05,2320.0,1,2320.0
SO73843,9484,142,2013-12-24,2013-12-31,2014-01-05,2320.0,1,2320.0
SO73844,1746,361,2013-12-24,2013-12-31,2014-01-05,742.0,1,742.0
SO73845,11922,168,2013-12-24,2013-12-31,2014-01-05,2443.0,1,2443.0
SO73845,11922,169,2013-12-24,2013-12-31,2014-01-05,2443.0,1,2443.0
SO73846,15569,172,2013-12-24,2013-12-31,2014-01-05,1120.0,1,1120.0
SO73846,15569,173,2013-12-24,2013-12-31,2014-01-05,1120.0,1,1120.0
SO73847,16490,393,2013-12-24,2013-12-31,2014-01-05,540.0,1,540.0
SO73848,15297,367,2013-12-24,2013-12-31,2014-01-05,1215.0,1,1215.0
SO73849,4918,363,2013-12-24,2013-12-31,2014-01-05,2384.0,1,2384.0
SO73850,17159,364,2013-12-24,2013-12-31,2014-01-05,2384.0,1,2384.0
SO73851,17160,364,2013-12-24,2013-12-31,2014-01-05,2384.0,1,2384.0
SO73852,17077,364,2013-12-24,2013-12-31,2014-01-05,2384.0,1,2384.0
SO73853,10814,393,2013-12-24,2013-12-31,2014-01-05,540.0,1,540.0
SO73854,12884,394,2013-12-24,2013-12-31,2014-01-05,540.0,1,540.0
SO73855,11219,174,2013-12-24,2013-12-31,2014-01-05,1120.0,1,1120.0
SO73855,11219,175,2013-12-24,2013-12-31,2014-01-05,1120.0,1,1120.0
SO73856,10285,170,2013-12-24,2013-12-31,2014-01-05,1120.0,1,1120.0
SO73856,10285,171,2013-12-24,2013-12-31,2014-01-05,1120.0,1,1120.0
SO73857,10928,172,2013-12-24,2013-12-31,2014-01-05,1120.0,1,1120.0
SO73857,10928,173,2013-12-24,2013-12-31,2014-01-05,1120.0,1,1120.0
SO73858,8115,371,2013-12-24,2013-12-31,2014-01-05,1701.0,1,1701.0
SO73859,8125,372,2013-12-24,2013-12-31,2014-01-05,1701.0,1,1701.0
SO73860,8416,369,2013-12-24,2013-12-31,2014-01-05,1701.0,1,1701.0
SO73861,8298,369,2013-12-24,2013-12-31,2014-01-05,1701.0,1,1701.0
SO73862,15830,370,2013-12-24,2013-12-31,2014-01-05,1701.0,1,1701.0
SO73863,14588,373,2013-12-24,2013-12-31,2014-01-05,540.0,1,540.0
SO73864,430,365,2013-12-24,2013-12-31,2014-01-05,2384.0,1,2384.0
SO73865,1331,364,2013-12-24,2013-12-31,2014-01-05,2384.0,1,2384.0
SO73866,16470,373,2013-12-24,2013-12-31,2014-01-05,540.0,1,540.0
SO73867,2026,384,2013-12-25,2014-01-01,2014-01-06,565.0,1,565.0
SO73868,3046,350,2013-12-25,2014-01-01,2014-01-06,2384.0,1,2384.0
SO73869,79,268,2013-12-25,2014-01-01,2014-01-06,9.0,1,9.0
SO73870,2973,324,2013-12-25,2014-01-01,2014-01-06,25.0,1,25.0
SO73871,3680,328,2013-12-25,2014-01-01,2014-01-06,25.0,1,25.0
SO73872,1588,21,2013-12-25,2014-01-01,2014-01-06,50.0,1,50.0
SO73872,1588,22,2013-12-25,2014-01-01,2014-01-06,50.0,1,50.0
SO73872,1588,23,2013-12-25,2014-01-01,2014-01-06,50.0,1,50.0
SO73873,8574,330,2013-12-25,2014-01-01,2014-01-06,29.0,1,29.0
SO73874,4079,141,2013-12-25,2014-01-01,2014-01-06,2320.0,1,2320.0
SO73874,4079,142,2013-12-25,2014-01-01,2014-01-06,2320.0,1,2320.0
SO73875,4441,149,2013-12-25,2014-01-01,2014-01-06,2295.0,1,2295.0
SO73875,4441,150,2013-12-25,2014-01-01,2014-01-06,2295.0,1,2295.0
SO73876,5053,387,2013-12-25,2014-01-01,2014-01-06,540.0,1,540.0
SO73877,433,382,2013-12-25,2014-01-01,2014-01-06,565.0,1,565.0
SO73878,712,1,2013-12-25,2014-01-01,2014-01-06,35.0,1,35.0
SO73878,712,2,2013-12-25,2014-01-01,2014-01-06,35.0,1,35.0
SO73878,712,3,2013-12-25,2014-01-01,2014-01-06,35.0,1,35.0
SO73879,632,278,2013-12-25,2014-01-01,2014-01-06,54.0,1,54.0
SO73880,18134,318,2013-12-25,2014-01-01,2014-01-06,4.0,1,4.0
SO73881,14201,329,2013-12-25,2014-01-01,2014-01-06,33.0,1,33.0
SO73882,12490,317,2013-12-25,2014-01-01,2014-01-06,5.0,1,5.0
SO73883,14854,324,2013-12-25,2014-01-01,2014-01-06,25.0,1,25.0
SO73884,11775,325,2013-12-25,2014-01-01,2014-01-06,30.0,1,30.0
SO73885,12077,325,2013-12-25,2014-01-01,2014-01-06,30.0,1,30.0
SO73886,9696,266,2013-12-25,2014-01-01,2014-01-06,5.0,1,5.0
SO73887,4816,267,2013-12-25,2014-01-01,2014-01-06,10.0,1,10.0
SO73888,7942,265,2013-12-25,2014-01-01,2014-01-06,70.0,1,70.0
SO73889,9323,263,2013-12-25,2014-01-01,2014-01-06,70.0,1,70.0
SO73890,9018,264,2013-12-25,2014-01-01,2014-01-06,70.0,1,70.0
SO73891,15052,266,2013-12-25,2014-01-01,2014-01-06,5.0,1,5.0
SO73892,8405,266,2013-12-25,2014-01-01,2014-01-06,5.0,1,5.0
SO73893,16209,266,2013-12-25,2014-01-01,2014-01-06,5.0,1,5.0
SO73894,6517,266,2013-12-25,2014-01-01,2014-01-06,5.0,1,5.0
SO73895,4961,317,2013-12-25,2014-01-01,2014-01-06,5.0,1,5.0
SO73896,4888,317,2013-12-25,2014-01-01,2014-01-06,5.0,1,5.0
SO73897,4394,317,2013-12-25,2014-01-01,2014-01-06,5.0,1,5.0
SO73898,6198,274,2013-12-25,2014-01-01,2014-01-06,22.0,1,22.0
SO73899,6881,324,2013-12-25,2014-01-01,2014-01-06,25.0,1,25.0
SO73900,9044,325,2013-12-25,2014-01-01,2014-01-06,30.0,1,30.0
SO73901,17900,318,2013-12-25,2014-01-01,2014-01-06,4.0,1,4.0
SO73902,13144,318,2013-12-25,2014-01-01,2014-01-06,4.0,1,4.0
SO73903,18442,330,2013-12-25,2014-01-01,2014-01-06,29.0,1,29.0
SO73904,7157,319,2013-12-25,2014-01-01,2014-01-06,5.0,1,5.0
SO73905,941,326,2013-12-25,2014-01-01,2014-01-06,35.0,1,35.0
SO73906,4198,326,2013-12-25,2014-01-01,2014-01-06,35.0,1,35.0
SO73907,2312,274,2013-12-25,2014-01-01,2014-01-06,22.0,1,22.0
SO73908,1483,18,2013-12-25,2014-01-01,2014-01-06,50.0,1,50.0
SO73908,1483,19,2013-12-25,2014-01-01,2014-01-06,50.0,1,50.0
SO73908,1483,20,2013-12-25,2014-01-01,2014-01-06,50.0,1,50.0
SO73909,9660,168,2013-12-25,2014-01-01,2014-01-06,2443.0,1,2443.0
SO73909,9660,169,2013-12-25,2014-01-01,2014-01-06,2443.0,1,2443.0
SO73910,5791,160,2013-12-25,2014-01-01,2014-01-06,2443.0,1,2443.0
SO73910,5791,161,2013-12-25,2014-01-01,2014-01-06,2443.0,1,2443.0
SO73911,7541,141,2013-12-25,2014-01-01,2014-01-06,2320.0,1,2320.0
SO73911,7541,142,2013-12-25,2014-01-01,2014-01-06,2320.0,1,2320.0
SO73912,4548,376,2013-12-25,2014-01-01,2014-01-06,769.0,1,769.0
SO73913,11714,386,2013-12-25,2014-01-01,2014-01-06,540.0,1,540.0
SO73914,7427,143,2013-12-25,2014-01-01,2014-01-06,2320.0,1,2320.0
SO73914,7427,144,2013-12-25,2014-01-01,2014-01-06,2320.0,1,2320.0
SO73915,4661,374,2013-12-25,2014-01-01,2014-01-06,742.0,1,742.0
SO73916,18376,358,2013-12-25,2014-01-01,2014-01-06,742.0,1,742.0
SO73917,11960,369,2013-12-25,2014-01-01,2014-01-06,1701.0,1,1701.0
SO73918,11913,166,2013-12-25,2014-01-01,2014-01-06,2443.0,1,2443.0
SO73918,11913,167,2013-12-25,2014-01-01,2014-01-06,2443.0,1,2443.0
SO73919,2998,160,2013-12-25,2014-01-01,2014-01-06,2443.0,1,2443.0
SO73919,2998,161,2013-12-25,2014-01-01,2014-01-06,2443.0,1,2443.0
SO73920,11861,168,2013-12-25,2014-01-01,2014-01-06,2443.0,1,2443.0
SO73920,11861,169,2013-12-25,2014-01-01,2014-01-06,2443.0,1,2443.0
SO73921,11906,168,2013-12-25,2014-01-01,2014-01-06,2443.0,1,2443.0
SO73921,11906,169,2013-12-25,2014-01-01,2014-01-06,2443.0,1,2443.0
SO73922,4268,378,2013-12-25,2014-01-01,2014-01-06,769.0,1,769.0
SO73923,5497,143,2013-12-25,2014-01-01,2014-01-06,2320.0,1,2320.0
SO73923,5497,144,2013-12-25,2014-01-01,2014-01-06,2320.0,1,2320.0
SO73924,49,149,2013-12-25,2014-01-01,2014-01-06,2295.0,1,2295.0
SO73924,49,150,2013-12-25,2014-01-01,2014-01-06,2295.0,1,2295.0
SO73925,17084,363,2013-12-25,2014-01-01,2014-01-06,2384.0,1,2384.0
SO73926,13388,395,2013-12-25,2014-01-01,2014-01-06,540.0,1,540.0
SO73927,11017,373,2013-12-25,2014-01-01,2014-01-06,540.0,1,540.0
SO73928,13328,393,2013-12-25,2014-01-01,2014-01-06,540.0,1,540.0
SO73929,18042,393,2013-12-25,2014-01-01,2014-01-06,540.0,1,540.0
SO73930,13232,394,2013-12-25,2014-01-01,2014-01-06,540.0,1,540.0
SO73931,11141,178,2013-12-25,2014-01-01,2014-01-06,1120.0,1,1120.0
SO73931,11141,179,2013-12-25,2014-01-01,2014-01-06,1120.0,1,1120.0
SO73932,8147,372,2013-12-25,2014-01-01,2014-01-06,1701.0,1,1701.0
SO73933,1130,369,2013-12-25,2014-01-01,2014-01-06,1701.0,1,1701.0
SO73934,8288,369,2013-12-25,2014-01-01,2014-01-06,1701.0,1,1701.0
SO73935,16320,369,2013-12-25,2014-01-01,2014-01-06,1701.0,1,1701.0
SO73936,14611,394,2013-12-25,2014-01-01,2014-01-06,540.0,1,540.0
SO73937,14592,373,2013-12-25,2014-01-01,2014-01-06,540.0,1,540.0
SO73938,2257,364,2013-12-25,2014-01-01,2014-01-06,2384.0,1,2384.0
SO73939,4134,357,2013-12-25,2014-01-01,2014-01-06,742.0,1,742.0
SO73940,2967,364,2013-12-26,2014-01-02,2014-01-07,2384.0,1,2384.0
SO73941,1089,18,2013-12-26,2014-01-02,2014-01-07,50.0,1,50.0
SO73941,1089,19,2013-12-26,2014-01-02,2014-01-07,50.0,1,50.0
SO73941,1089,20,2013-12-26,2014-01-02,2014-01-07,50.0,1,50.0
SO73942,115,324,2013-12-26,2014-01-02,2014-01-07,25.0,1,25.0
SO73943,4585,328,2013-12-26,2014-01-02,2014-01-07,25.0,1,25.0
SO73944,6077,328,2013-12-26,2014-01-02,2014-01-07,25.0,1,25.0
SO73945,3678,318,2013-12-26,2014-01-02,2014-01-07,4.0,1,4.0
SO73946,9249,317,2013-12-26,2014-01-02,2014-01-07,5.0,1,5.0
SO73947,8101,274,2013-12-26,2014-01-02,2014-01-07,22.0,1,22.0
SO73948,914,317,2013-12-26,2014-01-02,2014-01-07,5.0,1,5.0
SO73949,6504,1,2013-12-26,2014-01-02,2014-01-07,35.0,1,35.0
SO73949,6504,2,2013-12-26,2014-01-02,2014-01-07,35.0,1,35.0
SO73949,6504,3,2013-12-26,2014-01-02,2014-01-07,35.0,1,35.0
SO73950,2636,318,2013-12-26,2014-01-02,2014-01-07,4.0,1,4.0
SO73951,2121,276,2013-12-26,2014-01-02,2014-01-07,55.0,1,55.0
SO73952,5941,160,2013-12-26,2014-01-02,2014-01-07,2443.0,1,2443.0
SO73952,5941,161,2013-12-26,2014-01-02,2014-01-07,2443.0,1,2443.0
SO73953,4688,164,2013-12-26,2014-01-02,2014-01-07,2443.0,1,2443.0
SO73953,4688,165,2013-12-26,2014-01-02,2014-01-07,2443.0,1,2443.0
SO73954,2156,268,2013-12-26,2014-01-02,2014-01-07,9.0,1,9.0
SO73955,10528,151,2013-12-26,2014-01-02,2014-01-07,2295.0,1,2295.0
SO73955,10528,152,2013-12-26,2014-01-02,2014-01-07,2295.0,1,2295.0
SO73956,8941,143,2013-12-26,2014-01-02,2014-01-07,2320.0,1,2320.0
SO73956,8941,144,2013-12-26,2014-01-02,2014-01-07,2320.0,1,2320.0
SO73957,12234,388,2013-12-26,2014-01-02,2014-01-07,540.0,1,540.0
SO73958,5290,380,2013-12-26,2014-01-02,2014-01-07,565.0,1,565.0
SO73959,1071,15,2013-12-26,2014-01-02,2014-01-07,50.0,1,50.0
SO73959,1071,16,2013-12-26,2014-01-02,2014-01-07,50.0,1,50.0
SO73959,1071,17,2013-12-26,2014-01-02,2014-01-07,50.0,1,50.0
SO73960,511,319,2013-12-26,2014-01-02,2014-01-07,5.0,1,5.0
SO73961,17637,318,2013-12-26,2014-01-02,2014-01-07,4.0,1,4.0
SO73962,16245,330,2013-12-26,2014-01-02,2014-01-07,29.0,1,29.0
SO73963,16476,318,2013-12-26,2014-01-02,2014-01-07,4.0,1,4.0
SO73964,11885,325,2013-12-26,2014-01-02,2014-01-07,30.0,1,30.0
SO73965,11721,325,2013-12-26,2014-01-02,2014-01-07,30.0,1,30.0
SO73966,12699,325,2013-12-26,2014-01-02,2014-01-07,30.0,1,30.0
SO73967,11371,325,2013-12-26,2014-01-02,2014-01-07,30.0,1,30.0
SO73968,10415,266,2013-12-26,2014-01-02,2014-01-07,5.0,1,5.0
SO73969,10315,267,2013-12-26,2014-01-02,2014-01-07,10.0,1,10.0
SO73970,17772,263,2013-12-26,2014-01-02,2014-01-07,70.0,1,70.0
SO73971,8639,266,2013-12-26,2014-01-02,2014-01-07,5.0,1,5.0
SO73972,6524,266,2013-12-26,2014-01-02,2014-01-07,5.0,1,5.0
SO73973,4878,317,2013-12-26,2014-01-02,2014-01-07,5.0,1,5.0
SO73974,4892,317,2013-12-26,2014-01-02,2014-01-07,5.0,1,5.0
SO73975,10481,317,2013-12-26,2014-01-02,2014-01-07,5.0,1,5.0
SO73976,5727,317,2013-12-26,2014-01-02,2014-01-07,5.0,1,5.0
SO73977,10432,274,2013-12-26,2014-01-02,2014-01-07,22.0,1,22.0
SO73978,7036,328,2013-12-26,2014-01-02,2014-01-07,25.0,1,25.0
SO73979,9132,318,2013-12-26,2014-01-02,2014-01-07,4.0,1,4.0
SO73980,1603,330,2013-12-26,2014-01-02,2014-01-07,29.0,1,29.0
SO73981,18448,327,2013-12-26,2014-01-02,2014-01-07,21.0,1,21.0
SO73982,14546,318,2013-12-26,2014-01-02,2014-01-07,4.0,1,4.0
SO73983,5543,319,2013-12-26,2014-01-02,2014-01-07,5.0,1,5.0
SO73984,15216,319,2013-12-26,2014-01-02,2014-01-07,5.0,1,5.0
SO73985,6194,319,2013-12-26,2014-01-02,2014-01-07,5.0,1,5.0
SO73986,716,317,2013-12-26,2014-01-02,2014-01-07,5.0,1,5.0
SO73987,2613,267,2013-12-26,2014-01-02,2014-01-07,10.0,1,10.0
SO73988,1326,4,2013-12-26,2014-01-02,2014-01-07,35.0,1,35.0
SO73988,1326,5,2013-12-26,2014-01-02,2014-01-07,35.0,1,35.0
SO73988,1326,6,2013-12-26,2014-01-02,2014-01-07,35.0,1,35.0
SO73989,7784,141,2013-12-26,2014-01-02,2014-01-07,2320.0,1,2320.0
SO73989,7784,142,2013-12-26,2014-01-02,2014-01-07,2320.0,1,2320.0
SO73990,7832,143,2013-12-26,2014-01-02,2014-01-07,2320.0,1,2320.0
SO73990,7832,144,2013-12-26,2014-01-02,2014-01-07,2320.0,1,2320.0
SO73991,7587,141,2013-12-26,2014-01-02,2014-01-07,2320.0,1,2320.0
SO73991,7587,142,2013-12-26,2014-01-02,2014-01-07,2320.0,1,2320.0
SO73992,7611,151,2013-12-26,2014-01-02,2014-01-07,2295.0,1,2295.0
SO73992,7611,152,2013-12-26,2014-01-02,2014-01-07,2295.0,1,2295.0
SO73993,7782,141,2013-12-26,2014-01-02,2014-01-07,2320.0,1,2320.0
SO73993,7782,142,2013-12-26,2014-01-02,2014-01-07,2320.0,1,2320.0
SO73994,7540,143,2013-12-26,2014-01-02,2014-01-07,2320.0,1,2320.0
SO73994,7540,144,2013-12-26,2014-01-02,2014-01-07,2320.0,1,2320.0
SO73995,4524,376,2013-12-26,2014-01-02,2014-01-07,769.0,1,769.0
SO73996,7517,141,2013-12-26,2014-01-02,2014-01-07,2320.0,1,2320.0
SO73996,7517,142,2013-12-26,2014-01-02,2014-01-07,2320.0,1,2320.0
SO73997,2729,145,2013-12-26,2014-01-02,2014-01-07,2320.0,1,2320.0
SO73997,2729,146,2013-12-26,2014-01-02,2014-01-07,2320.0,1,2320.0
SO73998,10312,141,2013-12-26,2014-01-02,2014-01-07,2320.0,1,2320.0
SO73998,10312,142,2013-12-26,2014-01-02,2014-01-07,2320.0,1,2320.0
SO73999,7404,149,2013-12-26,2014-01-02,2014-01-07,2295.0,1,2295.0
SO73999,7404,150,2013-12-26,2014-01-02,2014-01-07,2295.0,1,2295.0
SO74000,2701,143,2013-12-26,2014-01-02,2014-01-07,2320.0,1,2320.0
SO74000,2701,144,2013-12-26,2014-01-02,2014-01-07,2320.0,1,2320.0
SO74001,8455,368,2013-12-26,2014-01-02,2014-01-07,1215.0,1,1215.0
SO74002,1303,365,2013-12-26,2014-01-02,2014-01-07,2384.0,1,2384.0
SO74003,11846,168,2013-12-26,2014-01-02,2014-01-07,2443.0,1,2443.0
SO74003,11846,169,2013-12-26,2014-01-02,2014-01-07,2443.0,1,2443.0
SO74004,15448,176,2013-12-26,2014-01-02,2014-01-07,1120.0,1,1120.0
SO74004,15448,177,2013-12-26,2014-01-02,2014-01-07,1120.0,1,1120.0
SO74005,16713,172,2013-12-26,2014-01-02,2014-01-07,1120.0,1,1120.0
SO74005,16713,173,2013-12-26,2014-01-02,2014-01-07,1120.0,1,1120.0
SO74006,4907,352,2013-12-26,2014-01-02,2014-01-07,2384.0,1,2384.0
SO74007,17100,350,2013-12-26,2014-01-02,2014-01-07,2384.0,1,2384.0
SO74008,10387,395,2013-12-26,2014-01-02,2014-01-07,540.0,1,540.0
SO74009,13309,394,2013-12-26,2014-01-02,2014-01-07,540.0,1,540.0
SO74010,13255,262,2013-12-26,2014-01-02,2014-01-07,64.0,1,64.0
SO74011,11062,170,2013-12-26,2014-01-02,2014-01-07,1120.0,1,1120.0
SO74011,11062,171,2013-12-26,2014-01-02,2014-01-07,1120.0,1,1120.0
SO74012,11221,174,2013-12-26,2014-01-02,2014-01-07,1120.0,1,1120.0
SO74012,11221,175,2013-12-26,2014-01-02,2014-01-07,1120.0,1,1120.0
SO74013,10437,178,2013-12-26,2014-01-02,2014-01-07,1120.0,1,1120.0
SO74013,10437,179,2013-12-26,2014-01-02,2014-01-07,1120.0,1,1120.0
SO74014,10925,172,2013-12-26,2014-01-02,2014-01-07,1120.0,1,1120.0
SO74014,10925,173,2013-12-26,2014-01-02,2014-01-07,1120.0,1,1120.0
SO74015,10435,176,2013-12-26,2014-01-02,2014-01-07,1120.0,1,1120.0
SO74015,10435,177,2013-12-26,2014-01-02,2014-01-07,1120.0,1,1120.0
SO74016,9681,174,2013-12-26,2014-01-02,2014-01-07,1120.0,1,1120.0
SO74016,9681,175,2013-12-26,2014-01-02,2014-01-07,1120.0,1,1120.0
SO74017,8158,371,2013-12-26,2014-01-02,2014-01-07,1701.0,1,1701.0
SO74018,8277,369,2013-12-26,2014-01-02,2014-01-07,1701.0,1,1701.0
SO74019,10673,170,2013-12-26,2014-01-02,2014-01-07,1120.0,1,1120.0
SO74019,10673,171,2013-12-26,2014-01-02,2014-01-07,1120.0,1,1120.0
SO74020,9937,174,2013-12-26,2014-01-02,2014-01-07,1120.0,1,1120.0
SO74020,9937,175,2013-12-26,2014-01-02,2014-01-07,1120.0,1,1120.0
SO74021,11319,176,2013-12-26,2014-01-02,2014-01-07,1120.0,1,1120.0
SO74021,11319,177,2013-12-26,2014-01-02,2014-01-07,1120.0,1,1120.0
SO74022,14578,176,2013-12-26,2014-01-02,2014-01-07,1120.0,1,1120.0
SO74022,14578,177,2013-12-26,2014-01-02,2014-01-07,1120.0,1,1120.0
SO74023,14490,174,2013-12-26,2014-01-02,2014-01-07,1120.0,1,1120.0
SO74023,14490,175,2013-12-26,2014-01-02,2014-01-07,1120.0,1,1120.0
SO74024,14586,172,2013-12-26,2014-01-02,2014-01-07,1120.0,1,1120.0
SO74024,14586,173,2013-12-26,2014-01-02,2014-01-07,1120.0,1,1120.0
SO74025,14464,364,2013-12-26,2014-01-02,2014-01-07,2384.0,1,2384.0
SO74026,365,361,2013-12-26,2014-01-02,2014-01-07,742.0,1,742.0
SO74027,18345,393,2013-12-26,2014-01-02,2014-01-07,540.0,1,540.0
SO74028,16472,395,2013-12-26,2014-01-02,2014-01-07,540.0,1,540.0
SO74029,2157,383,2013-12-27,2014-01-03,2014-01-08,565.0,1,565.0
SO74030,13587,369,2013-12-27,2014-01-03,2014-01-08,1701.0,1,1701.0
SO74031,501,273,2013-12-27,2014-01-03,2014-01-08,8.0,1,8.0
SO74032,370,324,2013-12-27,2014-01-03,2014-01-08,25.0,1,25.0
SO74033,4795,328,2013-12-27,2014-01-03,2014-01-08,25.0,1,25.0
SO74034,11006,326,2013-12-27,2014-01-03,2014-01-08,35.0,1,35.0
SO74035,5711,280,2013-12-27,2014-01-03,2014-01-08,54.0,1,54.0
SO74036,2549,145,2013-12-27,2014-01-03,2014-01-08,2320.0,1,2320.0
SO74036,2549,146,2013-12-27,2014-01-03,2014-01-08,2320.0,1,2320.0
SO74037,2516,147,2013-12-27,2014-01-03,2014-01-08,2295.0,1,2295.0
SO74037,2516,148,2013-12-27,2014-01-03,2014-01-08,2295.0,1,2295.0
SO74038,4088,149,2013-12-27,2014-01-03,2014-01-08,2295.0,1,2295.0
SO74038,4088,150,2013-12-27,2014-01-03,2014-01-08,2295.0,1,2295.0
SO74039,4089,147,2013-12-27,2014-01-03,2014-01-08,2295.0,1,2295.0
SO74039,4089,148,2013-12-27,2014-01-03,2014-01-08,2295.0,1,2295.0
SO74040,1831,151,2013-12-27,2014-01-03,2014-01-08,2295.0,1,2295.0
SO74040,1831,152,2013-12-27,2014-01-03,2014-01-08,2295.0,1,2295.0
SO74041,1958,12,2013-12-27,2014-01-03,2014-01-08,9.0,1,9.0
SO74041,1958,13,2013-12-27,2014-01-03,2014-01-08,9.0,1,9.0
SO74041,1958,14,2013-12-27,2014-01-03,2014-01-08,9.0,1,9.0
SO74042,502,328,2013-12-27,2014-01-03,2014-01-08,25.0,1,25.0
SO74043,16012,330,2013-12-27,2014-01-03,2014-01-08,29.0,1,29.0
SO74044,14441,251,2013-12-27,2014-01-03,2014-01-08,24.0,1,24.0
SO74044,14441,252,2013-12-27,2014-01-03,2014-01-08,24.0,1,24.0
SO74045,12566,325,2013-12-27,2014-01-03,2014-01-08,30.0,1,30.0
SO74046,10736,266,2013-12-27,2014-01-03,2014-01-08,5.0,1,5.0
SO74047,9779,267,2013-12-27,2014-01-03,2014-01-08,10.0,1,10.0
SO74048,7888,263,2013-12-27,2014-01-03,2014-01-08,70.0,1,70.0
SO74049,739,264,2013-12-27,2014-01-03,2014-01-08,70.0,1,70.0
SO74050,7435,266,2013-12-27,2014-01-03,2014-01-08,5.0,1,5.0
SO74051,7997,264,2013-12-27,2014-01-03,2014-01-08,70.0,1,70.0
SO74052,4849,317,2013-12-27,2014-01-03,2014-01-08,5.0,1,5.0
SO74053,4111,263,2013-12-27,2014-01-03,2014-01-08,70.0,1,70.0
SO74054,8937,328,2013-12-27,2014-01-03,2014-01-08,25.0,1,25.0
SO74055,8357,325,2013-12-27,2014-01-03,2014-01-08,30.0,1,30.0
SO74056,11831,318,2013-12-27,2014-01-03,2014-01-08,4.0,1,4.0
SO74057,17760,325,2013-12-27,2014-01-03,2014-01-08,30.0,1,30.0
SO74058,16331,319,2013-12-27,2014-01-03,2014-01-08,5.0,1,5.0
SO74059,533,326,2013-12-27,2014-01-03,2014-01-08,35.0,1,35.0
SO74060,4450,319,2013-12-27,2014-01-03,2014-01-08,5.0,1,5.0
SO74061,2752,326,2013-12-27,2014-01-03,2014-01-08,35.0,1,35.0
SO74062,1964,326,2013-12-27,2014-01-03,2014-01-08,35.0,1,35.0
SO74063,7828,151,2013-12-27,2014-01-03,2014-01-08,2295.0,1,2295.0
SO74063,7828,152,2013-12-27,2014-01-03,2014-01-08,2295.0,1,2295.0
SO74064,7562,145,2013-12-27,2014-01-03,2014-01-08,2320.0,1,2320.0
SO74064,7562,146,2013-12-27,2014-01-03,2014-01-08,2320.0,1,2320.0
SO74065,4503,378,2013-12-27,2014-01-03,2014-01-08,769.0,1,769.0
SO74066,4468,376,2013-12-27,2014-01-03,2014-01-08,769.0,1,769.0
SO74067,4335,378,2013-12-27,2014-01-03,2014-01-08,769.0,1,769.0
SO74068,4476,378,2013-12-27,2014-01-03,2014-01-08,769.0,1,769.0
SO74069,11749,381,2013-12-27,2014-01-03,2014-01-08,565.0,1,565.0
SO74070,1763,145,2013-12-27,2014-01-03,2014-01-08,2320.0,1,2320.0
SO74070,1763,146,2013-12-27,2014-01-03,2014-01-08,2320.0,1,2320.0
SO74071,2778,367,2013-12-27,2014-01-03,2014-01-08,1215.0,1,1215.0
SO74072,5034,358,2013-12-27,2014-01-03,2014-01-08,742.0,1,742.0
SO74073,1809,357,2013-12-27,2014-01-03,2014-01-08,742.0,1,742.0
SO74074,2581,357,2013-12-27,2014-01-03,2014-01-08,742.0,1,742.0
SO74075,11931,160,2013-12-27,2014-01-03,2014-01-08,2443.0,1,2443.0
SO74075,11931,161,2013-12-27,2014-01-03,2014-01-08,2443.0,1,2443.0
SO74076,11208,162,2013-12-27,2014-01-03,2014-01-08,2443.0,1,2443.0
SO74076,11208,163,2013-12-27,2014-01-03,2014-01-08,2443.0,1,2443.0
SO74077,5613,143,2013-12-27,2014-01-03,2014-01-08,2320.0,1,2320.0
SO74077,5613,144,2013-12-27,2014-01-03,2014-01-08,2320.0,1,2320.0
SO74078,15677,360,2013-12-27,2014-01-03,2014-01-08,742.0,1,742.0
SO74079,17289,352,2013-12-27,2014-01-03,2014-01-08,2384.0,1,2384.0
SO74080,13311,366,2013-12-27,2014-01-03,2014-01-08,1215.0,1,1215.0
SO74081,14039,365,2013-12-27,2014-01-03,2014-01-08,2384.0,1,2384.0
SO74082,11237,176,2013-12-27,2014-01-03,2014-01-08,1120.0,1,1120.0
SO74082,11237,177,2013-12-27,2014-01-03,2014-01-08,1120.0,1,1120.0
SO74083,11239,178,2013-12-27,2014-01-03,2014-01-08,1120.0,1,1120.0
SO74083,11239,179,2013-12-27,2014-01-03,2014-01-08,1120.0,1,1120.0
SO74084,8005,369,2013-12-27,2014-01-03,2014-01-08,1701.0,1,1701.0
SO74085,8113,371,2013-12-27,2014-01-03,2014-01-08,1701.0,1,1701.0
SO74086,3731,370,2013-12-27,2014-01-03,2014-01-08,1701.0,1,1701.0
SO74087,15984,370,2013-12-27,2014-01-03,2014-01-08,1701.0,1,1701.0
SO74088,16819,393,2013-12-27,2014-01-03,2014-01-08,540.0,1,540.0
SO74089,2607,394,2013-12-27,2014-01-03,2014-01-08,540.0,1,540.0
SO74090,13038,373,2013-12-27,2014-01-03,2014-01-08,540.0,1,540.0
SO74091,3715,373,2013-12-27,2014-01-03,2014-01-08,540.0,1,540.0
SO74092,1264,364,2013-12-27,2014-01-03,2014-01-08,2384.0,1,2384.0
SO74093,948,355,2013-12-27,2014-01-03,2014-01-08,742.0,1,742.0
SO74094,18346,395,2013-12-27,2014-01-03,2014-01-08,540.0,1,540.0
SO74095,17103,367,2013-12-27,2014-01-03,2014-01-08,1215.0,1,1215.0
SO74096,878,273,2013-12-28,2014-01-04,2014-01-09,8.0,1,8.0
SO74097,372,324,2013-12-28,2014-01-04,2014-01-09,25.0,1,25.0
SO74098,11924,274,2013-12-28,2014-01-04,2014-01-09,22.0,1,22.0
SO74099,10976,274,2013-12-28,2014-01-04,2014-01-09,22.0,1,22.0
SO74100,10993,326,2013-12-28,2014-01-04,2014-01-09,35.0,1,35.0
SO74101,17141,319,2013-12-28,2014-01-04,2014-01-09,5.0,1,5.0
SO74102,11974,319,2013-12-28,2014-01-04,2014-01-09,5.0,1,5.0
SO74103,17956,267,2013-12-28,2014-01-04,2014-01-09,10.0,1,10.0
SO74104,9808,164,2013-12-28,2014-01-04,2014-01-09,2443.0,1,2443.0
SO74104,9808,165,2013-12-28,2014-01-04,2014-01-09,2443.0,1,2443.0
SO74105,9224,266,2013-12-28,2014-01-04,2014-01-09,5.0,1,5.0
SO74106,5251,149,2013-12-28,2014-01-04,2014-01-09,2295.0,1,2295.0
SO74106,5251,150,2013-12-28,2014-01-04,2014-01-09,2295.0,1,2295.0
SO74107,2571,143,2013-12-28,2014-01-04,2014-01-09,2320.0,1,2320.0
SO74107,2571,144,2013-12-28,2014-01-04,2014-01-09,2320.0,1,2320.0
SO74108,3985,143,2013-12-28,2014-01-04,2014-01-09,2320.0,1,2320.0
SO74108,3985,144,2013-12-28,2014-01-04,2014-01-09,2320.0,1,2320.0
SO74109,8919,149,2013-12-28,2014-01-04,2014-01-09,2295.0,1,2295.0
SO74109,8919,150,2013-12-28,2014-01-04,2014-01-09,2295.0,1,2295.0
SO74110,13728,318,2013-12-28,2014-01-04,2014-01-09,4.0,1,4.0
SO74111,15010,317,2013-12-28,2014-01-04,2014-01-09,5.0,1,5.0
SO74112,11727,325,2013-12-28,2014-01-04,2014-01-09,30.0,1,30.0
SO74113,1160,267,2013-12-28,2014-01-04,2014-01-09,10.0,1,10.0
SO74114,10496,267,2013-12-28,2014-01-04,2014-01-09,10.0,1,10.0
SO74115,8841,264,2013-12-28,2014-01-04,2014-01-09,70.0,1,70.0
SO74116,7946,265,2013-12-28,2014-01-04,2014-01-09,70.0,1,70.0
SO74117,7835,263,2013-12-28,2014-01-04,2014-01-09,70.0,1,70.0
SO74118,12514,317,2013-12-28,2014-01-04,2014-01-09,5.0,1,5.0
SO74119,12519,317,2013-12-28,2014-01-04,2014-01-09,5.0,1,5.0
SO74120,6968,324,2013-12-28,2014-01-04,2014-01-09,25.0,1,25.0
SO74121,8332,318,2013-12-28,2014-01-04,2014-01-09,4.0,1,4.0
SO74122,1305,12,2013-12-28,2014-01-04,2014-01-09,9.0,1,9.0
SO74122,1305,13,2013-12-28,2014-01-04,2014-01-09,9.0,1,9.0
SO74122,1305,14,2013-12-28,2014-01-04,2014-01-09,9.0,1,9.0
SO74123,13572,318,2013-12-28,2014-01-04,2014-01-09,4.0,1,4.0
SO74124,10677,327,2013-12-28,2014-01-04,2014-01-09,21.0,1,21.0
SO74125,718,317,2013-12-28,2014-01-04,2014-01-09,5.0,1,5.0
SO74126,4616,319,2013-12-28,2014-01-04,2014-01-09,5.0,1,5.0
SO74127,2736,145,2013-12-28,2014-01-04,2014-01-09,2320.0,1,2320.0
SO74127,2736,146,2013-12-28,2014-01-04,2014-01-09,2320.0,1,2320.0
SO74128,10273,147,2013-12-28,2014-01-04,2014-01-09,2295.0,1,2295.0
SO74128,10273,148,2013-12-28,2014-01-04,2014-01-09,2295.0,1,2295.0
SO74129,7401,143,2013-12-28,2014-01-04,2014-01-09,2320.0,1,2320.0
SO74129,7401,144,2013-12-28,2014-01-04,2014-01-09,2320.0,1,2320.0
SO74130,10267,147,2013-12-28,2014-01-04,2014-01-09,2295.0,1,2295.0
SO74130,10267,148,2013-12-28,2014-01-04,2014-01-09,2295.0,1,2295.0
SO74131,7419,141,2013-12-28,2014-01-04,2014-01-09,2320.0,1,2320.0
SO74131,7419,142,2013-12-28,2014-01-04,2014-01-09,2320.0,1,2320.0
SO74132,513,145,2013-12-28,2014-01-04,2014-01-09,2320.0,1,2320.0
SO74132,513,146,2013-12-28,2014-01-04,2014-01-09,2320.0,1,2320.0
SO74133,2766,349,2013-12-28,2014-01-04,2014-01-09,1215.0,1,1215.0
SO74134,9052,368,2013-12-28,2014-01-04,2014-01-09,1215.0,1,1215.0
SO74135,17369,374,2013-12-28,2014-01-04,2014-01-09,742.0,1,742.0
SO74136,3056,141,2013-12-28,2014-01-04,2014-01-09,2320.0,1,2320.0
SO74136,3056,142,2013-12-28,2014-01-04,2014-01-09,2320.0,1,2320.0
SO74137,11203,164,2013-12-28,2014-01-04,2014-01-09,2443.0,1,2443.0
SO74137,11203,165,2013-12-28,2014-01-04,2014-01-09,2443.0,1,2443.0
SO74138,15304,368,2013-12-28,2014-01-04,2014-01-09,1215.0,1,1215.0
SO74139,2968,149,2013-12-28,2014-01-04,2014-01-09,2295.0,1,2295.0
SO74139,2968,150,2013-12-28,2014-01-04,2014-01-09,2295.0,1,2295.0
SO74140,13758,357,2013-12-28,2014-01-04,2014-01-09,742.0,1,742.0
SO74141,12885,393,2013-12-28,2014-01-04,2014-01-09,540.0,1,540.0
SO74142,11254,172,2013-12-28,2014-01-04,2014-01-09,1120.0,1,1120.0
SO74142,11254,173,2013-12-28,2014-01-04,2014-01-09,1120.0,1,1120.0
SO74143,17518,395,2013-12-28,2014-01-04,2014-01-09,540.0,1,540.0
SO74144,1315,363,2013-12-28,2014-01-04,2014-01-09,2384.0,1,2384.0
SO74145,2651,350,2013-12-28,2014-01-04,2014-01-09,2384.0,1,2384.0
SO74146,15917,373,2013-12-28,2014-01-04,2014-01-09,540.0,1,540.0
SO74147,16474,394,2013-12-28,2014-01-04,2014-01-09,540.0,1,540.0
SO74148,787,9,2013-12-29,2014-01-05,2014-01-10,35.0,1,35.0
SO74148,787,10,2013-12-29,2014-01-05,2014-01-10,35.0,1,35.0
SO74148,787,11,2013-12-29,2014-01-05,2014-01-10,35.0,1,35.0
SO74149,6305,328,2013-12-29,2014-01-05,2014-01-10,25.0,1,25.0
SO74150,4600,318,2013-12-29,2014-01-05,2014-01-10,4.0,1,4.0
SO74151,6501,274,2013-12-29,2014-01-05,2014-01-10,22.0,1,22.0
SO74152,7445,327,2013-12-29,2014-01-05,2014-01-10,21.0,1,21.0
SO74153,18306,267,2013-12-29,2014-01-05,2014-01-10,10.0,1,10.0
SO74154,903,253,2013-12-29,2014-01-05,2014-01-10,24.0,1,24.0
SO74154,903,254,2013-12-29,2014-01-05,2014-01-10,24.0,1,24.0
SO74155,52,12,2013-12-29,2014-01-05,2014-01-10,9.0,1,9.0
SO74155,52,13,2013-12-29,2014-01-05,2014-01-10,9.0,1,9.0
SO74155,52,14,2013-12-29,2014-01-05,2014-01-10,9.0,1,9.0
SO74156,1667,269,2013-12-29,2014-01-05,2014-01-10,2.0,1,2.0
SO74157,885,1,2013-12-29,2014-01-05,2014-01-10,35.0,1,35.0
SO74157,885,2,2013-12-29,2014-01-05,2014-01-10,35.0,1,35.0
SO74157,885,3,2013-12-29,2014-01-05,2014-01-10,35.0,1,35.0
SO74158,171,318,2013-12-29,2014-01-05,2014-01-10,4.0,1,4.0
SO74159,16533,327,2013-12-29,2014-01-05,2014-01-10,21.0,1,21.0
SO74160,17239,327,2013-12-29,2014-01-05,2014-01-10,21.0,1,21.0
SO74161,503,327,2013-12-29,2014-01-05,2014-01-10,21.0,1,21.0
SO74162,14331,318,2013-12-29,2014-01-05,2014-01-10,4.0,1,4.0
SO74163,15529,324,2013-12-29,2014-01-05,2014-01-10,25.0,1,25.0
SO74164,3275,329,2013-12-29,2014-01-05,2014-01-10,33.0,1,33.0
SO74165,13518,318,2013-12-29,2014-01-05,2014-01-10,4.0,1,4.0
SO74166,5722,267,2013-12-29,2014-01-05,2014-01-10,10.0,1,10.0
SO74167,10697,267,2013-12-29,2014-01-05,2014-01-10,10.0,1,10.0
SO74168,8886,264,2013-12-29,2014-01-05,2014-01-10,70.0,1,70.0
SO74169,7357,265,2013-12-29,2014-01-05,2014-01-10,70.0,1,70.0
SO74170,14368,266,2013-12-29,2014-01-05,2014-01-10,5.0,1,5.0
SO74171,4496,317,2013-12-29,2014-01-05,2014-01-10,5.0,1,5.0
SO74172,8201,274,2013-12-29,2014-01-05,2014-01-10,22.0,1,22.0
SO74173,3690,317,2013-12-29,2014-01-05,2014-01-10,5.0,1,5.0
SO74174,4061,324,2013-12-29,2014-01-05,2014-01-10,25.0,1,25.0
SO74175,5192,274,2013-12-29,2014-01-05,2014-01-10,22.0,1,22.0
SO74176,9145,317,2013-12-29,2014-01-05,2014-01-10,5.0,1,5.0
SO74177,3959,266,2013-12-29,2014-01-05,2014-01-10,5.0,1,5.0
SO74178,10826,266,2013-12-29,2014-01-05,2014-01-10,5.0,1,5.0
SO74179,15981,327,2013-12-29,2014-01-05,2014-01-10,21.0,1,21.0
SO74180,13125,319,2013-12-29,2014-01-05,2014-01-10,5.0,1,5.0
SO74181,14808,327,2013-12-29,2014-01-05,2014-01-10,21.0,1,21.0
SO74182,641,326,2013-12-29,2014-01-05,2014-01-10,35.0,1,35.0
SO74183,1960,326,2013-12-29,2014-01-05,2014-01-10,35.0,1,35.0
SO74184,4537,326,2013-12-29,2014-01-05,2014-01-10,35.0,1,35.0
SO74185,1149,273,2013-12-30,2014-01-06,2014-01-11,8.0,1,8.0
SO74186,2024,317,2013-12-30,2014-01-06,2014-01-11,5.0,1,5.0
SO74187,8598,327,2013-12-30,2014-01-06,2014-01-11,21.0,1,21.0
SO74188,14118,317,2013-12-30,2014-01-06,2014-01-11,5.0,1,5.0
SO74189,11150,264,2013-12-30,2014-01-06,2014-01-11,70.0,1,70.0
SO74190,5343,330,2013-12-30,2014-01-06,2014-01-11,29.0,1,29.0
SO74191,716,279,2013-12-30,2014-01-06,2014-01-11,54.0,1,54.0
SO74192,277,318,2013-12-30,2014-01-06,2014-01-11,4.0,1,4.0
SO74193,16373,318,2013-12-30,2014-01-06,2014-01-11,4.0,1,4.0
SO74194,531,24,2013-12-30,2014-01-06,2014-01-11,50.0,1,50.0
SO74194,531,25,2013-12-30,2014-01-06,2014-01-11,50.0,1,50.0
SO74194,531,26,2013-12-30,2014-01-06,2014-01-11,50.0,1,50.0
SO74195,16630,330,2013-12-30,2014-01-06,2014-01-11,29.0,1,29.0
SO74196,277,317,2013-12-30,2014-01-06,2014-01-11,5.0,1,5.0
SO74197,14839,324,2013-12-30,2014-01-06,2014-01-11,25.0,1,25.0
SO74198,14935,324,2013-12-30,2014-01-06,2014-01-11,25.0,1,25.0
SO74199,7321,325,2013-12-30,2014-01-06,2014-01-11,30.0,1,30.0
SO74200,1056,267,2013-12-30,2014-01-06,2014-01-11,10.0,1,10.0
SO74201,18283,267,2013-12-30,2014-01-06,2014-01-11,10.0,1,10.0
SO74202,10279,267,2013-12-30,2014-01-06,2014-01-11,10.0,1,10.0
SO74203,9491,267,2013-12-30,2014-01-06,2014-01-11,10.0,1,10.0
SO74204,13256,266,2013-12-30,2014-01-06,2014-01-11,5.0,1,5.0
SO74205,13968,266,2013-12-30,2014-01-06,2014-01-11,5.0,1,5.0
SO74206,12486,317,2013-12-30,2014-01-06,2014-01-11,5.0,1,5.0
SO74207,3534,318,2013-12-30,2014-01-06,2014-01-11,4.0,1,4.0
SO74208,13534,325,2013-12-30,2014-01-06,2014-01-11,30.0,1,30.0
SO74209,11810,318,2013-12-30,2014-01-06,2014-01-11,4.0,1,4.0
SO74210,12914,330,2013-12-30,2014-01-06,2014-01-11,29.0,1,29.0
SO74211,6707,319,2013-12-30,2014-01-06,2014-01-11,5.0,1,5.0
SO74212,134,326,2013-12-30,2014-01-06,2014-01-11,35.0,1,35.0
SO74213,2798,319,2013-12-30,2014-01-06,2014-01-11,5.0,1,5.0
SO74214,1206,326,2013-12-30,2014-01-06,2014-01-11,35.0,1,35.0
SO74215,2391,274,2013-12-30,2014-01-06,2014-01-11,22.0,1,22.0
SO74216,2322,274,2013-12-30,2014-01-06,2014-01-11,22.0,1,22.0
SO74217,1479,12,2013-12-30,2014-01-06,2014-01-11,9.0,1,9.0
SO74217,1479,13,2013-12-30,2014-01-06,2014-01-11,9.0,1,9.0
SO74217,1479,14,2013-12-30,2014-01-06,2014-01-11,9.0,1,9.0
SO74218,596,9,2013-12-30,2014-01-06,2014-01-11,35.0,1,35.0
SO74218,596,10,2013-12-30,2014-01-06,2014-01-11,35.0,1,35.0
SO74218,596,11,2013-12-30,2014-01-06,2014-01-11,35.0,1,35.0
SO74219,11979,274,2013-12-31,2014-01-07,2014-01-12,22.0,1,22.0
SO74220,10955,326,2013-12-31,2014-01-07,2014-01-12,35.0,1,35.0
SO74221,10186,326,2013-12-31,2014-01-07,2014-01-12,35.0,1,35.0
SO74222,15566,327,2013-12-31,2014-01-07,2014-01-12,21.0,1,21.0
SO74223,17947,267,2013-12-31,2014-01-07,2014-01-12,10.0,1,10.0
SO74224,750,273,2013-12-31,2014-01-07,2014-01-12,8.0,1,8.0
SO74225,7284,12,2013-12-31,2014-01-07,2014-01-12,9.0,1,9.0
SO74225,7284,13,2013-12-31,2014-01-07,2014-01-12,9.0,1,9.0
SO74225,7284,14,2013-12-31,2014-01-07,2014-01-12,9.0,1,9.0
SO74226,301,319,2013-12-31,2014-01-07,2014-01-12,5.0,1,5.0
SO74227,18037,328,2013-12-31,2014-01-07,2014-01-12,25.0,1,25.0
SO74228,2072,267,2013-12-31,2014-01-07,2014-01-12,10.0,1,10.0
SO74229,7892,265,2013-12-31,2014-01-07,2014-01-12,70.0,1,70.0
SO74230,5758,266,2013-12-31,2014-01-07,2014-01-12,5.0,1,5.0
SO74231,15462,266,2013-12-31,2014-01-07,2014-01-12,5.0,1,5.0
SO74232,3403,317,2013-12-31,2014-01-07,2014-01-12,5.0,1,5.0
SO74233,9509,274,2013-12-31,2014-01-07,2014-01-12,22.0,1,22.0
SO74234,9331,274,2013-12-31,2014-01-07,2014-01-12,22.0,1,22.0
SO74235,4630,317,2013-12-31,2014-01-07,2014-01-12,5.0,1,5.0
SO74236,5322,317,2013-12-31,2014-01-07,2014-01-12,5.0,1,5.0
SO74237,4445,317,2013-12-31,2014-01-07,2014-01-12,5.0,1,5.0
SO74238,3989,326,2013-12-31,2014-01-07,2014-01-12,35.0,1,35.0
SO74239,17458,264,2013-12-31,2014-01-07,2014-01-12,70.0,1,70.0
SO74240,2805,328,2013-12-31,2014-01-07,2014-01-12,25.0,1,25.0
SO74241,9169,325,2013-12-31,2014-01-07,2014-01-12,30.0,1,30.0
SO74242,9905,317,2013-12-31,2014-01-07,2014-01-12,5.0,1,5.0
SO74243,13098,318,2013-12-31,2014-01-07,2014-01-12,4.0,1,4.0
SO74244,1741,330,2013-12-31,2014-01-07,2014-01-12,29.0,1,29.0
SO74245,186,326,2013-12-31,2014-01-07,2014-01-12,35.0,1,35.0
SO74246,139,326,2013-12-31,2014-01-07,2014-01-12,35.0,1,35.0
SO74247,1146,326,2013-12-31,2014-01-07,2014-01-12,35.0,1,35.0
SO74248,802,326,2013-12-31,2014-01-07,2014-01-12,35.0,1,35.0
SO74249,8224,274,2013-12-31,2014-01-07,2014-01-12,22.0,1,22.0
SO74250,7813,274,2013-12-31,2014-01-07,2014-01-12,22.0,1,22.0
SO74251,857,326,2013-12-31,2014-01-07,2014-01-12,35.0,1,35.0
SO74252,1647,12,2013-12-31,2014-01-07,2014-01-12,9.0,1,9.0
SO74252,1647,13,2013-12-31,2014-01-07,2014-01-12,9.0,1,9.0
SO74252,1647,14,2013-12-31,2014-01-07,2014-01-12,9.0,1,9.0
SO74253,52,324,2014-01-01,2014-01-08,2014-01-13,25.0,1,25.0
SO74254,80,324,2014-01-01,2014-01-08,2014-01-13,25.0,1,25.0
SO74255,4155,328,2014-01-01,2014-01-08,2014-01-13,25.0,1,25.0
SO74256,6251,325,2014-01-01,2014-01-08,2014-01-13,30.0,1,30.0
SO74257,8092,274,2014-01-01,2014-01-08,2014-01-13,22.0,1,22.0
SO74258,7305,274,2014-01-01,2014-01-08,2014-01-13,22.0,1,22.0
SO74259,15773,265,2014-01-01,2014-01-08,2014-01-13,70.0,1,70.0
SO74260,5487,330,2014-01-01,2014-01-08,2014-01-13,29.0,1,29.0
SO74261,734,9,2014-01-01,2014-01-08,2014-01-13,35.0,1,35.0
SO74261,734,10,2014-01-01,2014-01-08,2014-01-13,35.0,1,35.0
SO74261,734,11,2014-01-01,2014-01-08,2014-01-13,35.0,1,35.0
SO74262,17259,319,2014-01-01,2014-01-08,2014-01-13,5.0,1,5.0
SO74263,14190,329,2014-01-01,2014-01-08,2014-01-13,33.0,1,33.0
SO74264,11188,325,2014-01-01,2014-01-08,2014-01-13,30.0,1,30.0
SO74265,11106,317,2014-01-01,2014-01-08,2014-01-13,5.0,1,5.0
SO74266,9758,264,2014-01-01,2014-01-08,2014-01-13,70.0,1,70.0
SO74267,5369,266,2014-01-01,2014-01-08,2014-01-13,5.0,1,5.0
SO74268,10926,317,2014-01-01,2014-01-08,2014-01-13,5.0,1,5.0
SO74269,3547,264,2014-01-01,2014-01-08,2014-01-13,70.0,1,70.0
SO74270,12769,266,2014-01-01,2014-01-08,2014-01-13,5.0,1,5.0
SO74271,1607,318,2014-01-01,2014-01-08,2014-01-13,4.0,1,4.0
SO74272,143,326,2014-01-01,2014-01-08,2014-01-13,35.0,1,35.0
SO74273,14571,319,2014-01-01,2014-01-08,2014-01-13,5.0,1,5.0
SO74274,17918,319,2014-01-01,2014-01-08,2014-01-13,5.0,1,5.0
SO74275,384,266,2014-01-01,2014-01-08,2014-01-13,5.0,1,5.0
SO74276,6492,274,2014-01-01,2014-01-08,2014-01-13,22.0,1,22.0
SO74277,5931,274,2014-01-02,2014-01-09,2014-01-14,22.0,1,22.0
SO74278,16517,264,2014-01-02,2014-01-09,2014-01-14,70.0,1,70.0
SO74279,116,266,2014-01-02,2014-01-09,2014-01-14,5.0,1,5.0
SO74280,468,273,2014-01-02,2014-01-09,2014-01-14,8.0,1,8.0
SO74281,2125,318,2014-01-02,2014-01-09,2014-01-14,4.0,1,4.0
SO74282,15638,330,2014-01-02,2014-01-09,2014-01-14,29.0,1,29.0
SO74283,17763,328,2014-01-02,2014-01-09,2014-01-14,25.0,1,25.0
SO74284,15194,324,2014-01-02,2014-01-09,2014-01-14,25.0,1,25.0
SO74285,11549,317,2014-01-02,2014-01-09,2014-01-14,5.0,1,5.0
SO74286,10715,267,2014-01-02,2014-01-09,2014-01-14,10.0,1,10.0
SO74287,6868,317,2014-01-02,2014-01-09,2014-01-14,5.0,1,5.0
SO74288,10936,267,2014-01-02,2014-01-09,2014-01-14,10.0,1,10.0
SO74289,10902,266,2014-01-02,2014-01-09,2014-01-14,5.0,1,5.0
SO74290,1796,265,2014-01-02,2014-01-09,2014-01-14,70.0,1,70.0
SO74291,14102,266,2014-01-02,2014-01-09,2014-01-14,5.0,1,5.0
SO74292,17246,317,2014-01-02,2014-01-09,2014-01-14,5.0,1,5.0
SO74293,4307,317,2014-01-02,2014-01-09,2014-01-14,5.0,1,5.0
SO74294,5241,266,2014-01-02,2014-01-09,2014-01-14,5.0,1,5.0
SO74295,7536,274,2014-01-02,2014-01-09,2014-01-14,22.0,1,22.0
SO74296,5275,317,2014-01-02,2014-01-09,2014-01-14,5.0,1,5.0
SO74297,7154,317,2014-01-02,2014-01-09,2014-01-14,5.0,1,5.0
SO74298,4449,326,2014-01-02,2014-01-09,2014-01-14,35.0,1,35.0
SO74299,4000,317,2014-01-02,2014-01-09,2014-01-14,5.0,1,5.0
SO74300,3981,274,2014-01-02,2014-01-09,2014-01-14,22.0,1,22.0
SO74301,13878,327,2014-01-02,2014-01-09,2014-01-14,21.0,1,21.0
SO74302,10114,327,2014-01-02,2014-01-09,2014-01-14,21.0,1,21.0
SO74303,13146,266,2014-01-02,2014-01-09,2014-01-14,5.0,1,5.0
SO74304,11522,266,2014-01-02,2014-01-09,2014-01-14,5.0,1,5.0
SO74305,11625,330,2014-01-02,2014-01-09,2014-01-14,29.0,1,29.0
SO74306,633,268,2014-01-03,2014-01-10,2014-01-15,9.0,1,9.0
SO74307,4797,328,2014-01-03,2014-01-10,2014-01-15,25.0,1,25.0
SO74308,6238,325,2014-01-03,2014-01-10,2014-01-15,30.0,1,30.0
SO74309,6376,274,2014-01-03,2014-01-10,2014-01-15,22.0,1,22.0
SO74310,1693,275,2014-01-03,2014-01-10,2014-01-15,159.0,1,159.0
SO74311,17024,319,2014-01-03,2014-01-10,2014-01-15,5.0,1,5.0
SO74312,15784,319,2014-01-03,2014-01-10,2014-01-15,5.0,1,5.0
SO74313,2761,330,2014-01-03,2014-01-10,2014-01-15,29.0,1,29.0
SO74314,14964,324,2014-01-03,2014-01-10,2014-01-15,25.0,1,25.0
SO74315,15581,330,2014-01-03,2014-01-10,2014-01-15,29.0,1,29.0
SO74316,288,329,2014-01-03,2014-01-10,2014-01-15,33.0,1,33.0
SO74317,6658,325,2014-01-03,2014-01-10,2014-01-15,30.0,1,30.0
SO74318,7847,264,2014-01-03,2014-01-10,2014-01-15,70.0,1,70.0
SO74319,7508,266,2014-01-03,2014-01-10,2014-01-15,5.0,1,5.0
SO74320,16378,265,2014-01-03,2014-01-10,2014-01-15,70.0,1,70.0
SO74321,724,266,2014-01-03,2014-01-10,2014-01-15,5.0,1,5.0
SO74322,7108,266,2014-01-03,2014-01-10,2014-01-15,5.0,1,5.0
SO74323,1057,266,2014-01-03,2014-01-10,2014-01-15,5.0,1,5.0
SO74324,3584,317,2014-01-03,2014-01-10,2014-01-15,5.0,1,5.0
SO74325,3408,317,2014-01-03,2014-01-10,2014-01-15,5.0,1,5.0
SO74326,12351,317,2014-01-03,2014-01-10,2014-01-15,5.0,1,5.0
SO74327,8526,317,2014-01-03,2014-01-10,2014-01-15,5.0,1,5.0
SO74328,6940,317,2014-01-03,2014-01-10,2014-01-15,5.0,1,5.0
SO74329,2602,267,2014-01-03,2014-01-10,2014-01-15,10.0,1,10.0
SO74330,9800,325,2014-01-03,2014-01-10,2014-01-15,30.0,1,30.0
SO74331,15821,318,2014-01-03,2014-01-10,2014-01-15,4.0,1,4.0
SO74332,15952,327,2014-01-03,2014-01-10,2014-01-15,21.0,1,21.0
SO74333,5444,319,2014-01-03,2014-01-10,2014-01-15,5.0,1,5.0
SO74334,646,317,2014-01-03,2014-01-10,2014-01-15,5.0,1,5.0
SO74335,295,326,2014-01-03,2014-01-10,2014-01-15,35.0,1,35.0
SO74336,1697,324,2014-01-04,2014-01-11,2014-01-16,25.0,1,25.0
SO74337,9310,266,2014-01-04,2014-01-11,2014-01-16,5.0,1,5.0
SO74338,3020,318,2014-01-04,2014-01-11,2014-01-16,4.0,1,4.0
SO74339,6297,18,2014-01-04,2014-01-11,2014-01-16,50.0,1,50.0
SO74339,6297,19,2014-01-04,2014-01-11,2014-01-16,50.0,1,50.0
SO74339,6297,20,2014-01-04,2014-01-11,2014-01-16,50.0,1,50.0
SO74340,8588,319,2014-01-04,2014-01-11,2014-01-16,5.0,1,5.0
SO74341,7731,269,2014-01-04,2014-01-11,2014-01-16,2.0,1,2.0
SO74342,669,280,2014-01-04,2014-01-11,2014-01-16,54.0,1,54.0
SO74343,16191,330,2014-01-04,2014-01-11,2014-01-16,29.0,1,29.0
SO74344,3372,329,2014-01-04,2014-01-11,2014-01-16,33.0,1,33.0
SO74345,10704,324,2014-01-04,2014-01-11,2014-01-16,25.0,1,25.0
SO74346,14882,324,2014-01-04,2014-01-11,2014-01-16,25.0,1,25.0
SO74347,9088,324,2014-01-04,2014-01-11,2014-01-16,25.0,1,25.0
SO74348,12244,317,2014-01-04,2014-01-11,2014-01-16,5.0,1,5.0
SO74349,12021,317,2014-01-04,2014-01-11,2014-01-16,5.0,1,5.0
SO74350,5072,318,2014-01-04,2014-01-11,2014-01-16,4.0,1,4.0
SO74351,5817,266,2014-01-04,2014-01-11,2014-01-16,5.0,1,5.0
SO74352,7473,266,2014-01-04,2014-01-11,2014-01-16,5.0,1,5.0
SO74353,2920,274,2014-01-04,2014-01-11,2014-01-16,22.0,1,22.0
SO74354,4260,274,2014-01-04,2014-01-11,2014-01-16,22.0,1,22.0
SO74355,3786,317,2014-01-04,2014-01-11,2014-01-16,5.0,1,5.0
SO74356,8938,318,2014-01-04,2014-01-11,2014-01-16,4.0,1,4.0
SO74357,9137,328,2014-01-04,2014-01-11,2014-01-16,25.0,1,25.0
SO74358,6939,317,2014-01-04,2014-01-11,2014-01-16,5.0,1,5.0
SO74359,10838,266,2014-01-04,2014-01-11,2014-01-16,5.0,1,5.0
SO74360,16319,319,2014-01-04,2014-01-11,2014-01-16,5.0,1,5.0
SO74361,2678,319,2014-01-04,2014-01-11,2014-01-16,5.0,1,5.0
SO74362,219,326,2014-01-04,2014-01-11,2014-01-16,35.0,1,35.0
SO74363,5134,274,2014-01-04,2014-01-11,2014-01-16,22.0,1,22.0
SO74364,436,4,2014-01-04,2014-01-11,2014-01-16,35.0,1,35.0
SO74364,436,5,2014-01-04,2014-01-11,2014-01-16,35.0,1,35.0
SO74364,436,6,2014-01-04,2014-01-11,2014-01-16,35.0,1,35.0
SO74365,4759,328,2014-01-05,2014-01-12,2014-01-17,25.0,1,25.0
SO74366,4187,328,2014-01-05,2014-01-12,2014-01-17,25.0,1,25.0
SO74367,8652,325,2014-01-05,2014-01-12,2014-01-17,30.0,1,30.0
SO74368,5634,325,2014-01-05,2014-01-12,2014-01-17,30.0,1,30.0
SO74369,12531,266,2014-01-05,2014-01-12,2014-01-17,5.0,1,5.0
SO74370,3676,21,2014-01-05,2014-01-12,2014-01-17,50.0,1,50.0
SO74370,3676,22,2014-01-05,2014-01-12,2014-01-17,50.0,1,50.0
SO74370,3676,23,2014-01-05,2014-01-12,2014-01-17,50.0,1,50.0
SO74371,3685,276,2014-01-05,2014-01-12,2014-01-17,55.0,1,55.0
SO74372,7331,278,2014-01-05,2014-01-12,2014-01-17,54.0,1,54.0
SO74373,92,1,2014-01-05,2014-01-12,2014-01-17,35.0,1,35.0
SO74373,92,2,2014-01-05,2014-01-12,2014-01-17,35.0,1,35.0
SO74373,92,3,2014-01-05,2014-01-12,2014-01-17,35.0,1,35.0
SO74374,3266,278,2014-01-05,2014-01-12,2014-01-17,54.0,1,54.0
SO74375,645,269,2014-01-05,2014-01-12,2014-01-17,2.0,1,2.0
SO74376,310,269,2014-01-05,2014-01-12,2014-01-17,2.0,1,2.0
SO74377,236,318,2014-01-05,2014-01-12,2014-01-17,4.0,1,4.0
SO74378,17864,318,2014-01-05,2014-01-12,2014-01-17,4.0,1,4.0
SO74379,183,318,2014-01-05,2014-01-12,2014-01-17,4.0,1,4.0
SO74380,15171,330,2014-01-05,2014-01-12,2014-01-17,29.0,1,29.0
SO74381,2763,319,2014-01-05,2014-01-12,2014-01-17,5.0,1,5.0
SO74382,15596,324,2014-01-05,2014-01-12,2014-01-17,25.0,1,25.0
SO74383,5801,318,2014-01-05,2014-01-12,2014-01-17,4.0,1,4.0
SO74384,5949,318,2014-01-05,2014-01-12,2014-01-17,4.0,1,4.0
SO74385,14179,318,2014-01-05,2014-01-12,2014-01-17,4.0,1,4.0
SO74386,15109,324,2014-01-05,2014-01-12,2014-01-17,25.0,1,25.0
SO74387,12591,325,2014-01-05,2014-01-12,2014-01-17,30.0,1,30.0
SO74388,10396,267,2014-01-05,2014-01-12,2014-01-17,10.0,1,10.0
SO74389,9394,267,2014-01-05,2014-01-12,2014-01-17,10.0,1,10.0
SO74390,9492,267,2014-01-05,2014-01-12,2014-01-17,10.0,1,10.0
SO74391,9277,264,2014-01-05,2014-01-12,2014-01-17,70.0,1,70.0
SO74392,6550,266,2014-01-05,2014-01-12,2014-01-17,5.0,1,5.0
SO74393,13664,266,2014-01-05,2014-01-12,2014-01-17,5.0,1,5.0
SO74394,5884,266,2014-01-05,2014-01-12,2014-01-17,5.0,1,5.0
SO74395,5240,317,2014-01-05,2014-01-12,2014-01-17,5.0,1,5.0
SO74396,5071,317,2014-01-05,2014-01-12,2014-01-17,5.0,1,5.0
SO74397,3483,317,2014-01-05,2014-01-12,2014-01-17,5.0,1,5.0
SO74398,3341,274,2014-01-05,2014-01-12,2014-01-17,22.0,1,22.0
SO74399,7643,274,2014-01-05,2014-01-12,2014-01-17,22.0,1,22.0
SO74400,2799,329,2014-01-05,2014-01-12,2014-01-17,33.0,1,33.0
SO74401,2612,329,2014-01-05,2014-01-12,2014-01-17,33.0,1,33.0
SO74402,12979,266,2014-01-05,2014-01-12,2014-01-17,5.0,1,5.0
SO74403,11306,325,2014-01-05,2014-01-12,2014-01-17,30.0,1,30.0
SO74404,13043,318,2014-01-05,2014-01-12,2014-01-17,4.0,1,4.0
SO74405,15864,318,2014-01-05,2014-01-12,2014-01-17,4.0,1,4.0
SO74406,14791,318,2014-01-05,2014-01-12,2014-01-17,4.0,1,4.0
SO74407,13186,319,2014-01-05,2014-01-12,2014-01-17,5.0,1,5.0
SO74408,3993,330,2014-01-05,2014-01-12,2014-01-17,29.0,1,29.0
SO74409,16794,319,2014-01-05,2014-01-12,2014-01-17,5.0,1,5.0
SO74410,986,326,2014-01-05,2014-01-12,2014-01-17,35.0,1,35.0
SO74411,1204,317,2014-01-05,2014-01-12,2014-01-17,5.0,1,5.0
SO74412,1891,274,2014-01-05,2014-01-12,2014-01-17,22.0,1,22.0
SO74413,1418,326,2014-01-05,2014-01-12,2014-01-17,35.0,1,35.0
SO74414,5850,274,2014-01-05,2014-01-12,2014-01-17,22.0,1,22.0
SO74415,598,9,2014-01-05,2014-01-12,2014-01-17,35.0,1,35.0
SO74415,598,10,2014-01-05,2014-01-12,2014-01-17,35.0,1,35.0
SO74415,598,11,2014-01-05,2014-01-12,2014-01-17,35.0,1,35.0
SO74416,1041,12,2014-01-06,2014-01-13,2014-01-18,9.0,1,9.0
SO74416,1041,13,2014-01-06,2014-01-13,2014-01-18,9.0,1,9.0
SO74416,1041,14,2014-01-06,2014-01-13,2014-01-18,9.0,1,9.0
SO74417,1691,317,2014-01-06,2014-01-13,2014-01-18,5.0,1,5.0
SO74418,14029,327,2014-01-06,2014-01-13,2014-01-18,21.0,1,21.0
SO74419,17961,267,2014-01-06,2014-01-13,2014-01-18,10.0,1,10.0
SO74420,2158,1,2014-01-06,2014-01-13,2014-01-18,35.0,1,35.0
SO74420,2158,2,2014-01-06,2014-01-13,2014-01-18,35.0,1,35.0
SO74420,2158,3,2014-01-06,2014-01-13,2014-01-18,35.0,1,35.0
SO74421,8954,268,2014-01-06,2014-01-13,2014-01-18,9.0,1,9.0
SO74422,237,318,2014-01-06,2014-01-13,2014-01-18,4.0,1,4.0
SO74423,18245,328,2014-01-06,2014-01-13,2014-01-18,25.0,1,25.0
SO74424,660,327,2014-01-06,2014-01-13,2014-01-18,21.0,1,21.0
SO74425,224,324,2014-01-06,2014-01-13,2014-01-18,25.0,1,25.0
SO74426,16912,327,2014-01-06,2014-01-13,2014-01-18,21.0,1,21.0
SO74427,5371,329,2014-01-06,2014-01-13,2014-01-18,33.0,1,33.0
SO74428,13444,329,2014-01-06,2014-01-13,2014-01-18,33.0,1,33.0
SO74429,12094,317,2014-01-06,2014-01-13,2014-01-18,5.0,1,5.0
SO74430,10735,267,2014-01-06,2014-01-13,2014-01-18,10.0,1,10.0
SO74431,2268,267,2014-01-06,2014-01-13,2014-01-18,10.0,1,10.0
SO74432,2945,267,2014-01-06,2014-01-13,2014-01-18,10.0,1,10.0
SO74433,12364,317,2014-01-06,2014-01-13,2014-01-18,5.0,1,5.0
SO74434,3362,274,2014-01-06,2014-01-13,2014-01-18,22.0,1,22.0
SO74435,5577,317,2014-01-06,2014-01-13,2014-01-18,5.0,1,5.0
SO74436,16316,330,2014-01-06,2014-01-13,2014-01-18,29.0,1,29.0
SO74437,4000,319,2014-01-06,2014-01-13,2014-01-18,5.0,1,5.0
SO74438,17898,319,2014-01-06,2014-01-13,2014-01-18,5.0,1,5.0
SO74439,1793,274,2014-01-06,2014-01-13,2014-01-18,22.0,1,22.0
SO74440,1912,274,2014-01-06,2014-01-13,2014-01-18,22.0,1,22.0
SO74441,553,9,2014-01-06,2014-01-13,2014-01-18,35.0,1,35.0
SO74441,553,10,2014-01-06,2014-01-13,2014-01-18,35.0,1,35.0
SO74441,553,11,2014-01-06,2014-01-13,2014-01-18,35.0,1,35.0
SO74442,14028,327,2014-01-07,2014-01-14,2014-01-19,21.0,1,21.0
SO74443,5489,266,2014-01-07,2014-01-14,2014-01-19,5.0,1,5.0
SO74444,16990,318,2014-01-07,2014-01-14,2014-01-19,4.0,1,4.0
SO74445,16508,318,2014-01-07,2014-01-14,2014-01-19,4.0,1,4.0
SO74446,263,324,2014-01-07,2014-01-14,2014-01-19,25.0,1,25.0
SO74447,278,327,2014-01-07,2014-01-14,2014-01-19,21.0,1,21.0
SO74448,15104,324,2014-01-07,2014-01-14,2014-01-19,25.0,1,25.0
SO74449,12462,325,2014-01-07,2014-01-14,2014-01-19,30.0,1,30.0
SO74450,4869,329,2014-01-07,2014-01-14,2014-01-19,33.0,1,33.0
SO74451,3633,329,2014-01-07,2014-01-14,2014-01-19,33.0,1,33.0
SO74452,11782,317,2014-01-07,2014-01-14,2014-01-19,5.0,1,5.0
SO74453,10342,266,2014-01-07,2014-01-14,2014-01-19,5.0,1,5.0
SO74454,8864,265,2014-01-07,2014-01-14,2014-01-19,70.0,1,70.0
SO74455,212,265,2014-01-07,2014-01-14,2014-01-19,70.0,1,70.0
SO74456,4575,317,2014-01-07,2014-01-14,2014-01-19,5.0,1,5.0
SO74457,8151,274,2014-01-07,2014-01-14,2014-01-19,22.0,1,22.0
SO74458,5189,274,2014-01-07,2014-01-14,2014-01-19,22.0,1,22.0
SO74459,7156,317,2014-01-07,2014-01-14,2014-01-19,5.0,1,5.0
SO74460,1406,318,2014-01-07,2014-01-14,2014-01-19,4.0,1,4.0
SO74461,12448,318,2014-01-07,2014-01-14,2014-01-19,4.0,1,4.0
SO74462,11704,319,2014-01-07,2014-01-14,2014-01-19,5.0,1,5.0
SO74463,567,330,2014-01-07,2014-01-14,2014-01-19,29.0,1,29.0
SO74464,187,326,2014-01-07,2014-01-14,2014-01-19,35.0,1,35.0
SO74465,734,317,2014-01-07,2014-01-14,2014-01-19,5.0,1,5.0
SO74466,4857,274,2014-01-07,2014-01-14,2014-01-19,22.0,1,22.0
SO74467,6339,274,2014-01-07,2014-01-14,2014-01-19,22.0,1,22.0
SO74468,6127,274,2014-01-07,2014-01-14,2014-01-19,22.0,1,22.0
SO74469,2073,326,2014-01-07,2014-01-14,2014-01-19,35.0,1,35.0
SO74470,2173,272,2014-01-08,2014-01-15,2014-01-20,120.0,1,120.0
SO74471,1150,273,2014-01-08,2014-01-15,2014-01-20,8.0,1,8.0
SO74472,3229,324,2014-01-08,2014-01-15,2014-01-20,25.0,1,25.0
SO74473,6069,325,2014-01-08,2014-01-15,2014-01-20,30.0,1,30.0
SO74474,4608,1,2014-01-08,2014-01-15,2014-01-20,35.0,1,35.0
SO74474,4608,2,2014-01-08,2014-01-15,2014-01-20,35.0,1,35.0
SO74474,4608,3,2014-01-08,2014-01-15,2014-01-20,35.0,1,35.0
SO74475,2625,318,2014-01-08,2014-01-15,2014-01-20,4.0,1,4.0
SO74476,8604,330,2014-01-08,2014-01-15,2014-01-20,29.0,1,29.0
SO74477,731,1,2014-01-08,2014-01-15,2014-01-20,35.0,1,35.0
SO74477,731,2,2014-01-08,2014-01-15,2014-01-20,35.0,1,35.0
SO74477,731,3,2014-01-08,2014-01-15,2014-01-20,35.0,1,35.0
SO74478,640,269,2014-01-08,2014-01-15,2014-01-20,2.0,1,2.0
SO74479,86,318,2014-01-08,2014-01-15,2014-01-20,4.0,1,4.0
SO74480,92,328,2014-01-08,2014-01-15,2014-01-20,25.0,1,25.0
SO74481,9083,329,2014-01-08,2014-01-15,2014-01-20,33.0,1,33.0
SO74482,14283,329,2014-01-08,2014-01-15,2014-01-20,33.0,1,33.0
SO74483,11015,324,2014-01-08,2014-01-15,2014-01-20,25.0,1,25.0
SO74484,13668,318,2014-01-08,2014-01-15,2014-01-20,4.0,1,4.0
SO74485,7318,325,2014-01-08,2014-01-15,2014-01-20,30.0,1,30.0
SO74486,13260,325,2014-01-08,2014-01-15,2014-01-20,30.0,1,30.0
SO74487,2097,325,2014-01-08,2014-01-15,2014-01-20,30.0,1,30.0
SO74488,1432,265,2014-01-08,2014-01-15,2014-01-20,70.0,1,70.0
SO74489,7556,266,2014-01-08,2014-01-15,2014-01-20,5.0,1,5.0
SO74490,11970,317,2014-01-08,2014-01-15,2014-01-20,5.0,1,5.0
SO74491,11772,317,2014-01-08,2014-01-15,2014-01-20,5.0,1,5.0
SO74492,4382,317,2014-01-08,2014-01-15,2014-01-20,5.0,1,5.0
SO74493,8412,317,2014-01-08,2014-01-15,2014-01-20,5.0,1,5.0
SO74494,17467,263,2014-01-08,2014-01-15,2014-01-20,70.0,1,70.0
SO74495,5584,317,2014-01-08,2014-01-15,2014-01-20,5.0,1,5.0
SO74496,11483,266,2014-01-08,2014-01-15,2014-01-20,5.0,1,5.0
SO74497,9939,325,2014-01-08,2014-01-15,2014-01-20,30.0,1,30.0
SO74498,9920,318,2014-01-08,2014-01-15,2014-01-20,4.0,1,4.0
SO74499,3197,330,2014-01-08,2014-01-15,2014-01-20,29.0,1,29.0
SO74500,8470,318,2014-01-08,2014-01-15,2014-01-20,4.0,1,4.0
SO74501,958,317,2014-01-08,2014-01-15,2014-01-20,5.0,1,5.0
SO74502,442,12,2014-01-08,2014-01-15,2014-01-20,9.0,1,9.0
SO74502,442,13,2014-01-08,2014-01-15,2014-01-20,9.0,1,9.0
SO74502,442,14,2014-01-08,2014-01-15,2014-01-20,9.0,1,9.0
SO74503,924,273,2014-01-09,2014-01-16,2014-01-21,8.0,1,8.0
SO74504,7720,325,2014-01-09,2014-01-16,2014-01-21,30.0,1,30.0
SO74505,7327,325,2014-01-09,2014-01-16,2014-01-21,30.0,1,30.0
SO74506,7467,317,2014-01-09,2014-01-16,2014-01-21,5.0,1,5.0
SO74507,6058,277,2014-01-09,2014-01-16,2014-01-21,54.0,1,54.0
SO74508,180,318,2014-01-09,2014-01-16,2014-01-21,4.0,1,4.0
SO74509,3283,318,2014-01-09,2014-01-16,2014-01-21,4.0,1,4.0
SO74510,18216,328,2014-01-09,2014-01-16,2014-01-21,25.0,1,25.0
SO74511,499,318,2014-01-09,2014-01-16,2014-01-21,4.0,1,4.0
SO74512,15598,330,2014-01-09,2014-01-16,2014-01-21,29.0,1,29.0
SO74513,5773,318,2014-01-09,2014-01-16,2014-01-21,4.0,1,4.0
SO74514,3766,329,2014-01-09,2014-01-16,2014-01-21,33.0,1,33.0
SO74515,12183,325,2014-01-09,2014-01-16,2014-01-21,30.0,1,30.0
SO74516,201,325,2014-01-09,2014-01-16,2014-01-21,30.0,1,30.0
SO74517,9778,267,2014-01-09,2014-01-16,2014-01-21,10.0,1,10.0
SO74518,5903,265,2014-01-09,2014-01-16,2014-01-21,70.0,1,70.0
SO74519,8712,12,2014-01-09,2014-01-16,2014-01-21,9.0,1,9.0
SO74519,8712,13,2014-01-09,2014-01-16,2014-01-21,9.0,1,9.0
SO74519,8712,14,2014-01-09,2014-01-16,2014-01-21,9.0,1,9.0
SO74520,9127,265,2014-01-09,2014-01-16,2014-01-21,70.0,1,70.0
SO74521,7078,263,2014-01-09,2014-01-16,2014-01-21,70.0,1,70.0
SO74522,825,266,2014-01-09,2014-01-16,2014-01-21,5.0,1,5.0
SO74523,5025,317,2014-01-09,2014-01-16,2014-01-21,5.0,1,5.0
SO74524,3207,318,2014-01-09,2014-01-16,2014-01-21,4.0,1,4.0
SO74525,2831,318,2014-01-09,2014-01-16,2014-01-21,4.0,1,4.0
SO74526,1490,325,2014-01-09,2014-01-16,2014-01-21,30.0,1,30.0
SO74527,10086,266,2014-01-09,2014-01-16,2014-01-21,5.0,1,5.0
SO74528,11383,266,2014-01-09,2014-01-16,2014-01-21,5.0,1,5.0
SO74529,928,326,2014-01-09,2014-01-16,2014-01-21,35.0,1,35.0
SO74530,939,326,2014-01-09,2014-01-16,2014-01-21,35.0,1,35.0
SO74531,2095,274,2014-01-09,2014-01-16,2014-01-21,22.0,1,22.0
SO74532,1289,21,2014-01-09,2014-01-16,2014-01-21,50.0,1,50.0
SO74532,1289,22,2014-01-09,2014-01-16,2014-01-21,50.0,1,50.0
SO74532,1289,23,2014-01-09,2014-01-16,2014-01-21,50.0,1,50.0
SO74533,5699,325,2014-01-10,2014-01-17,2014-01-22,30.0,1,30.0
SO74534,7712,274,2014-01-10,2014-01-17,2014-01-22,22.0,1,22.0
SO74535,16350,264,2014-01-10,2014-01-17,2014-01-22,70.0,1,70.0
SO74536,501,269,2014-01-10,2014-01-17,2014-01-22,2.0,1,2.0
SO74537,2015,272,2014-01-10,2014-01-17,2014-01-22,120.0,1,120.0
SO74538,66,318,2014-01-10,2014-01-17,2014-01-22,4.0,1,4.0
SO74539,16058,330,2014-01-10,2014-01-17,2014-01-22,29.0,1,29.0
SO74540,1431,324,2014-01-10,2014-01-17,2014-01-22,25.0,1,25.0
SO74541,2709,329,2014-01-10,2014-01-17,2014-01-22,33.0,1,33.0
SO74542,15198,324,2014-01-10,2014-01-17,2014-01-22,25.0,1,25.0
SO74543,5816,266,2014-01-10,2014-01-17,2014-01-22,5.0,1,5.0
SO74544,2482,12,2014-01-10,2014-01-17,2014-01-22,9.0,1,9.0
SO74544,2482,13,2014-01-10,2014-01-17,2014-01-22,9.0,1,9.0
SO74544,2482,14,2014-01-10,2014-01-17,2014-01-22,9.0,1,9.0
SO74545,3248,274,2014-01-10,2014-01-17,2014-01-22,22.0,1,22.0
SO74546,5463,324,2014-01-10,2014-01-17,2014-01-22,25.0,1,25.0
SO74547,10081,327,2014-01-10,2014-01-17,2014-01-22,21.0,1,21.0
SO74548,534,326,2014-01-10,2014-01-17,2014-01-22,35.0,1,35.0
SO74549,2282,274,2014-01-10,2014-01-17,2014-01-22,22.0,1,22.0
SO74550,1597,12,2014-01-10,2014-01-17,2014-01-22,9.0,1,9.0
SO74550,1597,13,2014-01-10,2014-01-17,2014-01-22,9.0,1,9.0
SO74550,1597,14,2014-01-10,2014-01-17,2014-01-22,9.0,1,9.0
SO74551,586,18,2014-01-10,2014-01-17,2014-01-22,50.0,1,50.0
SO74551,586,19,2014-01-10,2014-01-17,2014-01-22,50.0,1,50.0
SO74551,586,20,2014-01-10,2014-01-17,2014-01-22,50.0,1,50.0
SO74552,3679,328,2014-01-11,2014-01-18,2014-01-23,25.0,1,25.0
SO74553,13886,327,2014-01-11,2014-01-18,2014-01-23,21.0,1,21.0
SO74554,9405,266,2014-01-11,2014-01-18,2014-01-23,5.0,1,5.0
SO74555,6322,325,2014-01-11,2014-01-18,2014-01-23,30.0,1,30.0
SO74556,15660,265,2014-01-11,2014-01-18,2014-01-23,70.0,1,70.0
SO74557,95,267,2014-01-11,2014-01-18,2014-01-23,10.0,1,10.0
SO74558,7743,269,2014-01-11,2014-01-18,2014-01-23,2.0,1,2.0
SO74559,1358,253,2014-01-11,2014-01-18,2014-01-23,24.0,1,24.0
SO74559,1358,254,2014-01-11,2014-01-18,2014-01-23,24.0,1,24.0
SO74560,730,4,2014-01-11,2014-01-18,2014-01-23,35.0,1,35.0
SO74560,730,5,2014-01-11,2014-01-18,2014-01-23,35.0,1,35.0
SO74560,730,6,2014-01-11,2014-01-18,2014-01-23,35.0,1,35.0
SO74561,20,272,2014-01-11,2014-01-18,2014-01-23,120.0,1,120.0
SO74562,16648,327,2014-01-11,2014-01-18,2014-01-23,21.0,1,21.0
SO74563,213,324,2014-01-11,2014-01-18,2014-01-23,25.0,1,25.0
SO74564,14347,324,2014-01-11,2014-01-18,2014-01-23,25.0,1,25.0
SO74565,3725,329,2014-01-11,2014-01-18,2014-01-23,33.0,1,33.0
SO74566,11058,325,2014-01-11,2014-01-18,2014-01-23,30.0,1,30.0
SO74567,9511,267,2014-01-11,2014-01-18,2014-01-23,10.0,1,10.0
SO74568,7360,261,2014-01-11,2014-01-18,2014-01-23,64.0,1,64.0
SO74569,5009,317,2014-01-11,2014-01-18,2014-01-23,5.0,1,5.0
SO74570,12291,317,2014-01-11,2014-01-18,2014-01-23,5.0,1,5.0
SO74571,6357,12,2014-01-11,2014-01-18,2014-01-23,9.0,1,9.0
SO74571,6357,13,2014-01-11,2014-01-18,2014-01-23,9.0,1,9.0
SO74571,6357,14,2014-01-11,2014-01-18,2014-01-23,9.0,1,9.0
SO74572,9500,317,2014-01-11,2014-01-18,2014-01-23,5.0,1,5.0
SO74573,3760,317,2014-01-11,2014-01-18,2014-01-23,5.0,1,5.0
SO74574,3693,263,2014-01-11,2014-01-18,2014-01-23,70.0,1,70.0
SO74575,4683,263,2014-01-11,2014-01-18,2014-01-23,70.0,1,70.0
SO74576,8304,266,2014-01-11,2014-01-18,2014-01-23,5.0,1,5.0
SO74577,8348,327,2014-01-11,2014-01-18,2014-01-23,21.0,1,21.0
SO74578,14457,319,2014-01-11,2014-01-18,2014-01-23,5.0,1,5.0
SO74579,520,317,2014-01-11,2014-01-18,2014-01-23,5.0,1,5.0
SO74580,850,317,2014-01-11,2014-01-18,2014-01-23,5.0,1,5.0
SO74581,173,317,2014-01-11,2014-01-18,2014-01-23,5.0,1,5.0
SO74582,845,326,2014-01-11,2014-01-18,2014-01-23,35.0,1,35.0
SO74583,1543,12,2014-01-11,2014-01-18,2014-01-23,9.0,1,9.0
SO74583,1543,13,2014-01-11,2014-01-18,2014-01-23,9.0,1,9.0
SO74583,1543,14,2014-01-11,2014-01-18,2014-01-23,9.0,1,9.0
SO74584,1376,12,2014-01-11,2014-01-18,2014-01-23,9.0,1,9.0
SO74584,1376,13,2014-01-11,2014-01-18,2014-01-23,9.0,1,9.0
SO74584,1376,14,2014-01-11,2014-01-18,2014-01-23,9.0,1,9.0
SO74585,13280,318,2014-01-12,2014-01-19,2014-01-24,4.0,1,4.0
SO74586,8797,327,2014-01-12,2014-01-19,2014-01-24,21.0,1,21.0
SO74587,1346,318,2014-01-12,2014-01-19,2014-01-24,4.0,1,4.0
SO74588,5481,330,2014-01-12,2014-01-19,2014-01-24,29.0,1,29.0
SO74589,6323,12,2014-01-12,2014-01-19,2014-01-24,9.0,1,9.0
SO74589,6323,13,2014-01-12,2014-01-19,2014-01-24,9.0,1,9.0
SO74589,6323,14,2014-01-12,2014-01-19,2014-01-24,9.0,1,9.0
SO74590,3860,12,2014-01-12,2014-01-19,2014-01-24,9.0,1,9.0
SO74590,3860,13,2014-01-12,2014-01-19,2014-01-24,9.0,1,9.0
SO74590,3860,14,2014-01-12,2014-01-19,2014-01-24,9.0,1,9.0
SO74591,2141,268,2014-01-12,2014-01-19,2014-01-24,9.0,1,9.0
SO74592,657,269,2014-01-12,2014-01-19,2014-01-24,2.0,1,2.0
SO74593,20,319,2014-01-12,2014-01-19,2014-01-24,5.0,1,5.0
SO74594,17678,319,2014-01-12,2014-01-19,2014-01-24,5.0,1,5.0
SO74595,16030,327,2014-01-12,2014-01-19,2014-01-24,21.0,1,21.0
SO74596,177,319,2014-01-12,2014-01-19,2014-01-24,5.0,1,5.0
SO74597,288,324,2014-01-12,2014-01-19,2014-01-24,25.0,1,25.0
SO74598,16011,330,2014-01-12,2014-01-19,2014-01-24,29.0,1,29.0
SO74599,14072,329,2014-01-12,2014-01-19,2014-01-24,33.0,1,33.0
SO74600,9776,267,2014-01-12,2014-01-19,2014-01-24,10.0,1,10.0
SO74601,8010,12,2014-01-12,2014-01-19,2014-01-24,9.0,1,9.0
SO74601,8010,13,2014-01-12,2014-01-19,2014-01-24,9.0,1,9.0
SO74601,8010,14,2014-01-12,2014-01-19,2014-01-24,9.0,1,9.0
SO74602,6674,266,2014-01-12,2014-01-19,2014-01-24,5.0,1,5.0
SO74603,5955,266,2014-01-12,2014-01-19,2014-01-24,5.0,1,5.0
SO74604,7342,266,2014-01-12,2014-01-19,2014-01-24,5.0,1,5.0
SO74605,4294,317,2014-01-12,2014-01-19,2014-01-24,5.0,1,5.0
SO74606,5503,317,2014-01-12,2014-01-19,2014-01-24,5.0,1,5.0
SO74607,6211,274,2014-01-12,2014-01-19,2014-01-24,22.0,1,22.0
SO74608,4691,329,2014-01-12,2014-01-19,2014-01-24,33.0,1,33.0
SO74609,11808,325,2014-01-12,2014-01-19,2014-01-24,30.0,1,30.0
SO74610,11390,266,2014-01-12,2014-01-19,2014-01-24,5.0,1,5.0
SO74611,14786,266,2014-01-12,2014-01-19,2014-01-24,5.0,1,5.0
SO74612,15837,318,2014-01-12,2014-01-19,2014-01-24,4.0,1,4.0
SO74613,6820,318,2014-01-12,2014-01-19,2014-01-24,4.0,1,4.0
SO74614,1803,319,2014-01-12,2014-01-19,2014-01-24,5.0,1,5.0
SO74615,68,317,2014-01-12,2014-01-19,2014-01-24,5.0,1,5.0
SO74616,14484,319,2014-01-12,2014-01-19,2014-01-24,5.0,1,5.0
SO74617,1877,274,2014-01-12,2014-01-19,2014-01-24,22.0,1,22.0
SO74618,1520,18,2014-01-12,2014-01-19,2014-01-24,50.0,1,50.0
SO74618,1520,19,2014-01-12,2014-01-19,2014-01-24,50.0,1,50.0
SO74618,1520,20,2014-01-12,2014-01-19,2014-01-24,50.0,1,50.0
SO74619,1956,12,2014-01-13,2014-01-20,2014-01-25,9.0,1,9.0
SO74619,1956,13,2014-01-13,2014-01-20,2014-01-25,9.0,1,9.0
SO74619,1956,14,2014-01-13,2014-01-20,2014-01-25,9.0,1,9.0
SO74620,2964,324,2014-01-13,2014-01-20,2014-01-25,25.0,1,25.0
SO74621,9814,266,2014-01-13,2014-01-20,2014-01-25,5.0,1,5.0
SO74622,6497,276,2014-01-13,2014-01-20,2014-01-25,55.0,1,55.0
SO74623,717,279,2014-01-13,2014-01-20,2014-01-25,54.0,1,54.0
SO74624,263,277,2014-01-13,2014-01-20,2014-01-25,54.0,1,54.0
SO74625,143,318,2014-01-13,2014-01-20,2014-01-25,4.0,1,4.0
SO74626,1063,15,2014-01-13,2014-01-20,2014-01-25,50.0,1,50.0
SO74626,1063,16,2014-01-13,2014-01-20,2014-01-25,50.0,1,50.0
SO74626,1063,17,2014-01-13,2014-01-20,2014-01-25,50.0,1,50.0
SO74627,16677,327,2014-01-13,2014-01-20,2014-01-25,21.0,1,21.0
SO74628,15289,324,2014-01-13,2014-01-20,2014-01-25,25.0,1,25.0
SO74629,13748,317,2014-01-13,2014-01-20,2014-01-25,5.0,1,5.0
SO74630,13624,329,2014-01-13,2014-01-20,2014-01-25,33.0,1,33.0
SO74631,12125,325,2014-01-13,2014-01-20,2014-01-25,30.0,1,30.0
SO74632,5107,267,2014-01-13,2014-01-20,2014-01-25,10.0,1,10.0
SO74633,12001,325,2014-01-13,2014-01-20,2014-01-25,30.0,1,30.0
SO74634,177,264,2014-01-13,2014-01-20,2014-01-25,70.0,1,70.0
SO74635,9789,267,2014-01-13,2014-01-20,2014-01-25,10.0,1,10.0
SO74636,7953,264,2014-01-13,2014-01-20,2014-01-25,70.0,1,70.0
SO74637,7970,264,2014-01-13,2014-01-20,2014-01-25,70.0,1,70.0
SO74638,9276,262,2014-01-13,2014-01-20,2014-01-25,64.0,1,64.0
SO74639,5862,12,2014-01-13,2014-01-20,2014-01-25,9.0,1,9.0
SO74639,5862,13,2014-01-13,2014-01-20,2014-01-25,9.0,1,9.0
SO74639,5862,14,2014-01-13,2014-01-20,2014-01-25,9.0,1,9.0
SO74640,5863,266,2014-01-13,2014-01-20,2014-01-25,5.0,1,5.0
SO74641,12720,266,2014-01-13,2014-01-20,2014-01-25,5.0,1,5.0
SO74642,10442,317,2014-01-13,2014-01-20,2014-01-25,5.0,1,5.0
SO74643,13849,327,2014-01-13,2014-01-20,2014-01-25,21.0,1,21.0
SO74644,9921,318,2014-01-13,2014-01-20,2014-01-25,4.0,1,4.0
SO74645,11661,318,2014-01-13,2014-01-20,2014-01-25,4.0,1,4.0
SO74646,3176,330,2014-01-13,2014-01-20,2014-01-25,29.0,1,29.0
SO74647,1197,326,2014-01-13,2014-01-20,2014-01-25,35.0,1,35.0
SO74648,2492,326,2014-01-13,2014-01-20,2014-01-25,35.0,1,35.0
SO74649,350,266,2014-01-13,2014-01-20,2014-01-25,5.0,1,5.0
SO74650,8221,270,2014-01-13,2014-01-20,2014-01-25,9.0,1,9.0
SO74651,8584,327,2014-01-14,2014-01-21,2014-01-26,21.0,1,21.0
SO74652,7749,327,2014-01-14,2014-01-21,2014-01-26,21.0,1,21.0
SO74653,14296,317,2014-01-14,2014-01-21,2014-01-26,5.0,1,5.0
SO74654,14908,318,2014-01-14,2014-01-21,2014-01-26,4.0,1,4.0
SO74655,13496,266,2014-01-14,2014-01-21,2014-01-26,5.0,1,5.0
SO74656,4231,9,2014-01-14,2014-01-21,2014-01-26,35.0,1,35.0
SO74656,4231,10,2014-01-14,2014-01-21,2014-01-26,35.0,1,35.0
SO74656,4231,11,2014-01-14,2014-01-21,2014-01-26,35.0,1,35.0
SO74657,8582,330,2014-01-14,2014-01-21,2014-01-26,29.0,1,29.0
SO74658,24,318,2014-01-14,2014-01-21,2014-01-26,4.0,1,4.0
SO74659,15782,327,2014-01-14,2014-01-21,2014-01-26,21.0,1,21.0
SO74660,278,329,2014-01-14,2014-01-21,2014-01-26,33.0,1,33.0
SO74661,3907,329,2014-01-14,2014-01-21,2014-01-26,33.0,1,33.0
SO74662,699,325,2014-01-14,2014-01-21,2014-01-26,30.0,1,30.0
SO74663,11780,325,2014-01-14,2014-01-21,2014-01-26,30.0,1,30.0
SO74664,11358,266,2014-01-14,2014-01-21,2014-01-26,5.0,1,5.0
SO74665,8896,264,2014-01-14,2014-01-21,2014-01-26,70.0,1,70.0
SO74666,7386,266,2014-01-14,2014-01-21,2014-01-26,5.0,1,5.0
SO74667,7115,266,2014-01-14,2014-01-21,2014-01-26,5.0,1,5.0
SO74668,824,266,2014-01-14,2014-01-21,2014-01-26,5.0,1,5.0
SO74669,4826,317,2014-01-14,2014-01-21,2014-01-26,5.0,1,5.0
SO74670,5234,266,2014-01-14,2014-01-21,2014-01-26,5.0,1,5.0
SO74671,3432,274,2014-01-14,2014-01-21,2014-01-26,22.0,1,22.0
SO74672,3369,261,2014-01-14,2014-01-21,2014-01-26,64.0,1,64.0
SO74673,2947,274,2014-01-14,2014-01-21,2014-01-26,22.0,1,22.0
SO74674,6191,274,2014-01-14,2014-01-21,2014-01-26,22.0,1,22.0
SO74675,8060,274,2014-01-14,2014-01-21,2014-01-26,22.0,1,22.0
SO74676,3180,318,2014-01-14,2014-01-21,2014-01-26,4.0,1,4.0
SO74677,8305,318,2014-01-14,2014-01-21,2014-01-26,4.0,1,4.0
SO74678,8933,328,2014-01-14,2014-01-21,2014-01-26,25.0,1,25.0
SO74679,10741,325,2014-01-14,2014-01-21,2014-01-26,30.0,1,30.0
SO74680,3546,330,2014-01-14,2014-01-21,2014-01-26,29.0,1,29.0
SO74681,14545,318,2014-01-14,2014-01-21,2014-01-26,4.0,1,4.0
SO74682,11515,266,2014-01-14,2014-01-21,2014-01-26,5.0,1,5.0
SO74683,7014,327,2014-01-14,2014-01-21,2014-01-26,21.0,1,21.0
SO74684,14537,327,2014-01-14,2014-01-21,2014-01-26,21.0,1,21.0
SO74685,2666,319,2014-01-14,2014-01-21,2014-01-26,5.0,1,5.0
SO74686,5036,319,2014-01-14,2014-01-21,2014-01-26,5.0,1,5.0
SO74687,634,317,2014-01-14,2014-01-21,2014-01-26,5.0,1,5.0
SO74688,1177,317,2014-01-14,2014-01-21,2014-01-26,5.0,1,5.0
SO74689,1602,12,2014-01-14,2014-01-21,2014-01-26,9.0,1,9.0
SO74689,1602,13,2014-01-14,2014-01-21,2014-01-26,9.0,1,9.0
SO74689,1602,14,2014-01-14,2014-01-21,2014-01-26,9.0,1,9.0
SO74690,4232,318,2014-01-15,2014-01-22,2014-01-27,4.0,1,4.0
SO74691,7290,260,2014-01-15,2014-01-22,2014-01-27,64.0,1,64.0
SO74692,8269,326,2014-01-15,2014-01-22,2014-01-27,35.0,1,35.0
SO74693,11064,12,2014-01-15,2014-01-22,2014-01-27,9.0,1,9.0
SO74693,11064,13,2014-01-15,2014-01-22,2014-01-27,9.0,1,9.0
SO74693,11064,14,2014-01-15,2014-01-22,2014-01-27,9.0,1,9.0
SO74694,3680,15,2014-01-15,2014-01-22,2014-01-27,50.0,1,50.0
SO74694,3680,16,2014-01-15,2014-01-22,2014-01-27,50.0,1,50.0
SO74694,3680,17,2014-01-15,2014-01-22,2014-01-27,50.0,1,50.0
SO74695,309,269,2014-01-15,2014-01-22,2014-01-27,2.0,1,2.0
SO74696,17175,319,2014-01-15,2014-01-22,2014-01-27,5.0,1,5.0
SO74697,17579,319,2014-01-15,2014-01-22,2014-01-27,5.0,1,5.0
SO74698,712,318,2014-01-15,2014-01-22,2014-01-27,4.0,1,4.0
SO74699,177,318,2014-01-15,2014-01-22,2014-01-27,4.0,1,4.0
SO74700,6681,317,2014-01-15,2014-01-22,2014-01-27,5.0,1,5.0
SO74701,2290,266,2014-01-15,2014-01-22,2014-01-27,5.0,1,5.0
SO74702,11332,267,2014-01-15,2014-01-22,2014-01-27,10.0,1,10.0
SO74703,15811,266,2014-01-15,2014-01-22,2014-01-27,5.0,1,5.0
SO74704,15101,266,2014-01-15,2014-01-22,2014-01-27,5.0,1,5.0
SO74705,5077,317,2014-01-15,2014-01-22,2014-01-27,5.0,1,5.0
SO74706,1160,266,2014-01-15,2014-01-22,2014-01-27,5.0,1,5.0
SO74707,3857,317,2014-01-15,2014-01-22,2014-01-27,5.0,1,5.0
SO74708,3501,317,2014-01-15,2014-01-22,2014-01-27,5.0,1,5.0
SO74709,5258,318,2014-01-15,2014-01-22,2014-01-27,4.0,1,4.0
SO74710,9903,325,2014-01-15,2014-01-22,2014-01-27,30.0,1,30.0
SO74711,10833,266,2014-01-15,2014-01-22,2014-01-27,5.0,1,5.0
SO74712,10676,327,2014-01-15,2014-01-22,2014-01-27,21.0,1,21.0
SO74713,1804,330,2014-01-15,2014-01-22,2014-01-27,29.0,1,29.0
SO74714,5468,319,2014-01-15,2014-01-22,2014-01-27,5.0,1,5.0
SO74715,1088,317,2014-01-15,2014-01-22,2014-01-27,5.0,1,5.0
SO74716,2579,267,2014-01-15,2014-01-22,2014-01-27,10.0,1,10.0
SO74717,1314,9,2014-01-15,2014-01-22,2014-01-27,35.0,1,35.0
SO74717,1314,10,2014-01-15,2014-01-22,2014-01-27,35.0,1,35.0
SO74717,1314,11,2014-01-15,2014-01-22,2014-01-27,35.0,1,35.0
SO74718,1975,274,2014-01-15,2014-01-22,2014-01-27,22.0,1,22.0
SO74719,2962,324,2014-01-16,2014-01-23,2014-01-28,25.0,1,25.0
SO74720,1411,272,2014-01-16,2014-01-23,2014-01-28,120.0,1,120.0
SO74721,4438,317,2014-01-16,2014-01-23,2014-01-28,5.0,1,5.0
SO74722,7368,327,2014-01-16,2014-01-23,2014-01-28,21.0,1,21.0
SO74723,11859,266,2014-01-16,2014-01-23,2014-01-28,5.0,1,5.0
SO74724,1697,318,2014-01-16,2014-01-23,2014-01-28,4.0,1,4.0
SO74725,8625,330,2014-01-16,2014-01-23,2014-01-28,29.0,1,29.0
SO74726,820,280,2014-01-16,2014-01-23,2014-01-28,54.0,1,54.0
SO74727,15461,324,2014-01-16,2014-01-23,2014-01-28,25.0,1,25.0
SO74728,278,324,2014-01-16,2014-01-23,2014-01-28,25.0,1,25.0
SO74729,13439,329,2014-01-16,2014-01-23,2014-01-28,33.0,1,33.0
SO74730,15237,324,2014-01-16,2014-01-23,2014-01-28,25.0,1,25.0
SO74731,11758,317,2014-01-16,2014-01-23,2014-01-28,5.0,1,5.0
SO74732,12362,325,2014-01-16,2014-01-23,2014-01-28,30.0,1,30.0
SO74733,10297,267,2014-01-16,2014-01-23,2014-01-28,10.0,1,10.0
SO74734,8981,265,2014-01-16,2014-01-23,2014-01-28,70.0,1,70.0
SO74735,7420,266,2014-01-16,2014-01-23,2014-01-28,5.0,1,5.0
SO74736,870,266,2014-01-16,2014-01-23,2014-01-28,5.0,1,5.0
SO74737,5919,266,2014-01-16,2014-01-23,2014-01-28,5.0,1,5.0
SO74738,8001,274,2014-01-16,2014-01-23,2014-01-28,22.0,1,22.0
SO74739,2739,274,2014-01-16,2014-01-23,2014-01-28,22.0,1,22.0
SO74740,2470,274,2014-01-16,2014-01-23,2014-01-28,22.0,1,22.0
SO74741,5286,317,2014-01-16,2014-01-23,2014-01-28,5.0,1,5.0
SO74742,3987,317,2014-01-16,2014-01-23,2014-01-28,5.0,1,5.0
SO74743,4112,265,2014-01-16,2014-01-23,2014-01-28,70.0,1,70.0
SO74744,6775,324,2014-01-16,2014-01-23,2014-01-28,25.0,1,25.0
SO74745,15845,12,2014-01-16,2014-01-23,2014-01-28,9.0,1,9.0
SO74745,15845,13,2014-01-16,2014-01-23,2014-01-28,9.0,1,9.0
SO74745,15845,14,2014-01-16,2014-01-23,2014-01-28,9.0,1,9.0
SO74746,17440,327,2014-01-16,2014-01-23,2014-01-28,21.0,1,21.0
SO74747,15397,330,2014-01-16,2014-01-23,2014-01-28,29.0,1,29.0
SO74748,11707,318,2014-01-16,2014-01-23,2014-01-28,4.0,1,4.0
SO74749,8487,330,2014-01-16,2014-01-23,2014-01-28,29.0,1,29.0
SO74750,191,317,2014-01-16,2014-01-23,2014-01-28,5.0,1,5.0
SO74751,1056,326,2014-01-16,2014-01-23,2014-01-28,35.0,1,35.0
SO74752,1457,274,2014-01-16,2014-01-23,2014-01-28,22.0,1,22.0
SO74753,1944,326,2014-01-16,2014-01-23,2014-01-28,35.0,1,35.0
SO74754,4595,318,2014-01-17,2014-01-24,2014-01-29,4.0,1,4.0
SO74755,9429,325,2014-01-17,2014-01-24,2014-01-29,30.0,1,30.0
SO74756,13480,266,2014-01-17,2014-01-24,2014-01-29,5.0,1,5.0
SO74757,14238,317,2014-01-17,2014-01-24,2014-01-29,5.0,1,5.0
SO74758,2041,9,2014-01-17,2014-01-24,2014-01-29,35.0,1,35.0
SO74758,2041,10,2014-01-17,2014-01-24,2014-01-29,35.0,1,35.0
SO74758,2041,11,2014-01-17,2014-01-24,2014-01-29,35.0,1,35.0
SO74759,213,318,2014-01-17,2014-01-24,2014-01-29,4.0,1,4.0
SO74760,17025,318,2014-01-17,2014-01-24,2014-01-29,4.0,1,4.0
SO74761,15337,324,2014-01-17,2014-01-24,2014-01-29,25.0,1,25.0
SO74762,4198,329,2014-01-17,2014-01-24,2014-01-29,33.0,1,33.0
SO74763,13965,329,2014-01-17,2014-01-24,2014-01-29,33.0,1,33.0
SO74764,12286,325,2014-01-17,2014-01-24,2014-01-29,30.0,1,30.0
SO74765,9689,267,2014-01-17,2014-01-24,2014-01-29,10.0,1,10.0
SO74766,9773,267,2014-01-17,2014-01-24,2014-01-29,10.0,1,10.0
SO74767,6379,266,2014-01-17,2014-01-24,2014-01-29,5.0,1,5.0
SO74768,8873,317,2014-01-17,2014-01-24,2014-01-29,5.0,1,5.0
SO74769,4750,317,2014-01-17,2014-01-24,2014-01-29,5.0,1,5.0
SO74770,11218,274,2014-01-17,2014-01-24,2014-01-29,22.0,1,22.0
SO74771,3978,317,2014-01-17,2014-01-24,2014-01-29,5.0,1,5.0
SO74772,10067,317,2014-01-17,2014-01-24,2014-01-29,5.0,1,5.0
SO74773,12768,266,2014-01-17,2014-01-24,2014-01-29,5.0,1,5.0
SO74774,8916,328,2014-01-17,2014-01-24,2014-01-29,25.0,1,25.0
SO74775,3144,330,2014-01-17,2014-01-24,2014-01-29,29.0,1,29.0
SO74776,14655,319,2014-01-17,2014-01-24,2014-01-29,5.0,1,5.0
SO74777,11683,330,2014-01-17,2014-01-24,2014-01-29,29.0,1,29.0
SO74778,229,326,2014-01-17,2014-01-24,2014-01-29,35.0,1,35.0
SO74779,871,326,2014-01-17,2014-01-24,2014-01-29,35.0,1,35.0
SO74780,1962,317,2014-01-17,2014-01-24,2014-01-29,5.0,1,5.0
SO74781,2034,274,2014-01-17,2014-01-24,2014-01-29,22.0,1,22.0
SO74782,1234,9,2014-01-17,2014-01-24,2014-01-29,35.0,1,35.0
SO74782,1234,10,2014-01-17,2014-01-24,2014-01-29,35.0,1,35.0
SO74782,1234,11,2014-01-17,2014-01-24,2014-01-29,35.0,1,35.0
SO74783,1552,21,2014-01-17,2014-01-24,2014-01-29,50.0,1,50.0
SO74783,1552,22,2014-01-17,2014-01-24,2014-01-29,50.0,1,50.0
SO74783,1552,23,2014-01-17,2014-01-24,2014-01-29,50.0,1,50.0
SO74784,277,273,2014-01-18,2014-01-25,2014-01-30,8.0,1,8.0
SO74785,875,273,2014-01-18,2014-01-25,2014-01-30,8.0,1,8.0
SO74786,2670,324,2014-01-18,2014-01-25,2014-01-30,25.0,1,25.0
SO74787,8574,327,2014-01-18,2014-01-25,2014-01-30,21.0,1,21.0
SO74788,12643,266,2014-01-18,2014-01-25,2014-01-30,5.0,1,5.0
SO74789,3057,265,2014-01-18,2014-01-25,2014-01-30,70.0,1,70.0
SO74790,6283,278,2014-01-18,2014-01-25,2014-01-30,54.0,1,54.0
SO74791,6312,12,2014-01-18,2014-01-25,2014-01-30,9.0,1,9.0
SO74791,6312,13,2014-01-18,2014-01-25,2014-01-30,9.0,1,9.0
SO74791,6312,14,2014-01-18,2014-01-25,2014-01-30,9.0,1,9.0
SO74792,693,280,2014-01-18,2014-01-25,2014-01-30,54.0,1,54.0
SO74793,502,269,2014-01-18,2014-01-25,2014-01-30,2.0,1,2.0
SO74794,637,269,2014-01-18,2014-01-25,2014-01-30,2.0,1,2.0
SO74795,459,317,2014-01-18,2014-01-25,2014-01-30,5.0,1,5.0
SO74796,16033,319,2014-01-18,2014-01-25,2014-01-30,5.0,1,5.0
SO74797,13824,329,2014-01-18,2014-01-25,2014-01-30,33.0,1,33.0
SO74798,12468,325,2014-01-18,2014-01-25,2014-01-30,30.0,1,30.0
SO74799,1078,325,2014-01-18,2014-01-25,2014-01-30,30.0,1,30.0
SO74800,2702,267,2014-01-18,2014-01-25,2014-01-30,10.0,1,10.0
SO74801,741,267,2014-01-18,2014-01-25,2014-01-30,10.0,1,10.0
SO74802,7500,266,2014-01-18,2014-01-25,2014-01-30,5.0,1,5.0
SO74803,17347,265,2014-01-18,2014-01-25,2014-01-30,70.0,1,70.0
SO74804,7921,265,2014-01-18,2014-01-25,2014-01-30,70.0,1,70.0
SO74805,10239,317,2014-01-18,2014-01-25,2014-01-30,5.0,1,5.0
SO74806,8064,324,2014-01-18,2014-01-25,2014-01-30,25.0,1,25.0
SO74807,6882,317,2014-01-18,2014-01-25,2014-01-30,5.0,1,5.0
SO74808,4761,326,2014-01-18,2014-01-25,2014-01-30,35.0,1,35.0
SO74809,1444,274,2014-01-18,2014-01-25,2014-01-30,22.0,1,22.0
SO74810,1335,21,2014-01-18,2014-01-25,2014-01-30,50.0,1,50.0
SO74810,1335,22,2014-01-18,2014-01-25,2014-01-30,50.0,1,50.0
SO74810,1335,23,2014-01-18,2014-01-25,2014-01-30,50.0,1,50.0
SO74811,9456,327,2014-01-19,2014-01-26,2014-01-31,21.0,1,21.0
SO74812,10363,317,2014-01-19,2014-01-26,2014-01-31,5.0,1,5.0
SO74813,13594,266,2014-01-19,2014-01-26,2014-01-31,5.0,1,5.0
SO74814,681,278,2014-01-19,2014-01-26,2014-01-31,54.0,1,54.0
SO74815,15788,327,2014-01-19,2014-01-26,2014-01-31,21.0,1,21.0
SO74816,15614,319,2014-01-19,2014-01-26,2014-01-31,5.0,1,5.0
SO74817,7318,327,2014-01-19,2014-01-26,2014-01-31,21.0,1,21.0
SO74818,2861,330,2014-01-19,2014-01-26,2014-01-31,29.0,1,29.0
SO74819,14764,329,2014-01-19,2014-01-26,2014-01-31,33.0,1,33.0
SO74820,7750,318,2014-01-19,2014-01-26,2014-01-31,4.0,1,4.0
SO74821,10302,267,2014-01-19,2014-01-26,2014-01-31,10.0,1,10.0
SO74822,521,265,2014-01-19,2014-01-26,2014-01-31,70.0,1,70.0
SO74823,7966,263,2014-01-19,2014-01-26,2014-01-31,70.0,1,70.0
SO74824,1098,265,2014-01-19,2014-01-26,2014-01-31,70.0,1,70.0
SO74825,16192,266,2014-01-19,2014-01-26,2014-01-31,5.0,1,5.0
SO74826,5963,12,2014-01-19,2014-01-26,2014-01-31,9.0,1,9.0
SO74826,5963,13,2014-01-19,2014-01-26,2014-01-31,9.0,1,9.0
SO74826,5963,14,2014-01-19,2014-01-26,2014-01-31,9.0,1,9.0
SO74827,4384,317,2014-01-19,2014-01-26,2014-01-31,5.0,1,5.0
SO74828,6709,324,2014-01-19,2014-01-26,2014-01-31,25.0,1,25.0
SO74829,4075,274,2014-01-19,2014-01-26,2014-01-31,22.0,1,22.0
SO74830,4114,265,2014-01-19,2014-01-26,2014-01-31,70.0,1,70.0
SO74831,6720,325,2014-01-19,2014-01-26,2014-01-31,30.0,1,30.0
SO74832,12632,318,2014-01-19,2014-01-26,2014-01-31,4.0,1,4.0
SO74833,8492,318,2014-01-19,2014-01-26,2014-01-31,4.0,1,4.0
SO74834,9900,318,2014-01-19,2014-01-26,2014-01-31,4.0,1,4.0
SO74835,15416,330,2014-01-19,2014-01-26,2014-01-31,29.0,1,29.0
SO74836,14679,327,2014-01-19,2014-01-26,2014-01-31,21.0,1,21.0
SO74837,17896,319,2014-01-19,2014-01-26,2014-01-31,5.0,1,5.0
SO74838,1530,274,2014-01-19,2014-01-26,2014-01-31,22.0,1,22.0
SO74839,2212,274,2014-01-19,2014-01-26,2014-01-31,22.0,1,22.0
SO74840,5849,274,2014-01-19,2014-01-26,2014-01-31,22.0,1,22.0
SO74841,6451,274,2014-01-19,2014-01-26,2014-01-31,22.0,1,22.0
SO74842,2605,267,2014-01-19,2014-01-26,2014-01-31,10.0,1,10.0
SO74843,138,318,2014-01-20,2014-01-27,2014-02-01,4.0,1,4.0
SO74844,2618,324,2014-01-20,2014-01-27,2014-02-01,25.0,1,25.0
SO74845,2141,317,2014-01-20,2014-01-27,2014-02-01,5.0,1,5.0
SO74846,15375,265,2014-01-20,2014-01-27,2014-02-01,70.0,1,70.0
SO74847,2963,21,2014-01-20,2014-01-27,2014-02-01,50.0,1,50.0
SO74847,2963,22,2014-01-20,2014-01-27,2014-02-01,50.0,1,50.0
SO74847,2963,23,2014-01-20,2014-01-27,2014-02-01,50.0,1,50.0
SO74848,3058,18,2014-01-20,2014-01-27,2014-02-01,50.0,1,50.0
SO74848,3058,19,2014-01-20,2014-01-27,2014-02-01,50.0,1,50.0
SO74848,3058,20,2014-01-20,2014-01-27,2014-02-01,50.0,1,50.0
SO74849,5031,319,2014-01-20,2014-01-27,2014-02-01,5.0,1,5.0
SO74850,8105,330,2014-01-20,2014-01-27,2014-02-01,29.0,1,29.0
SO74851,1035,269,2014-01-20,2014-01-27,2014-02-01,2.0,1,2.0
SO74852,6382,275,2014-01-20,2014-01-27,2014-02-01,159.0,1,159.0
SO74853,3087,329,2014-01-20,2014-01-27,2014-02-01,33.0,1,33.0
SO74854,1009,253,2014-01-20,2014-01-27,2014-02-01,24.0,1,24.0
SO74854,1009,254,2014-01-20,2014-01-27,2014-02-01,24.0,1,24.0
SO74855,201,269,2014-01-20,2014-01-27,2014-02-01,2.0,1,2.0
SO74856,508,319,2014-01-20,2014-01-27,2014-02-01,5.0,1,5.0
SO74857,16539,319,2014-01-20,2014-01-27,2014-02-01,5.0,1,5.0
SO74858,15009,324,2014-01-20,2014-01-27,2014-02-01,25.0,1,25.0
SO74859,4848,325,2014-01-20,2014-01-27,2014-02-01,30.0,1,30.0
SO74860,10618,267,2014-01-20,2014-01-27,2014-02-01,10.0,1,10.0
SO74861,4512,267,2014-01-20,2014-01-27,2014-02-01,10.0,1,10.0
SO74862,3097,267,2014-01-20,2014-01-27,2014-02-01,10.0,1,10.0
SO74863,9467,267,2014-01-20,2014-01-27,2014-02-01,10.0,1,10.0
SO74864,7814,263,2014-01-20,2014-01-27,2014-02-01,70.0,1,70.0
SO74865,7074,266,2014-01-20,2014-01-27,2014-02-01,5.0,1,5.0
SO74866,5769,266,2014-01-20,2014-01-27,2014-02-01,5.0,1,5.0
SO74867,4337,317,2014-01-20,2014-01-27,2014-02-01,5.0,1,5.0
SO74868,8044,324,2014-01-20,2014-01-27,2014-02-01,25.0,1,25.0
SO74869,8378,325,2014-01-20,2014-01-27,2014-02-01,30.0,1,30.0
SO74870,13715,266,2014-01-20,2014-01-27,2014-02-01,5.0,1,5.0
SO74871,14297,318,2014-01-20,2014-01-27,2014-02-01,4.0,1,4.0
SO74872,17436,330,2014-01-20,2014-01-27,2014-02-01,29.0,1,29.0
SO74873,6254,325,2014-01-21,2014-01-28,2014-02-02,30.0,1,30.0
SO74874,5636,317,2014-01-21,2014-01-28,2014-02-02,5.0,1,5.0
SO74875,5731,274,2014-01-21,2014-01-28,2014-02-02,22.0,1,22.0
SO74876,14138,317,2014-01-21,2014-01-28,2014-02-02,5.0,1,5.0
SO74877,8753,266,2014-01-21,2014-01-28,2014-02-02,5.0,1,5.0
SO74878,6240,278,2014-01-21,2014-01-28,2014-02-02,54.0,1,54.0
SO74879,1691,275,2014-01-21,2014-01-28,2014-02-02,159.0,1,159.0
SO74880,189,318,2014-01-21,2014-01-28,2014-02-02,4.0,1,4.0
SO74881,17874,319,2014-01-21,2014-01-28,2014-02-02,5.0,1,5.0
SO74882,17988,328,2014-01-21,2014-01-28,2014-02-02,25.0,1,25.0
SO74883,18220,328,2014-01-21,2014-01-28,2014-02-02,25.0,1,25.0
SO74884,17278,319,2014-01-21,2014-01-28,2014-02-02,5.0,1,5.0
SO74885,17263,319,2014-01-21,2014-01-28,2014-02-02,5.0,1,5.0
SO74886,16742,327,2014-01-21,2014-01-28,2014-02-02,21.0,1,21.0
SO74887,712,319,2014-01-21,2014-01-28,2014-02-02,5.0,1,5.0
SO74888,14933,324,2014-01-21,2014-01-28,2014-02-02,25.0,1,25.0
SO74889,14005,324,2014-01-21,2014-01-28,2014-02-02,25.0,1,25.0
SO74890,14188,329,2014-01-21,2014-01-28,2014-02-02,33.0,1,33.0
SO74891,12038,325,2014-01-21,2014-01-28,2014-02-02,30.0,1,30.0
SO74892,4827,267,2014-01-21,2014-01-28,2014-02-02,10.0,1,10.0
SO74893,9738,263,2014-01-21,2014-01-28,2014-02-02,70.0,1,70.0
SO74894,4378,264,2014-01-21,2014-01-28,2014-02-02,70.0,1,70.0
SO74895,17026,263,2014-01-21,2014-01-28,2014-02-02,70.0,1,70.0
SO74896,7871,263,2014-01-21,2014-01-28,2014-02-02,70.0,1,70.0
SO74897,7506,266,2014-01-21,2014-01-28,2014-02-02,5.0,1,5.0
SO74898,7798,264,2014-01-21,2014-01-28,2014-02-02,70.0,1,70.0
SO74899,5724,317,2014-01-21,2014-01-28,2014-02-02,5.0,1,5.0
SO74900,4695,329,2014-01-21,2014-01-28,2014-02-02,33.0,1,33.0
SO74901,10084,325,2014-01-21,2014-01-28,2014-02-02,30.0,1,30.0
SO74902,7619,325,2014-01-21,2014-01-28,2014-02-02,30.0,1,30.0
SO74903,12611,318,2014-01-21,2014-01-28,2014-02-02,4.0,1,4.0
SO74904,11803,266,2014-01-21,2014-01-28,2014-02-02,5.0,1,5.0
SO74905,18472,327,2014-01-21,2014-01-28,2014-02-02,21.0,1,21.0
SO74906,1872,330,2014-01-21,2014-01-28,2014-02-02,29.0,1,29.0
SO74907,16329,319,2014-01-21,2014-01-28,2014-02-02,5.0,1,5.0
SO74908,14,326,2014-01-21,2014-01-28,2014-02-02,35.0,1,35.0
SO74909,502,326,2014-01-21,2014-01-28,2014-02-02,35.0,1,35.0
SO74910,1777,326,2014-01-21,2014-01-28,2014-02-02,35.0,1,35.0
SO74911,5332,274,2014-01-21,2014-01-28,2014-02-02,22.0,1,22.0
SO74912,5668,274,2014-01-21,2014-01-28,2014-02-02,22.0,1,22.0
SO74913,502,273,2014-01-22,2014-01-29,2014-02-03,8.0,1,8.0
SO74914,5493,318,2014-01-22,2014-01-29,2014-02-03,4.0,1,4.0
SO74915,10992,326,2014-01-22,2014-01-29,2014-02-03,35.0,1,35.0
SO74916,13364,266,2014-01-22,2014-01-29,2014-02-03,5.0,1,5.0
SO74917,17783,277,2014-01-22,2014-01-29,2014-02-03,54.0,1,54.0
SO74918,1094,12,2014-01-22,2014-01-29,2014-02-03,9.0,1,9.0
SO74918,1094,13,2014-01-22,2014-01-29,2014-02-03,9.0,1,9.0
SO74918,1094,14,2014-01-22,2014-01-29,2014-02-03,9.0,1,9.0
SO74919,263,9,2014-01-22,2014-01-29,2014-02-03,35.0,1,35.0
SO74919,263,10,2014-01-22,2014-01-29,2014-02-03,35.0,1,35.0
SO74919,263,11,2014-01-22,2014-01-29,2014-02-03,35.0,1,35.0
SO74920,507,328,2014-01-22,2014-01-29,2014-02-03,25.0,1,25.0
SO74921,18025,318,2014-01-22,2014-01-29,2014-02-03,4.0,1,4.0
SO74922,331,324,2014-01-22,2014-01-29,2014-02-03,25.0,1,25.0
SO74923,277,330,2014-01-22,2014-01-29,2014-02-03,29.0,1,29.0
SO74924,14376,329,2014-01-22,2014-01-29,2014-02-03,33.0,1,33.0
SO74925,3342,330,2014-01-22,2014-01-29,2014-02-03,29.0,1,29.0
SO74926,12703,325,2014-01-22,2014-01-29,2014-02-03,30.0,1,30.0
SO74927,12292,317,2014-01-22,2014-01-29,2014-02-03,5.0,1,5.0
SO74928,11264,325,2014-01-22,2014-01-29,2014-02-03,30.0,1,30.0
SO74929,3505,267,2014-01-22,2014-01-29,2014-02-03,10.0,1,10.0
SO74930,7940,263,2014-01-22,2014-01-29,2014-02-03,70.0,1,70.0
SO74931,6590,266,2014-01-22,2014-01-29,2014-02-03,5.0,1,5.0
SO74932,5923,266,2014-01-22,2014-01-29,2014-02-03,5.0,1,5.0
SO74933,10532,325,2014-01-22,2014-01-29,2014-02-03,30.0,1,30.0
SO74934,12932,330,2014-01-22,2014-01-29,2014-02-03,29.0,1,29.0
SO74935,210,326,2014-01-22,2014-01-29,2014-02-03,35.0,1,35.0
SO74936,5722,274,2014-01-22,2014-01-29,2014-02-03,22.0,1,22.0
SO74937,8087,274,2014-01-23,2014-01-30,2014-02-04,22.0,1,22.0
SO74938,14233,317,2014-01-23,2014-01-30,2014-02-04,5.0,1,5.0
SO74939,2006,318,2014-01-23,2014-01-30,2014-02-04,4.0,1,4.0
SO74940,3558,279,2014-01-23,2014-01-30,2014-02-04,54.0,1,54.0
SO74941,132,18,2014-01-23,2014-01-30,2014-02-04,50.0,1,50.0
SO74941,132,19,2014-01-23,2014-01-30,2014-02-04,50.0,1,50.0
SO74941,132,20,2014-01-23,2014-01-30,2014-02-04,50.0,1,50.0
SO74942,16217,328,2014-01-23,2014-01-30,2014-02-04,25.0,1,25.0
SO74943,16384,330,2014-01-23,2014-01-30,2014-02-04,29.0,1,29.0
SO74944,17635,318,2014-01-23,2014-01-30,2014-02-04,4.0,1,4.0
SO74945,16435,319,2014-01-23,2014-01-30,2014-02-04,5.0,1,5.0
SO74946,16481,330,2014-01-23,2014-01-30,2014-02-04,29.0,1,29.0
SO74947,13687,318,2014-01-23,2014-01-30,2014-02-04,4.0,1,4.0
SO74948,12685,325,2014-01-23,2014-01-30,2014-02-04,30.0,1,30.0
SO74949,824,325,2014-01-23,2014-01-30,2014-02-04,30.0,1,30.0
SO74950,10758,267,2014-01-23,2014-01-30,2014-02-04,10.0,1,10.0
SO74951,9785,267,2014-01-23,2014-01-30,2014-02-04,10.0,1,10.0
SO74952,5507,267,2014-01-23,2014-01-30,2014-02-04,10.0,1,10.0
SO74953,1137,267,2014-01-23,2014-01-30,2014-02-04,10.0,1,10.0
SO74954,8227,263,2014-01-23,2014-01-30,2014-02-04,70.0,1,70.0
SO74955,7071,266,2014-01-23,2014-01-30,2014-02-04,5.0,1,5.0
SO74956,6698,266,2014-01-23,2014-01-30,2014-02-04,5.0,1,5.0
SO74957,5061,317,2014-01-23,2014-01-30,2014-02-04,5.0,1,5.0
SO74958,5246,266,2014-01-23,2014-01-30,2014-02-04,5.0,1,5.0
SO74959,3870,317,2014-01-23,2014-01-30,2014-02-04,5.0,1,5.0
SO74960,3576,317,2014-01-23,2014-01-30,2014-02-04,5.0,1,5.0
SO74961,2732,274,2014-01-23,2014-01-30,2014-02-04,22.0,1,22.0
SO74962,5444,317,2014-01-23,2014-01-30,2014-02-04,5.0,1,5.0
SO74963,7160,274,2014-01-23,2014-01-30,2014-02-04,22.0,1,22.0
SO74964,3963,328,2014-01-23,2014-01-30,2014-02-04,25.0,1,25.0
SO74965,16832,327,2014-01-23,2014-01-30,2014-02-04,21.0,1,21.0
SO74966,2708,326,2014-01-23,2014-01-30,2014-02-04,35.0,1,35.0
SO74967,787,326,2014-01-23,2014-01-30,2014-02-04,35.0,1,35.0
SO74968,2296,274,2014-01-23,2014-01-30,2014-02-04,22.0,1,22.0
SO74969,5623,317,2014-01-24,2014-01-31,2014-02-05,5.0,1,5.0
SO74970,8583,318,2014-01-24,2014-01-31,2014-02-05,4.0,1,4.0
SO74971,9258,327,2014-01-24,2014-01-31,2014-02-05,21.0,1,21.0
SO74972,3055,263,2014-01-24,2014-01-31,2014-02-05,70.0,1,70.0
SO74973,15447,265,2014-01-24,2014-01-31,2014-02-05,70.0,1,70.0
SO74974,4759,1,2014-01-24,2014-01-31,2014-02-05,35.0,1,35.0
SO74974,4759,2,2014-01-24,2014-01-31,2014-02-05,35.0,1,35.0
SO74974,4759,3,2014-01-24,2014-01-31,2014-02-05,35.0,1,35.0
SO74975,332,318,2014-01-24,2014-01-31,2014-02-05,4.0,1,4.0
SO74976,18263,318,2014-01-24,2014-01-31,2014-02-05,4.0,1,4.0
SO74977,503,318,2014-01-24,2014-01-31,2014-02-05,4.0,1,4.0
SO74978,220,269,2014-01-24,2014-01-31,2014-02-05,2.0,1,2.0
SO74979,16736,318,2014-01-24,2014-01-31,2014-02-05,4.0,1,4.0
SO74980,643,318,2014-01-24,2014-01-31,2014-02-05,4.0,1,4.0
SO74981,15173,324,2014-01-24,2014-01-31,2014-02-05,25.0,1,25.0
SO74982,14878,324,2014-01-24,2014-01-31,2014-02-05,25.0,1,25.0
SO74983,4252,267,2014-01-24,2014-01-31,2014-02-05,10.0,1,10.0
SO74984,16563,264,2014-01-24,2014-01-31,2014-02-05,70.0,1,70.0
SO74985,7669,266,2014-01-24,2014-01-31,2014-02-05,5.0,1,5.0
SO74986,4362,317,2014-01-24,2014-01-31,2014-02-05,5.0,1,5.0
SO74987,9746,317,2014-01-24,2014-01-31,2014-02-05,5.0,1,5.0
SO74988,3259,274,2014-01-24,2014-01-31,2014-02-05,22.0,1,22.0
SO74989,2876,274,2014-01-24,2014-01-31,2014-02-05,22.0,1,22.0
SO74990,5036,274,2014-01-24,2014-01-31,2014-02-05,22.0,1,22.0
SO74991,17407,329,2014-01-24,2014-01-31,2014-02-05,33.0,1,33.0
SO74992,7004,328,2014-01-24,2014-01-31,2014-02-05,25.0,1,25.0
SO74993,11494,266,2014-01-24,2014-01-31,2014-02-05,5.0,1,5.0
SO74994,17567,330,2014-01-24,2014-01-31,2014-02-05,29.0,1,29.0
SO74995,11539,327,2014-01-24,2014-01-31,2014-02-05,21.0,1,21.0
SO74996,15372,319,2014-01-24,2014-01-31,2014-02-05,5.0,1,5.0
SO74997,1802,319,2014-01-24,2014-01-31,2014-02-05,5.0,1,5.0
SO74998,15032,327,2014-01-25,2014-02-01,2014-02-06,21.0,1,21.0
SO74999,18289,266,2014-01-25,2014-02-01,2014-02-06,5.0,1,5.0
SO75000,17139,319,2014-01-25,2014-02-01,2014-02-06,5.0,1,5.0
SO75001,124,267,2014-01-25,2014-02-01,2014-02-06,10.0,1,10.0
SO75002,6306,1,2014-01-25,2014-02-01,2014-02-06,35.0,1,35.0
SO75002,6306,2,2014-01-25,2014-02-01,2014-02-06,35.0,1,35.0
SO75002,6306,3,2014-01-25,2014-02-01,2014-02-06,35.0,1,35.0
SO75003,3322,24,2014-01-25,2014-02-01,2014-02-06,50.0,1,50.0
SO75003,3322,25,2014-01-25,2014-02-01,2014-02-06,50.0,1,50.0
SO75003,3322,26,2014-01-25,2014-02-01,2014-02-06,50.0,1,50.0
SO75004,230,318,2014-01-25,2014-02-01,2014-02-06,4.0,1,4.0
SO75005,8641,318,2014-01-25,2014-02-01,2014-02-06,4.0,1,4.0
SO75006,1946,330,2014-01-25,2014-02-01,2014-02-06,29.0,1,29.0
SO75007,15606,324,2014-01-25,2014-02-01,2014-02-06,25.0,1,25.0
SO75008,1445,317,2014-01-25,2014-02-01,2014-02-06,5.0,1,5.0
SO75009,13636,318,2014-01-25,2014-02-01,2014-02-06,4.0,1,4.0
SO75010,11278,325,2014-01-25,2014-02-01,2014-02-06,30.0,1,30.0
SO75011,7536,325,2014-01-25,2014-02-01,2014-02-06,30.0,1,30.0
SO75012,6392,266,2014-01-25,2014-02-01,2014-02-06,5.0,1,5.0
SO75013,7504,264,2014-01-25,2014-02-01,2014-02-06,70.0,1,70.0
SO75014,14178,317,2014-01-25,2014-02-01,2014-02-06,5.0,1,5.0
SO75015,3398,317,2014-01-25,2014-02-01,2014-02-06,5.0,1,5.0
SO75016,6687,274,2014-01-25,2014-02-01,2014-02-06,22.0,1,22.0
SO75017,9552,317,2014-01-25,2014-02-01,2014-02-06,5.0,1,5.0
SO75018,7173,326,2014-01-25,2014-02-01,2014-02-06,35.0,1,35.0
SO75019,3169,274,2014-01-25,2014-02-01,2014-02-06,22.0,1,22.0
SO75020,9170,325,2014-01-25,2014-02-01,2014-02-06,30.0,1,30.0
SO75021,13860,266,2014-01-25,2014-02-01,2014-02-06,5.0,1,5.0
SO75022,1607,325,2014-01-25,2014-02-01,2014-02-06,30.0,1,30.0
SO75023,9948,317,2014-01-25,2014-02-01,2014-02-06,5.0,1,5.0
SO75024,11821,266,2014-01-25,2014-02-01,2014-02-06,5.0,1,5.0
SO75025,13132,12,2014-01-25,2014-02-01,2014-02-06,9.0,1,9.0
SO75025,13132,13,2014-01-25,2014-02-01,2014-02-06,9.0,1,9.0
SO75025,13132,14,2014-01-25,2014-02-01,2014-02-06,9.0,1,9.0
SO75026,11395,318,2014-01-25,2014-02-01,2014-02-06,4.0,1,4.0
SO75027,13119,319,2014-01-25,2014-02-01,2014-02-06,5.0,1,5.0
SO75028,12935,330,2014-01-25,2014-02-01,2014-02-06,29.0,1,29.0
SO75029,1089,326,2014-01-25,2014-02-01,2014-02-06,35.0,1,35.0
SO75030,1039,324,2014-01-26,2014-02-02,2014-02-07,25.0,1,25.0
SO75031,13307,266,2014-01-26,2014-02-02,2014-02-07,5.0,1,5.0
SO75032,14818,317,2014-01-26,2014-02-02,2014-02-07,5.0,1,5.0
SO75033,5176,318,2014-01-26,2014-02-02,2014-02-07,4.0,1,4.0
SO75034,119,273,2014-01-26,2014-02-02,2014-02-07,8.0,1,8.0
SO75035,4264,12,2014-01-26,2014-02-02,2014-02-07,9.0,1,9.0
SO75035,4264,13,2014-01-26,2014-02-02,2014-02-07,9.0,1,9.0
SO75035,4264,14,2014-01-26,2014-02-02,2014-02-07,9.0,1,9.0
SO75036,712,12,2014-01-26,2014-02-02,2014-02-07,9.0,1,9.0
SO75036,712,13,2014-01-26,2014-02-02,2014-02-07,9.0,1,9.0
SO75036,712,14,2014-01-26,2014-02-02,2014-02-07,9.0,1,9.0
SO75037,4762,318,2014-01-26,2014-02-02,2014-02-07,4.0,1,4.0
SO75038,186,318,2014-01-26,2014-02-02,2014-02-07,4.0,1,4.0
SO75039,14909,324,2014-01-26,2014-02-02,2014-02-07,25.0,1,25.0
SO75040,3080,329,2014-01-26,2014-02-02,2014-02-07,33.0,1,33.0
SO75041,7927,325,2014-01-26,2014-02-02,2014-02-07,30.0,1,30.0
SO75042,11357,267,2014-01-26,2014-02-02,2014-02-07,10.0,1,10.0
SO75043,9366,264,2014-01-26,2014-02-02,2014-02-07,70.0,1,70.0
SO75044,9474,267,2014-01-26,2014-02-02,2014-02-07,10.0,1,10.0
SO75045,7675,264,2014-01-26,2014-02-02,2014-02-07,70.0,1,70.0
SO75046,9299,263,2014-01-26,2014-02-02,2014-02-07,70.0,1,70.0
SO75047,6585,266,2014-01-26,2014-02-02,2014-02-07,5.0,1,5.0
SO75048,7775,263,2014-01-26,2014-02-02,2014-02-07,70.0,1,70.0
SO75049,14067,317,2014-01-26,2014-02-02,2014-02-07,5.0,1,5.0
SO75050,10365,317,2014-01-26,2014-02-02,2014-02-07,5.0,1,5.0
SO75051,4301,317,2014-01-26,2014-02-02,2014-02-07,5.0,1,5.0
SO75052,5304,317,2014-01-26,2014-02-02,2014-02-07,5.0,1,5.0
SO75053,3934,274,2014-01-26,2014-02-02,2014-02-07,22.0,1,22.0
SO75054,6852,324,2014-01-26,2014-02-02,2014-02-07,25.0,1,25.0
SO75055,9135,318,2014-01-26,2014-02-02,2014-02-07,4.0,1,4.0
SO75056,15370,278,2014-01-26,2014-02-02,2014-02-07,54.0,1,54.0
SO75057,14803,327,2014-01-26,2014-02-02,2014-02-07,21.0,1,21.0
SO75058,1644,319,2014-01-26,2014-02-02,2014-02-07,5.0,1,5.0
SO75059,2339,274,2014-01-26,2014-02-02,2014-02-07,22.0,1,22.0
SO75060,3515,274,2014-01-26,2014-02-02,2014-02-07,22.0,1,22.0
SO75061,6284,328,2014-01-27,2014-02-03,2014-02-08,25.0,1,25.0
SO75062,13375,327,2014-01-27,2014-02-03,2014-02-08,21.0,1,21.0
SO75063,7733,327,2014-01-27,2014-02-03,2014-02-08,21.0,1,21.0
SO75064,1352,318,2014-01-27,2014-02-03,2014-02-08,4.0,1,4.0
SO75065,5641,329,2014-01-27,2014-02-03,2014-02-08,33.0,1,33.0
SO75066,18217,318,2014-01-27,2014-02-03,2014-02-08,4.0,1,4.0
SO75067,16393,327,2014-01-27,2014-02-03,2014-02-08,21.0,1,21.0
SO75068,16641,318,2014-01-27,2014-02-03,2014-02-08,4.0,1,4.0
SO75069,503,319,2014-01-27,2014-02-03,2014-02-08,5.0,1,5.0
SO75070,177,324,2014-01-27,2014-02-03,2014-02-08,25.0,1,25.0
SO75071,14859,317,2014-01-27,2014-02-03,2014-02-08,5.0,1,5.0
SO75072,13776,318,2014-01-27,2014-02-03,2014-02-08,4.0,1,4.0
SO75073,876,324,2014-01-27,2014-02-03,2014-02-08,25.0,1,25.0
SO75074,13673,318,2014-01-27,2014-02-03,2014-02-08,4.0,1,4.0
SO75075,2176,325,2014-01-27,2014-02-03,2014-02-08,30.0,1,30.0
SO75076,12274,267,2014-01-27,2014-02-03,2014-02-08,10.0,1,10.0
SO75077,5371,267,2014-01-27,2014-02-03,2014-02-08,10.0,1,10.0
SO75078,11342,267,2014-01-27,2014-02-03,2014-02-08,10.0,1,10.0
SO75079,1940,266,2014-01-27,2014-02-03,2014-02-08,5.0,1,5.0
SO75080,7806,261,2014-01-27,2014-02-03,2014-02-08,64.0,1,64.0
SO75081,2930,274,2014-01-27,2014-02-03,2014-02-08,22.0,1,22.0
SO75082,15362,318,2014-01-27,2014-02-03,2014-02-08,4.0,1,4.0
SO75083,2424,317,2014-01-27,2014-02-03,2014-02-08,5.0,1,5.0
SO75084,79,272,2014-01-28,2014-02-04,2014-02-09,120.0,1,120.0
SO75085,928,12,2014-01-28,2014-02-04,2014-02-09,9.0,1,9.0
SO75085,928,13,2014-01-28,2014-02-04,2014-02-09,9.0,1,9.0
SO75085,928,14,2014-01-28,2014-02-04,2014-02-09,9.0,1,9.0
SO75086,17790,273,2014-01-28,2014-02-04,2014-02-09,8.0,1,8.0
SO75087,795,1,2014-01-28,2014-02-04,2014-02-09,35.0,1,35.0
SO75087,795,2,2014-01-28,2014-02-04,2014-02-09,35.0,1,35.0
SO75087,795,3,2014-01-28,2014-02-04,2014-02-09,35.0,1,35.0
SO75088,3681,318,2014-01-28,2014-02-04,2014-02-09,4.0,1,4.0
SO75089,8586,327,2014-01-28,2014-02-04,2014-02-09,21.0,1,21.0
SO75090,16687,317,2014-01-28,2014-02-04,2014-02-09,5.0,1,5.0
SO75091,9602,327,2014-01-28,2014-02-04,2014-02-09,21.0,1,21.0
SO75092,15565,327,2014-01-28,2014-02-04,2014-02-09,21.0,1,21.0
SO75093,5171,318,2014-01-28,2014-02-04,2014-02-09,4.0,1,4.0
SO75094,5928,273,2014-01-28,2014-02-04,2014-02-09,8.0,1,8.0
SO75095,658,277,2014-01-28,2014-02-04,2014-02-09,54.0,1,54.0
SO75096,288,318,2014-01-28,2014-02-04,2014-02-09,4.0,1,4.0
SO75097,10718,267,2014-01-28,2014-02-04,2014-02-09,10.0,1,10.0
SO75098,12382,317,2014-01-28,2014-02-04,2014-02-09,5.0,1,5.0
SO75099,10164,267,2014-01-28,2014-02-04,2014-02-09,10.0,1,10.0
SO75100,2351,267,2014-01-28,2014-02-04,2014-02-09,10.0,1,10.0
SO75101,9202,263,2014-01-28,2014-02-04,2014-02-09,70.0,1,70.0
SO75102,8894,265,2014-01-28,2014-02-04,2014-02-09,70.0,1,70.0
SO75103,7530,266,2014-01-28,2014-02-04,2014-02-09,5.0,1,5.0
SO75104,6152,266,2014-01-28,2014-02-04,2014-02-09,5.0,1,5.0
SO75105,4161,317,2014-01-28,2014-02-04,2014-02-09,5.0,1,5.0
SO75106,3475,317,2014-01-28,2014-02-04,2014-02-09,5.0,1,5.0
SO75107,3030,274,2014-01-28,2014-02-04,2014-02-09,22.0,1,22.0
SO75108,10348,317,2014-01-28,2014-02-04,2014-02-09,5.0,1,5.0
SO75109,3115,274,2014-01-28,2014-02-04,2014-02-09,22.0,1,22.0
SO75110,2754,274,2014-01-28,2014-02-04,2014-02-09,22.0,1,22.0
SO75111,8073,317,2014-01-28,2014-02-04,2014-02-09,5.0,1,5.0
SO75112,10524,325,2014-01-28,2014-02-04,2014-02-09,30.0,1,30.0
SO75113,10525,324,2014-01-28,2014-02-04,2014-02-09,25.0,1,25.0
SO75114,13705,327,2014-01-28,2014-02-04,2014-02-09,21.0,1,21.0
SO75115,15833,327,2014-01-28,2014-02-04,2014-02-09,21.0,1,21.0
SO75116,5403,319,2014-01-28,2014-02-04,2014-02-09,5.0,1,5.0
SO75117,7179,319,2014-01-28,2014-02-04,2014-02-09,5.0,1,5.0
SO75118,2672,319,2014-01-28,2014-02-04,2014-02-09,5.0,1,5.0
SO75119,982,317,2014-01-28,2014-02-04,2014-02-09,5.0,1,5.0
SO75120,7750,274,2014-01-28,2014-02-04,2014-02-09,22.0,1,22.0
SO75121,4252,317,2014-01-28,2014-02-04,2014-02-09,5.0,1,5.0
SO75122,4869,274,2014-01-28,2014-02-04,2014-02-09,22.0,1,22.0
SO75123,7760,274,2014-01-28,2014-02-04,2014-02-09,22.0,1,22.0
